variant,symbol,date,direction,entry_time,entry,stop,target,qty,atr_at_entry,exit_time,exit_price,exit_reason,gross_pnl,net_pnl
baseline,INDUSINDBK,2024-03-20,LONG,2024-03-20T12:10:00,1450.20,1442.65,1461.52,206,7.55,2024-03-20T13:10:00,1461.52,TARGET,2332.92,1883.06
baseline,INDUSINDBK,2024-04-01,SHORT,2024-04-01T13:10:00,1552.65,1557.31,1545.66,193,4.66,2024-04-01T14:20:00,1545.66,TARGET,1348.64,900.16
baseline,INDUSINDBK,2024-04-02,SHORT,2024-04-02T14:10:00,1556.15,1559.97,1550.42,192,3.82,2024-04-02T14:20:00,1559.97,STOP,-733.15,-1181.87
baseline,INDUSINDBK,2024-04-04,LONG,2024-04-04T13:40:00,1539.50,1534.51,1546.99,194,4.99,2024-04-04T14:50:00,1546.99,TARGET,1453.16,1004.07
baseline,INDUSINDBK,2024-04-05,SHORT,2024-04-05T12:50:00,1534.85,1538.95,1528.70,195,4.10,2024-04-05T13:20:00,1536.20,REVERSE,-263.25,-712.39
baseline,INDUSINDBK,2024-04-09,SHORT,2024-04-09T14:00:00,1548.25,1552.98,1541.16,193,4.73,2024-04-09T14:20:00,1552.98,STOP,-912.37,-1361.27
baseline,INDUSINDBK,2024-04-10,SHORT,2024-04-10T14:10:00,1554.55,1557.90,1549.52,192,3.35,2024-04-10T14:40:00,1557.90,STOP,-643.23,-1091.42
baseline,INDUSINDBK,2024-04-12,LONG,2024-04-12T11:00:00,1559.55,1554.75,1566.75,192,4.80,2024-04-12T12:20:00,1554.75,STOP,-921.56,-1370.02
baseline,INDUSINDBK,2024-04-19,LONG,2024-04-19T13:10:00,1484.90,1478.25,1494.88,202,6.65,2024-04-19T13:40:00,1478.25,STOP,-1343.51,-1792.43
baseline,INDUSINDBK,2024-04-22,SHORT,2024-04-22T13:00:00,1479.75,1485.17,1471.62,202,5.42,2024-04-22T14:00:00,1471.62,TARGET,1642.58,1195.45
baseline,INDUSINDBK,2024-04-23,LONG,2024-04-23T13:00:00,1481.95,1478.35,1487.35,202,3.60,2024-04-23T13:10:00,1478.35,STOP,-727.75,-1176.24
baseline,INDUSINDBK,2024-04-25,LONG,2024-04-25T10:10:00,1483.50,1479.48,1489.53,202,4.02,2024-04-25T10:20:00,1489.53,TARGET,1219.04,768.63
baseline,INDUSINDBK,2024-04-26,SHORT,2024-04-26T10:30:00,1478.00,1485.27,1467.10,202,7.27,2024-04-26T11:10:00,1467.10,TARGET,2202.04,1755.86
baseline,INDUSINDBK,2024-04-29,LONG,2024-04-29T10:20:00,1476.00,1469.64,1485.54,203,6.36,2024-04-29T12:10:00,1485.54,TARGET,1936.13,1485.24
baseline,INDUSINDBK,2024-05-03,SHORT,2024-05-03T11:10:00,1504.00,1510.16,1494.77,199,6.16,2024-05-03T11:30:00,1494.77,TARGET,1837.32,1389.76
baseline,INDUSINDBK,2024-05-06,SHORT,2024-05-06T13:10:00,1493.00,1497.96,1485.55,200,4.96,2024-05-06T14:20:00,1497.96,STOP,-992.86,-1441.51
baseline,INDUSINDBK,2024-05-09,SHORT,2024-05-09T10:40:00,1433.80,1439.28,1425.58,209,5.48,2024-05-09T11:10:00,1425.58,TARGET,1717.03,1268.82
baseline,INDUSINDBK,2024-05-15,SHORT,2024-05-15T11:40:00,1414.15,1418.76,1407.24,212,4.61,2024-05-15T13:30:00,1414.60,TIME_STOP,-95.40,-545.17
baseline,INDUSINDBK,2024-05-17,LONG,2024-05-17T11:10:00,1407.40,1402.08,1415.39,213,5.32,2024-05-17T12:30:00,1406.40,EOD_FORCED,-213.00,-662.50
baseline,INDUSINDBK,2024-05-24,SHORT,2024-05-24T10:40:00,1428.15,1433.88,1419.55,210,5.73,2024-05-24T11:00:00,1433.88,STOP,-1203.62,-1654.39
baseline,INDUSINDBK,2024-05-28,SHORT,2024-05-28T10:10:00,1459.55,1465.82,1450.14,205,6.27,2024-05-28T10:20:00,1465.82,STOP,-1286.01,-1735.79
baseline,INDUSINDBK,2024-05-29,LONG,2024-05-29T13:00:00,1454.85,1450.42,1461.49,206,4.43,2024-05-29T14:30:00,1450.42,STOP,-912.08,-1360.95
baseline,INDUSINDBK,2024-05-30,SHORT,2024-05-30T11:50:00,1456.05,1461.00,1448.62,206,4.95,2024-05-30T12:30:00,1461.00,STOP,-1020.17,-1470.85
baseline,INDUSINDBK,2024-05-31,LONG,2024-05-31T13:40:00,1457.35,1452.97,1463.92,205,4.38,2024-05-31T14:30:00,1452.97,STOP,-897.23,-1344.69
baseline,INDUSINDBK,2024-06-04,SHORT,2024-06-04T11:10:00,1399.35,1415.55,1375.04,154,16.20,2024-06-04T11:20:00,1415.55,STOP,-2495.40,-2820.52
baseline,INDUSINDBK,2024-06-05,LONG,2024-06-05T11:30:00,1431.00,1416.20,1453.20,168,14.80,2024-06-05T12:40:00,1453.20,TARGET,3728.97,3365.56
baseline,INDUSINDBK,2024-06-06,SHORT,2024-06-06T13:10:00,1475.65,1483.05,1464.55,203,7.40,2024-06-06T13:30:00,1483.05,STOP,-1501.77,-1952.23
baseline,INDUSINDBK,2024-06-07,LONG,2024-06-07T11:30:00,1486.25,1480.14,1495.42,201,6.11,2024-06-07T11:50:00,1495.42,TARGET,1843.44,1393.96
baseline,INDUSINDBK,2024-06-14,SHORT,2024-06-14T14:10:00,1503.30,1506.93,1497.85,199,3.63,2024-06-14T14:10:00,1497.85,TARGET,1083.67,635.74
baseline,INDUSINDBK,2024-06-18,SHORT,2024-06-18T10:00:00,1503.60,1509.13,1495.30,199,5.53,2024-06-18T10:00:00,1508.25,REVERSE,-925.35,-1374.87
baseline,INDUSINDBK,2024-06-21,SHORT,2024-06-21T12:50:00,1523.80,1527.78,1517.82,196,3.98,2024-06-21T12:50:00,1527.78,STOP,-781.02,-1229.61
baseline,INDUSINDBK,2024-06-25,LONG,2024-06-25T13:50:00,1496.05,1491.71,1502.56,200,4.34,2024-06-25T14:20:00,1491.71,STOP,-868.15,-1316.31
baseline,INDUSINDBK,2024-06-26,LONG,2024-06-26T10:10:00,1497.30,1491.22,1506.42,200,6.08,2024-06-26T11:20:00,1506.42,TARGET,1823.44,1372.88
baseline,INDUSINDBK,2024-07-03,LONG,2024-07-03T10:00:00,1441.35,1435.99,1449.39,208,5.36,2024-07-03T10:00:00,1435.99,STOP,-1114.90,-1563.77
baseline,INDUSINDBK,2024-07-04,SHORT,2024-07-04T10:30:00,1439.70,1444.31,1432.79,208,4.61,2024-07-04T12:20:00,1442.45,TIME_STOP,-572.00,-1021.62
baseline,INDUSINDBK,2024-07-09,SHORT,2024-07-09T10:10:00,1432.65,1437.43,1425.48,209,4.78,2024-07-09T12:00:00,1432.00,TIME_STOP,135.85,-313.18
baseline,INDUSINDBK,2024-07-11,LONG,2024-07-11T14:10:00,1426.35,1423.23,1431.03,210,3.12,2024-07-11T14:10:00,1423.23,STOP,-655.46,-1104.27
baseline,INDUSINDBK,2024-07-16,SHORT,2024-07-16T10:00:00,1436.65,1440.68,1430.60,208,4.03,2024-07-16T10:30:00,1440.68,STOP,-838.76,-1287.62
baseline,INDUSINDBK,2024-07-19,SHORT,2024-07-19T10:00:00,1445.80,1450.19,1439.21,207,4.39,2024-07-19T10:50:00,1439.21,TARGET,1363.28,915.38
baseline,INDUSINDBK,2024-07-23,SHORT,2024-07-23T10:10:00,1419.20,1423.43,1412.85,211,4.23,2024-07-23T10:20:00,1423.43,STOP,-892.55,-1342.40
baseline,INDUSINDBK,2024-07-26,LONG,2024-07-26T10:20:00,1389.75,1384.38,1397.81,215,5.37,2024-07-26T12:10:00,1394.00,TIME_STOP,913.75,464.87
baseline,INDUSINDBK,2024-07-31,LONG,2024-07-31T12:00:00,1426.50,1422.59,1432.36,210,3.91,2024-07-31T13:40:00,1422.59,STOP,-821.02,-1269.75
baseline,INDUSINDBK,2024-08-01,SHORT,2024-08-01T14:10:00,1426.60,1429.28,1422.58,210,2.68,2024-08-01T14:10:00,1422.58,TARGET,843.31,394.57
baseline,INDUSINDBK,2024-08-07,SHORT,2024-08-07T10:20:00,1372.00,1377.80,1363.30,218,5.80,2024-08-07T11:10:00,1363.30,TARGET,1897.51,1450.29
baseline,INDUSINDBK,2024-08-08,LONG,2024-08-08T13:10:00,1348.05,1343.41,1355.01,222,4.64,2024-08-08T13:50:00,1355.01,TARGET,1545.53,1095.47
baseline,INDUSINDBK,2024-08-09,SHORT,2024-08-09T11:00:00,1346.05,1350.50,1339.38,222,4.45,2024-08-09T11:10:00,1348.35,REVERSE,-510.60,-959.22
baseline,INDUSINDBK,2024-08-12,LONG,2024-08-12T11:00:00,1351.05,1346.59,1357.74,222,4.46,2024-08-12T12:50:00,1353.70,TIME_STOP,588.30,137.96
baseline,INDUSINDBK,2024-08-13,SHORT,2024-08-13T13:00:00,1349.00,1353.36,1342.47,222,4.36,2024-08-13T14:50:00,1350.70,TIME_STOP,-377.40,-826.90
baseline,INDUSINDBK,2024-08-16,LONG,2024-08-16T12:50:00,1352.55,1348.37,1358.82,221,4.18,2024-08-16T13:30:00,1358.82,TARGET,1385.85,936.44
baseline,INDUSINDBK,2024-08-19,SHORT,2024-08-19T12:40:00,1355.60,1359.59,1349.62,221,3.99,2024-08-19T14:30:00,1350.40,TIME_STOP,1149.20,700.68
baseline,INDUSINDBK,2024-08-21,LONG,2024-08-21T12:00:00,1380.50,1376.54,1386.44,217,3.96,2024-08-21T13:20:00,1376.54,STOP,-859.64,-1308.35
baseline,INDUSINDBK,2024-08-23,SHORT,2024-08-23T11:10:00,1380.05,1384.14,1373.92,217,4.09,2024-08-23T11:20:00,1381.95,REVERSE,-412.30,-861.82
baseline,INDUSINDBK,2024-09-04,LONG,2024-09-04T14:00:00,1436.30,1433.39,1440.66,208,2.91,2024-09-04T14:50:00,1433.39,STOP,-604.39,-1052.06
baseline,INDUSINDBK,2024-09-05,SHORT,2024-09-05T11:10:00,1432.50,1436.07,1427.14,209,3.57,2024-09-05T11:20:00,1436.07,STOP,-746.31,-1195.96
baseline,INDUSINDBK,2024-09-09,LONG,2024-09-09T11:10:00,1417.50,1412.52,1424.97,211,4.98,2024-09-09T12:20:00,1412.52,STOP,-1051.48,-1499.33
baseline,INDUSINDBK,2024-09-11,SHORT,2024-09-11T12:20:00,1430.80,1434.65,1425.02,209,3.85,2024-09-11T12:50:00,1425.02,TARGET,1207.89,760.24
baseline,INDUSINDBK,2024-09-12,LONG,2024-09-12T12:00:00,1427.30,1423.62,1432.83,210,3.68,2024-09-12T12:40:00,1432.83,TARGET,1160.36,709.89
baseline,INDUSINDBK,2024-09-17,SHORT,2024-09-17T10:10:00,1463.00,1466.88,1457.18,205,3.88,2024-09-17T10:30:00,1466.88,STOP,-795.49,-1245.96
baseline,INDUSINDBK,2024-09-19,SHORT,2024-09-19T12:40:00,1480.40,1485.84,1472.24,202,5.44,2024-09-19T12:50:00,1485.84,STOP,-1098.60,-1547.99
baseline,INDUSINDBK,2024-09-20,LONG,2024-09-20T11:00:00,1487.50,1482.37,1495.19,201,5.13,2024-09-20T12:50:00,1489.85,TIME_STOP,472.35,23.51
baseline,INDUSINDBK,2024-09-26,SHORT,2024-09-26T11:50:00,1438.45,1441.95,1433.19,208,3.50,2024-09-26T12:00:00,1441.95,STOP,-728.99,-1178.33
baseline,INDUSINDBK,2024-10-04,LONG,2024-10-04T11:00:00,1408.60,1403.05,1416.92,212,5.55,2024-10-04T11:30:00,1403.05,STOP,-1175.59,-1622.64
baseline,INDUSINDBK,2024-10-08,LONG,2024-10-08T11:20:00,1364.95,1357.46,1376.19,219,7.49,2024-10-08T12:10:00,1357.46,STOP,-1641.37,-2088.53
baseline,INDUSINDBK,2024-10-10,LONG,2024-10-10T14:10:00,1356.00,1352.45,1361.33,221,3.55,2024-10-10T15:20:00,1358.00,EOD,442.00,-7.85
baseline,INDUSINDBK,2024-10-11,SHORT,2024-10-11T11:20:00,1347.35,1351.77,1340.73,222,4.42,2024-10-11T12:50:00,1340.73,TARGET,1470.35,1022.79
baseline,INDUSINDBK,2024-10-15,SHORT,2024-10-15T10:40:00,1356.00,1359.33,1351.00,221,3.33,2024-10-15T10:40:00,1359.33,STOP,-735.98,-1186.04
baseline,INDUSINDBK,2024-10-18,LONG,2024-10-18T13:30:00,1344.20,1340.38,1349.93,223,3.82,2024-10-18T14:10:00,1349.93,TARGET,1277.32,826.72
baseline,INDUSINDBK,2024-10-23,LONG,2024-10-23T12:40:00,1283.05,1278.80,1289.43,233,4.25,2024-10-23T14:10:00,1278.80,STOP,-990.71,-1438.40
baseline,INDUSINDBK,2024-10-31,SHORT,2024-10-31T12:30:00,1053.80,1057.62,1048.07,284,3.82,2024-10-31T12:40:00,1048.07,TARGET,1626.19,1178.49
baseline,INDUSINDBK,2024-11-06,SHORT,2024-11-06T10:30:00,1072.50,1077.12,1065.57,279,4.62,2024-11-06T12:20:00,1070.30,TIME_STOP,613.80,165.42
baseline,INDUSINDBK,2024-11-08,LONG,2024-11-08T14:00:00,1056.65,1053.62,1061.20,283,3.03,2024-11-08T14:00:00,1053.62,STOP,-857.82,-1305.73
baseline,INDUSINDBK,2024-11-11,LONG,2024-11-11T11:20:00,1058.85,1054.62,1065.20,283,4.23,2024-11-11T12:50:00,1065.20,TARGET,1795.70,1344.87
baseline,INDUSINDBK,2024-11-12,LONG,2024-11-12T10:50:00,1061.45,1057.50,1067.37,282,3.95,2024-11-12T12:40:00,1057.50,STOP,-1113.55,-1561.71
baseline,INDUSINDBK,2024-11-13,SHORT,2024-11-13T10:20:00,1054.20,1058.64,1047.54,284,4.44,2024-11-13T11:20:00,1047.54,TARGET,1891.97,1444.30
baseline,INDUSINDBK,2024-11-19,LONG,2024-11-19T11:10:00,1029.95,1025.68,1036.36,291,4.27,2024-11-19T11:40:00,1025.68,STOP,-1243.98,-1692.62
baseline,INDUSINDBK,2024-11-25,SHORT,2024-11-25T12:50:00,1001.70,1005.55,995.93,299,3.85,2024-11-25T14:40:00,1002.05,TIME_STOP,-104.65,-553.99
baseline,INDUSINDBK,2024-11-27,LONG,2024-11-27T12:40:00,1003.00,1000.00,1007.50,299,3.00,2024-11-27T13:10:00,1007.50,TARGET,1344.44,893.58
baseline,INDUSINDBK,2024-11-28,SHORT,2024-11-28T11:10:00,1000.40,1003.97,995.05,299,3.57,2024-11-28T11:20:00,995.05,TARGET,1600.42,1152.95
baseline,INDUSINDBK,2024-12-05,SHORT,2024-12-05T10:00:00,994.95,998.12,990.19,301,3.17,2024-12-05T11:50:00,993.85,TIME_STOP,331.10,-117.87
baseline,INDUSINDBK,2024-12-10,LONG,2024-12-10T10:10:00,986.30,984.07,989.65,304,2.23,2024-12-10T10:10:00,984.07,STOP,-678.99,-1128.23
baseline,INDUSINDBK,2024-12-11,SHORT,2024-12-11T10:20:00,982.35,984.55,979.04,305,2.20,2024-12-11T11:30:00,984.55,STOP,-672.13,-1122.06
baseline,INDUSINDBK,2024-12-13,LONG,2024-12-13T13:10:00,986.20,982.11,992.34,304,4.09,2024-12-13T15:00:00,985.30,TIME_STOP,-273.60,-723.10
baseline,INDUSINDBK,2024-12-17,SHORT,2024-12-17T10:10:00,992.85,995.36,989.08,302,2.51,2024-12-17T10:20:00,989.08,TARGET,1138.99,690.09
baseline,INDUSINDBK,2024-12-19,LONG,2024-12-19T12:40:00,961.70,958.44,966.59,311,3.26,2024-12-19T14:10:00,959.55,REVERSE,-668.65,-1116.78
baseline,INDUSINDBK,2024-12-26,LONG,2024-12-26T10:10:00,939.00,935.93,943.60,319,3.07,2024-12-26T10:10:00,935.93,STOP,-978.94,-1427.52
baseline,INDUSINDBK,2024-12-30,LONG,2024-12-30T10:20:00,958.00,954.65,963.02,313,3.35,2024-12-30T11:20:00,963.02,TARGET,1571.55,1120.59
baseline,INDUSINDBK,2025-01-07,LONG,2025-01-07T10:40:00,978.70,973.62,986.32,306,5.08,2025-01-07T11:20:00,986.32,TARGET,2332.70,1881.73
baseline,INDUSINDBK,2025-01-09,SHORT,2025-01-09T10:50:00,978.40,982.57,972.15,306,4.17,2025-01-09T11:00:00,972.15,TARGET,1913.93,1466.28
baseline,INDUSINDBK,2025-01-14,SHORT,2025-01-14T13:30:00,960.10,963.58,954.87,312,3.48,2025-01-14T14:00:00,963.58,STOP,-1087.16,-1537.30
baseline,INDUSINDBK,2025-01-15,SHORT,2025-01-15T13:30:00,963.65,966.96,958.69,311,3.31,2025-01-15T13:50:00,958.69,TARGET,1542.32,1093.94
baseline,INDUSINDBK,2025-01-20,LONG,2025-01-20T11:10:00,971.55,966.49,979.14,308,5.06,2025-01-20T11:30:00,979.14,TARGET,2338.53,1887.92
baseline,INDUSINDBK,2025-01-28,LONG,2025-01-28T11:10:00,945.85,940.38,954.05,317,5.47,2025-01-28T11:50:00,940.38,STOP,-1733.10,-2181.55
baseline,INDUSINDBK,2025-02-03,LONG,2025-02-03T10:30:00,1016.20,1009.28,1026.58,295,6.92,2025-02-03T12:20:00,1015.25,TIME_STOP,-280.25,-729.71
baseline,INDUSINDBK,2025-02-10,SHORT,2025-02-10T10:20:00,1064.50,1069.41,1057.14,281,4.91,2025-02-10T10:20:00,1069.41,STOP,-1379.18,-1828.91
baseline,INDUSINDBK,2025-02-11,SHORT,2025-02-11T10:00:00,1067.20,1071.20,1061.20,281,4.00,2025-02-11T10:30:00,1061.20,TARGET,1687.29,1238.73
baseline,INDUSINDBK,2025-02-12,LONG,2025-02-12T13:20:00,1046.10,1040.68,1054.23,286,5.42,2025-02-12T13:40:00,1040.68,STOP,-1549.77,-1997.38
baseline,INDUSINDBK,2025-02-13,LONG,2025-02-13T10:10:00,1043.70,1037.78,1052.57,287,5.92,2025-02-13T11:30:00,1052.57,TARGET,2547.00,2095.78
baseline,INDUSINDBK,2025-02-17,LONG,2025-02-17T13:00:00,1043.00,1038.55,1049.68,287,4.45,2025-02-17T13:40:00,1049.68,TARGET,1916.00,1465.55
baseline,INDUSINDBK,2025-02-19,LONG,2025-02-19T10:20:00,1037.35,1033.01,1043.86,289,4.34,2025-02-19T10:50:00,1033.01,STOP,-1254.06,-1702.81
baseline,INDUSINDBK,2025-02-21,SHORT,2025-02-21T11:30:00,1042.50,1046.16,1037.01,287,3.66,2025-02-21T12:30:00,1046.16,STOP,-1050.94,-1500.53
baseline,INDUSINDBK,2025-02-25,SHORT,2025-02-25T13:40:00,1033.20,1035.88,1029.19,290,2.68,2025-02-25T14:00:00,1029.19,TARGET,1164.03,715.46
baseline,INDUSINDBK,2025-03-03,LONG,2025-03-03T13:40:00,972.95,967.26,981.49,308,5.69,2025-03-03T14:50:00,981.49,TARGET,2630.65,2179.18
baseline,INDUSINDBK,2025-03-04,SHORT,2025-03-04T13:10:00,982.65,986.80,976.43,305,4.15,2025-03-04T13:50:00,986.80,STOP,-1264.66,-1715.18
baseline,INDUSINDBK,2025-03-05,SHORT,2025-03-05T10:30:00,982.20,985.93,976.61,305,3.73,2025-03-05T11:50:00,985.93,STOP,-1137.20,-1587.41
baseline,INDUSINDBK,2025-03-12,LONG,2025-03-12T13:40:00,695.15,687.47,706.66,325,7.68,2025-03-12T13:50:00,687.47,STOP,-2494.79,-2831.80
baseline,INDUSINDBK,2025-03-17,SHORT,2025-03-17T12:50:00,683.45,687.74,677.01,438,4.29,2025-03-17T14:40:00,680.50,TIME_STOP,1292.10,844.04
baseline,INDUSINDBK,2025-03-19,LONG,2025-03-19T10:00:00,692.15,687.84,698.61,433,4.31,2025-03-19T10:30:00,698.61,TARGET,2797.70,2346.05
baseline,INDUSINDBK,2025-03-20,SHORT,2025-03-20T11:00:00,689.50,692.28,685.33,435,2.78,2025-03-20T12:50:00,688.25,TIME_STOP,543.75,94.26
baseline,INDUSINDBK,2025-03-24,SHORT,2025-03-24T11:40:00,676.05,678.73,672.03,443,2.68,2025-03-24T13:10:00,672.03,TARGET,1779.37,1331.47
baseline,INDUSINDBK,2025-03-28,SHORT,2025-03-28T12:10:00,660.80,664.14,655.79,453,3.34,2025-03-28T12:20:00,655.79,TARGET,2271.01,1823.70
baseline,INDUSINDBK,2025-04-04,SHORT,2025-04-04T10:00:00,685.30,689.75,678.63,437,4.45,2025-04-04T11:50:00,680.20,TIME_STOP,2228.70,1781.16
baseline,INDUSINDBK,2025-04-09,SHORT,2025-04-09T10:20:00,673.60,677.75,667.37,445,4.15,2025-04-09T11:30:00,677.75,STOP,-1847.91,-2298.92
baseline,INDUSINDBK,2025-04-23,LONG,2025-04-23T13:10:00,799.60,795.99,805.02,375,3.61,2025-04-23T14:20:00,795.99,STOP,-1354.01,-1802.77
baseline,INDUSINDBK,2025-04-25,LONG,2025-04-25T13:10:00,822.60,818.21,829.19,364,4.39,2025-04-25T15:00:00,822.90,TIME_STOP,109.20,-340.02
baseline,INDUSINDBK,2025-04-29,SHORT,2025-04-29T12:10:00,832.05,836.00,826.13,360,3.95,2025-04-29T12:40:00,836.00,STOP,-1421.41,-1871.78
baseline,INDUSINDBK,2025-04-30,LONG,2025-04-30T13:10:00,836.95,832.17,844.13,358,4.78,2025-04-30T13:20:00,832.17,STOP,-1712.54,-2160.69
baseline,INDUSINDBK,2025-05-07,LONG,2025-05-07T14:10:00,830.45,826.49,836.39,361,3.96,2025-05-07T15:10:00,836.39,TARGET,2143.54,1692.25
baseline,INDUSINDBK,2025-05-08,SHORT,2025-05-08T10:50:00,827.10,831.62,820.32,362,4.52,2025-05-08T12:40:00,825.75,TIME_STOP,488.70,39.95
baseline,INDUSINDBK,2025-05-12,SHORT,2025-05-12T10:40:00,816.85,821.07,810.53,367,4.22,2025-05-12T11:30:00,810.53,TARGET,2321.10,1873.16
baseline,INDUSINDBK,2025-05-15,LONG,2025-05-15T13:40:00,777.65,774.76,781.99,385,2.89,2025-05-15T15:00:00,781.99,TARGET,1669.89,1219.54
baseline,INDUSINDBK,2025-05-20,SHORT,2025-05-20T13:10:00,785.65,788.39,781.54,381,2.74,2025-05-20T14:00:00,788.39,STOP,-1042.98,-1492.76
baseline,INDUSINDBK,2025-05-22,LONG,2025-05-22T10:30:00,793.00,785.15,804.78,318,7.85,2025-05-22T10:40:00,785.15,STOP,-2497.71,-2874.10
baseline,INDUSINDBK,2025-05-28,SHORT,2025-05-28T10:00:00,813.15,816.44,808.21,368,3.29,2025-05-28T11:00:00,816.44,STOP,-1211.91,-1661.68
baseline,INDUSINDBK,2025-05-30,LONG,2025-05-30T10:00:00,814.35,810.78,819.70,368,3.57,2025-05-30T11:50:00,815.75,TIME_STOP,515.20,65.29
baseline,INDUSINDBK,2025-06-02,SHORT,2025-06-02T11:30:00,813.20,815.90,809.15,368,2.70,2025-06-02T13:20:00,810.80,TIME_STOP,883.20,434.98
baseline,INDUSINDBK,2025-06-04,LONG,2025-06-04T10:30:00,807.35,804.78,811.20,371,2.57,2025-06-04T11:10:00,811.20,TARGET,1429.07,978.70
baseline,INDUSINDBK,2025-06-05,SHORT,2025-06-05T10:40:00,806.90,809.14,803.55,371,2.24,2025-06-05T12:30:00,805.60,TIME_STOP,482.30,33.62
baseline,INDUSINDBK,2025-06-11,LONG,2025-06-11T11:20:00,845.85,843.39,849.54,354,2.46,2025-06-11T12:10:00,849.54,TARGET,1306.64,856.52
baseline,INDUSINDBK,2025-06-16,LONG,2025-06-16T12:40:00,821.20,818.32,825.52,365,2.88,2025-06-16T14:30:00,823.90,TIME_STOP,985.50,535.15
baseline,INDUSINDBK,2025-06-19,SHORT,2025-06-19T11:00:00,841.40,844.59,836.61,356,3.19,2025-06-19T12:50:00,838.85,TIME_STOP,907.80,459.17
baseline,INDUSINDBK,2025-06-20,LONG,2025-06-20T11:00:00,842.75,839.98,846.91,355,2.77,2025-06-20T12:30:00,839.98,STOP,-983.72,-1431.74
baseline,INDUSINDBK,2025-06-23,LONG,2025-06-23T13:10:00,840.35,836.73,845.78,356,3.62,2025-06-23T15:00:00,840.60,TIME_STOP,89.00,-359.81
baseline,INDUSINDBK,2025-06-24,SHORT,2025-06-24T10:10:00,833.05,837.69,826.09,360,4.64,2025-06-24T11:40:00,837.69,STOP,-1669.48,-2120.58
baseline,INDUSINDBK,2025-06-25,LONG,2025-06-25T11:50:00,834.30,831.45,838.58,359,2.85,2025-06-25T12:10:00,831.45,STOP,-1023.76,-1472.27
baseline,INDUSINDBK,2025-06-26,LONG,2025-06-26T12:20:00,833.05,830.16,837.39,360,2.89,2025-06-26T12:50:00,830.16,STOP,-1041.83,-1490.90
baseline,INDUSINDBK,2025-07-03,LONG,2025-07-03T10:30:00,862.00,858.33,867.51,348,3.67,2025-07-03T11:00:00,859.35,REVERSE,-922.20,-1371.47
baseline,INDUSINDBK,2025-07-07,SHORT,2025-07-07T13:00:00,853.75,856.25,850.00,351,2.50,2025-07-07T14:50:00,852.65,TIME_STOP,386.10,-63.11
baseline,INDUSINDBK,2025-07-10,LONG,2025-07-10T12:10:00,849.75,847.27,853.48,353,2.48,2025-07-10T12:10:00,847.27,STOP,-877.05,-1326.33
baseline,INDUSINDBK,2025-07-17,SHORT,2025-07-17T10:20:00,876.00,879.83,870.26,342,3.83,2025-07-17T10:40:00,870.26,TARGET,1962.52,1514.60
baseline,INDUSINDBK,2025-07-18,LONG,2025-07-18T11:30:00,870.45,867.70,874.58,344,2.75,2025-07-18T11:40:00,874.58,TARGET,1419.63,969.41
baseline,INDUSINDBK,2025-07-22,SHORT,2025-07-22T11:00:00,848.65,854.29,840.19,353,5.64,2025-07-22T12:50:00,846.00,TIME_STOP,935.45,486.79
baseline,INDUSINDBK,2025-07-23,LONG,2025-07-23T12:20:00,847.70,844.99,851.76,353,2.71,2025-07-23T12:40:00,851.76,TARGET,1432.48,982.55
baseline,INDUSINDBK,2025-07-30,SHORT,2025-07-30T11:10:00,802.95,806.59,797.49,373,3.64,2025-07-30T13:00:00,797.49,TARGET,2036.72,1589.00
baseline,INDUSINDBK,2025-07-31,LONG,2025-07-31T12:40:00,800.50,797.80,804.56,374,2.70,2025-07-31T14:10:00,804.56,TARGET,1516.99,1066.77
baseline,INDUSINDBK,2025-08-04,LONG,2025-08-04T13:50:00,797.05,794.51,800.87,376,2.54,2025-08-04T14:30:00,800.87,TARGET,1435.36,984.75
baseline,INDUSINDBK,2025-08-06,SHORT,2025-08-06T10:00:00,812.00,815.65,806.53,369,3.65,2025-08-06T10:10:00,806.53,TARGET,2019.49,1571.57
baseline,INDUSINDBK,2025-08-08,SHORT,2025-08-08T10:30:00,795.10,798.03,790.70,377,2.93,2025-08-08T12:20:00,793.40,TIME_STOP,640.90,191.75
baseline,INDUSINDBK,2025-08-12,SHORT,2025-08-12T14:00:00,785.60,787.74,782.38,381,2.14,2025-08-12T14:10:00,782.38,TARGET,1225.20,777.15
baseline,INDUSINDBK,2025-08-14,SHORT,2025-08-14T11:20:00,773.05,775.13,769.93,388,2.08,2025-08-14T13:10:00,769.93,TARGET,1211.12,762.11
baseline,INDUSINDBK,2025-08-19,LONG,2025-08-19T11:50:00,788.80,786.65,792.03,380,2.15,2025-08-19T13:30:00,786.65,STOP,-817.87,-1266.87
baseline,INDUSINDBK,2025-08-22,LONG,2025-08-22T11:10:00,771.25,769.29,774.19,388,1.96,2025-08-22T11:20:00,769.29,STOP,-761.67,-1209.97
baseline,INDUSINDBK,2025-09-01,LONG,2025-09-01T10:00:00,750.65,748.48,753.91,399,2.17,2025-09-01T10:10:00,748.48,STOP,-867.06,-1315.67
baseline,INDUSINDBK,2025-09-04,SHORT,2025-09-04T11:10:00,760.75,762.87,757.57,394,2.12,2025-09-04T13:00:00,760.20,TIME_STOP,216.70,-232.74
baseline,INDUSINDBK,2025-09-05,LONG,2025-09-05T14:10:00,758.05,756.03,761.08,395,2.02,2025-09-05T14:10:00,756.03,STOP,-799.06,-1247.61
baseline,INDUSINDBK,2025-09-08,SHORT,2025-09-08T10:40:00,753.50,755.79,750.06,398,2.29,2025-09-08T10:50:00,750.06,TARGET,1368.63,919.81
baseline,INDUSINDBK,2025-09-11,SHORT,2025-09-11T13:50:00,749.05,750.36,747.09,400,1.31,2025-09-11T14:40:00,750.36,STOP,-522.68,-972.50
baseline,INDUSINDBK,2025-09-16,LONG,2025-09-16T10:50:00,741.65,739.84,744.36,404,1.81,2025-09-16T11:10:00,744.36,TARGET,1096.56,646.30
baseline,INDUSINDBK,2025-09-17,SHORT,2025-09-17T10:00:00,740.90,742.63,738.31,404,1.73,2025-09-17T10:00:00,742.63,STOP,-696.96,-1146.46
baseline,INDUSINDBK,2025-09-19,LONG,2025-09-19T12:40:00,740.65,739.14,742.91,405,1.51,2025-09-19T12:50:00,739.14,STOP,-609.87,-1059.36
baseline,INDUSINDBK,2025-09-22,SHORT,2025-09-22T12:40:00,741.25,742.99,738.64,404,1.74,2025-09-22T13:00:00,742.99,STOP,-702.25,-1151.97
baseline,INDUSINDBK,2025-09-23,LONG,2025-09-23T12:00:00,740.50,738.16,744.01,405,2.34,2025-09-23T12:10:00,744.01,TARGET,1423.41,972.49
baseline,INDUSINDBK,2025-09-24,SHORT,2025-09-24T12:10:00,746.05,748.44,742.47,402,2.39,2025-09-24T13:50:00,742.47,TARGET,1438.26,989.47
baseline,INDUSINDBK,2025-09-30,LONG,2025-09-30T12:50:00,729.45,726.68,733.60,411,2.77,2025-09-30T13:50:00,733.60,TARGET,1705.38,1254.40
baseline,INDUSINDBK,2025-10-01,SHORT,2025-10-01T10:50:00,727.05,730.05,722.55,412,3.00,2025-10-01T11:10:00,730.05,STOP,-1235.24,-1685.48
baseline,INDUSINDBK,2025-10-06,SHORT,2025-10-06T11:30:00,745.30,748.83,740.01,402,3.53,2025-10-06T12:30:00,740.01,TARGET,2126.28,1678.46
baseline,INDUSINDBK,2025-10-08,SHORT,2025-10-08T10:50:00,745.80,748.16,742.26,402,2.36,2025-10-08T10:50:00,748.16,STOP,-950.00,-1400.43
baseline,INDUSINDBK,2025-10-09,LONG,2025-10-09T10:00:00,748.00,745.23,752.16,401,2.77,2025-10-09T10:10:00,745.23,STOP,-1111.67,-1560.76
baseline,INDUSINDBK,2025-10-13,SHORT,2025-10-13T11:50:00,760.00,762.44,756.33,394,2.44,2025-10-13T11:50:00,762.44,STOP,-963.28,-1413.16
baseline,INDUSINDBK,2025-10-17,LONG,2025-10-17T10:30:00,742.00,739.72,745.42,404,2.28,2025-10-17T10:50:00,745.42,TARGET,1379.66,928.98
baseline,INDUSINDBK,2025-10-30,SHORT,2025-10-30T14:00:00,800.10,802.37,796.70,374,2.27,2025-10-30T15:20:00,802.37,STOP,-848.13,-1297.62
baseline,INDUSINDBK,2025-10-31,LONG,2025-10-31T12:00:00,805.10,802.46,809.05,372,2.64,2025-10-31T12:20:00,802.46,STOP,-980.24,-1428.75
baseline,INDUSINDBK,2025-11-03,LONG,2025-11-03T11:00:00,798.70,795.51,803.48,375,3.19,2025-11-03T12:50:00,799.90,TIME_STOP,450.00,0.39
baseline,INDUSINDBK,2025-11-07,LONG,2025-11-07T11:00:00,789.15,786.18,793.60,380,2.97,2025-11-07T11:10:00,786.18,STOP,-1127.30,-1576.27
baseline,INDUSINDBK,2025-11-14,SHORT,2025-11-14T12:30:00,858.25,862.43,851.99,349,4.18,2025-11-14T13:00:00,851.99,TARGET,2186.21,1738.56
baseline,INDUSINDBK,2025-11-17,LONG,2025-11-17T12:10:00,852.80,849.04,858.44,351,3.76,2025-11-17T13:10:00,858.44,TARGET,1978.77,1528.29
baseline,INDUSINDBK,2025-11-18,LONG,2025-11-18T12:20:00,853.50,851.29,856.81,351,2.21,2025-11-18T12:50:00,851.29,STOP,-774.52,-1223.31
baseline,INDUSINDBK,2025-11-25,LONG,2025-11-25T14:10:00,840.00,837.62,843.56,357,2.38,2025-11-25T15:20:00,840.10,EOD,35.70,-414.15
baseline,INDUSINDBK,2025-11-27,LONG,2025-11-27T10:50:00,854.65,851.78,858.95,351,2.87,2025-11-27T11:00:00,851.78,STOP,-1006.21,-1455.43
baseline,INDUSINDBK,2025-11-28,SHORT,2025-11-28T12:20:00,855.25,857.52,851.84,350,2.27,2025-11-28T13:20:00,851.84,TARGET,1192.93,744.81
baseline,INDUSINDBK,2025-12-01,SHORT,2025-12-01T10:10:00,855.00,856.89,852.17,350,1.89,2025-12-01T10:10:00,856.89,STOP,-661.11,-1110.48
baseline,INDUSINDBK,2025-12-03,SHORT,2025-12-03T10:10:00,844.30,847.39,839.66,355,3.09,2025-12-03T11:00:00,847.39,STOP,-1097.75,-1548.16
baseline,INDUSINDBK,2025-12-05,LONG,2025-12-05T12:50:00,865.00,861.57,870.15,346,3.43,2025-12-05T13:10:00,870.15,TARGET,1781.94,1331.67
baseline,INDUSINDBK,2025-12-08,SHORT,2025-12-08T10:20:00,862.35,865.04,858.31,347,2.69,2025-12-08T10:30:00,858.31,TARGET,1400.73,952.92
baseline,INDUSINDBK,2025-12-09,LONG,2025-12-09T12:10:00,847.00,843.70,851.95,354,3.30,2025-12-09T12:40:00,843.70,STOP,-1167.09,-1615.97
baseline,INDUSINDBK,2025-12-10,SHORT,2025-12-10T11:00:00,840.25,843.43,835.48,357,3.18,2025-12-10T11:10:00,835.48,TARGET,1703.47,1254.79
baseline,INDUSINDBK,2025-12-11,LONG,2025-12-11T12:10:00,841.35,838.10,846.22,356,3.25,2025-12-11T13:10:00,838.10,STOP,-1156.79,-1605.20
baseline,INDUSINDBK,2025-12-16,SHORT,2025-12-16T11:40:00,843.25,845.96,839.19,355,2.71,2025-12-16T12:20:00,845.96,STOP,-960.56,-1410.31
baseline,INDUSINDBK,2025-12-18,LONG,2025-12-18T10:40:00,840.20,836.96,845.06,357,3.24,2025-12-18T12:30:00,839.60,TIME_STOP,-214.20,-663.97
baseline,INDUSINDBK,2025-12-19,LONG,2025-12-19T12:30:00,836.90,835.07,839.64,358,1.83,2025-12-19T12:40:00,839.64,TARGET,982.60,532.45
baseline,INDUSINDBK,2025-12-26,LONG,2025-12-26T10:10:00,857.95,854.92,862.50,349,3.03,2025-12-26T10:10:00,854.92,STOP,-1058.29,-1506.63
baseline,INDUSINDBK,2026-01-05,SHORT,2026-01-05T13:50:00,900.20,902.96,896.05,333,2.76,2026-01-05T14:00:00,896.05,TARGET,1381.04,932.43
baseline,INDUSINDBK,2026-01-06,LONG,2026-01-06T10:10:00,911.65,906.83,918.87,329,4.82,2026-01-06T10:50:00,918.87,TARGET,2377.01,1925.33
baseline,INDUSINDBK,2026-01-07,SHORT,2026-01-07T10:00:00,909.70,914.04,903.19,329,4.34,2026-01-07T11:00:00,903.19,TARGET,2141.53,1694.20
baseline,INDUSINDBK,2026-01-12,LONG,2026-01-12T10:10:00,890.85,887.23,896.28,336,3.62,2026-01-12T10:20:00,887.23,STOP,-1216.55,-1664.63
baseline,INDUSINDBK,2026-01-13,SHORT,2026-01-13T13:40:00,900.15,903.13,895.68,333,2.98,2026-01-13T13:40:00,901.65,REVERSE,-499.50,-949.50
baseline,INDUSINDBK,2026-01-19,SHORT,2026-01-19T13:40:00,944.35,947.98,938.91,317,3.63,2026-01-19T14:40:00,947.98,STOP,-1149.24,-1599.14
baseline,INDUSINDBK,2026-01-22,SHORT,2026-01-22T10:10:00,899.60,904.43,892.36,333,4.83,2026-01-22T10:20:00,904.43,STOP,-1608.32,-2058.88
baseline,INDUSINDBK,2026-01-23,SHORT,2026-01-23T13:20:00,903.15,906.37,898.32,332,3.22,2026-01-23T13:30:00,898.32,TARGET,1603.56,1155.00
baseline,INDUSINDBK,2026-01-28,LONG,2026-01-28T11:30:00,892.10,888.06,898.16,336,4.04,2026-01-28T11:50:00,898.16,TARGET,2036.94,1585.80
baseline,INDUSINDBK,2026-01-30,LONG,2026-01-30T11:10:00,901.60,898.34,906.49,332,3.26,2026-01-30T11:20:00,898.34,STOP,-1082.94,-1531.12
baseline,INDUSINDBK,2026-02-04,SHORT,2026-02-04T12:00:00,923.80,926.79,919.32,324,2.99,2026-02-04T13:10:00,926.79,STOP,-968.60,-1418.29
baseline,INDUSINDBK,2026-02-06,SHORT,2026-02-06T10:00:00,903.05,906.43,897.98,332,3.38,2026-02-06T10:30:00,897.98,TARGET,1682.98,1234.52
baseline,INDUSINDBK,2026-02-11,SHORT,2026-02-11T10:30:00,919.45,922.50,914.87,326,3.05,2026-02-11T10:50:00,922.50,STOP,-994.92,-1445.28
baseline,INDUSINDBK,2026-02-13,LONG,2026-02-13T13:30:00,920.20,917.04,924.94,326,3.16,2026-02-13T14:40:00,924.94,TARGET,1546.10,1094.96
baseline,INDUSINDBK,2026-02-16,SHORT,2026-02-16T10:10:00,918.05,922.02,912.09,326,3.97,2026-02-16T10:10:00,919.95,REVERSE,-619.40,-1068.79
baseline,INDUSINDBK,2026-02-20,SHORT,2026-02-20T11:50:00,933.50,937.54,927.44,321,4.04,2026-02-20T13:00:00,927.44,TARGET,1944.22,1496.19
baseline,INDUSINDBK,2026-02-24,LONG,2026-02-24T10:10:00,922.60,919.12,927.82,325,3.48,2026-02-24T11:30:00,927.82,TARGET,1697.01,1245.97
baseline,INDUSINDBK,2026-03-11,SHORT,2026-03-11T11:10:00,894.10,898.39,887.66,335,4.29,2026-03-11T11:20:00,887.66,TARGET,2156.32,1708.65
baseline,PNB,2024-03-18,LONG,2024-03-18T13:30:00,115.60,114.81,116.79,2595,0.79,2024-03-18T15:20:00,116.79,TARGET,3093.13,2640.84
baseline,PNB,2024-03-19,SHORT,2024-03-19T10:30:00,114.58,115.27,113.54,2618,0.69,2024-03-19T10:30:00,115.27,STOP,-1811.79,-2263.11
baseline,PNB,2024-03-20,LONG,2024-03-20T13:50:00,113.90,113.27,114.85,2633,0.63,2024-03-20T13:50:00,113.27,STOP,-1665.03,-2113.63
baseline,PNB,2024-03-27,SHORT,2024-03-27T13:30:00,120.51,120.84,120.01,2489,0.33,2024-03-27T14:40:00,120.01,TARGET,1233.56,784.57
baseline,PNB,2024-03-28,LONG,2024-03-28T11:00:00,120.51,120.04,121.22,2489,0.47,2024-03-28T12:20:00,120.04,STOP,-1170.80,-1619.85
baseline,PNB,2024-04-03,LONG,2024-04-03T12:30:00,122.89,122.51,123.46,2441,0.38,2024-04-03T12:30:00,123.46,TARGET,1390.21,939.21
baseline,PNB,2024-04-10,LONG,2024-04-10T10:50:00,129.84,129.30,130.64,2310,0.54,2024-04-10T11:10:00,130.64,TARGET,1854.34,1403.06
baseline,PNB,2024-04-12,SHORT,2024-04-12T13:30:00,131.83,132.43,130.93,2275,0.60,2024-04-12T15:00:00,130.93,TARGET,2044.58,1596.25
baseline,PNB,2024-04-15,LONG,2024-04-15T13:30:00,130.71,129.96,131.84,2295,0.75,2024-04-15T13:40:00,129.96,STOP,-1723.70,-2172.38
baseline,PNB,2024-04-29,LONG,2024-04-29T12:40:00,132.56,132.06,133.31,2263,0.50,2024-04-29T12:50:00,133.31,TARGET,1687.11,1235.87
baseline,PNB,2024-04-30,SHORT,2024-04-30T11:40:00,132.95,133.49,132.14,2256,0.54,2024-04-30T12:30:00,133.49,STOP,-1220.85,-1671.67
baseline,PNB,2024-05-03,SHORT,2024-05-03T10:10:00,133.63,134.50,132.33,2245,0.87,2024-05-03T11:30:00,132.33,TARGET,2916.50,2468.69
baseline,PNB,2024-05-08,LONG,2024-05-08T11:50:00,119.92,119.33,120.81,2501,0.59,2024-05-08T12:20:00,120.81,TARGET,2229.53,1777.98
baseline,PNB,2024-05-09,SHORT,2024-05-09T14:00:00,120.90,121.57,119.89,2481,0.67,2024-05-09T14:00:00,119.89,TARGET,2508.68,2060.63
baseline,PNB,2024-05-13,LONG,2024-05-13T14:00:00,119.63,118.87,120.77,2507,0.76,2024-05-13T15:20:00,119.73,EOD,250.70,-199.36
baseline,PNB,2024-05-15,SHORT,2024-05-15T13:20:00,121.72,122.13,121.10,2464,0.41,2024-05-15T13:30:00,122.13,STOP,-1021.98,-1472.62
baseline,PNB,2024-05-16,LONG,2024-05-16T10:10:00,122.06,121.51,122.88,2457,0.55,2024-05-16T11:00:00,121.58,REVERSE,-1179.36,-1628.33
baseline,PNB,2024-05-22,LONG,2024-05-22T14:10:00,122.99,122.60,123.57,2439,0.39,2024-05-22T14:20:00,122.60,STOP,-948.24,-1397.49
baseline,PNB,2024-05-24,LONG,2024-05-24T12:30:00,123.37,122.95,124.00,2431,0.42,2024-05-24T14:20:00,123.37,TIME_STOP,0.00,-449.87
baseline,PNB,2024-05-27,SHORT,2024-05-27T10:20:00,123.18,123.72,122.37,2435,0.54,2024-05-27T10:20:00,123.57,REVERSE,-949.65,-1400.28
baseline,PNB,2024-05-28,SHORT,2024-05-28T11:40:00,124.25,124.86,123.33,2414,0.61,2024-05-28T12:40:00,123.33,TARGET,2225.44,1777.20
baseline,PNB,2024-05-29,LONG,2024-05-29T10:00:00,126.48,125.84,127.45,2371,0.64,2024-05-29T10:00:00,125.84,STOP,-1526.63,-1975.31
baseline,PNB,2024-05-30,LONG,2024-05-30T11:00:00,125.46,124.93,126.25,2391,0.53,2024-05-30T11:10:00,124.93,STOP,-1259.44,-1708.46
baseline,PNB,2024-05-31,LONG,2024-05-31T13:30:00,124.78,124.27,125.54,2404,0.51,2024-05-31T13:40:00,125.54,TARGET,1825.94,1374.61
baseline,PNB,2024-06-04,SHORT,2024-06-04T10:50:00,122.06,123.53,119.86,1701,1.47,2024-06-04T11:10:00,119.86,TARGET,3748.78,3440.15
baseline,PNB,2024-06-05,LONG,2024-06-05T12:30:00,113.90,112.13,116.56,1409,1.77,2024-06-05T14:00:00,116.56,TARGET,3749.25,3505.72
baseline,PNB,2024-06-13,SHORT,2024-06-13T11:20:00,123.37,123.75,122.81,2431,0.38,2024-06-13T13:10:00,123.21,TIME_STOP,388.96,-60.62
baseline,PNB,2024-06-14,LONG,2024-06-14T10:00:00,123.67,123.27,124.28,2425,0.40,2024-06-14T10:00:00,124.28,TARGET,1468.14,1017.19
baseline,PNB,2024-06-18,SHORT,2024-06-18T13:30:00,125.21,125.48,124.81,2395,0.27,2024-06-18T14:10:00,124.81,TARGET,962.03,512.93
baseline,PNB,2024-06-20,SHORT,2024-06-20T12:10:00,124.89,125.20,124.42,2402,0.31,2024-06-20T14:00:00,124.42,TARGET,1134.34,685.21
baseline,PNB,2024-06-24,LONG,2024-06-24T12:00:00,122.74,122.17,123.59,2444,0.57,2024-06-24T12:40:00,122.17,STOP,-1390.76,-1839.68
baseline,PNB,2024-06-26,LONG,2024-06-26T11:10:00,121.54,121.07,122.24,2468,0.47,2024-06-26T11:40:00,122.24,TARGET,1735.88,1284.63
baseline,PNB,2024-07-02,LONG,2024-07-02T11:10:00,119.42,119.05,119.97,2512,0.37,2024-07-02T11:30:00,119.05,STOP,-926.28,-1375.56
baseline,PNB,2024-07-03,LONG,2024-07-03T12:40:00,117.86,117.46,118.47,2545,0.40,2024-07-03T12:50:00,117.67,REVERSE,-483.55,-933.12
baseline,PNB,2024-07-04,SHORT,2024-07-04T10:50:00,117.42,117.87,116.74,2554,0.45,2024-07-04T11:30:00,117.87,STOP,-1159.31,-1610.02
baseline,PNB,2024-07-08,SHORT,2024-07-08T12:30:00,118.52,118.94,117.89,2531,0.42,2024-07-08T14:20:00,117.89,TARGET,1596.71,1147.94
baseline,PNB,2024-07-15,LONG,2024-07-15T10:40:00,115.61,115.23,116.18,2594,0.38,2024-07-15T11:10:00,116.18,TARGET,1485.00,1034.05
baseline,PNB,2024-07-16,SHORT,2024-07-16T13:10:00,116.95,117.29,116.44,2565,0.34,2024-07-16T13:30:00,116.44,TARGET,1308.39,859.40
baseline,PNB,2024-07-22,LONG,2024-07-22T10:40:00,114.53,113.91,115.46,2619,0.62,2024-07-22T12:30:00,114.70,TIME_STOP,445.23,-5.04
baseline,PNB,2024-07-23,SHORT,2024-07-23T12:30:00,112.97,113.55,112.11,2655,0.58,2024-07-23T12:30:00,113.55,STOP,-1528.39,-1979.44
baseline,PNB,2024-07-24,SHORT,2024-07-24T11:20:00,113.62,114.30,112.59,2640,0.68,2024-07-24T12:20:00,112.59,TARGET,2710.65,2262.75
baseline,PNB,2024-07-25,LONG,2024-07-25T11:00:00,114.05,113.49,114.88,2630,0.56,2024-07-25T12:50:00,114.12,TIME_STOP,184.10,-265.97
baseline,PNB,2024-07-31,SHORT,2024-07-31T10:10:00,120.71,121.14,120.06,2485,0.43,2024-07-31T10:50:00,121.14,STOP,-1070.05,-1520.80
baseline,PNB,2024-08-01,SHORT,2024-08-01T11:30:00,120.45,120.91,119.76,2490,0.46,2024-08-01T12:10:00,119.76,TARGET,1720.77,1272.18
baseline,PNB,2024-08-08,SHORT,2024-08-08T11:00:00,111.37,111.85,110.65,2693,0.48,2024-08-08T11:10:00,111.85,STOP,-1286.48,-1737.33
baseline,PNB,2024-08-09,LONG,2024-08-09T13:40:00,112.10,111.82,112.52,2676,0.28,2024-08-09T13:40:00,112.52,TARGET,1127.63,676.82
baseline,PNB,2024-08-12,LONG,2024-08-12T10:50:00,112.38,111.92,113.08,2669,0.46,2024-08-12T11:30:00,111.92,STOP,-1237.06,-1686.04
baseline,PNB,2024-08-13,LONG,2024-08-13T11:00:00,112.15,111.76,112.73,2674,0.39,2024-08-13T12:20:00,111.76,STOP,-1038.55,-1487.60
baseline,PNB,2024-08-21,SHORT,2024-08-21T11:20:00,112.78,113.17,112.19,2660,0.39,2024-08-21T11:30:00,113.17,STOP,-1037.84,-1488.61
baseline,PNB,2024-08-29,LONG,2024-08-29T13:00:00,112.03,111.80,112.37,2677,0.23,2024-08-29T13:30:00,111.80,STOP,-606.43,-1055.84
baseline,PNB,2024-09-03,SHORT,2024-09-03T11:00:00,112.71,113.03,112.23,2661,0.32,2024-09-03T12:40:00,113.03,STOP,-854.94,-1305.46
baseline,PNB,2024-09-05,LONG,2024-09-05T12:50:00,110.01,109.73,110.43,2727,0.28,2024-09-05T13:30:00,110.43,TARGET,1135.92,685.07
baseline,PNB,2024-09-11,SHORT,2024-09-11T11:30:00,106.56,106.95,105.98,2815,0.39,2024-09-11T12:10:00,105.98,TARGET,1641.90,1193.19
baseline,PNB,2024-09-12,LONG,2024-09-12T13:50:00,104.98,104.63,105.51,2857,0.35,2024-09-12T14:30:00,105.51,TARGET,1502.97,1051.95
baseline,PNB,2024-09-16,SHORT,2024-09-16T11:40:00,107.64,108.02,107.07,2787,0.38,2024-09-16T13:30:00,107.65,TIME_STOP,-27.87,-477.88
baseline,PNB,2024-09-18,LONG,2024-09-18T12:20:00,106.02,105.66,106.55,2829,0.36,2024-09-18T12:40:00,106.55,TARGET,1508.70,1057.68
baseline,PNB,2024-09-19,SHORT,2024-09-19T10:00:00,105.28,105.81,104.48,2849,0.53,2024-09-19T11:20:00,104.48,TARGET,2281.82,1833.62
baseline,PNB,2024-09-20,SHORT,2024-09-20T13:50:00,104.62,105.00,104.06,2867,0.38,2024-09-20T13:50:00,105.00,STOP,-1077.28,-1528.01
baseline,PNB,2024-09-26,LONG,2024-09-26T10:30:00,103.29,102.94,103.81,2904,0.35,2024-09-26T10:40:00,103.81,TARGET,1507.20,1056.13
baseline,PNB,2024-09-30,SHORT,2024-09-30T10:30:00,104.92,105.36,104.26,2859,0.44,2024-09-30T10:40:00,105.36,STOP,-1249.59,-1700.48
baseline,PNB,2024-10-04,LONG,2024-10-04T10:10:00,102.96,102.34,103.90,2913,0.62,2024-10-04T10:10:00,102.34,STOP,-1820.04,-2268.56
baseline,PNB,2024-10-07,SHORT,2024-10-07T10:00:00,102.36,102.94,101.49,2930,0.58,2024-10-07T10:30:00,101.49,TARGET,2559.52,2111.56
baseline,PNB,2024-10-08,LONG,2024-10-08T14:00:00,99.55,99.10,100.23,3013,0.45,2024-10-08T14:40:00,99.18,REVERSE,-1114.81,-1563.89
baseline,PNB,2024-10-10,SHORT,2024-10-10T14:10:00,100.53,100.83,100.09,2984,0.30,2024-10-10T15:20:00,100.83,STOP,-884.74,-1335.38
baseline,PNB,2024-10-11,SHORT,2024-10-11T11:10:00,100.78,101.12,100.27,2976,0.34,2024-10-11T12:20:00,101.12,STOP,-1004.50,-1455.14
baseline,PNB,2024-10-15,SHORT,2024-10-15T10:20:00,102.00,102.23,101.66,2941,0.23,2024-10-15T10:40:00,102.11,REVERSE,-323.51,-773.73
baseline,PNB,2024-10-16,SHORT,2024-10-16T12:00:00,101.93,102.12,101.64,2943,0.19,2024-10-16T13:20:00,101.64,TARGET,847.89,398.56
baseline,PNB,2024-10-23,LONG,2024-10-23T12:40:00,94.32,93.64,95.34,3180,0.68,2024-10-23T12:40:00,93.64,STOP,-2156.63,-2604.92
baseline,PNB,2024-10-28,LONG,2024-10-28T10:40:00,96.41,95.73,97.43,3111,0.68,2024-10-28T12:30:00,96.32,TIME_STOP,-279.99,-729.68
baseline,PNB,2024-10-29,SHORT,2024-10-29T10:50:00,95.16,96.01,93.88,2929,0.85,2024-10-29T12:40:00,94.83,TIME_STOP,966.57,549.21
baseline,PNB,2024-10-31,LONG,2024-10-31T10:00:00,97.31,96.95,97.85,3082,0.36,2024-10-31T10:10:00,97.07,REVERSE,-739.68,-1188.99
baseline,PNB,2024-11-11,LONG,2024-11-11T12:00:00,102.04,101.56,102.76,2940,0.48,2024-11-11T13:00:00,102.76,TARGET,2104.58,1653.00
baseline,PNB,2024-11-12,SHORT,2024-11-12T10:00:00,101.56,101.98,100.93,2953,0.42,2024-11-12T10:00:00,101.98,STOP,-1231.28,-1682.07
baseline,PNB,2024-11-29,SHORT,2024-11-29T11:00:00,102.03,102.44,101.42,2940,0.41,2024-11-29T11:30:00,101.42,TARGET,1807.14,1358.55
baseline,PNB,2024-12-02,SHORT,2024-12-02T10:40:00,101.87,102.25,101.30,2944,0.38,2024-12-02T12:30:00,101.80,TIME_STOP,206.08,-243.62
baseline,PNB,2024-12-06,SHORT,2024-12-06T10:20:00,104.90,105.39,104.16,2859,0.49,2024-12-06T10:20:00,105.39,STOP,-1407.09,-1858.01
baseline,PNB,2024-12-09,SHORT,2024-12-09T10:00:00,106.42,106.85,105.78,2819,0.43,2024-12-09T10:50:00,105.78,TARGET,1811.21,1362.58
baseline,PNB,2024-12-10,LONG,2024-12-10T10:10:00,106.27,105.93,106.79,2822,0.34,2024-12-10T10:30:00,105.93,STOP,-971.24,-1420.36
baseline,PNB,2024-12-11,SHORT,2024-12-11T12:50:00,106.29,106.57,105.87,2822,0.28,2024-12-11T13:40:00,105.87,TARGET,1189.03,740.00
baseline,PNB,2024-12-13,LONG,2024-12-13T14:00:00,104.06,103.64,104.69,2882,0.42,2024-12-13T15:10:00,104.69,TARGET,1820.68,1369.46
baseline,PNB,2024-12-17,SHORT,2024-12-17T10:20:00,104.83,105.11,104.42,2861,0.28,2024-12-17T10:50:00,105.11,STOP,-789.08,-1239.55
baseline,PNB,2024-12-19,LONG,2024-12-19T11:50:00,101.01,100.44,101.86,2970,0.57,2024-12-19T13:20:00,100.44,STOP,-1680.92,-2129.65
baseline,PNB,2024-12-24,LONG,2024-12-24T10:40:00,99.10,98.79,99.57,3027,0.31,2024-12-24T10:40:00,98.90,REVERSE,-605.40,-1054.91
baseline,PNB,2024-12-27,SHORT,2024-12-27T12:20:00,99.22,99.51,98.78,3023,0.29,2024-12-27T14:00:00,99.51,STOP,-879.94,-1330.51
baseline,PNB,2024-12-30,LONG,2024-12-30T10:50:00,99.53,99.15,100.10,3014,0.38,2024-12-30T11:00:00,99.15,STOP,-1144.41,-1593.53
baseline,PNB,2024-12-31,LONG,2024-12-31T10:40:00,99.37,98.85,100.14,3019,0.52,2024-12-31T11:30:00,98.85,STOP,-1559.16,-2007.99
baseline,PNB,2025-01-02,SHORT,2025-01-02T10:00:00,99.55,99.82,99.14,3013,0.27,2025-01-02T10:20:00,99.14,TARGET,1229.42,780.42
baseline,PNB,2025-01-09,LONG,2025-01-09T14:00:00,99.13,98.81,99.61,3026,0.32,2025-01-09T15:20:00,99.03,EOD,-302.60,-752.32
baseline,PNB,2025-01-15,SHORT,2025-01-15T13:40:00,95.23,95.63,94.63,3150,0.40,2025-01-15T14:50:00,95.63,STOP,-1262.85,-1713.76
baseline,PNB,2025-01-23,LONG,2025-01-23T10:10:00,95.53,94.97,96.37,3140,0.56,2025-01-23T10:40:00,96.37,TARGET,2636.88,2184.95
baseline,PNB,2025-01-24,SHORT,2025-01-24T10:00:00,95.00,95.48,94.29,3157,0.48,2025-01-24T10:30:00,95.48,STOP,-1503.89,-1954.89
baseline,PNB,2025-01-27,LONG,2025-01-27T13:40:00,94.32,93.88,94.98,3180,0.44,2025-01-27T13:50:00,93.88,STOP,-1409.14,-1857.99
baseline,PNB,2025-01-28,LONG,2025-01-28T12:00:00,94.03,93.52,94.79,3190,0.51,2025-01-28T12:50:00,94.79,TARGET,2427.08,1975.33
baseline,PNB,2025-01-30,SHORT,2025-01-30T10:50:00,95.36,95.84,94.64,3145,0.48,2025-01-30T11:00:00,94.64,TARGET,2279.57,1831.42
baseline,PNB,2025-01-31,LONG,2025-01-31T10:10:00,94.47,94.08,95.06,3175,0.39,2025-01-31T10:20:00,95.06,TARGET,1863.82,1412.51
baseline,PNB,2025-02-01,SHORT,2025-02-01T12:20:00,97.08,97.72,96.12,3090,0.64,2025-02-01T12:20:00,97.72,STOP,-1981.22,-2432.67
baseline,PNB,2025-02-04,SHORT,2025-02-04T13:00:00,96.17,96.55,95.61,3119,0.38,2025-02-04T13:00:00,96.55,STOP,-1172.12,-1622.93
baseline,PNB,2025-02-12,LONG,2025-02-12T12:10:00,93.18,92.61,94.03,3219,0.57,2025-02-12T14:00:00,92.61,STOP,-1822.06,-2270.62
baseline,PNB,2025-02-13,SHORT,2025-02-13T13:20:00,92.66,93.00,92.16,3237,0.34,2025-02-13T13:20:00,93.00,STOP,-1085.80,-1536.52
baseline,PNB,2025-02-21,SHORT,2025-02-21T10:30:00,91.89,92.26,91.33,3264,0.37,2025-02-21T11:40:00,92.26,STOP,-1219.01,-1669.82
baseline,PNB,2025-02-24,LONG,2025-02-24T13:00:00,91.50,91.15,92.02,3278,0.35,2025-02-24T13:30:00,91.15,STOP,-1143.44,-1592.49
baseline,PNB,2025-03-03,LONG,2025-03-03T13:20:00,85.38,84.95,86.02,3513,0.43,2025-03-03T13:30:00,84.95,STOP,-1500.78,-1949.56
baseline,PNB,2025-03-04,SHORT,2025-03-04T12:30:00,84.85,85.23,84.28,3535,0.38,2025-03-04T14:20:00,85.23,STOP,-1344.14,-1795.06
baseline,PNB,2025-03-07,SHORT,2025-03-07T12:30:00,88.26,88.53,87.86,3399,0.27,2025-03-07T12:30:00,88.53,STOP,-911.21,-1361.88
baseline,PNB,2025-03-13,LONG,2025-03-13T10:00:00,84.86,84.50,85.40,3535,0.36,2025-03-13T11:50:00,84.95,TIME_STOP,318.15,-132.06
baseline,PNB,2025-03-17,LONG,2025-03-17T14:00:00,84.89,84.63,85.28,3533,0.26,2025-03-17T15:20:00,85.08,EOD,671.27,220.89
baseline,PNB,2025-03-25,SHORT,2025-03-25T10:50:00,92.27,92.63,91.72,3251,0.36,2025-03-25T11:20:00,91.72,TARGET,1778.72,1330.10
baseline,PNB,2025-03-27,LONG,2025-03-27T10:20:00,92.31,91.87,92.96,3249,0.44,2025-03-27T12:00:00,91.87,STOP,-1416.45,-1865.26
baseline,PNB,2025-03-28,SHORT,2025-03-28T13:20:00,93.08,93.43,92.55,3223,0.35,2025-03-28T14:20:00,93.43,STOP,-1131.79,-1582.64
baseline,PNB,2025-04-01,SHORT,2025-04-01T11:20:00,93.27,93.68,92.66,3216,0.41,2025-04-01T11:30:00,93.68,STOP,-1311.21,-1762.13
baseline,PNB,2025-04-02,LONG,2025-04-02T11:10:00,93.98,93.52,94.66,3192,0.46,2025-04-02T13:00:00,94.12,TIME_STOP,446.88,-3.43
baseline,PNB,2025-04-04,SHORT,2025-04-04T13:20:00,94.11,94.53,93.48,3187,0.42,2025-04-04T14:40:00,93.48,TARGET,2020.96,1572.58
baseline,PNB,2025-04-09,SHORT,2025-04-09T10:30:00,93.25,93.71,92.57,3217,0.46,2025-04-09T10:40:00,92.57,TARGET,2198.83,1750.50
baseline,PNB,2025-04-24,SHORT,2025-04-24T14:10:00,99.97,100.18,99.65,3000,0.21,2025-04-24T14:30:00,100.18,STOP,-630.09,-1080.43
baseline,PNB,2025-05-02,LONG,2025-05-02T10:20:00,98.48,98.13,99.00,3046,0.35,2025-05-02T10:50:00,98.13,STOP,-1052.34,-1501.51
baseline,PNB,2025-05-07,LONG,2025-05-07T11:40:00,93.85,93.31,94.67,3196,0.54,2025-05-07T12:40:00,93.31,STOP,-1736.77,-2185.38
baseline,PNB,2025-05-09,LONG,2025-05-09T13:00:00,89.47,89.03,90.14,3353,0.44,2025-05-09T13:10:00,89.03,STOP,-1490.75,-1939.62
baseline,PNB,2025-05-20,SHORT,2025-05-20T13:10:00,98.20,98.50,97.75,3054,0.30,2025-05-20T13:30:00,98.50,STOP,-913.84,-1364.38
baseline,PNB,2025-05-22,SHORT,2025-05-22T11:10:00,97.98,98.35,97.42,3061,0.37,2025-05-22T13:00:00,97.42,TARGET,1708.14,1259.55
baseline,PNB,2025-05-23,LONG,2025-05-23T11:50:00,97.63,97.31,98.11,3072,0.32,2025-05-23T13:40:00,97.64,TIME_STOP,30.72,-419.18
baseline,PNB,2025-05-26,SHORT,2025-05-26T11:40:00,97.58,97.83,97.21,3074,0.25,2025-05-26T13:10:00,97.83,STOP,-767.39,-1217.91
baseline,PNB,2025-05-27,SHORT,2025-05-27T10:00:00,97.57,97.84,97.16,3074,0.27,2025-05-27T10:30:00,97.84,STOP,-841.85,-1292.38
baseline,PNB,2025-05-28,SHORT,2025-05-28T14:00:00,98.97,99.15,98.69,3031,0.18,2025-05-28T14:10:00,99.15,STOP,-559.61,-1010.00
baseline,PNB,2025-05-30,SHORT,2025-05-30T10:00:00,98.85,99.11,98.47,3034,0.26,2025-05-30T10:40:00,98.47,TARGET,1166.26,717.27
baseline,PNB,2025-06-03,SHORT,2025-06-03T12:30:00,105.03,105.39,104.49,2856,0.36,2025-06-03T12:40:00,105.39,STOP,-1032.05,-1482.77
baseline,PNB,2025-06-10,SHORT,2025-06-10T10:10:00,108.46,108.80,107.94,2765,0.34,2025-06-10T10:20:00,108.80,STOP,-949.74,-1400.29
baseline,PNB,2025-06-16,LONG,2025-06-16T12:40:00,103.38,103.05,103.87,2901,0.33,2025-06-16T14:10:00,103.87,TARGET,1427.53,976.60
baseline,PNB,2025-06-17,SHORT,2025-06-17T12:30:00,103.70,104.00,103.26,2892,0.30,2025-06-17T12:50:00,103.26,TARGET,1285.77,836.89
baseline,PNB,2025-06-25,LONG,2025-06-25T10:30:00,106.09,105.82,106.50,2827,0.27,2025-06-25T11:50:00,105.82,STOP,-774.64,-1223.93
baseline,PNB,2025-06-26,SHORT,2025-06-26T10:00:00,105.60,105.83,105.26,2840,0.23,2025-06-26T10:10:00,105.83,STOP,-647.50,-1097.84
baseline,PNB,2025-07-09,SHORT,2025-07-09T10:10:00,111.65,111.95,111.20,2686,0.30,2025-07-09T10:50:00,111.95,STOP,-811.63,-1262.08
baseline,PNB,2025-07-11,LONG,2025-07-11T13:00:00,110.08,109.76,110.55,2725,0.32,2025-07-11T13:00:00,110.55,TARGET,1292.42,841.50
baseline,PNB,2025-07-14,SHORT,2025-07-14T12:40:00,110.46,110.80,109.96,2715,0.34,2025-07-14T14:30:00,110.55,TIME_STOP,-244.35,-694.38
baseline,PNB,2025-07-17,SHORT,2025-07-17T13:40:00,113.33,113.62,112.90,2647,0.29,2025-07-17T13:50:00,113.62,STOP,-754.78,-1205.32
baseline,PNB,2025-07-18,SHORT,2025-07-18T13:00:00,113.43,113.72,113.00,2644,0.29,2025-07-18T14:50:00,113.47,TIME_STOP,-105.76,-555.70
baseline,PNB,2025-07-21,LONG,2025-07-21T13:20:00,113.19,112.91,113.61,2650,0.28,2025-07-21T13:50:00,112.91,STOP,-744.42,-1193.79
baseline,PNB,2025-07-25,SHORT,2025-07-25T11:30:00,109.35,109.70,108.82,2743,0.35,2025-07-25T11:50:00,108.82,TARGET,1453.41,1004.58
baseline,PNB,2025-07-28,LONG,2025-07-28T10:40:00,109.08,108.73,109.61,2750,0.35,2025-07-28T10:40:00,108.73,STOP,-974.93,-1424.16
baseline,PNB,2025-07-29,LONG,2025-07-29T13:00:00,107.93,107.57,108.46,2779,0.36,2025-07-29T13:20:00,108.46,TARGET,1479.93,1028.91
baseline,PNB,2025-07-30,SHORT,2025-07-30T14:00:00,107.90,108.48,107.02,2780,0.58,2025-07-30T14:00:00,108.48,STOP,-1624.66,-2075.82
baseline,PNB,2025-08-05,SHORT,2025-08-05T10:30:00,104.20,104.50,103.74,2879,0.30,2025-08-05T10:40:00,104.50,STOP,-875.76,-1326.41
baseline,PNB,2025-08-06,LONG,2025-08-06T13:10:00,104.45,104.05,105.04,2872,0.40,2025-08-06T13:50:00,104.05,STOP,-1138.62,-1587.74
baseline,PNB,2025-08-07,SHORT,2025-08-07T11:30:00,103.62,103.94,103.13,2895,0.32,2025-08-07T13:10:00,103.13,TARGET,1408.09,959.18
baseline,PNB,2025-08-13,SHORT,2025-08-13T12:10:00,106.31,106.58,105.91,2821,0.27,2025-08-13T12:10:00,106.58,STOP,-753.06,-1203.48
baseline,PNB,2025-08-19,LONG,2025-08-19T10:30:00,107.30,106.99,107.76,2795,0.31,2025-08-19T12:20:00,107.39,TIME_STOP,251.55,-198.49
baseline,PNB,2025-08-20,SHORT,2025-08-20T11:40:00,107.39,107.60,107.07,2793,0.21,2025-08-20T11:50:00,107.07,TARGET,897.69,448.45
baseline,PNB,2025-08-21,LONG,2025-08-21T10:20:00,107.54,107.36,107.80,2789,0.18,2025-08-21T10:30:00,107.80,TARGET,735.68,285.24
baseline,PNB,2025-08-29,LONG,2025-08-29T11:40:00,102.15,101.78,102.71,2936,0.37,2025-08-29T12:00:00,101.78,STOP,-1092.12,-1541.17
baseline,PNB,2025-09-01,LONG,2025-09-01T10:00:00,101.94,101.63,102.40,2942,0.31,2025-09-01T10:10:00,101.63,STOP,-898.77,-1347.96
baseline,PNB,2025-09-04,SHORT,2025-09-04T11:30:00,103.61,103.88,103.20,2895,0.27,2025-09-04T11:30:00,103.88,STOP,-794.29,-1244.81
baseline,PNB,2025-09-05,LONG,2025-09-05T14:10:00,103.88,103.60,104.30,2887,0.28,2025-09-05T14:10:00,103.60,STOP,-809.16,-1258.41
baseline,PNB,2025-09-09,LONG,2025-09-09T11:40:00,104.52,104.25,104.92,2870,0.27,2025-09-09T11:50:00,104.25,STOP,-773.55,-1222.93
baseline,PNB,2025-09-12,SHORT,2025-09-12T11:40:00,107.47,107.72,107.10,2791,0.25,2025-09-12T12:50:00,107.10,TARGET,1043.77,594.63
baseline,PNB,2025-09-16,SHORT,2025-09-16T13:20:00,108.31,108.54,107.96,2769,0.23,2025-09-16T15:10:00,108.44,TIME_STOP,-359.97,-810.11
baseline,PNB,2025-09-17,LONG,2025-09-17T10:30:00,108.87,108.63,109.22,2755,0.24,2025-09-17T10:30:00,109.22,TARGET,977.29,526.65
baseline,PNB,2025-09-23,LONG,2025-09-23T12:40:00,113.90,113.56,114.42,2633,0.34,2025-09-23T13:10:00,113.56,STOP,-906.02,-1355.19
baseline,PNB,2025-09-24,LONG,2025-09-24T10:10:00,114.07,113.70,114.63,2629,0.37,2025-09-24T10:30:00,113.70,STOP,-977.31,-1426.41
baseline,PNB,2025-09-25,LONG,2025-09-25T11:40:00,112.04,111.67,112.59,2677,0.37,2025-09-25T11:50:00,111.67,STOP,-977.91,-1427.07
baseline,PNB,2025-10-01,SHORT,2025-10-01T11:00:00,111.95,112.46,111.19,2679,0.51,2025-10-01T12:40:00,112.46,STOP,-1355.56,-1806.44
baseline,PNB,2025-10-07,SHORT,2025-10-07T11:50:00,114.42,114.75,113.93,2621,0.33,2025-10-07T12:10:00,114.72,REVERSE,-786.30,-1236.73
baseline,PNB,2025-10-08,LONG,2025-10-08T14:00:00,113.77,113.44,114.27,2636,0.33,2025-10-08T14:30:00,113.44,STOP,-876.33,-1325.52
baseline,PNB,2025-10-13,SHORT,2025-10-13T12:50:00,116.82,117.15,116.33,2568,0.33,2025-10-13T13:10:00,116.92,REVERSE,-256.80,-706.98
baseline,PNB,2025-10-15,LONG,2025-10-15T10:00:00,115.76,115.43,116.25,2591,0.33,2025-10-15T10:00:00,116.25,TARGET,1279.34,828.48
baseline,PNB,2025-10-16,SHORT,2025-10-16T13:00:00,116.73,117.03,116.28,2570,0.30,2025-10-16T13:10:00,117.03,STOP,-774.83,-1225.40
baseline,PNB,2025-10-21,LONG,2025-10-21T14:10:00,118.01,117.36,118.98,2542,0.65,2025-10-21T14:40:00,117.36,STOP,-1647.55,-2096.29
baseline,PNB,2025-10-30,LONG,2025-10-30T11:10:00,121.17,120.77,121.77,2475,0.40,2025-10-30T11:20:00,121.77,TARGET,1487.79,1036.83
baseline,PNB,2025-11-04,LONG,2025-11-04T13:50:00,123.51,123.15,124.05,2428,0.36,2025-11-04T14:00:00,123.15,STOP,-870.38,-1319.55
baseline,PNB,2025-11-06,SHORT,2025-11-06T10:10:00,122.50,122.88,121.92,2448,0.38,2025-11-06T10:20:00,121.92,TARGET,1411.93,963.17
baseline,PNB,2025-11-07,LONG,2025-11-07T12:20:00,120.95,120.55,121.56,2480,0.40,2025-11-07T12:40:00,121.56,TARGET,1505.75,1054.68
baseline,PNB,2025-11-10,SHORT,2025-11-10T11:10:00,121.77,122.12,121.25,2463,0.35,2025-11-10T11:20:00,121.99,REVERSE,-541.86,-992.15
baseline,PNB,2025-11-11,LONG,2025-11-11T13:20:00,121.70,121.43,122.10,2465,0.27,2025-11-11T13:50:00,122.10,TARGET,980.32,529.60
baseline,PNB,2025-11-19,LONG,2025-11-19T12:30:00,122.85,122.54,123.31,2442,0.31,2025-11-19T12:30:00,123.31,TARGET,1127.69,676.84
baseline,PNB,2025-11-20,SHORT,2025-11-20T14:00:00,124.42,124.68,124.04,2411,0.26,2025-11-20T14:30:00,124.04,TARGET,922.86,473.59
baseline,PNB,2025-11-25,LONG,2025-11-25T12:20:00,122.64,122.30,123.15,2446,0.34,2025-11-25T12:30:00,122.30,STOP,-828.83,-1278.17
baseline,PNB,2025-11-27,SHORT,2025-11-27T11:30:00,124.54,124.88,124.04,2408,0.34,2025-11-27T11:50:00,124.04,TARGET,1210.47,761.54
baseline,PNB,2025-11-28,SHORT,2025-11-28T10:20:00,124.20,124.53,123.70,2415,0.33,2025-11-28T10:50:00,124.53,STOP,-802.03,-1252.55
baseline,PNB,2025-12-05,LONG,2025-12-05T10:10:00,120.56,120.13,121.20,2488,0.43,2025-12-05T10:20:00,121.20,TARGET,1593.70,1142.57
baseline,PNB,2025-12-08,SHORT,2025-12-08T10:10:00,119.77,120.18,119.16,2504,0.41,2025-12-08T10:50:00,119.16,TARGET,1533.07,1084.36
baseline,PNB,2025-12-09,LONG,2025-12-09T11:50:00,117.27,116.87,117.86,2558,0.40,2025-12-09T13:30:00,117.86,TARGET,1516.70,1065.60
baseline,PNB,2025-12-10,SHORT,2025-12-10T11:50:00,117.37,117.72,116.85,2556,0.35,2025-12-10T12:10:00,117.72,STOP,-890.53,-1341.19
baseline,PNB,2025-12-11,LONG,2025-12-11T11:20:00,117.45,117.05,118.04,2554,0.40,2025-12-11T12:10:00,118.04,TARGET,1518.66,1067.57
baseline,PNB,2025-12-12,SHORT,2025-12-12T10:50:00,117.10,117.41,116.63,2561,0.31,2025-12-12T11:50:00,117.41,STOP,-805.08,-1255.52
baseline,PNB,2025-12-16,SHORT,2025-12-16T11:40:00,117.27,117.56,116.83,2558,0.29,2025-12-16T12:50:00,116.83,TARGET,1126.36,677.24
baseline,PNB,2025-12-18,SHORT,2025-12-18T10:00:00,117.89,118.25,117.34,2544,0.36,2025-12-18T10:10:00,118.25,STOP,-925.86,-1376.42
baseline,PNB,2025-12-19,SHORT,2025-12-19T11:50:00,118.91,119.23,118.44,2522,0.32,2025-12-19T12:10:00,119.23,STOP,-797.54,-1247.98
baseline,PNB,2025-12-29,LONG,2025-12-29T12:10:00,120.79,120.34,121.46,2483,0.45,2025-12-29T12:30:00,120.34,STOP,-1113.74,-1562.79
baseline,PNB,2025-12-30,LONG,2025-12-30T10:20:00,120.41,120.01,121.01,2491,0.40,2025-12-30T10:20:00,121.01,TARGET,1489.04,1038.01
baseline,PNB,2026-01-05,SHORT,2026-01-05T13:30:00,125.50,125.87,124.94,2390,0.37,2026-01-05T13:50:00,124.94,TARGET,1327.00,878.08
baseline,PNB,2026-01-06,LONG,2026-01-06T12:00:00,125.71,125.30,126.32,2386,0.41,2026-01-06T13:50:00,125.48,TIME_STOP,-548.78,-998.28
baseline,PNB,2026-01-07,SHORT,2026-01-07T13:30:00,125.38,125.68,124.93,2392,0.30,2026-01-07T14:50:00,125.68,STOP,-714.56,-1164.96
baseline,PNB,2026-01-12,LONG,2026-01-12T13:20:00,123.05,122.53,123.83,2438,0.52,2026-01-12T14:00:00,122.53,STOP,-1270.44,-1719.48
baseline,PNB,2026-01-13,SHORT,2026-01-13T13:20:00,122.86,123.27,122.24,2441,0.41,2026-01-13T13:50:00,123.27,STOP,-1012.54,-1463.15
baseline,PNB,2026-01-19,SHORT,2026-01-19T14:10:00,125.57,126.75,123.80,2120,1.18,2026-01-19T14:10:00,126.75,STOP,-2499.42,-2900.61
baseline,PNB,2026-01-30,LONG,2026-01-30T10:00:00,125.12,124.56,125.96,2397,0.56,2026-01-30T10:00:00,124.60,REVERSE,-1246.44,-1695.37
baseline,PNB,2026-02-04,SHORT,2026-02-04T11:40:00,123.19,123.56,122.63,2435,0.37,2026-02-04T12:10:00,123.56,STOP,-910.04,-1360.67
baseline,PNB,2026-02-05,SHORT,2026-02-05T12:50:00,123.80,124.18,123.24,2423,0.38,2026-02-05T14:40:00,123.77,TIME_STOP,72.69,-377.21
baseline,PNB,2026-02-11,LONG,2026-02-11T13:20:00,122.85,122.50,123.37,2442,0.35,2026-02-11T14:00:00,123.37,TARGET,1267.26,816.31
baseline,PNB,2026-02-16,LONG,2026-02-16T12:30:00,118.99,118.66,119.49,2521,0.33,2026-02-16T12:40:00,119.49,TARGET,1253.23,802.33
baseline,PNB,2026-02-19,SHORT,2026-02-19T11:50:00,127.17,127.55,126.60,2359,0.38,2026-02-19T13:40:00,126.90,TIME_STOP,636.93,187.42
baseline,PNB,2026-02-23,SHORT,2026-02-23T13:40:00,130.26,130.70,129.60,2303,0.44,2026-02-23T15:20:00,130.18,EOD,184.24,-265.60
baseline,PNB,2026-02-24,LONG,2026-02-24T10:20:00,131.32,130.84,132.04,2284,0.48,2026-02-24T11:30:00,132.04,TARGET,1645.66,1194.52
baseline,PNB,2026-02-26,SHORT,2026-02-26T11:20:00,130.49,130.95,129.80,2299,0.46,2026-02-26T12:30:00,129.80,TARGET,1587.41,1138.61
baseline,PNB,2026-03-11,SHORT,2026-03-11T12:00:00,116.57,116.96,115.98,2573,0.39,2026-03-11T12:20:00,116.96,STOP,-1008.41,-1459.07
baseline,PNB,2026-03-12,LONG,2026-03-12T11:20:00,116.95,116.35,117.86,2565,0.60,2026-03-12T11:20:00,116.35,STOP,-1550.13,-1998.94
baseline,BANKBARODA,2024-03-19,SHORT,2024-03-19T10:00:00,237.95,239.20,236.07,1260,1.25,2024-03-19T10:10:00,236.07,TARGET,2363.00,1915.05
baseline,BANKBARODA,2024-03-20,LONG,2024-03-20T13:20:00,234.81,233.42,236.89,1277,1.39,2024-03-20T14:20:00,233.42,STOP,-1773.61,-2222.06
baseline,BANKBARODA,2024-03-27,SHORT,2024-03-27T10:00:00,244.67,245.58,243.31,1226,0.91,2024-03-27T10:30:00,245.58,STOP,-1114.90,-1565.68
baseline,BANKBARODA,2024-03-28,LONG,2024-03-28T10:00:00,245.15,244.08,246.76,1223,1.07,2024-03-28T10:50:00,246.76,TARGET,1965.21,1514.00
baseline,BANKBARODA,2024-04-03,LONG,2024-04-03T14:00:00,253.22,252.50,254.29,1184,0.72,2024-04-03T14:00:00,254.29,TARGET,1272.46,821.79
baseline,BANKBARODA,2024-04-04,SHORT,2024-04-04T11:30:00,253.85,255.11,251.96,1181,1.26,2024-04-04T13:20:00,253.46,TIME_STOP,460.59,11.24
baseline,BANKBARODA,2024-04-05,LONG,2024-04-05T11:20:00,253.90,252.90,255.41,1181,1.00,2024-04-05T11:40:00,252.90,STOP,-1185.70,-1634.60
baseline,BANKBARODA,2024-04-09,LONG,2024-04-09T10:10:00,253.22,252.10,254.90,1184,1.12,2024-04-09T10:20:00,252.10,STOP,-1322.53,-1771.26
baseline,BANKBARODA,2024-04-10,LONG,2024-04-10T10:20:00,251.29,250.39,252.65,1193,0.90,2024-04-10T10:40:00,252.65,TARGET,1617.39,1166.49
baseline,BANKBARODA,2024-04-12,SHORT,2024-04-12T13:30:00,253.66,254.51,252.39,1182,0.85,2024-04-12T14:10:00,252.39,TARGET,1500.98,1052.37
baseline,BANKBARODA,2024-04-18,LONG,2024-04-18T12:40:00,246.41,245.36,247.99,1217,1.05,2024-04-18T13:30:00,245.36,STOP,-1281.68,-1730.54
baseline,BANKBARODA,2024-04-25,LONG,2024-04-25T10:10:00,247.76,246.88,249.08,1210,0.88,2024-04-25T10:10:00,249.08,TARGET,1597.26,1146.38
baseline,BANKBARODA,2024-04-29,LONG,2024-04-29T11:50:00,253.66,252.67,255.14,1182,0.99,2024-04-29T12:40:00,255.14,TARGET,1750.72,1299.66
baseline,BANKBARODA,2024-05-03,SHORT,2024-05-03T11:50:00,260.62,261.87,258.74,1151,1.25,2024-05-03T12:40:00,261.87,STOP,-1444.09,-1895.13
baseline,BANKBARODA,2024-05-09,SHORT,2024-05-09T13:00:00,247.62,249.00,245.55,1211,1.38,2024-05-09T13:50:00,249.00,STOP,-1668.23,-2119.28
baseline,BANKBARODA,2024-05-13,LONG,2024-05-13T12:50:00,244.04,242.25,246.72,1229,1.79,2024-05-13T13:30:00,242.25,STOP,-2199.50,-2647.74
baseline,BANKBARODA,2024-05-14,SHORT,2024-05-14T10:10:00,242.64,244.29,240.16,1236,1.65,2024-05-14T12:00:00,242.88,TIME_STOP,-296.64,-746.72
baseline,BANKBARODA,2024-05-16,SHORT,2024-05-16T11:00:00,246.99,247.99,245.49,1214,1.00,2024-05-16T11:10:00,245.49,TARGET,1815.85,1367.44
baseline,BANKBARODA,2024-05-17,SHORT,2024-05-17T12:10:00,245.34,246.35,243.82,1222,1.01,2024-05-17T12:30:00,245.20,EOD_FORCED,171.08,-278.50
baseline,BANKBARODA,2024-05-21,LONG,2024-05-21T10:30:00,248.49,247.30,250.27,1207,1.19,2024-05-21T10:50:00,247.30,STOP,-1436.07,-1884.89
baseline,BANKBARODA,2024-05-22,SHORT,2024-05-22T11:10:00,248.10,249.23,246.41,1209,1.13,2024-05-22T13:00:00,247.57,TIME_STOP,640.77,191.32
baseline,BANKBARODA,2024-05-27,LONG,2024-05-27T12:40:00,254.04,253.10,255.45,1180,0.94,2024-05-27T14:00:00,255.45,TARGET,1668.84,1217.94
baseline,BANKBARODA,2024-05-28,SHORT,2024-05-28T10:10:00,252.93,254.05,251.25,1186,1.12,2024-05-28T11:30:00,251.25,TARGET,1990.73,1542.26
baseline,BANKBARODA,2024-05-30,LONG,2024-05-30T13:40:00,247.52,246.79,248.61,1212,0.73,2024-05-30T13:50:00,248.61,TARGET,1319.77,868.79
baseline,BANKBARODA,2024-05-31,LONG,2024-05-31T13:30:00,247.86,247.02,249.12,1210,0.84,2024-05-31T13:50:00,249.12,TARGET,1523.90,1072.89
baseline,BANKBARODA,2024-06-04,SHORT,2024-06-04T11:30:00,240.90,244.99,234.77,611,4.09,2024-06-04T11:40:00,234.77,TARGET,3747.12,3529.15
baseline,BANKBARODA,2024-06-05,LONG,2024-06-05T13:00:00,236.11,232.79,241.09,752,3.32,2024-06-05T14:10:00,241.09,TARGET,3748.26,3479.11
baseline,BANKBARODA,2024-06-12,LONG,2024-06-12T10:10:00,260.62,259.52,262.27,1151,1.10,2024-06-12T10:30:00,262.27,TARGET,1903.64,1452.25
baseline,BANKBARODA,2024-06-13,SHORT,2024-06-13T13:50:00,265.40,266.14,264.29,1130,0.74,2024-06-13T15:10:00,266.14,STOP,-834.08,-1284.56
baseline,BANKBARODA,2024-06-14,LONG,2024-06-14T10:10:00,266.13,265.30,267.38,1127,0.83,2024-06-14T11:10:00,267.38,TARGET,1404.94,954.00
baseline,BANKBARODA,2024-06-20,LONG,2024-06-20T13:30:00,268.79,268.02,269.94,1116,0.77,2024-06-20T13:30:00,268.40,REVERSE,-435.24,-884.87
baseline,BANKBARODA,2024-06-24,LONG,2024-06-24T12:10:00,264.15,262.91,266.01,1135,1.24,2024-06-24T14:00:00,264.87,TIME_STOP,817.20,366.87
baseline,BANKBARODA,2024-06-25,SHORT,2024-06-25T12:00:00,264.10,264.88,262.92,1135,0.78,2024-06-25T12:20:00,262.92,TARGET,1334.25,885.62
baseline,BANKBARODA,2024-06-26,SHORT,2024-06-26T13:40:00,264.00,264.81,262.78,1136,0.81,2024-06-26T14:10:00,264.81,STOP,-921.25,-1371.80
baseline,BANKBARODA,2024-07-03,LONG,2024-07-03T11:00:00,258.25,257.11,259.97,1161,1.14,2024-07-03T11:00:00,257.62,REVERSE,-731.43,-1180.62
baseline,BANKBARODA,2024-07-04,SHORT,2024-07-04T10:40:00,257.04,258.11,255.44,1167,1.07,2024-07-04T11:30:00,258.11,STOP,-1247.26,-1698.14
baseline,BANKBARODA,2024-07-09,LONG,2024-07-09T12:00:00,255.16,254.30,256.45,1175,0.86,2024-07-09T12:20:00,254.30,STOP,-1007.60,-1456.57
baseline,BANKBARODA,2024-07-11,LONG,2024-07-11T10:20:00,249.40,248.55,250.67,1202,0.85,2024-07-11T10:20:00,248.55,STOP,-1021.19,-1470.10
baseline,BANKBARODA,2024-07-12,SHORT,2024-07-12T12:00:00,247.71,248.49,246.54,1211,0.78,2024-07-12T12:40:00,246.54,TARGET,1413.14,964.23
baseline,BANKBARODA,2024-07-15,LONG,2024-07-15T11:30:00,246.17,245.20,247.63,1218,0.97,2024-07-15T12:00:00,245.20,STOP,-1182.63,-1631.50
baseline,BANKBARODA,2024-07-22,LONG,2024-07-22T10:20:00,246.02,244.65,248.08,1219,1.37,2024-07-22T12:10:00,247.04,TIME_STOP,1243.38,792.60
baseline,BANKBARODA,2024-07-26,LONG,2024-07-26T11:20:00,238.77,237.85,240.15,1256,0.92,2024-07-26T13:10:00,239.25,TIME_STOP,602.88,152.59
baseline,BANKBARODA,2024-08-01,SHORT,2024-08-01T11:20:00,244.67,245.85,242.89,1226,1.18,2024-08-01T12:30:00,242.89,TARGET,2176.73,1728.41
baseline,BANKBARODA,2024-08-12,SHORT,2024-08-12T13:20:00,236.74,237.54,235.53,1267,0.80,2024-08-12T14:30:00,237.54,STOP,-1018.40,-1469.09
baseline,BANKBARODA,2024-08-13,LONG,2024-08-13T11:00:00,237.61,236.75,238.91,1262,0.86,2024-08-13T12:00:00,236.75,STOP,-1089.57,-1538.55
baseline,BANKBARODA,2024-08-16,LONG,2024-08-16T14:00:00,234.57,234.01,235.41,1278,0.56,2024-08-16T14:40:00,235.41,TARGET,1075.73,625.25
baseline,BANKBARODA,2024-08-21,SHORT,2024-08-21T11:20:00,243.94,244.67,242.84,1229,0.73,2024-08-21T11:30:00,244.67,STOP,-898.61,-1348.99
baseline,BANKBARODA,2024-08-23,SHORT,2024-08-23T13:50:00,244.81,245.35,244.00,1225,0.54,2024-08-23T15:00:00,244.00,TARGET,993.01,543.92
baseline,BANKBARODA,2024-08-27,LONG,2024-08-27T11:20:00,243.56,242.94,244.49,1231,0.62,2024-08-27T11:40:00,242.94,STOP,-766.66,-1215.81
baseline,BANKBARODA,2024-08-28,LONG,2024-08-28T13:10:00,242.54,242.08,243.23,1236,0.46,2024-08-28T13:10:00,242.08,STOP,-564.74,-1013.98
baseline,BANKBARODA,2024-08-29,LONG,2024-08-29T13:00:00,241.77,241.26,242.54,1240,0.51,2024-08-29T13:50:00,241.26,STOP,-636.30,-1085.52
baseline,BANKBARODA,2024-09-02,SHORT,2024-09-02T10:00:00,240.85,241.62,239.69,1245,0.77,2024-09-02T11:30:00,241.62,STOP,-963.07,-1413.58
baseline,BANKBARODA,2024-09-03,SHORT,2024-09-03T13:10:00,243.60,244.19,242.71,1231,0.59,2024-09-03T14:50:00,242.71,TARGET,1090.59,641.60
baseline,BANKBARODA,2024-09-05,LONG,2024-09-05T13:50:00,235.82,235.25,236.68,1272,0.57,2024-09-05T15:20:00,235.58,EOD,-305.28,-755.00
baseline,BANKBARODA,2024-09-11,SHORT,2024-09-11T12:30:00,227.90,228.62,226.82,1316,0.72,2024-09-11T13:40:00,226.82,TARGET,1421.26,972.45
baseline,BANKBARODA,2024-09-12,LONG,2024-09-12T12:10:00,227.27,226.50,228.43,1320,0.77,2024-09-12T12:40:00,228.43,TARGET,1525.20,1074.06
baseline,BANKBARODA,2024-09-17,LONG,2024-09-17T12:20:00,231.62,231.02,232.52,1295,0.60,2024-09-17T12:40:00,232.52,TARGET,1166.22,715.43
baseline,BANKBARODA,2024-09-18,LONG,2024-09-18T10:00:00,232.20,231.59,233.12,1291,0.61,2024-09-18T10:10:00,231.59,STOP,-793.46,-1242.52
baseline,BANKBARODA,2024-09-20,SHORT,2024-09-20T14:00:00,228.57,229.31,227.46,1312,0.74,2024-09-20T15:10:00,227.46,TARGET,1456.78,1008.05
baseline,BANKBARODA,2024-09-25,LONG,2024-09-25T14:10:00,234.81,234.15,235.80,1277,0.66,2024-09-25T14:30:00,234.15,STOP,-842.77,-1291.92
baseline,BANKBARODA,2024-10-04,LONG,2024-10-04T10:00:00,242.11,240.44,244.62,1239,1.67,2024-10-04T11:20:00,244.62,TARGET,3106.16,2653.87
baseline,BANKBARODA,2024-10-08,LONG,2024-10-08T10:40:00,237.62,235.79,240.36,1262,1.83,2024-10-08T11:50:00,240.36,TARGET,3460.29,3007.88
baseline,BANKBARODA,2024-10-10,SHORT,2024-10-10T13:50:00,239.66,240.44,238.50,1251,0.78,2024-10-10T15:00:00,238.50,TARGET,1456.18,1007.55
baseline,BANKBARODA,2024-10-14,LONG,2024-10-14T10:30:00,235.82,235.03,237.01,1272,0.79,2024-10-14T12:20:00,235.03,STOP,-1010.96,-1460.14
baseline,BANKBARODA,2024-10-15,SHORT,2024-10-15T13:00:00,235.97,236.56,235.09,1271,0.59,2024-10-15T13:00:00,235.09,TARGET,1123.47,674.43
baseline,BANKBARODA,2024-10-16,SHORT,2024-10-16T10:50:00,235.29,235.95,234.31,1275,0.66,2024-10-16T11:30:00,235.95,STOP,-835.30,-1285.92
baseline,BANKBARODA,2024-10-18,LONG,2024-10-18T11:40:00,235.87,234.96,237.23,1271,0.91,2024-10-18T12:30:00,237.23,TARGET,1728.62,1277.63
baseline,BANKBARODA,2024-10-21,SHORT,2024-10-21T12:30:00,238.12,239.05,236.72,1259,0.93,2024-10-21T13:00:00,236.72,TARGET,1763.55,1315.18
baseline,BANKBARODA,2024-10-23,LONG,2024-10-23T13:50:00,228.30,227.11,230.08,1314,1.19,2024-10-23T14:40:00,230.08,TARGET,2341.88,1890.15
baseline,BANKBARODA,2024-10-29,LONG,2024-10-29T12:10:00,243.07,242.03,244.63,1234,1.04,2024-10-29T14:00:00,244.63,TARGET,1927.73,1476.36
baseline,BANKBARODA,2024-11-04,SHORT,2024-11-04T11:00:00,240.85,241.96,239.19,1245,1.11,2024-11-04T12:50:00,240.61,TIME_STOP,298.80,-150.76
baseline,BANKBARODA,2024-11-11,LONG,2024-11-11T11:30:00,250.13,248.76,252.19,1199,1.37,2024-11-11T13:20:00,250.03,TIME_STOP,-119.90,-569.67
baseline,BANKBARODA,2024-11-12,SHORT,2024-11-12T10:30:00,249.16,250.25,247.52,1204,1.09,2024-11-12T12:10:00,247.52,TARGET,1969.49,1520.99
baseline,BANKBARODA,2024-11-19,LONG,2024-11-19T10:10:00,236.74,235.70,238.29,1267,1.04,2024-11-19T11:40:00,235.70,STOP,-1311.72,-1760.66
baseline,BANKBARODA,2024-11-27,SHORT,2024-11-27T10:50:00,237.47,238.37,236.13,1263,0.90,2024-11-27T11:30:00,238.37,STOP,-1132.43,-1583.17
baseline,BANKBARODA,2024-11-28,LONG,2024-11-28T10:00:00,239.93,238.99,241.34,1250,0.94,2024-11-28T10:20:00,241.34,TARGET,1757.22,1306.04
baseline,BANKBARODA,2024-11-29,SHORT,2024-11-29T10:50:00,238.72,239.80,237.10,1256,1.08,2024-11-29T11:40:00,237.10,TARGET,2037.55,1589.33
baseline,BANKBARODA,2024-12-09,LONG,2024-12-09T11:50:00,255.31,254.46,256.58,1175,0.85,2024-12-09T12:30:00,254.46,STOP,-996.65,-1445.89
baseline,BANKBARODA,2024-12-11,SHORT,2024-12-11T13:50:00,254.04,254.61,253.18,1180,0.57,2024-12-11T14:00:00,253.18,TARGET,1012.85,563.96
baseline,BANKBARODA,2024-12-13,LONG,2024-12-13T14:00:00,248.92,247.97,250.34,1205,0.95,2024-12-13T15:20:00,249.40,EOD,578.40,128.04
baseline,BANKBARODA,2024-12-17,SHORT,2024-12-17T10:10:00,248.73,249.46,247.63,1206,0.73,2024-12-17T10:50:00,249.46,STOP,-880.42,-1331.04
baseline,BANKBARODA,2024-12-23,LONG,2024-12-23T13:20:00,237.91,236.92,239.39,1260,0.99,2024-12-23T15:10:00,238.19,TIME_STOP,352.80,-97.11
baseline,BANKBARODA,2024-12-24,SHORT,2024-12-24T11:40:00,236.61,237.47,235.33,1267,0.86,2024-12-24T12:30:00,235.33,TARGET,1626.61,1178.15
baseline,BANKBARODA,2024-12-27,SHORT,2024-12-27T12:20:00,237.52,238.24,236.45,1263,0.72,2024-12-27T13:50:00,238.24,STOP,-903.40,-1354.06
baseline,BANKBARODA,2024-12-30,LONG,2024-12-30T12:00:00,238.96,238.12,240.22,1255,0.84,2024-12-30T12:00:00,238.12,STOP,-1050.33,-1499.39
baseline,BANKBARODA,2025-01-01,LONG,2025-01-01T11:00:00,233.27,232.43,234.53,1286,0.84,2025-01-01T11:40:00,232.43,STOP,-1080.23,-1529.40
baseline,BANKBARODA,2025-01-02,LONG,2025-01-02T13:50:00,232.49,231.66,233.73,1290,0.83,2025-01-02T13:50:00,231.66,STOP,-1066.82,-1515.88
baseline,BANKBARODA,2025-01-07,LONG,2025-01-07T10:30:00,223.58,222.23,225.60,1341,1.35,2025-01-07T12:20:00,224.17,TIME_STOP,791.19,340.87
baseline,BANKBARODA,2025-01-08,SHORT,2025-01-08T10:50:00,222.97,223.89,221.59,1345,0.92,2025-01-08T12:40:00,223.51,TIME_STOP,-726.30,-1176.69
baseline,BANKBARODA,2025-01-09,SHORT,2025-01-09T11:10:00,222.58,223.49,221.22,1347,0.91,2025-01-09T11:40:00,223.49,STOP,-1224.49,-1675.13
baseline,BANKBARODA,2025-01-15,SHORT,2025-01-15T13:20:00,215.88,216.67,214.69,1389,0.79,2025-01-15T13:50:00,214.69,TARGET,1648.34,1199.79
baseline,BANKBARODA,2025-01-23,LONG,2025-01-23T10:20:00,220.63,219.56,222.23,1359,1.07,2025-01-23T11:20:00,219.56,STOP,-1449.67,-1898.33
baseline,BANKBARODA,2025-01-24,LONG,2025-01-24T11:50:00,221.60,220.68,222.98,1353,0.92,2025-01-24T12:10:00,220.68,STOP,-1243.24,-1692.05
baseline,BANKBARODA,2025-01-28,LONG,2025-01-28T12:10:00,216.01,214.73,217.93,1388,1.28,2025-01-28T12:30:00,214.73,STOP,-1772.02,-2220.42
baseline,BANKBARODA,2025-01-30,SHORT,2025-01-30T13:40:00,215.47,216.16,214.43,1392,0.69,2025-01-30T14:20:00,216.16,STOP,-962.54,-1413.17
baseline,BANKBARODA,2025-02-01,LONG,2025-02-01T10:30:00,208.05,207.25,209.25,1441,0.80,2025-02-01T11:10:00,207.25,STOP,-1149.89,-1598.72
baseline,BANKBARODA,2025-02-07,SHORT,2025-02-07T10:10:00,210.32,211.10,209.16,1426,0.78,2025-02-07T10:10:00,211.10,STOP,-1105.75,-1556.46
baseline,BANKBARODA,2025-02-12,LONG,2025-02-12T11:50:00,204.95,203.79,206.69,1463,1.16,2025-02-12T13:10:00,206.69,TARGET,2544.29,2092.62
baseline,BANKBARODA,2025-02-13,SHORT,2025-02-13T12:20:00,204.97,205.66,203.94,1463,0.69,2025-02-13T13:30:00,203.94,TARGET,1509.86,1061.18
baseline,BANKBARODA,2025-02-18,LONG,2025-02-18T12:40:00,198.99,198.15,200.25,1507,0.84,2025-02-18T12:40:00,198.15,STOP,-1264.05,-1712.91
baseline,BANKBARODA,2025-02-21,SHORT,2025-02-21T10:30:00,204.12,204.98,202.83,1469,0.86,2025-02-21T12:20:00,203.66,TIME_STOP,675.74,226.47
baseline,BANKBARODA,2025-02-25,SHORT,2025-02-25T10:20:00,200.68,201.37,199.64,1494,0.69,2025-02-25T10:30:00,199.64,TARGET,1554.24,1105.68
baseline,BANKBARODA,2025-03-04,SHORT,2025-03-04T13:20:00,189.28,190.08,188.08,1584,0.80,2025-03-04T14:10:00,190.08,STOP,-1267.17,-1717.85
baseline,BANKBARODA,2025-03-12,LONG,2025-03-12T10:00:00,197.61,196.78,198.86,1518,0.83,2025-03-12T10:20:00,196.78,STOP,-1266.09,-1715.10
baseline,BANKBARODA,2025-03-17,SHORT,2025-03-17T10:20:00,197.89,198.61,196.82,1515,0.72,2025-03-17T11:00:00,198.61,STOP,-1084.88,-1535.40
baseline,BANKBARODA,2025-03-21,SHORT,2025-03-21T14:10:00,208.73,209.17,208.06,1437,0.44,2025-03-21T14:10:00,209.17,STOP,-637.59,-1087.98
baseline,BANKBARODA,2025-03-25,SHORT,2025-03-25T11:00:00,214.41,215.35,213.00,1399,0.94,2025-03-25T12:30:00,215.35,STOP,-1312.22,-1763.14
baseline,BANKBARODA,2025-03-28,SHORT,2025-03-28T12:40:00,220.54,221.46,219.15,1360,0.92,2025-03-28T14:30:00,220.64,TIME_STOP,-136.00,-586.00
baseline,BANKBARODA,2025-04-01,SHORT,2025-04-01T11:10:00,220.25,221.26,218.74,1362,1.01,2025-04-01T11:20:00,221.26,STOP,-1374.80,-1825.80
baseline,BANKBARODA,2025-04-02,SHORT,2025-04-02T10:00:00,219.34,220.53,217.56,1367,1.19,2025-04-02T10:50:00,220.53,STOP,-1622.40,-2073.37
baseline,BANKBARODA,2025-04-09,SHORT,2025-04-09T10:20:00,224.19,225.25,222.60,1338,1.06,2025-04-09T10:20:00,225.25,STOP,-1422.44,-1873.45
baseline,BANKBARODA,2025-04-24,SHORT,2025-04-24T14:10:00,243.52,244.13,242.60,1231,0.61,2025-04-24T14:20:00,244.13,STOP,-755.54,-1205.76
baseline,BANKBARODA,2025-05-06,SHORT,2025-05-06T10:00:00,237.85,238.97,236.18,1261,1.12,2025-05-06T10:40:00,238.97,STOP,-1408.01,-1858.96
baseline,BANKBARODA,2025-05-09,LONG,2025-05-09T13:00:00,211.98,210.99,213.46,1415,0.99,2025-05-09T13:10:00,210.99,STOP,-1400.24,-1849.12
baseline,BANKBARODA,2025-05-20,SHORT,2025-05-20T12:10:00,231.78,232.54,230.64,1294,0.76,2025-05-20T12:20:00,232.54,STOP,-982.26,-1432.88
baseline,BANKBARODA,2025-05-22,SHORT,2025-05-22T14:10:00,231.01,231.82,229.80,1298,0.81,2025-05-22T14:40:00,231.82,STOP,-1049.35,-1499.92
baseline,BANKBARODA,2025-05-26,SHORT,2025-05-26T10:50:00,233.42,234.09,232.42,1285,0.67,2025-05-26T12:40:00,232.84,TIME_STOP,745.30,295.94
baseline,BANKBARODA,2025-05-27,LONG,2025-05-27T12:30:00,233.41,232.73,234.43,1285,0.68,2025-05-27T14:00:00,232.73,STOP,-870.18,-1319.43
baseline,BANKBARODA,2025-06-03,SHORT,2025-06-03T11:50:00,244.81,245.64,243.56,1225,0.83,2025-06-03T12:10:00,243.56,TARGET,1532.76,1084.07
baseline,BANKBARODA,2025-06-04,LONG,2025-06-04T11:00:00,245.92,245.12,247.12,1219,0.80,2025-06-04T12:50:00,245.59,TIME_STOP,-402.27,-851.63
baseline,BANKBARODA,2025-06-10,SHORT,2025-06-10T10:10:00,247.33,248.01,246.32,1212,0.68,2025-06-10T10:20:00,248.01,STOP,-819.40,-1269.66
baseline,BANKBARODA,2025-06-16,LONG,2025-06-16T12:20:00,239.27,238.37,240.62,1253,0.90,2025-06-16T12:20:00,238.37,STOP,-1130.88,-1579.74
baseline,BANKBARODA,2025-06-17,SHORT,2025-06-17T11:40:00,239.32,240.01,238.28,1253,0.69,2025-06-17T12:50:00,238.28,TARGET,1304.45,855.63
baseline,BANKBARODA,2025-06-18,LONG,2025-06-18T10:20:00,239.15,238.51,240.10,1254,0.64,2025-06-18T10:30:00,238.60,REVERSE,-689.70,-1139.02
baseline,BANKBARODA,2025-06-20,LONG,2025-06-20T10:50:00,234.56,233.70,235.85,1278,0.86,2025-06-20T11:10:00,235.85,TARGET,1652.20,1201.31
baseline,BANKBARODA,2025-06-23,LONG,2025-06-23T11:40:00,234.61,233.77,235.87,1278,0.84,2025-06-23T13:30:00,235.00,TIME_STOP,498.42,48.30
baseline,BANKBARODA,2025-07-02,SHORT,2025-07-02T10:00:00,243.43,244.43,241.94,1232,1.00,2025-07-02T11:20:00,244.43,STOP,-1227.06,-1677.84
baseline,BANKBARODA,2025-07-07,SHORT,2025-07-07T13:30:00,241.62,242.23,240.71,1241,0.61,2025-07-07T14:50:00,240.71,TARGET,1131.79,682.87
baseline,BANKBARODA,2025-07-11,LONG,2025-07-11T13:10:00,239.00,238.20,240.19,1255,0.80,2025-07-11T13:10:00,238.20,STOP,-999.39,-1448.56
baseline,BANKBARODA,2025-07-18,SHORT,2025-07-18T10:30:00,245.46,246.19,244.36,1222,0.73,2025-07-18T11:30:00,246.19,STOP,-893.45,-1344.05
baseline,BANKBARODA,2025-07-21,LONG,2025-07-21T13:00:00,245.00,244.25,246.13,1224,0.75,2025-07-21T13:50:00,244.25,STOP,-920.22,-1369.35
baseline,BANKBARODA,2025-07-23,LONG,2025-07-23T12:30:00,241.10,240.45,242.07,1244,0.65,2025-07-23T14:20:00,241.77,TIME_STOP,833.48,382.96
baseline,BANKBARODA,2025-07-25,SHORT,2025-07-25T13:10:00,243.79,244.63,242.52,1230,0.84,2025-07-25T14:50:00,242.52,TARGET,1558.34,1109.72
baseline,BANKBARODA,2025-07-28,SHORT,2025-07-28T10:00:00,242.30,243.80,240.05,1238,1.50,2025-07-28T10:10:00,243.80,STOP,-1857.92,-2309.26
baseline,BANKBARODA,2025-07-29,LONG,2025-07-29T10:40:00,241.82,240.80,243.36,1240,1.02,2025-07-29T11:10:00,241.15,REVERSE,-830.80,-1279.96
baseline,BANKBARODA,2025-07-30,LONG,2025-07-30T12:10:00,242.50,241.82,243.52,1237,0.68,2025-07-30T13:30:00,241.82,STOP,-839.89,-1289.22
baseline,BANKBARODA,2025-07-31,LONG,2025-07-31T12:50:00,240.38,239.58,241.59,1248,0.80,2025-07-31T14:20:00,239.58,STOP,-1003.13,-1452.37
baseline,BANKBARODA,2025-08-04,LONG,2025-08-04T13:00:00,238.86,238.11,239.98,1255,0.75,2025-08-04T13:20:00,239.98,TARGET,1405.16,954.45
baseline,BANKBARODA,2025-08-05,SHORT,2025-08-05T14:10:00,240.17,240.76,239.29,1249,0.59,2025-08-05T14:40:00,240.76,STOP,-734.40,-1184.91
baseline,BANKBARODA,2025-08-06,SHORT,2025-08-06T11:00:00,240.05,240.87,238.83,1249,0.82,2025-08-06T12:20:00,240.87,STOP,-1018.91,-1469.41
baseline,BANKBARODA,2025-08-07,SHORT,2025-08-07T10:40:00,240.74,241.48,239.64,1246,0.74,2025-08-07T11:00:00,241.48,STOP,-917.68,-1368.31
baseline,BANKBARODA,2025-08-08,SHORT,2025-08-08T12:10:00,239.71,240.38,238.71,1251,0.67,2025-08-08T12:30:00,240.38,STOP,-833.42,-1283.86
baseline,BANKBARODA,2025-08-12,SHORT,2025-08-12T13:30:00,242.86,243.41,242.04,1235,0.55,2025-08-12T13:50:00,243.41,STOP,-675.95,-1126.36
baseline,BANKBARODA,2025-08-13,LONG,2025-08-13T10:00:00,244.17,243.55,245.10,1228,0.62,2025-08-13T10:30:00,243.55,STOP,-761.95,-1211.14
baseline,BANKBARODA,2025-08-14,LONG,2025-08-14T10:30:00,243.11,242.50,244.02,1234,0.61,2025-08-14T11:50:00,242.50,STOP,-749.98,-1199.42
baseline,BANKBARODA,2025-08-18,SHORT,2025-08-18T12:30:00,242.59,243.24,241.61,1236,0.65,2025-08-18T14:20:00,241.61,TARGET,1209.54,760.69
baseline,BANKBARODA,2025-08-19,LONG,2025-08-19T10:30:00,244.00,243.35,244.97,1229,0.65,2025-08-19T12:10:00,244.97,TARGET,1195.91,745.20
baseline,BANKBARODA,2025-08-20,SHORT,2025-08-20T12:30:00,245.56,246.15,244.68,1221,0.59,2025-08-20T13:00:00,244.68,TARGET,1076.89,627.96
baseline,BANKBARODA,2025-08-21,LONG,2025-08-21T10:10:00,246.01,245.56,246.69,1219,0.45,2025-08-21T10:30:00,246.69,TARGET,825.93,375.48
baseline,BANKBARODA,2025-08-29,LONG,2025-08-29T13:10:00,233.50,232.88,234.43,1284,0.62,2025-08-29T14:00:00,232.88,STOP,-793.28,-1242.41
baseline,BANKBARODA,2025-09-04,SHORT,2025-09-04T11:00:00,236.99,237.64,236.01,1265,0.65,2025-09-04T11:20:00,236.01,TARGET,1234.52,785.75
baseline,BANKBARODA,2025-09-08,SHORT,2025-09-08T14:10:00,234.95,235.49,234.14,1276,0.54,2025-09-08T14:30:00,235.49,STOP,-690.02,-1140.23
baseline,BANKBARODA,2025-09-12,SHORT,2025-09-12T10:30:00,238.27,238.80,237.47,1259,0.53,2025-09-12T11:00:00,237.47,TARGET,1006.45,557.23
baseline,BANKBARODA,2025-09-15,SHORT,2025-09-15T13:00:00,237.64,238.14,236.90,1262,0.50,2025-09-15T13:20:00,238.14,STOP,-626.51,-1076.84
baseline,BANKBARODA,2025-09-22,SHORT,2025-09-22T14:10:00,252.14,252.67,251.34,1189,0.53,2025-09-22T14:20:00,252.67,STOP,-635.17,-1085.34
baseline,BANKBARODA,2025-09-23,LONG,2025-09-23T12:40:00,253.07,252.31,254.21,1185,0.76,2025-09-23T13:40:00,254.21,TARGET,1345.33,894.49
baseline,BANKBARODA,2025-09-25,LONG,2025-09-25T10:20:00,255.62,254.74,256.94,1173,0.88,2025-09-25T10:40:00,254.74,STOP,-1028.47,-1477.47
baseline,BANKBARODA,2025-09-29,LONG,2025-09-29T13:40:00,253.06,252.27,254.25,1185,0.79,2025-09-29T14:20:00,254.25,TARGET,1405.54,954.67
baseline,BANKBARODA,2025-10-01,SHORT,2025-10-01T10:50:00,256.50,257.66,254.76,1169,1.16,2025-10-01T11:40:00,257.66,STOP,-1352.41,-1803.19
baseline,BANKBARODA,2025-10-08,LONG,2025-10-08T13:40:00,261.70,260.91,262.88,1146,0.79,2025-10-08T13:50:00,262.88,TARGET,1355.43,904.55
baseline,BANKBARODA,2025-10-13,LONG,2025-10-13T10:30:00,267.70,266.88,268.93,1120,0.82,2025-10-13T11:00:00,266.88,STOP,-916.31,-1365.36
baseline,BANKBARODA,2025-10-15,LONG,2025-10-15T10:10:00,266.35,265.49,267.64,1126,0.86,2025-10-15T10:50:00,267.64,TARGET,1453.41,1002.45
baseline,BANKBARODA,2025-10-16,SHORT,2025-10-16T10:40:00,268.00,268.76,266.85,1119,0.76,2025-10-16T11:00:00,266.85,TARGET,1283.16,834.29
baseline,BANKBARODA,2025-10-21,LONG,2025-10-21T14:00:00,271.20,269.96,273.07,1106,1.24,2025-10-21T14:30:00,269.96,STOP,-1376.26,-1825.15
baseline,BANKBARODA,2025-10-30,LONG,2025-10-30T10:30:00,276.35,275.33,277.88,1085,1.02,2025-10-30T10:30:00,275.33,STOP,-1105.98,-1554.91
baseline,BANKBARODA,2025-11-04,SHORT,2025-11-04T10:50:00,289.10,290.19,287.46,1037,1.09,2025-11-04T12:40:00,287.46,TARGET,1697.84,1249.42
baseline,BANKBARODA,2025-11-06,LONG,2025-11-06T10:00:00,289.50,288.32,291.27,1036,1.18,2025-11-06T10:00:00,288.32,STOP,-1223.89,-1672.85
baseline,BANKBARODA,2025-11-07,LONG,2025-11-07T11:30:00,287.45,286.36,289.09,1043,1.09,2025-11-07T13:00:00,289.09,TARGET,1712.25,1261.25
baseline,BANKBARODA,2025-11-10,SHORT,2025-11-10T10:30:00,287.65,288.62,286.19,1042,0.97,2025-11-10T12:20:00,286.75,TIME_STOP,937.80,488.91
baseline,BANKBARODA,2025-11-11,LONG,2025-11-11T14:00:00,285.40,284.67,286.49,1051,0.73,2025-11-11T14:10:00,284.67,STOP,-762.13,-1211.50
baseline,BANKBARODA,2025-11-12,SHORT,2025-11-12T12:10:00,285.30,286.15,284.02,1051,0.85,2025-11-12T12:20:00,286.15,STOP,-898.60,-1349.05
baseline,BANKBARODA,2025-11-17,SHORT,2025-11-17T14:10:00,288.35,289.04,287.31,1040,0.69,2025-11-17T15:20:00,287.80,EOD,572.00,122.60
baseline,BANKBARODA,2025-11-18,LONG,2025-11-18T11:00:00,289.00,288.20,290.20,1038,0.80,2025-11-18T11:50:00,288.20,STOP,-827.09,-1276.45
baseline,BANKBARODA,2025-11-19,SHORT,2025-11-19T10:00:00,287.70,288.41,286.63,1042,0.71,2025-11-19T10:00:00,288.41,STOP,-741.17,-1191.40
baseline,BANKBARODA,2025-11-20,SHORT,2025-11-20T11:30:00,291.20,291.90,290.15,1030,0.70,2025-11-20T12:30:00,290.15,TARGET,1078.35,629.25
baseline,BANKBARODA,2025-11-25,LONG,2025-11-25T11:00:00,283.90,283.10,285.10,1056,0.80,2025-11-25T12:00:00,285.10,TARGET,1262.39,811.74
baseline,BANKBARODA,2025-12-04,LONG,2025-12-04T11:20:00,288.40,287.35,289.98,1040,1.05,2025-12-04T11:30:00,287.65,REVERSE,-780.00,-1229.32
baseline,BANKBARODA,2025-12-05,LONG,2025-12-05T10:20:00,289.40,288.33,291.00,1036,1.07,2025-12-05T10:30:00,288.33,STOP,-1104.63,-1553.53
baseline,BANKBARODA,2025-12-08,SHORT,2025-12-08T10:10:00,288.50,289.56,286.91,1039,1.06,2025-12-08T11:20:00,286.91,TARGET,1651.92,1203.53
baseline,BANKBARODA,2025-12-09,LONG,2025-12-09T11:10:00,286.80,285.65,288.53,1046,1.15,2025-12-09T13:00:00,288.10,TIME_STOP,1359.80,908.79
baseline,BANKBARODA,2025-12-10,SHORT,2025-12-10T11:30:00,287.25,288.08,286.00,1044,0.83,2025-12-10T12:30:00,286.00,TARGET,1306.85,857.99
baseline,BANKBARODA,2025-12-12,LONG,2025-12-12T10:00:00,285.75,284.92,287.00,1049,0.83,2025-12-12T10:00:00,284.92,STOP,-874.90,-1323.87
baseline,BANKBARODA,2025-12-29,LONG,2025-12-29T12:10:00,289.90,289.32,290.76,1034,0.58,2025-12-29T12:30:00,289.32,STOP,-595.45,-1044.64
baseline,BANKBARODA,2025-12-30,LONG,2025-12-30T10:40:00,289.70,288.83,291.01,1035,0.87,2025-12-30T10:50:00,288.83,STOP,-904.06,-1353.15
baseline,BANKBARODA,2026-01-05,SHORT,2026-01-05T14:00:00,305.10,306.17,303.50,983,1.07,2026-01-05T14:10:00,306.17,STOP,-1047.84,-1498.49
baseline,BANKBARODA,2026-01-06,LONG,2026-01-06T11:20:00,306.90,305.95,308.33,977,0.95,2026-01-06T11:20:00,305.95,STOP,-928.77,-1377.83
baseline,BANKBARODA,2026-01-07,LONG,2026-01-07T10:00:00,306.90,305.82,308.53,977,1.08,2026-01-07T11:20:00,308.53,TARGET,1588.09,1137.13
baseline,BANKBARODA,2026-01-12,LONG,2026-01-12T13:20:00,300.85,299.55,302.80,997,1.30,2026-01-12T15:10:00,301.85,TIME_STOP,997.00,546.33
baseline,BANKBARODA,2026-01-13,SHORT,2026-01-13T12:00:00,300.20,301.20,298.69,999,1.00,2026-01-13T12:30:00,301.20,STOP,-1002.48,-1453.08
baseline,BANKBARODA,2026-01-20,SHORT,2026-01-20T10:00:00,304.00,305.41,301.88,986,1.41,2026-01-20T11:50:00,304.90,TIME_STOP,-887.40,-1337.68
baseline,BANKBARODA,2026-01-21,LONG,2026-01-21T10:00:00,304.20,302.93,306.11,986,1.27,2026-01-21T10:30:00,302.93,STOP,-1252.39,-1701.36
baseline,BANKBARODA,2026-01-27,LONG,2026-01-27T12:10:00,299.20,298.14,300.79,1002,1.06,2026-01-27T12:30:00,298.14,STOP,-1062.84,-1511.74
baseline,BANKBARODA,2026-01-29,SHORT,2026-01-29T12:20:00,302.75,303.76,301.24,990,1.01,2026-01-29T12:30:00,303.76,STOP,-998.93,-1449.26
baseline,BANKBARODA,2026-02-05,SHORT,2026-02-05T12:30:00,289.20,290.15,287.78,1037,0.95,2026-02-05T12:50:00,290.15,STOP,-984.26,-1434.85
baseline,BANKBARODA,2026-02-11,LONG,2026-02-11T11:40:00,291.00,289.99,292.51,1030,1.01,2026-02-11T12:00:00,289.99,STOP,-1037.39,-1486.20
baseline,BANKBARODA,2026-02-12,SHORT,2026-02-12T11:40:00,289.45,290.23,288.28,1036,0.78,2026-02-12T11:50:00,290.23,STOP,-811.44,-1261.86
baseline,BANKBARODA,2026-02-16,SHORT,2026-02-16T10:00:00,286.55,287.49,285.14,1046,0.94,2026-02-16T10:00:00,286.95,REVERSE,-418.40,-868.31
baseline,BANKBARODA,2026-02-19,SHORT,2026-02-19T12:20:00,303.50,304.35,302.22,988,0.85,2026-02-19T12:20:00,304.35,STOP,-841.56,-1291.98
baseline,BANKBARODA,2026-02-24,LONG,2026-02-24T11:30:00,313.75,312.49,315.64,956,1.26,2026-02-24T11:50:00,312.49,STOP,-1205.38,-1654.39
baseline,BANKBARODA,2026-03-11,SHORT,2026-03-11T11:20:00,291.95,293.01,290.36,1027,1.06,2026-03-11T11:40:00,290.36,TARGET,1629.44,1180.92
baseline,BANKBARODA,2026-03-12,LONG,2026-03-12T12:40:00,289.90,288.70,291.70,1034,1.20,2026-03-12T13:20:00,291.70,TARGET,1860.37,1409.34
baseline,WIPRO,2024-03-28,LONG,2024-03-28T10:20:00,228.35,227.57,229.52,1313,0.78,2024-03-28T12:10:00,228.95,TIME_STOP,787.80,337.47
baseline,WIPRO,2024-04-03,LONG,2024-04-03T10:30:00,231.70,230.99,232.77,1294,0.71,2024-04-03T11:20:00,232.77,TARGET,1380.16,929.39
baseline,WIPRO,2024-04-04,LONG,2024-04-04T12:00:00,231.70,230.89,232.92,1294,0.81,2024-04-04T12:20:00,230.89,STOP,-1050.42,-1499.36
baseline,WIPRO,2024-04-05,SHORT,2024-04-05T11:30:00,231.70,232.47,230.55,1294,0.77,2024-04-05T13:20:00,231.50,TIME_STOP,258.80,-190.74
baseline,WIPRO,2024-04-10,LONG,2024-04-10T13:00:00,227.85,227.31,228.66,1316,0.54,2024-04-10T13:40:00,228.66,TARGET,1066.85,616.27
baseline,WIPRO,2024-04-12,SHORT,2024-04-12T10:00:00,227.50,228.27,226.35,1318,0.77,2024-04-12T10:30:00,228.27,STOP,-1012.50,-1463.02
baseline,WIPRO,2024-04-19,LONG,2024-04-19T13:20:00,213.55,212.74,214.76,1404,0.81,2024-04-19T13:40:00,214.76,TARGET,1697.14,1246.13
baseline,WIPRO,2024-04-23,SHORT,2024-04-23T11:50:00,220.00,220.61,219.08,1363,0.61,2024-04-23T12:00:00,220.61,STOP,-834.42,-1284.83
baseline,WIPRO,2024-04-30,SHORT,2024-04-30T11:10:00,221.10,221.62,220.31,1356,0.52,2024-04-30T11:30:00,221.62,STOP,-710.53,-1160.78
baseline,WIPRO,2024-05-07,SHORT,2024-05-07T10:30:00,218.50,219.14,217.54,1372,0.64,2024-05-07T10:50:00,217.54,TARGET,1314.60,865.92
baseline,WIPRO,2024-05-09,LONG,2024-05-09T12:20:00,221.75,221.00,222.88,1352,0.75,2024-05-09T12:40:00,221.00,STOP,-1019.66,-1468.61
baseline,WIPRO,2024-05-15,SHORT,2024-05-15T10:50:00,217.55,218.23,216.54,1378,0.68,2024-05-15T10:50:00,218.23,STOP,-930.27,-1380.65
baseline,WIPRO,2024-05-16,SHORT,2024-05-16T13:20:00,219.60,220.40,218.40,1366,0.80,2024-05-16T13:40:00,218.40,TARGET,1636.59,1187.86
baseline,WIPRO,2024-05-21,SHORT,2024-05-21T10:50:00,220.40,220.95,219.57,1361,0.55,2024-05-21T11:00:00,220.80,REVERSE,-544.40,-994.75
baseline,WIPRO,2024-05-24,SHORT,2024-05-24T14:00:00,222.60,223.14,221.79,1347,0.54,2024-05-24T15:00:00,221.79,TARGET,1097.35,648.41
baseline,WIPRO,2024-05-28,LONG,2024-05-28T11:00:00,217.90,217.34,218.74,1376,0.56,2024-05-28T11:40:00,217.34,STOP,-774.38,-1223.54
baseline,WIPRO,2024-05-31,LONG,2024-05-31T12:40:00,210.85,210.16,211.88,1422,0.69,2024-05-31T13:00:00,210.16,STOP,-976.09,-1425.10
baseline,WIPRO,2024-06-04,LONG,2024-06-04T10:20:00,211.35,209.96,213.44,1419,1.39,2024-06-04T10:50:00,209.96,STOP,-1976.67,-2425.05
baseline,WIPRO,2024-06-10,SHORT,2024-06-10T10:00:00,227.30,228.40,225.66,1319,1.10,2024-06-10T11:00:00,228.40,STOP,-1445.05,-1895.85
baseline,WIPRO,2024-06-21,SHORT,2024-06-21T13:00:00,235.35,236.22,234.05,1274,0.87,2024-06-21T14:00:00,236.22,STOP,-1102.87,-1553.45
baseline,WIPRO,2024-06-25,LONG,2024-06-25T10:50:00,235.80,235.22,236.67,1272,0.58,2024-06-25T12:40:00,235.70,TIME_STOP,-127.20,-577.01
baseline,WIPRO,2024-07-09,SHORT,2024-07-09T10:40:00,257.00,257.86,255.70,1167,0.86,2024-07-09T10:50:00,257.86,STOP,-1009.10,-1459.73
baseline,WIPRO,2024-07-10,SHORT,2024-07-10T10:10:00,257.60,258.27,256.60,1164,0.67,2024-07-10T10:10:00,256.60,TARGET,1163.77,714.87
baseline,WIPRO,2024-07-11,SHORT,2024-07-11T10:30:00,255.05,256.02,253.60,1176,0.97,2024-07-11T11:10:00,253.60,TARGET,1703.94,1255.31
baseline,WIPRO,2024-07-15,SHORT,2024-07-15T14:10:00,267.25,267.93,266.24,1122,0.68,2024-07-15T14:10:00,266.24,TARGET,1136.06,687.13
baseline,WIPRO,2024-07-16,LONG,2024-07-16T13:10:00,267.55,266.90,268.52,1121,0.65,2024-07-16T15:00:00,267.95,TIME_STOP,448.40,-1.82
baseline,WIPRO,2024-07-19,SHORT,2024-07-19T11:00:00,268.55,270.02,266.35,1117,1.47,2024-07-19T12:50:00,268.75,TIME_STOP,-223.40,-673.52
baseline,WIPRO,2024-07-24,SHORT,2024-07-24T13:00:00,239.65,240.45,238.45,1251,0.80,2024-07-24T14:50:00,239.55,TIME_STOP,125.10,-324.51
baseline,WIPRO,2024-07-25,LONG,2024-07-25T11:20:00,240.40,239.52,241.72,1247,0.88,2024-07-25T11:20:00,239.52,STOP,-1101.17,-1550.01
baseline,WIPRO,2024-07-30,SHORT,2024-07-30T13:40:00,249.05,249.65,248.15,1204,0.60,2024-07-30T14:40:00,249.65,STOP,-718.86,-1169.18
baseline,WIPRO,2024-07-31,LONG,2024-07-31T10:30:00,250.25,249.53,251.33,1198,0.72,2024-07-31T11:00:00,249.53,STOP,-858.59,-1307.65
baseline,WIPRO,2024-08-01,SHORT,2024-08-01T12:50:00,249.55,250.22,248.55,1202,0.67,2024-08-01T13:30:00,248.55,TARGET,1206.98,757.94
baseline,WIPRO,2024-08-08,SHORT,2024-08-08T10:00:00,235.60,236.43,234.35,1273,0.83,2024-08-08T11:00:00,234.35,TARGET,1585.23,1136.54
baseline,WIPRO,2024-08-09,SHORT,2024-08-09T13:00:00,234.25,234.83,233.39,1280,0.58,2024-08-09T14:00:00,234.83,STOP,-736.41,-1186.72
baseline,WIPRO,2024-08-12,LONG,2024-08-12T11:30:00,235.50,234.76,236.61,1273,0.74,2024-08-12T11:40:00,234.76,STOP,-944.44,-1393.42
baseline,WIPRO,2024-08-13,LONG,2024-08-13T11:00:00,234.75,234.07,235.78,1277,0.68,2024-08-13T12:50:00,234.70,TIME_STOP,-63.85,-513.47
baseline,WIPRO,2024-08-20,SHORT,2024-08-20T13:00:00,249.65,250.29,248.69,1201,0.64,2024-08-20T13:50:00,250.29,STOP,-772.47,-1222.80
baseline,WIPRO,2024-08-21,SHORT,2024-08-21T12:10:00,250.05,250.60,249.22,1199,0.55,2024-08-21T12:50:00,249.22,TARGET,996.82,547.85
baseline,WIPRO,2024-08-27,SHORT,2024-08-27T10:00:00,248.85,249.48,247.90,1205,0.63,2024-08-27T10:10:00,247.90,TARGET,1146.78,697.84
baseline,WIPRO,2024-08-28,LONG,2024-08-28T10:00:00,248.15,247.53,249.08,1208,0.62,2024-08-28T10:00:00,249.08,TARGET,1120.27,669.78
baseline,WIPRO,2024-09-02,SHORT,2024-09-02T10:20:00,256.00,256.93,254.61,1171,0.93,2024-09-02T10:30:00,256.93,STOP,-1086.65,-1537.12
baseline,WIPRO,2024-09-03,LONG,2024-09-03T10:10:00,258.10,257.14,259.54,1162,0.96,2024-09-03T10:10:00,257.14,STOP,-1112.35,-1561.38
baseline,WIPRO,2024-09-05,LONG,2024-09-05T10:30:00,250.05,249.35,251.10,1199,0.70,2024-09-05T10:30:00,249.35,STOP,-839.07,-1288.16
baseline,WIPRO,2024-09-06,SHORT,2024-09-06T11:00:00,250.20,251.13,248.81,1199,0.93,2024-09-06T11:20:00,251.13,STOP,-1111.38,-1562.20
baseline,WIPRO,2024-09-10,LONG,2024-09-10T12:00:00,247.35,246.63,248.42,1212,0.72,2024-09-10T12:20:00,248.42,TARGET,1301.33,850.67
baseline,WIPRO,2024-09-11,SHORT,2024-09-11T10:40:00,249.15,249.87,248.07,1204,0.72,2024-09-11T11:10:00,249.87,STOP,-869.64,-1320.26
baseline,WIPRO,2024-09-12,LONG,2024-09-12T11:00:00,249.25,248.29,250.70,1203,0.96,2024-09-12T12:50:00,249.95,TIME_STOP,842.10,391.70
baseline,WIPRO,2024-09-17,LONG,2024-09-17T11:40:00,264.20,263.35,265.47,1135,0.85,2024-09-17T13:30:00,264.10,TIME_STOP,-113.50,-563.22
baseline,WIPRO,2024-09-19,SHORT,2024-09-19T10:20:00,256.10,257.70,253.70,1171,1.60,2024-09-19T11:10:00,257.70,STOP,-1871.48,-2322.73
baseline,WIPRO,2024-09-20,LONG,2024-09-20T12:00:00,255.60,254.64,257.04,1173,0.96,2024-09-20T13:40:00,254.64,STOP,-1125.81,-1574.70
baseline,WIPRO,2024-09-24,LONG,2024-09-24T12:30:00,256.30,255.39,257.67,1170,0.91,2024-09-24T14:20:00,257.67,TARGET,1601.46,1150.45
baseline,WIPRO,2024-09-25,SHORT,2024-09-25T10:30:00,255.10,256.10,253.61,1176,1.00,2024-09-25T12:20:00,254.25,TIME_STOP,999.60,550.35
baseline,WIPRO,2024-09-27,SHORT,2024-09-27T13:00:00,259.90,260.90,258.39,1154,1.00,2024-09-27T14:50:00,259.30,TIME_STOP,692.40,243.03
baseline,WIPRO,2024-09-30,LONG,2024-09-30T13:40:00,259.60,258.85,260.72,1155,0.75,2024-09-30T14:10:00,258.85,STOP,-862.22,-1311.34
baseline,WIPRO,2024-10-04,LONG,2024-10-04T10:00:00,256.05,254.93,257.73,1171,1.12,2024-10-04T10:30:00,257.73,TARGET,1972.90,1521.67
baseline,WIPRO,2024-10-07,SHORT,2024-10-07T10:50:00,254.65,255.78,252.96,1178,1.13,2024-10-07T11:00:00,252.96,TARGET,1992.19,1543.72
baseline,WIPRO,2024-10-10,SHORT,2024-10-10T13:30:00,252.45,253.29,251.19,1188,0.84,2024-10-10T13:30:00,251.19,TARGET,1493.22,1044.48
baseline,WIPRO,2024-10-11,LONG,2024-10-11T10:30:00,252.95,251.77,254.71,1186,1.18,2024-10-11T10:40:00,252.45,REVERSE,-593.00,-1042.55
baseline,WIPRO,2024-10-15,SHORT,2024-10-15T10:40:00,258.25,259.41,256.51,1161,1.16,2024-10-15T10:50:00,259.41,STOP,-1349.64,-1800.39
baseline,WIPRO,2024-10-21,SHORT,2024-10-21T12:50:00,263.15,264.19,261.59,1140,1.04,2024-10-21T14:00:00,264.19,STOP,-1186.90,-1637.78
baseline,WIPRO,2024-10-22,LONG,2024-10-22T10:10:00,265.00,263.95,266.57,1132,1.05,2024-10-22T10:10:00,263.95,STOP,-1184.64,-1633.72
baseline,WIPRO,2024-10-23,LONG,2024-10-23T10:40:00,263.25,262.06,265.03,1139,1.19,2024-10-23T12:30:00,263.45,TIME_STOP,227.80,-222.13
baseline,WIPRO,2024-10-28,LONG,2024-10-28T10:40:00,264.20,263.30,265.54,1135,0.90,2024-10-28T10:50:00,265.54,TARGET,1525.11,1074.17
baseline,WIPRO,2024-10-29,SHORT,2024-10-29T10:50:00,265.25,266.24,263.77,1131,0.99,2024-10-29T11:40:00,266.24,STOP,-1116.33,-1567.16
baseline,WIPRO,2024-11-07,SHORT,2024-11-07T10:50:00,266.15,267.34,264.37,1127,1.19,2024-11-07T11:00:00,267.34,STOP,-1338.68,-1789.61
baseline,WIPRO,2024-11-11,LONG,2024-11-11T10:10:00,274.50,273.46,276.06,1092,1.04,2024-11-11T10:50:00,276.06,TARGET,1699.03,1248.12
baseline,WIPRO,2024-11-12,LONG,2024-11-12T10:00:00,276.20,275.16,277.76,1086,1.04,2024-11-12T10:40:00,275.16,STOP,-1133.04,-1582.12
baseline,WIPRO,2024-11-14,SHORT,2024-11-14T11:30:00,270.75,271.76,269.24,1108,1.01,2024-11-14T13:20:00,270.60,TIME_STOP,166.20,-283.66
baseline,WIPRO,2024-11-19,LONG,2024-11-19T13:20:00,271.25,270.47,272.42,1105,0.78,2024-11-19T14:20:00,270.47,STOP,-862.23,-1311.18
baseline,WIPRO,2024-11-29,LONG,2024-11-29T10:20:00,275.10,274.01,276.73,1090,1.09,2024-11-29T10:30:00,276.73,TARGET,1781.57,1330.44
baseline,WIPRO,2024-12-03,SHORT,2024-12-03T12:50:00,278.10,278.84,276.99,1078,0.74,2024-12-03T12:50:00,276.99,TARGET,1194.55,745.76
baseline,WIPRO,2024-12-06,SHORT,2024-12-06T12:30:00,283.80,284.68,282.48,1057,0.88,2024-12-06T14:20:00,284.15,TIME_STOP,-369.95,-820.19
baseline,WIPRO,2024-12-09,SHORT,2024-12-09T10:40:00,283.50,284.38,282.18,1058,0.88,2024-12-09T11:40:00,284.38,STOP,-933.15,-1383.76
baseline,WIPRO,2024-12-11,LONG,2024-12-11T11:30:00,294.45,293.48,295.90,1018,0.97,2024-12-11T13:00:00,295.90,TARGET,1476.46,1025.73
baseline,WIPRO,2024-12-13,LONG,2024-12-13T12:30:00,295.20,294.08,296.88,1016,1.12,2024-12-13T13:00:00,296.88,TARGET,1703.17,1252.01
baseline,WIPRO,2024-12-16,SHORT,2024-12-16T11:10:00,294.75,295.67,293.37,1017,0.92,2024-12-16T13:00:00,294.25,TIME_STOP,508.50,59.24
baseline,WIPRO,2024-12-17,SHORT,2024-12-17T10:50:00,294.60,295.59,293.12,1018,0.99,2024-12-17T12:10:00,295.59,STOP,-1004.56,-1455.17
baseline,WIPRO,2024-12-19,LONG,2024-12-19T13:20:00,297.05,295.82,298.90,1009,1.23,2024-12-19T14:00:00,298.90,TARGET,1865.18,1414.20
baseline,WIPRO,2024-12-24,LONG,2024-12-24T10:50:00,294.20,293.12,295.83,1019,1.08,2024-12-24T10:50:00,293.85,REVERSE,-356.65,-806.07
baseline,WIPRO,2024-12-26,LONG,2024-12-26T10:40:00,292.55,291.62,293.95,1025,0.93,2024-12-26T10:50:00,291.62,STOP,-953.41,-1402.49
baseline,WIPRO,2024-12-31,LONG,2024-12-31T13:50:00,288.25,287.28,289.70,1040,0.97,2024-12-31T15:20:00,288.65,EOD,416.00,-33.98
baseline,WIPRO,2025-01-01,SHORT,2025-01-01T10:00:00,286.65,287.68,285.10,1046,1.03,2025-01-01T10:50:00,287.68,STOP,-1079.11,-1529.67
baseline,WIPRO,2025-01-02,LONG,2025-01-02T11:10:00,288.80,287.62,290.56,1038,1.18,2025-01-02T11:50:00,287.62,STOP,-1219.65,-1668.40
baseline,WIPRO,2025-01-03,SHORT,2025-01-03T10:00:00,286.15,287.16,284.64,1048,1.01,2025-01-03T10:30:00,284.64,TARGET,1587.23,1138.59
baseline,WIPRO,2025-01-07,SHORT,2025-01-07T10:10:00,278.70,279.99,276.76,1076,1.29,2025-01-07T10:10:00,279.99,STOP,-1392.47,-1843.34
baseline,WIPRO,2025-01-08,LONG,2025-01-08T14:00:00,280.25,279.41,281.51,1070,0.84,2025-01-08T14:00:00,279.41,STOP,-900.69,-1349.82
baseline,WIPRO,2025-01-09,SHORT,2025-01-09T12:20:00,280.45,281.49,278.89,1069,1.04,2025-01-09T13:10:00,278.89,TARGET,1664.74,1216.29
baseline,WIPRO,2025-01-16,SHORT,2025-01-16T10:00:00,277.45,278.51,275.86,1081,1.06,2025-01-16T10:00:00,278.51,STOP,-1146.10,-1596.85
baseline,WIPRO,2025-01-28,LONG,2025-01-28T12:00:00,297.25,295.91,299.27,1009,1.34,2025-01-28T12:10:00,295.91,STOP,-1355.91,-1804.78
baseline,WIPRO,2025-01-30,SHORT,2025-01-30T13:40:00,299.75,300.73,298.28,1000,0.98,2025-01-30T14:00:00,298.28,TARGET,1474.90,1026.38
baseline,WIPRO,2025-01-31,SHORT,2025-01-31T13:20:00,302.20,303.27,300.59,992,1.07,2025-01-31T14:00:00,303.27,STOP,-1062.93,-1513.40
baseline,WIPRO,2025-02-03,LONG,2025-02-03T10:30:00,300.55,298.99,302.90,998,1.56,2025-02-03T12:20:00,301.80,TIME_STOP,1247.50,796.64
baseline,WIPRO,2025-02-05,SHORT,2025-02-05T12:10:00,307.70,308.71,306.19,974,1.01,2025-02-05T14:00:00,308.71,STOP,-981.13,-1431.42
baseline,WIPRO,2025-02-07,LONG,2025-02-07T10:50:00,309.10,307.96,310.81,970,1.14,2025-02-07T12:40:00,310.81,TARGET,1658.44,1207.46
baseline,WIPRO,2025-02-13,LONG,2025-02-13T10:20:00,305.05,303.94,306.72,983,1.11,2025-02-13T10:30:00,303.94,STOP,-1095.10,-1544.07
baseline,WIPRO,2025-02-20,LONG,2025-02-20T12:50:00,305.45,304.67,306.62,982,0.78,2025-02-20T13:00:00,304.67,STOP,-767.08,-1216.44
baseline,WIPRO,2025-02-27,LONG,2025-02-27T10:00:00,285.75,284.59,287.50,1049,1.16,2025-02-27T10:50:00,287.50,TARGET,1831.52,1380.52
baseline,WIPRO,2025-03-03,LONG,2025-03-03T10:10:00,275.70,274.32,277.77,1088,1.38,2025-03-03T12:00:00,275.70,TIME_STOP,0.00,-449.94
baseline,WIPRO,2025-03-06,SHORT,2025-03-06T11:10:00,277.25,278.27,275.73,1082,1.02,2025-03-06T11:10:00,278.20,REVERSE,-1027.90,-1478.65
baseline,WIPRO,2025-03-07,SHORT,2025-03-07T11:50:00,277.60,278.44,276.34,1080,0.84,2025-03-07T12:00:00,276.34,TARGET,1359.26,910.57
baseline,WIPRO,2025-03-13,SHORT,2025-03-13T11:40:00,258.70,259.72,257.17,1159,1.02,2025-03-13T13:30:00,258.25,TIME_STOP,521.55,72.19
baseline,WIPRO,2025-03-19,LONG,2025-03-19T10:40:00,255.10,253.91,256.89,1176,1.19,2025-03-19T11:30:00,253.91,STOP,-1400.57,-1849.51
baseline,WIPRO,2025-03-21,LONG,2025-03-21T12:30:00,261.90,260.72,263.66,1145,1.18,2025-03-21T13:10:00,260.72,STOP,-1346.61,-1795.41
baseline,WIPRO,2025-03-24,LONG,2025-03-24T10:30:00,260.25,259.19,261.83,1152,1.06,2025-03-24T12:20:00,261.40,TIME_STOP,1324.80,874.09
baseline,WIPRO,2025-03-27,LONG,2025-03-27T11:50:00,265.25,264.25,266.75,1131,1.00,2025-03-27T12:50:00,264.25,STOP,-1132.18,-1581.33
baseline,WIPRO,2025-04-24,SHORT,2025-04-24T14:00:00,236.40,237.07,235.40,1269,0.67,2025-04-24T15:10:00,237.07,STOP,-846.89,-1297.51
baseline,WIPRO,2025-04-25,LONG,2025-04-25T13:30:00,235.80,234.79,237.31,1272,1.01,2025-04-25T15:10:00,234.79,STOP,-1278.47,-1727.42
baseline,WIPRO,2025-04-29,SHORT,2025-04-29T12:30:00,234.30,234.98,233.28,1280,0.68,2025-04-29T12:40:00,234.98,STOP,-870.47,-1320.98
baseline,WIPRO,2025-04-30,SHORT,2025-04-30T11:50:00,235.10,235.78,234.07,1276,0.68,2025-04-30T12:40:00,234.07,TARGET,1309.46,860.46
baseline,WIPRO,2025-05-02,SHORT,2025-05-02T12:40:00,235.20,236.04,233.94,1275,0.84,2025-05-02T13:30:00,236.04,STOP,-1069.03,-1519.66
baseline,WIPRO,2025-05-06,SHORT,2025-05-06T13:10:00,236.35,237.02,235.35,1269,0.67,2025-05-06T13:30:00,237.02,STOP,-846.63,-1297.15
baseline,WIPRO,2025-05-07,LONG,2025-05-07T12:10:00,236.60,235.80,237.80,1267,0.80,2025-05-07T14:00:00,237.60,TIME_STOP,1267.00,816.39
baseline,WIPRO,2025-05-08,SHORT,2025-05-08T11:10:00,236.40,237.10,235.35,1269,0.70,2025-05-08T13:00:00,235.85,TIME_STOP,697.95,248.49
baseline,WIPRO,2025-05-09,LONG,2025-05-09T11:40:00,236.70,235.68,238.23,1267,1.02,2025-05-09T11:40:00,235.68,STOP,-1292.67,-1741.55
baseline,WIPRO,2025-05-14,SHORT,2025-05-14T10:30:00,246.20,247.23,244.65,1218,1.03,2025-05-14T12:20:00,245.70,TIME_STOP,609.00,159.65
baseline,WIPRO,2025-05-15,SHORT,2025-05-15T10:00:00,245.30,246.06,244.16,1222,0.76,2025-05-15T10:40:00,246.06,STOP,-925.05,-1375.38
baseline,WIPRO,2025-05-16,SHORT,2025-05-16T11:40:00,247.65,248.34,246.62,1211,0.69,2025-05-16T13:00:00,248.34,STOP,-831.86,-1282.34
baseline,WIPRO,2025-05-27,LONG,2025-05-27T12:00:00,243.65,243.07,244.52,1231,0.58,2025-05-27T12:20:00,243.07,STOP,-715.06,-1164.43
baseline,WIPRO,2025-06-13,LONG,2025-06-13T10:50:00,254.40,253.26,256.12,1179,1.14,2025-06-13T12:40:00,254.15,TIME_STOP,-294.75,-744.44
baseline,WIPRO,2025-06-16,LONG,2025-06-16T11:00:00,254.65,253.73,256.03,1178,0.92,2025-06-16T12:10:00,253.73,STOP,-1079.84,-1529.00
baseline,WIPRO,2025-06-18,SHORT,2025-06-18T10:30:00,256.05,256.88,254.81,1171,0.83,2025-06-18T12:00:00,254.81,TARGET,1455.22,1006.56
baseline,WIPRO,2025-06-23,LONG,2025-06-23T14:10:00,257.60,257.03,258.45,1164,0.57,2025-06-23T14:10:00,257.03,STOP,-663.34,-1112.61
baseline,WIPRO,2025-06-24,SHORT,2025-06-24T14:10:00,258.80,259.47,257.80,1159,0.67,2025-06-24T15:20:00,258.30,EOD,579.50,130.01
baseline,WIPRO,2025-06-25,LONG,2025-06-25T10:00:00,260.85,260.07,262.02,1150,0.78,2025-06-25T11:50:00,261.25,TIME_STOP,460.00,9.69
baseline,WIPRO,2025-06-26,SHORT,2025-06-26T12:50:00,262.10,262.69,261.21,1144,0.59,2025-06-26T12:50:00,261.21,TARGET,1012.92,563.91
baseline,WIPRO,2025-07-02,SHORT,2025-07-02T13:30:00,258.15,258.86,257.09,1162,0.71,2025-07-02T14:10:00,258.86,STOP,-824.98,-1275.55
baseline,WIPRO,2025-07-04,LONG,2025-07-04T10:00:00,262.30,261.35,263.73,1143,0.95,2025-07-04T10:50:00,261.35,STOP,-1090.20,-1539.10
baseline,WIPRO,2025-07-07,SHORT,2025-07-07T10:20:00,262.15,262.85,261.10,1144,0.70,2025-07-07T11:10:00,262.85,STOP,-802.71,-1253.17
baseline,WIPRO,2025-07-15,SHORT,2025-07-15T10:00:00,247.00,247.76,245.87,1214,0.76,2025-07-15T10:30:00,247.76,STOP,-917.19,-1367.67
baseline,WIPRO,2025-07-23,LONG,2025-07-23T12:30:00,254.00,253.43,254.86,1181,0.57,2025-07-23T13:10:00,253.43,STOP,-673.52,-1122.97
baseline,WIPRO,2025-07-25,SHORT,2025-07-25T10:10:00,251.80,252.53,250.70,1191,0.73,2025-07-25T10:30:00,250.70,TARGET,1312.14,863.28
baseline,WIPRO,2025-07-29,LONG,2025-07-29T13:30:00,243.80,243.25,244.63,1230,0.55,2025-07-29T13:50:00,244.63,TARGET,1017.85,567.28
baseline,WIPRO,2025-07-30,SHORT,2025-07-30T10:30:00,243.55,244.28,242.45,1231,0.73,2025-07-30T10:30:00,244.28,STOP,-899.97,-1350.36
baseline,WIPRO,2025-07-31,LONG,2025-07-31T13:10:00,243.05,242.52,243.85,1234,0.53,2025-07-31T14:30:00,242.52,STOP,-659.46,-1108.85
baseline,WIPRO,2025-08-04,LONG,2025-08-04T14:10:00,239.75,239.07,240.78,1251,0.68,2025-08-04T15:20:00,239.95,EOD,250.20,-199.88
baseline,WIPRO,2025-08-05,SHORT,2025-08-05T10:20:00,238.85,239.53,237.82,1256,0.68,2025-08-05T11:00:00,239.53,STOP,-859.15,-1309.79
baseline,WIPRO,2025-08-08,SHORT,2025-08-08T11:00:00,234.20,234.80,233.29,1280,0.60,2025-08-08T12:50:00,234.80,STOP,-773.20,-1223.44
baseline,WIPRO,2025-08-11,LONG,2025-08-11T11:10:00,234.60,234.03,235.45,1278,0.57,2025-08-11T13:00:00,234.90,TIME_STOP,383.40,-66.62
baseline,WIPRO,2025-08-12,SHORT,2025-08-12T14:00:00,236.45,236.95,235.71,1268,0.50,2025-08-12T14:50:00,235.71,TARGET,942.77,493.74
baseline,WIPRO,2025-08-13,LONG,2025-08-13T13:20:00,235.85,235.35,236.60,1271,0.50,2025-08-13T13:30:00,235.35,STOP,-634.27,-1083.44
baseline,WIPRO,2025-08-18,SHORT,2025-08-18T12:00:00,239.90,240.57,238.90,1250,0.67,2025-08-18T12:10:00,238.90,TARGET,1249.13,800.25
baseline,WIPRO,2025-08-19,LONG,2025-08-19T11:20:00,240.10,239.55,240.92,1249,0.55,2025-08-19T12:00:00,240.92,TARGET,1021.90,571.30
baseline,WIPRO,2025-08-21,SHORT,2025-08-21T10:10:00,244.15,244.83,243.13,1228,0.68,2025-08-21T10:30:00,244.83,STOP,-831.09,-1281.44
baseline,WIPRO,2025-08-22,LONG,2025-08-22T13:00:00,243.55,242.82,244.64,1231,0.73,2025-08-22T14:10:00,243.15,REVERSE,-492.40,-941.75
baseline,WIPRO,2025-08-28,LONG,2025-08-28T13:40:00,244.95,244.39,245.79,1224,0.56,2025-08-28T15:20:00,244.39,STOP,-686.32,-1135.54
baseline,WIPRO,2025-08-29,SHORT,2025-08-29T10:20:00,244.05,244.90,242.78,1229,0.85,2025-08-29T10:40:00,244.90,STOP,-1041.50,-1492.19
baseline,WIPRO,2025-09-01,SHORT,2025-09-01T13:20:00,244.30,244.85,243.48,1227,0.55,2025-09-01T15:10:00,244.15,TIME_STOP,184.05,-265.45
baseline,WIPRO,2025-09-03,SHORT,2025-09-03T10:50:00,243.45,243.95,242.70,1232,0.50,2025-09-03T12:20:00,243.95,STOP,-620.04,-1070.40
baseline,WIPRO,2025-09-12,SHORT,2025-09-12T10:00:00,244.90,245.64,243.79,1224,0.74,2025-09-12T10:50:00,245.64,STOP,-906.60,-1356.91
baseline,WIPRO,2025-09-15,LONG,2025-09-15T13:30:00,244.90,244.54,245.44,1224,0.36,2025-09-15T13:40:00,244.54,STOP,-441.06,-890.37
baseline,WIPRO,2025-09-19,SHORT,2025-09-19T13:20:00,248.70,249.18,247.98,1206,0.48,2025-09-19T15:00:00,249.18,STOP,-580.89,-1031.22
baseline,WIPRO,2025-09-23,LONG,2025-09-23T13:10:00,244.45,243.90,245.28,1227,0.55,2025-09-23T14:40:00,243.90,STOP,-680.95,-1130.35
baseline,WIPRO,2025-09-29,LONG,2025-09-29T14:10:00,234.70,234.09,235.61,1278,0.61,2025-09-29T14:30:00,234.09,STOP,-775.56,-1224.90
baseline,WIPRO,2025-09-30,LONG,2025-09-30T10:00:00,234.15,233.39,235.30,1281,0.76,2025-09-30T11:50:00,234.15,TIME_STOP,0.00,-449.92
baseline,WIPRO,2025-10-01,LONG,2025-10-01T13:00:00,233.65,233.12,234.44,1283,0.53,2025-10-01T14:10:00,234.44,TARGET,1018.28,567.86
baseline,WIPRO,2025-10-03,SHORT,2025-10-03T10:00:00,232.90,233.78,231.57,1288,0.88,2025-10-03T10:10:00,233.78,STOP,-1139.41,-1590.23
baseline,WIPRO,2025-10-08,SHORT,2025-10-08T12:20:00,237.25,237.86,236.33,1264,0.61,2025-10-08T13:00:00,237.86,STOP,-775.20,-1225.61
baseline,WIPRO,2025-10-16,SHORT,2025-10-16T10:40:00,242.85,243.58,241.76,1235,0.73,2025-10-16T10:50:00,243.58,STOP,-895.60,-1346.16
baseline,WIPRO,2025-10-27,LONG,2025-10-27T10:00:00,239.35,238.77,240.22,1253,0.58,2025-10-27T10:00:00,238.77,STOP,-724.26,-1173.58
baseline,WIPRO,2025-10-31,SHORT,2025-10-31T11:50:00,235.70,236.08,235.14,1272,0.38,2025-10-31T13:30:00,235.14,TARGET,716.41,267.23
baseline,WIPRO,2025-11-10,LONG,2025-11-10T10:00:00,231.90,231.44,232.59,1293,0.46,2025-11-10T10:20:00,232.59,TARGET,886.65,436.21
baseline,WIPRO,2025-11-11,LONG,2025-11-11T12:40:00,234.25,233.74,235.01,1280,0.51,2025-11-11T13:00:00,235.01,TARGET,971.56,521.07
baseline,WIPRO,2025-11-17,SHORT,2025-11-17T11:00:00,237.05,237.68,236.10,1265,0.63,2025-11-17T12:30:00,237.68,STOP,-799.62,-1250.02
baseline,WIPRO,2025-11-19,LONG,2025-11-19T10:20:00,237.00,236.46,237.82,1265,0.54,2025-11-19T10:30:00,237.82,TARGET,1031.85,581.37
baseline,WIPRO,2025-11-27,SHORT,2025-11-27T12:10:00,242.85,243.42,241.99,1235,0.57,2025-11-27T13:10:00,241.99,TARGET,1056.48,607.39
baseline,WIPRO,2025-11-28,SHORT,2025-11-28T13:30:00,242.50,243.08,241.63,1237,0.58,2025-11-28T13:30:00,243.08,STOP,-719.65,-1170.15
baseline,WIPRO,2025-12-01,SHORT,2025-12-01T11:30:00,243.15,243.66,242.38,1233,0.51,2025-12-01T12:00:00,243.66,STOP,-632.41,-1082.59
baseline,WIPRO,2025-12-02,SHORT,2025-12-02T10:10:00,243.45,244.03,242.58,1232,0.58,2025-12-02T12:00:00,243.85,TIME_STOP,-492.80,-943.07
baseline,WIPRO,2025-12-08,SHORT,2025-12-08T13:40:00,253.45,254.11,252.46,1183,0.66,2025-12-08T14:00:00,254.11,STOP,-783.48,-1233.82
baseline,WIPRO,2025-12-10,SHORT,2025-12-10T11:50:00,251.80,252.49,250.76,1191,0.69,2025-12-10T12:20:00,252.49,STOP,-825.62,-1276.08
baseline,WIPRO,2025-12-11,SHORT,2025-12-11T10:00:00,251.65,252.34,250.61,1192,0.69,2025-12-11T10:10:00,252.34,STOP,-826.94,-1277.51
baseline,WIPRO,2025-12-12,LONG,2025-12-12T11:30:00,252.55,252.00,253.37,1187,0.55,2025-12-12T13:00:00,253.37,TARGET,976.64,526.25
baseline,WIPRO,2025-12-16,SHORT,2025-12-16T13:10:00,253.50,253.91,252.88,1183,0.41,2025-12-16T13:40:00,253.70,REVERSE,-236.60,-686.61
baseline,WIPRO,2026-01-06,LONG,2026-01-06T10:10:00,258.60,257.86,259.72,1160,0.74,2026-01-06T10:20:00,257.86,STOP,-863.69,-1313.01
baseline,WIPRO,2026-01-12,LONG,2026-01-12T12:50:00,257.45,256.56,258.78,1165,0.89,2026-01-12T14:30:00,256.56,STOP,-1035.63,-1484.75
baseline,WIPRO,2026-01-13,SHORT,2026-01-13T10:00:00,256.10,257.07,254.65,1171,0.97,2026-01-13T10:00:00,256.60,REVERSE,-585.50,-1035.78
baseline,WIPRO,2026-01-22,SHORT,2026-01-22T13:20:00,234.05,234.58,233.25,1281,0.53,2026-01-22T13:20:00,233.25,TARGET,1018.48,569.51
baseline,WIPRO,2026-01-23,SHORT,2026-01-23T11:40:00,233.55,234.18,232.61,1284,0.63,2026-01-23T12:40:00,234.18,STOP,-808.43,-1258.86
baseline,WIPRO,2026-01-27,LONG,2026-01-27T12:00:00,234.30,233.53,235.46,1280,0.77,2026-01-27T12:20:00,233.53,STOP,-991.02,-1440.14
baseline,WIPRO,2026-01-29,SHORT,2026-01-29T10:50:00,235.90,236.53,234.96,1271,0.63,2026-01-29T11:10:00,236.53,STOP,-797.16,-1247.51
baseline,WIPRO,2026-02-03,SHORT,2026-02-03T13:20:00,243.80,244.94,242.10,1230,1.14,2026-02-03T15:10:00,242.57,TIME_STOP,1512.90,1064.22
baseline,WIPRO,2026-02-05,LONG,2026-02-05T10:20:00,234.72,233.96,235.87,1278,0.76,2026-02-05T10:50:00,233.96,STOP,-976.78,-1426.00
baseline,WIPRO,2026-02-10,LONG,2026-02-10T10:30:00,232.15,231.38,233.31,1292,0.77,2026-02-10T12:20:00,232.09,TIME_STOP,-77.52,-527.37
baseline,WIPRO,2026-02-11,SHORT,2026-02-11T10:10:00,231.11,231.69,230.24,1298,0.58,2026-02-11T12:00:00,230.77,TIME_STOP,441.32,-8.32
baseline,WIPRO,2026-02-18,SHORT,2026-02-18T10:10:00,210.88,211.82,209.46,1422,0.94,2026-02-18T10:40:00,211.82,STOP,-1341.93,-1792.74
baseline,WIPRO,2026-02-19,SHORT,2026-02-19T12:50:00,211.94,212.49,211.11,1415,0.55,2026-02-19T13:10:00,212.49,STOP,-784.90,-1235.33
baseline,WIPRO,2026-02-26,SHORT,2026-02-26T12:00:00,200.54,201.23,199.51,1495,0.69,2026-02-26T13:00:00,199.51,TARGET,1544.73,1096.17
baseline,WIPRO,2026-03-06,SHORT,2026-03-06T12:40:00,196.34,196.88,195.53,1527,0.54,2026-03-06T14:30:00,196.26,TIME_STOP,122.16,-327.47
baseline,WIPRO,2026-03-09,LONG,2026-03-09T11:40:00,196.65,195.80,197.93,1525,0.85,2026-03-09T13:30:00,197.13,TIME_STOP,732.00,281.61
baseline,WIPRO,2026-03-12,LONG,2026-03-12T11:50:00,202.79,201.96,204.04,1479,0.83,2026-03-12T12:20:00,201.96,STOP,-1231.62,-1680.59
baseline,HCLTECH,2024-03-18,LONG,2024-03-18T12:00:00,1661.60,1655.50,1670.75,180,6.10,2024-03-18T12:20:00,1655.50,STOP,-1098.52,-1546.32
baseline,HCLTECH,2024-03-21,SHORT,2024-03-21T12:20:00,1584.00,1590.36,1574.46,189,6.36,2024-03-21T12:20:00,1590.36,STOP,-1202.55,-1652.51
baseline,HCLTECH,2024-03-26,LONG,2024-03-26T10:00:00,1563.90,1556.13,1575.55,191,7.77,2024-03-26T11:10:00,1559.35,REVERSE,-869.05,-1316.46
baseline,HCLTECH,2024-03-28,LONG,2024-03-28T13:30:00,1559.90,1555.21,1566.94,192,4.69,2024-03-28T13:30:00,1555.21,STOP,-900.77,-1349.34
baseline,HCLTECH,2024-04-03,LONG,2024-04-03T10:30:00,1553.80,1548.18,1562.22,193,5.62,2024-04-03T10:40:00,1548.18,STOP,-1083.83,-1532.84
baseline,HCLTECH,2024-04-04,LONG,2024-04-04T12:50:00,1540.00,1535.26,1547.10,194,4.74,2024-04-04T13:40:00,1547.10,TARGET,1378.30,929.13
baseline,HCLTECH,2024-04-05,LONG,2024-04-05T14:00:00,1541.40,1537.89,1546.66,194,3.51,2024-04-05T15:00:00,1546.66,TARGET,1020.63,571.31
baseline,HCLTECH,2024-04-09,SHORT,2024-04-09T12:40:00,1537.50,1541.74,1531.14,195,4.24,2024-04-09T12:40:00,1541.74,STOP,-826.83,-1277.17
baseline,HCLTECH,2024-04-10,LONG,2024-04-10T10:30:00,1546.80,1542.37,1553.44,193,4.43,2024-04-10T12:20:00,1546.25,TIME_STOP,-106.15,-553.87
baseline,HCLTECH,2024-04-22,SHORT,2024-04-22T14:00:00,1456.60,1460.58,1450.64,205,3.98,2024-04-22T14:50:00,1460.58,STOP,-814.89,-1263.41
baseline,HCLTECH,2024-04-26,SHORT,2024-04-26T13:40:00,1507.50,1512.60,1499.85,199,5.10,2024-04-26T14:10:00,1499.85,TARGET,1521.53,1072.69
baseline,HCLTECH,2024-05-13,LONG,2024-05-13T14:10:00,1316.00,1312.85,1320.72,227,3.15,2024-05-13T15:00:00,1312.85,STOP,-713.93,-1161.49
baseline,HCLTECH,2024-05-14,SHORT,2024-05-14T10:20:00,1311.45,1315.05,1306.06,228,3.60,2024-05-14T11:10:00,1315.05,STOP,-819.72,-1268.85
baseline,HCLTECH,2024-05-16,SHORT,2024-05-16T13:20:00,1332.35,1337.69,1324.34,225,5.34,2024-05-16T14:00:00,1337.69,STOP,-1200.80,-1651.37
baseline,HCLTECH,2024-05-21,LONG,2024-05-21T13:40:00,1339.50,1335.52,1345.48,223,3.98,2024-05-21T14:00:00,1345.48,TARGET,1332.63,883.57
baseline,HCLTECH,2024-05-23,LONG,2024-05-23T10:00:00,1345.75,1342.32,1350.89,222,3.43,2024-05-23T10:20:00,1342.32,STOP,-760.91,-1208.48
baseline,HCLTECH,2024-05-24,SHORT,2024-05-24T10:40:00,1348.90,1353.00,1342.76,222,4.10,2024-05-24T10:50:00,1353.00,STOP,-909.33,-1359.19
baseline,HCLTECH,2024-05-27,LONG,2024-05-27T11:40:00,1350.05,1346.91,1354.76,222,3.14,2024-05-27T12:10:00,1354.76,TARGET,1046.03,595.68
baseline,HCLTECH,2024-05-28,SHORT,2024-05-28T10:10:00,1349.80,1353.73,1343.90,222,3.93,2024-05-28T10:20:00,1353.73,STOP,-873.03,-1323.17
baseline,HCLTECH,2024-05-29,SHORT,2024-05-29T11:30:00,1356.00,1359.12,1351.31,221,3.12,2024-05-29T12:50:00,1359.12,STOP,-690.33,-1140.37
baseline,HCLTECH,2024-05-31,LONG,2024-05-31T12:00:00,1335.90,1331.19,1342.97,224,4.71,2024-05-31T13:00:00,1331.19,STOP,-1055.98,-1504.05
baseline,HCLTECH,2024-06-10,SHORT,2024-06-10T10:00:00,1404.35,1411.92,1393.00,213,7.57,2024-06-10T11:20:00,1411.92,STOP,-1611.54,-2061.44
baseline,HCLTECH,2024-06-13,SHORT,2024-06-13T12:50:00,1442.50,1446.38,1436.68,207,3.88,2024-06-13T14:40:00,1445.35,TIME_STOP,-589.95,-1038.29
baseline,HCLTECH,2024-06-14,LONG,2024-06-14T14:00:00,1436.85,1434.04,1441.06,208,2.81,2024-06-14T14:40:00,1434.04,STOP,-583.74,-1031.60
baseline,HCLTECH,2024-06-18,SHORT,2024-06-18T10:00:00,1430.95,1434.76,1425.24,209,3.81,2024-06-18T11:50:00,1433.20,TIME_STOP,-470.25,-919.21
baseline,HCLTECH,2024-06-20,SHORT,2024-06-20T10:10:00,1431.05,1434.80,1425.43,209,3.75,2024-06-20T10:20:00,1434.80,STOP,-783.35,-1232.57
baseline,HCLTECH,2024-06-21,SHORT,2024-06-21T13:10:00,1448.30,1453.64,1440.29,207,5.34,2024-06-21T14:00:00,1453.64,STOP,-1105.98,-1556.50
baseline,HCLTECH,2024-06-25,LONG,2024-06-25T11:20:00,1442.30,1438.92,1447.37,208,3.38,2024-06-25T12:30:00,1438.92,STOP,-702.80,-1152.27
baseline,HCLTECH,2024-06-26,SHORT,2024-06-26T13:00:00,1440.60,1443.36,1436.46,208,2.76,2024-06-26T13:30:00,1443.36,STOP,-574.40,-1024.30
baseline,HCLTECH,2024-07-03,LONG,2024-07-03T12:50:00,1485.00,1481.19,1490.72,202,3.81,2024-07-03T14:40:00,1483.85,TIME_STOP,-232.30,-682.08
baseline,HCLTECH,2024-07-08,SHORT,2024-07-08T10:10:00,1512.10,1517.36,1504.20,198,5.26,2024-07-08T12:00:00,1511.75,TIME_STOP,69.30,-379.74
baseline,HCLTECH,2024-07-09,SHORT,2024-07-09T13:50:00,1529.05,1534.33,1521.14,196,5.28,2024-07-09T15:20:00,1532.65,EOD,-705.60,-1155.67
baseline,HCLTECH,2024-07-12,LONG,2024-07-12T10:10:00,1520.25,1514.37,1529.07,197,5.88,2024-07-12T10:40:00,1529.07,TARGET,1737.15,1286.61
baseline,HCLTECH,2024-07-15,SHORT,2024-07-15T13:50:00,1574.40,1580.41,1565.39,190,6.01,2024-07-15T14:20:00,1580.41,STOP,-1141.38,-1590.94
baseline,HCLTECH,2024-07-16,LONG,2024-07-16T12:00:00,1576.50,1570.88,1584.93,190,5.62,2024-07-16T12:30:00,1570.88,STOP,-1067.82,-1516.32
baseline,HCLTECH,2024-07-18,LONG,2024-07-18T10:50:00,1575.55,1569.79,1584.20,190,5.76,2024-07-18T11:30:00,1569.79,STOP,-1095.33,-1543.54
baseline,HCLTECH,2024-07-19,SHORT,2024-07-19T13:50:00,1592.85,1597.76,1585.49,188,4.91,2024-07-19T15:20:00,1597.76,STOP,-922.28,-1372.16
baseline,HCLTECH,2024-07-23,LONG,2024-07-23T12:10:00,1577.55,1573.11,1584.22,190,4.44,2024-07-23T12:20:00,1573.11,STOP,-844.34,-1293.31
baseline,HCLTECH,2024-07-24,SHORT,2024-07-24T13:50:00,1579.90,1584.72,1572.66,189,4.82,2024-07-24T14:20:00,1584.72,STOP,-911.90,-1360.48
baseline,HCLTECH,2024-07-25,LONG,2024-07-25T10:10:00,1592.95,1586.62,1602.44,188,6.33,2024-07-25T10:40:00,1586.62,STOP,-1189.29,-1637.61
baseline,HCLTECH,2024-07-30,SHORT,2024-07-30T11:00:00,1621.05,1625.72,1614.05,185,4.67,2024-07-30T12:30:00,1625.72,STOP,-863.39,-1313.88
baseline,HCLTECH,2024-08-01,SHORT,2024-08-01T13:30:00,1641.60,1645.22,1636.17,182,3.62,2024-08-01T15:20:00,1639.70,TIME_STOP,345.80,-102.10
baseline,HCLTECH,2024-08-08,LONG,2024-08-08T12:30:00,1597.00,1590.97,1606.05,187,6.03,2024-08-08T12:50:00,1590.97,STOP,-1128.19,-1575.30
baseline,HCLTECH,2024-08-12,LONG,2024-08-12T11:40:00,1595.25,1590.51,1602.36,188,4.74,2024-08-12T13:30:00,1599.15,TIME_STOP,733.20,282.79
baseline,HCLTECH,2024-08-13,LONG,2024-08-13T10:10:00,1598.25,1592.55,1606.80,187,5.70,2024-08-13T11:10:00,1606.80,TARGET,1598.45,1148.94
baseline,HCLTECH,2024-08-20,SHORT,2024-08-20T12:20:00,1674.55,1678.82,1668.14,179,4.27,2024-08-20T13:00:00,1678.82,STOP,-765.21,-1215.40
baseline,HCLTECH,2024-08-21,SHORT,2024-08-21T12:00:00,1676.55,1680.28,1670.95,178,3.73,2024-08-21T13:50:00,1677.00,TIME_STOP,-80.10,-527.80
baseline,HCLTECH,2024-08-28,LONG,2024-08-28T10:50:00,1724.15,1717.00,1734.88,173,7.15,2024-08-28T11:40:00,1734.88,TARGET,1855.64,1406.83
baseline,HCLTECH,2024-08-29,LONG,2024-08-29T10:20:00,1738.80,1732.03,1748.95,172,6.77,2024-08-29T12:10:00,1743.00,TIME_STOP,722.40,273.25
baseline,HCLTECH,2024-09-06,SHORT,2024-09-06T10:10:00,1766.25,1773.04,1756.06,169,6.79,2024-09-06T10:10:00,1756.06,TARGET,1721.33,1274.88
baseline,HCLTECH,2024-09-09,LONG,2024-09-09T10:40:00,1760.00,1753.55,1769.68,170,6.45,2024-09-09T12:30:00,1758.40,TIME_STOP,-272.00,-720.60
baseline,HCLTECH,2024-09-10,LONG,2024-09-10T10:50:00,1758.60,1753.32,1766.52,170,5.28,2024-09-10T11:40:00,1766.52,TARGET,1345.70,896.25
baseline,HCLTECH,2024-09-12,SHORT,2024-09-12T11:00:00,1782.10,1788.35,1772.72,168,6.25,2024-09-12T12:50:00,1780.30,TIME_STOP,302.40,-146.46
baseline,HCLTECH,2024-09-16,SHORT,2024-09-16T13:20:00,1812.30,1816.17,1806.49,165,3.87,2024-09-16T15:10:00,1812.45,TIME_STOP,-24.75,-473.31
baseline,HCLTECH,2024-09-17,LONG,2024-09-17T10:20:00,1816.00,1811.39,1822.92,165,4.61,2024-09-17T12:10:00,1822.00,TIME_STOP,990.00,539.80
baseline,HCLTECH,2024-09-20,LONG,2024-09-20T10:00:00,1752.90,1745.10,1764.61,171,7.80,2024-09-20T10:10:00,1745.10,STOP,-1334.62,-1783.23
baseline,HCLTECH,2024-09-25,SHORT,2024-09-25T12:10:00,1759.80,1765.87,1750.70,170,6.07,2024-09-25T13:20:00,1765.87,STOP,-1031.13,-1480.65
baseline,HCLTECH,2024-09-26,SHORT,2024-09-26T14:10:00,1787.20,1792.59,1779.12,167,5.39,2024-09-26T14:40:00,1792.59,STOP,-899.68,-1348.05
baseline,HCLTECH,2024-09-30,SHORT,2024-09-30T13:30:00,1810.85,1814.76,1804.98,165,3.91,2024-09-30T14:20:00,1804.98,TARGET,968.58,521.12
baseline,HCLTECH,2024-10-04,LONG,2024-10-04T10:10:00,1791.80,1784.74,1802.39,167,7.06,2024-10-04T10:10:00,1784.74,STOP,-1179.26,-1627.22
baseline,HCLTECH,2024-10-07,SHORT,2024-10-07T10:50:00,1777.65,1784.93,1766.73,168,7.28,2024-10-07T12:40:00,1774.05,TIME_STOP,604.80,157.29
baseline,HCLTECH,2024-10-08,LONG,2024-10-08T11:50:00,1773.55,1767.35,1782.85,169,6.20,2024-10-08T12:40:00,1767.35,STOP,-1047.81,-1496.62
baseline,HCLTECH,2024-10-10,SHORT,2024-10-10T14:10:00,1807.55,1815.29,1795.94,165,7.74,2024-10-10T15:20:00,1815.29,STOP,-1277.51,-1725.84
baseline,HCLTECH,2024-10-16,SHORT,2024-10-16T11:50:00,1856.60,1862.23,1848.15,161,5.63,2024-10-16T12:00:00,1862.23,STOP,-906.88,-1355.93
baseline,HCLTECH,2024-10-21,SHORT,2024-10-21T12:20:00,1854.55,1859.74,1846.77,161,5.19,2024-10-21T13:50:00,1846.77,TARGET,1252.91,805.98
baseline,HCLTECH,2024-10-23,LONG,2024-10-23T10:40:00,1847.25,1840.16,1857.89,162,7.09,2024-10-23T11:40:00,1857.89,TARGET,1723.21,1273.04
baseline,HCLTECH,2024-10-24,SHORT,2024-10-24T10:40:00,1838.70,1844.66,1829.77,163,5.96,2024-10-24T11:00:00,1844.66,STOP,-970.90,-1421.19
baseline,HCLTECH,2024-10-29,SHORT,2024-10-29T10:10:00,1863.85,1869.86,1854.84,160,6.01,2024-10-29T10:40:00,1854.84,TARGET,1442.18,995.93
baseline,HCLTECH,2024-10-30,SHORT,2024-10-30T10:10:00,1858.40,1864.58,1849.13,161,6.18,2024-10-30T10:20:00,1864.58,STOP,-995.18,-1444.73
baseline,HCLTECH,2024-11-07,SHORT,2024-11-07T10:30:00,1821.15,1828.61,1809.96,164,7.46,2024-11-07T11:00:00,1828.61,STOP,-1223.16,-1672.08
baseline,HCLTECH,2024-11-08,SHORT,2024-11-08T14:00:00,1834.95,1839.40,1828.28,163,4.45,2024-11-08T14:20:00,1839.40,STOP,-725.08,-1174.27
baseline,HCLTECH,2024-11-14,SHORT,2024-11-14T10:40:00,1857.35,1864.17,1847.11,161,6.82,2024-11-14T10:40:00,1864.17,STOP,-1098.81,-1548.19
baseline,HCLTECH,2024-11-19,LONG,2024-11-19T11:40:00,1861.40,1855.68,1869.98,161,5.72,2024-11-19T12:20:00,1855.68,STOP,-920.75,-1369.59
baseline,HCLTECH,2024-11-25,SHORT,2024-11-25T13:20:00,1882.55,1888.71,1873.31,159,6.16,2024-11-25T14:00:00,1888.71,STOP,-979.24,-1428.97
baseline,HCLTECH,2024-11-29,LONG,2024-11-29T10:40:00,1871.00,1862.62,1883.57,160,8.38,2024-11-29T10:50:00,1862.62,STOP,-1340.41,-1788.45
baseline,HCLTECH,2024-12-02,LONG,2024-12-02T10:30:00,1860.45,1854.25,1869.75,161,6.20,2024-12-02T10:40:00,1854.25,STOP,-998.70,-1447.25
baseline,HCLTECH,2024-12-09,SHORT,2024-12-09T10:00:00,1915.10,1921.00,1906.25,156,5.90,2024-12-09T10:30:00,1906.25,TARGET,1380.63,933.53
baseline,HCLTECH,2024-12-13,SHORT,2024-12-13T10:30:00,1917.00,1922.47,1908.80,156,5.47,2024-12-13T10:30:00,1922.47,STOP,-852.96,-1302.17
baseline,HCLTECH,2024-12-16,SHORT,2024-12-16T12:10:00,1958.80,1964.29,1950.56,153,5.49,2024-12-16T13:40:00,1950.56,TARGET,1260.44,811.84
baseline,HCLTECH,2024-12-24,LONG,2024-12-24T10:30:00,1918.95,1913.17,1927.61,156,5.78,2024-12-24T10:40:00,1913.17,STOP,-901.05,-1349.41
baseline,HCLTECH,2024-12-27,LONG,2024-12-27T10:50:00,1899.45,1893.89,1907.78,157,5.56,2024-12-27T11:30:00,1893.89,STOP,-872.24,-1318.90
baseline,HCLTECH,2024-12-30,LONG,2024-12-30T11:10:00,1893.90,1888.29,1902.31,158,5.61,2024-12-30T11:30:00,1902.31,TARGET,1328.40,878.55
baseline,HCLTECH,2024-12-31,SHORT,2024-12-31T10:10:00,1899.60,1911.63,1881.56,157,12.03,2024-12-31T10:10:00,1881.56,TARGET,2833.03,2387.80
baseline,HCLTECH,2025-01-01,SHORT,2025-01-01T13:30:00,1920.05,1925.23,1912.28,156,5.18,2025-01-01T14:50:00,1912.28,TARGET,1211.61,763.23
baseline,HCLTECH,2025-01-03,SHORT,2025-01-03T11:40:00,1953.70,1960.66,1943.26,153,6.96,2025-01-03T11:40:00,1960.66,STOP,-1064.87,-1514.04
baseline,HCLTECH,2025-01-06,SHORT,2025-01-06T11:00:00,1947.00,1953.83,1936.76,154,6.83,2025-01-06T11:40:00,1936.76,TARGET,1577.45,1128.87
baseline,HCLTECH,2025-01-07,SHORT,2025-01-07T10:10:00,1933.10,1942.26,1919.36,155,9.16,2025-01-07T10:10:00,1942.26,STOP,-1419.99,-1870.50
baseline,HCLTECH,2025-01-08,LONG,2025-01-08T13:50:00,1919.90,1913.67,1929.25,156,6.23,2025-01-08T14:40:00,1929.25,TARGET,1458.60,1008.24
baseline,HCLTECH,2025-01-20,SHORT,2025-01-20T10:40:00,1781.05,1788.87,1769.32,168,7.82,2025-01-20T10:40:00,1785.20,REVERSE,-697.20,-1146.55
baseline,HCLTECH,2025-01-23,SHORT,2025-01-23T11:10:00,1809.45,1816.13,1799.42,165,6.68,2025-01-23T12:00:00,1816.13,STOP,-1102.77,-1551.44
baseline,HCLTECH,2025-01-24,LONG,2025-01-24T11:50:00,1824.05,1817.28,1834.20,164,6.77,2025-01-24T12:00:00,1817.28,STOP,-1109.97,-1557.86
baseline,HCLTECH,2025-01-30,SHORT,2025-01-30T14:00:00,1708.55,1713.70,1700.83,175,5.15,2025-01-30T14:10:00,1700.83,TARGET,1351.33,903.84
baseline,HCLTECH,2025-01-31,SHORT,2025-01-31T12:20:00,1716.95,1722.27,1708.97,174,5.32,2025-01-31T13:10:00,1722.27,STOP,-925.75,-1374.57
baseline,HCLTECH,2025-02-01,SHORT,2025-02-01T10:00:00,1717.05,1721.98,1709.66,174,4.93,2025-02-01T10:40:00,1709.66,TARGET,1286.19,839.00
baseline,HCLTECH,2025-02-03,LONG,2025-02-03T13:40:00,1690.00,1684.26,1698.60,177,5.74,2025-02-03T13:50:00,1687.90,REVERSE,-371.70,-820.12
baseline,HCLTECH,2025-02-05,SHORT,2025-02-05T11:50:00,1714.05,1720.41,1704.52,175,6.36,2025-02-05T13:40:00,1714.20,TIME_STOP,-26.25,-476.21
baseline,HCLTECH,2025-02-07,LONG,2025-02-07T11:00:00,1719.55,1714.11,1727.71,174,5.44,2025-02-07T12:20:00,1727.71,TARGET,1419.49,969.63
baseline,HCLTECH,2025-02-10,SHORT,2025-02-10T10:40:00,1718.75,1723.78,1711.21,174,5.03,2025-02-10T10:50:00,1723.78,STOP,-874.39,-1323.64
baseline,HCLTECH,2025-02-11,SHORT,2025-02-11T13:10:00,1725.55,1730.04,1718.82,173,4.49,2025-02-11T13:10:00,1718.82,TARGET,1165.13,718.23
baseline,HCLTECH,2025-02-12,SHORT,2025-02-12T10:10:00,1723.45,1730.01,1713.61,174,6.56,2025-02-12T10:40:00,1713.61,TARGET,1711.57,1263.03
baseline,HCLTECH,2025-02-13,LONG,2025-02-13T10:20:00,1722.80,1716.75,1731.88,174,6.05,2025-02-13T10:30:00,1716.75,STOP,-1053.33,-1502.19
baseline,HCLTECH,2025-02-18,SHORT,2025-02-18T12:30:00,1709.10,1713.08,1703.14,175,3.98,2025-02-18T13:50:00,1713.08,STOP,-695.81,-1144.97
baseline,HCLTECH,2025-02-19,SHORT,2025-02-19T12:50:00,1715.50,1720.03,1708.71,174,4.53,2025-02-19T13:30:00,1708.71,TARGET,1181.47,734.61
baseline,HCLTECH,2025-02-21,LONG,2025-02-21T12:10:00,1697.65,1692.88,1704.80,176,4.77,2025-02-21T14:00:00,1697.95,TIME_STOP,52.80,-395.42
baseline,HCLTECH,2025-03-03,SHORT,2025-03-03T12:30:00,1579.15,1583.67,1572.37,189,4.52,2025-03-03T14:20:00,1573.25,TIME_STOP,1115.10,668.25
baseline,HCLTECH,2025-03-13,SHORT,2025-03-13T12:30:00,1531.05,1536.34,1523.11,195,5.29,2025-03-13T12:50:00,1536.34,STOP,-1032.15,-1480.76
baseline,HCLTECH,2025-03-17,LONG,2025-03-17T14:10:00,1534.95,1530.95,1540.96,195,4.00,2025-03-17T14:50:00,1540.96,TARGET,1171.27,721.41
baseline,HCLTECH,2025-03-19,SHORT,2025-03-19T11:30:00,1530.45,1535.19,1523.34,196,4.74,2025-03-19T13:20:00,1535.19,STOP,-928.46,-1379.11
baseline,HCLTECH,2025-03-21,LONG,2025-03-21T11:00:00,1578.00,1569.64,1590.54,190,8.36,2025-03-21T12:10:00,1590.54,TARGET,2381.93,1930.42
baseline,HCLTECH,2025-03-24,LONG,2025-03-24T11:30:00,1578.55,1572.23,1588.02,190,6.32,2025-03-24T12:50:00,1588.02,TARGET,1799.96,1348.73
baseline,HCLTECH,2025-03-27,LONG,2025-03-27T10:00:00,1633.85,1627.27,1643.72,183,6.58,2025-03-27T11:20:00,1627.27,STOP,-1203.93,-1651.52
baseline,HCLTECH,2025-04-16,SHORT,2025-04-16T13:50:00,1415.00,1419.08,1408.88,212,4.08,2025-04-16T14:00:00,1419.08,STOP,-865.30,-1315.92
baseline,HCLTECH,2025-04-17,LONG,2025-04-17T12:30:00,1417.20,1410.88,1426.68,211,6.32,2025-04-17T12:40:00,1426.68,TARGET,1999.99,1549.95
baseline,HCLTECH,2025-04-22,SHORT,2025-04-22T10:20:00,1473.80,1481.67,1461.99,203,7.87,2025-04-22T11:40:00,1481.67,STOP,-1598.05,-2048.02
baseline,HCLTECH,2025-04-24,SHORT,2025-04-24T13:50:00,1585.60,1589.66,1579.51,189,4.06,2025-04-24T14:30:00,1579.51,TARGET,1150.35,701.70
baseline,HCLTECH,2025-04-25,SHORT,2025-04-25T10:10:00,1574.30,1582.32,1562.27,190,8.02,2025-04-25T10:10:00,1582.32,STOP,-1524.30,-1974.12
baseline,HCLTECH,2025-04-29,LONG,2025-04-29T10:20:00,1555.30,1549.97,1563.29,192,5.33,2025-04-29T11:10:00,1563.29,TARGET,1533.65,1084.57
baseline,HCLTECH,2025-04-30,SHORT,2025-04-30T13:10:00,1566.40,1571.36,1558.96,191,4.96,2025-04-30T13:30:00,1571.36,STOP,-947.23,-1396.72
baseline,HCLTECH,2025-05-02,LONG,2025-05-02T10:10:00,1578.10,1570.73,1589.15,190,7.37,2025-05-02T10:30:00,1570.73,STOP,-1399.42,-1848.13
baseline,HCLTECH,2025-05-06,SHORT,2025-05-06T10:00:00,1567.20,1573.07,1558.39,191,5.87,2025-05-06T10:20:00,1573.07,STOP,-1121.65,-1571.50
baseline,HCLTECH,2025-05-14,SHORT,2025-05-14T10:10:00,1629.60,1637.95,1617.08,184,8.35,2025-05-14T12:00:00,1630.70,TIME_STOP,-202.40,-652.32
baseline,HCLTECH,2025-05-15,SHORT,2025-05-15T10:10:00,1630.50,1636.56,1621.41,183,6.06,2025-05-15T10:10:00,1636.56,STOP,-1108.98,-1557.38
baseline,HCLTECH,2025-05-16,SHORT,2025-05-16T10:50:00,1664.10,1671.00,1653.75,180,6.90,2025-05-16T11:00:00,1671.00,STOP,-1242.40,-1692.64
baseline,HCLTECH,2025-05-20,SHORT,2025-05-20T13:00:00,1647.00,1651.54,1640.19,182,4.54,2025-05-20T14:40:00,1640.19,TARGET,1239.46,790.76
baseline,HCLTECH,2025-05-22,LONG,2025-05-22T14:10:00,1637.70,1633.55,1643.92,183,4.15,2025-05-22T14:20:00,1633.55,STOP,-758.87,-1207.85
baseline,HCLTECH,2025-05-28,LONG,2025-05-28T13:30:00,1655.10,1651.68,1660.22,181,3.42,2025-05-28T14:00:00,1651.68,STOP,-618.23,-1067.13
baseline,HCLTECH,2025-05-30,SHORT,2025-05-30T10:00:00,1652.30,1657.16,1645.00,181,4.86,2025-05-30T10:00:00,1655.60,REVERSE,-597.30,-1046.35
baseline,HCLTECH,2025-06-03,LONG,2025-06-03T11:40:00,1634.90,1628.78,1644.08,183,6.12,2025-06-03T12:50:00,1628.78,STOP,-1119.98,-1567.92
baseline,HCLTECH,2025-06-04,LONG,2025-06-04T10:10:00,1632.60,1628.19,1639.21,183,4.41,2025-06-04T10:30:00,1639.21,TARGET,1209.94,760.89
baseline,HCLTECH,2025-06-05,LONG,2025-06-05T11:20:00,1636.80,1633.09,1642.37,183,3.71,2025-06-05T11:50:00,1633.09,STOP,-678.96,-1127.75
baseline,HCLTECH,2025-06-12,SHORT,2025-06-12T14:10:00,1700.30,1705.56,1692.41,176,5.26,2025-06-12T15:20:00,1705.56,STOP,-925.55,-1375.12
baseline,HCLTECH,2025-06-13,LONG,2025-06-13T12:00:00,1703.10,1697.27,1711.84,176,5.83,2025-06-13T13:10:00,1697.27,STOP,-1025.87,-1474.72
baseline,HCLTECH,2025-06-18,SHORT,2025-06-18T10:20:00,1728.00,1733.23,1720.15,173,5.23,2025-06-18T10:30:00,1720.15,TARGET,1357.22,909.82
baseline,HCLTECH,2025-06-24,LONG,2025-06-24T10:10:00,1718.50,1712.05,1728.17,174,6.45,2025-06-24T12:00:00,1718.20,TIME_STOP,-52.20,-500.69
baseline,HCLTECH,2025-06-25,LONG,2025-06-25T10:20:00,1710.60,1704.33,1720.00,175,6.27,2025-06-25T12:10:00,1710.60,TIME_STOP,0.00,-449.03
baseline,HCLTECH,2025-06-26,SHORT,2025-06-26T13:00:00,1705.80,1710.50,1698.74,175,4.70,2025-06-26T13:00:00,1710.50,STOP,-823.25,-1271.64
baseline,HCLTECH,2025-06-27,SHORT,2025-06-27T13:00:00,1724.90,1729.71,1717.68,173,4.81,2025-06-27T13:40:00,1717.68,TARGET,1248.62,801.95
baseline,HCLTECH,2025-07-01,SHORT,2025-07-01T12:20:00,1721.80,1726.57,1714.64,174,4.77,2025-07-01T13:30:00,1714.64,TARGET,1245.47,797.02
baseline,HCLTECH,2025-07-02,SHORT,2025-07-02T11:00:00,1716.80,1721.46,1709.81,174,4.66,2025-07-02T12:10:00,1721.46,STOP,-810.46,-1259.15
baseline,HCLTECH,2025-07-03,SHORT,2025-07-03T13:30:00,1717.10,1721.15,1711.03,174,4.05,2025-07-03T13:40:00,1721.15,STOP,-704.03,-1152.72
baseline,HCLTECH,2025-07-04,LONG,2025-07-04T11:40:00,1718.70,1714.69,1724.71,174,4.01,2025-07-04T13:30:00,1720.20,TIME_STOP,261.00,-187.78
baseline,HCLTECH,2025-07-07,LONG,2025-07-07T13:50:00,1716.00,1712.97,1720.55,174,3.03,2025-07-07T13:50:00,1712.97,STOP,-527.44,-974.92
baseline,HCLTECH,2025-07-18,LONG,2025-07-18T13:30:00,1545.00,1541.22,1550.67,194,3.78,2025-07-18T15:20:00,1548.20,TIME_STOP,620.80,170.74
baseline,HCLTECH,2025-07-22,LONG,2025-07-22T11:00:00,1536.30,1533.21,1540.93,195,3.09,2025-07-22T11:50:00,1533.21,STOP,-602.08,-1051.00
baseline,HCLTECH,2025-07-23,LONG,2025-07-23T12:00:00,1526.60,1523.75,1530.88,196,2.85,2025-07-23T12:20:00,1530.88,TARGET,838.68,389.23
baseline,HCLTECH,2025-07-29,LONG,2025-07-29T14:10:00,1473.80,1470.91,1478.13,203,2.89,2025-07-29T14:10:00,1470.91,STOP,-586.48,-1034.81
baseline,HCLTECH,2025-07-30,SHORT,2025-07-30T14:10:00,1471.60,1474.24,1467.64,203,2.64,2025-07-30T14:30:00,1474.24,STOP,-536.04,-984.54
baseline,HCLTECH,2025-07-31,LONG,2025-07-31T11:50:00,1476.80,1473.38,1481.93,203,3.42,2025-07-31T12:00:00,1473.38,STOP,-693.98,-1143.14
baseline,HCLTECH,2025-08-04,LONG,2025-08-04T13:30:00,1465.60,1462.05,1470.93,204,3.55,2025-08-04T13:30:00,1462.05,STOP,-725.07,-1173.00
baseline,HCLTECH,2025-08-07,LONG,2025-08-07T12:50:00,1463.80,1460.77,1468.34,204,3.03,2025-08-07T13:20:00,1460.77,STOP,-617.23,-1064.69
baseline,HCLTECH,2025-08-08,SHORT,2025-08-08T10:50:00,1462.90,1466.43,1457.60,205,3.53,2025-08-08T10:50:00,1466.43,STOP,-724.00,-1174.38
baseline,HCLTECH,2025-08-11,SHORT,2025-08-11T10:20:00,1471.80,1475.37,1466.45,203,3.57,2025-08-11T10:20:00,1475.37,STOP,-724.13,-1172.84
baseline,HCLTECH,2025-08-13,LONG,2025-08-13T13:00:00,1500.70,1497.19,1505.96,199,3.51,2025-08-13T14:40:00,1505.96,TARGET,1046.73,597.99
baseline,HCLTECH,2025-08-14,SHORT,2025-08-14T10:30:00,1500.00,1503.22,1495.16,200,3.22,2025-08-14T10:30:00,1503.22,STOP,-644.71,-1095.20
baseline,HCLTECH,2025-08-19,LONG,2025-08-19T13:10:00,1480.40,1477.74,1484.38,202,2.66,2025-08-19T13:50:00,1477.74,STOP,-536.63,-984.79
baseline,HCLTECH,2025-08-20,LONG,2025-08-20T11:20:00,1479.10,1473.80,1487.05,202,5.30,2025-08-20T13:00:00,1487.05,TARGET,1605.23,1155.86
baseline,HCLTECH,2025-08-29,LONG,2025-08-29T11:20:00,1460.90,1456.04,1468.19,205,4.86,2025-08-29T13:10:00,1460.00,TIME_STOP,-184.50,-633.59
baseline,HCLTECH,2025-09-01,SHORT,2025-09-01T14:00:00,1461.60,1465.02,1456.47,205,3.42,2025-09-01T14:40:00,1465.02,STOP,-701.26,-1151.22
baseline,HCLTECH,2025-09-03,SHORT,2025-09-03T10:10:00,1462.00,1465.71,1456.43,205,3.71,2025-09-03T10:50:00,1456.43,TARGET,1140.99,692.28
baseline,HCLTECH,2025-09-04,SHORT,2025-09-04T10:50:00,1457.80,1460.44,1453.84,205,2.64,2025-09-04T10:50:00,1453.84,TARGET,812.72,365.06
baseline,HCLTECH,2025-09-09,LONG,2025-09-09T10:00:00,1421.30,1416.34,1428.74,211,4.96,2025-09-09T11:50:00,1424.90,TIME_STOP,759.60,309.19
baseline,HCLTECH,2025-09-15,LONG,2025-09-15T13:10:00,1462.50,1459.92,1466.37,205,2.58,2025-09-15T14:10:00,1466.37,TARGET,793.80,343.48
baseline,HCLTECH,2025-09-23,LONG,2025-09-23T14:10:00,1436.00,1433.08,1440.38,208,2.92,2025-09-23T14:20:00,1433.08,STOP,-606.92,-1054.49
baseline,HCLTECH,2025-09-24,LONG,2025-09-24T10:20:00,1438.00,1433.50,1444.75,208,4.50,2025-09-24T12:10:00,1441.10,TIME_STOP,644.80,195.66
baseline,HCLTECH,2025-09-30,LONG,2025-09-30T10:40:00,1396.80,1393.25,1402.12,214,3.55,2025-09-30T11:10:00,1402.12,TARGET,1138.98,689.75
baseline,HCLTECH,2025-10-03,SHORT,2025-10-03T10:50:00,1386.80,1390.39,1381.41,216,3.59,2025-10-03T12:40:00,1383.60,TIME_STOP,691.20,242.40
baseline,HCLTECH,2025-10-13,SHORT,2025-10-13T10:20:00,1487.40,1492.09,1480.36,201,4.69,2025-10-13T11:20:00,1480.36,TARGET,1414.80,967.41
baseline,HCLTECH,2025-10-29,LONG,2025-10-29T10:40:00,1546.30,1542.16,1552.50,194,4.14,2025-10-29T10:50:00,1542.16,STOP,-802.35,-1251.73
baseline,HCLTECH,2025-10-30,SHORT,2025-10-30T10:00:00,1542.10,1545.65,1536.77,194,3.55,2025-10-30T10:20:00,1545.65,STOP,-689.28,-1138.55
baseline,HCLTECH,2025-10-31,SHORT,2025-10-31T11:10:00,1545.60,1549.17,1540.25,194,3.57,2025-10-31T11:30:00,1549.17,STOP,-692.57,-1142.86
baseline,HCLTECH,2025-11-06,LONG,2025-11-06T13:00:00,1530.60,1527.19,1535.71,196,3.41,2025-11-06T13:20:00,1527.19,STOP,-667.72,-1117.22
baseline,HCLTECH,2025-11-14,SHORT,2025-11-14T10:40:00,1588.60,1592.40,1582.89,188,3.80,2025-11-14T10:50:00,1592.40,STOP,-715.31,-1163.83
baseline,HCLTECH,2025-11-18,SHORT,2025-11-18T10:00:00,1592.60,1596.15,1587.27,188,3.55,2025-11-18T11:40:00,1596.15,STOP,-667.88,-1117.50
baseline,HCLTECH,2025-11-20,SHORT,2025-11-20T12:20:00,1653.60,1657.51,1647.73,181,3.91,2025-11-20T14:10:00,1650.10,TIME_STOP,633.50,185.02
baseline,HCLTECH,2025-11-27,SHORT,2025-11-27T13:50:00,1619.20,1623.08,1613.38,185,3.88,2025-11-27T14:00:00,1623.08,STOP,-717.99,-1167.86
baseline,HCLTECH,2025-12-02,SHORT,2025-12-02T10:20:00,1632.00,1636.32,1625.52,183,4.32,2025-12-02T11:30:00,1625.52,TARGET,1186.18,739.09
baseline,HCLTECH,2025-12-03,SHORT,2025-12-03T10:00:00,1633.00,1637.48,1626.28,183,4.48,2025-12-03T10:20:00,1637.48,STOP,-819.52,-1268.39
baseline,HCLTECH,2025-12-08,SHORT,2025-12-08T14:00:00,1684.80,1688.82,1678.77,178,4.02,2025-12-08T14:30:00,1678.77,TARGET,1072.73,623.69
baseline,HCLTECH,2025-12-10,LONG,2025-12-10T14:00:00,1665.10,1662.22,1669.42,180,2.88,2025-12-10T14:00:00,1663.20,REVERSE,-342.00,-791.32
baseline,HCLTECH,2025-12-11,SHORT,2025-12-11T10:00:00,1653.20,1658.28,1645.58,181,5.08,2025-12-11T10:10:00,1658.28,STOP,-919.06,-1368.59
baseline,HCLTECH,2025-12-12,SHORT,2025-12-12T10:30:00,1662.00,1665.98,1656.03,180,3.98,2025-12-12T11:10:00,1665.98,STOP,-716.90,-1166.18
baseline,HCLTECH,2025-12-16,SHORT,2025-12-16T10:20:00,1667.00,1671.39,1660.42,179,4.39,2025-12-16T10:40:00,1660.42,TARGET,1177.81,731.10
baseline,HCLTECH,2025-12-17,SHORT,2025-12-17T12:10:00,1649.20,1652.65,1644.03,181,3.45,2025-12-17T12:30:00,1652.65,STOP,-624.24,-1072.47
baseline,HCLTECH,2025-12-19,SHORT,2025-12-19T10:10:00,1649.00,1654.13,1641.30,181,5.13,2025-12-19T10:10:00,1641.30,TARGET,1392.80,946.14
baseline,HCLTECH,2026-01-01,LONG,2026-01-01T10:40:00,1629.00,1624.45,1635.82,184,4.55,2026-01-01T11:00:00,1635.82,TARGET,1254.76,804.22
baseline,HCLTECH,2026-01-02,LONG,2026-01-02T11:30:00,1640.70,1636.61,1646.84,182,4.09,2026-01-02T12:10:00,1636.61,STOP,-745.19,-1192.54
baseline,HCLTECH,2026-01-12,SHORT,2026-01-12T10:20:00,1650.80,1657.60,1640.60,181,6.80,2026-01-12T12:10:00,1655.00,TIME_STOP,-760.20,-1208.96
baseline,HCLTECH,2026-01-13,LONG,2026-01-13T11:20:00,1669.70,1657.67,1687.74,179,12.03,2026-01-13T13:00:00,1657.67,STOP,-2152.86,-2599.56
baseline,HCLTECH,2026-01-14,SHORT,2026-01-14T10:10:00,1658.50,1665.49,1648.02,180,6.99,2026-01-14T11:00:00,1665.49,STOP,-1257.69,-1706.43
baseline,HCLTECH,2026-01-20,SHORT,2026-01-20T10:10:00,1692.80,1697.95,1685.08,177,5.15,2026-01-20T10:20:00,1697.95,STOP,-911.49,-1361.61
baseline,HCLTECH,2026-01-21,LONG,2026-01-21T13:30:00,1683.20,1678.58,1690.14,178,4.62,2026-01-21T13:30:00,1679.10,REVERSE,-729.80,-1178.67
baseline,HCLTECH,2026-01-27,SHORT,2026-01-27T11:20:00,1702.80,1708.76,1693.86,176,5.96,2026-01-27T11:20:00,1708.76,STOP,-1049.47,-1499.79
baseline,HCLTECH,2026-01-28,SHORT,2026-01-28T12:50:00,1712.70,1717.71,1705.19,175,5.01,2026-01-28T14:20:00,1717.71,STOP,-876.16,-1326.40
baseline,HCLTECH,2026-01-29,LONG,2026-01-29T13:20:00,1720.00,1715.42,1726.88,174,4.58,2026-01-29T15:10:00,1720.80,TIME_STOP,139.20,-309.82
baseline,HCLTECH,2026-02-05,LONG,2026-02-05T10:30:00,1629.20,1622.03,1639.96,184,7.17,2026-02-05T10:50:00,1622.03,STOP,-1319.82,-1768.49
baseline,HCLTECH,2026-02-10,LONG,2026-02-10T10:10:00,1598.20,1593.30,1605.55,187,4.90,2026-02-10T10:10:00,1593.30,STOP,-916.42,-1364.02
baseline,HCLTECH,2026-02-13,LONG,2026-02-13T13:00:00,1465.20,1456.08,1478.88,204,9.12,2026-02-13T13:50:00,1456.08,STOP,-1861.07,-2308.03
baseline,HCLTECH,2026-02-16,SHORT,2026-02-16T11:00:00,1454.10,1460.82,1444.03,206,6.72,2026-02-16T12:50:00,1452.30,TIME_STOP,370.80,-78.24
baseline,HCLTECH,2026-02-18,SHORT,2026-02-18T10:50:00,1452.80,1460.01,1441.98,206,7.21,2026-02-18T11:00:00,1460.01,STOP,-1485.63,-1935.66
baseline,HCLTECH,2026-02-19,SHORT,2026-02-19T12:10:00,1466.90,1472.85,1457.98,204,5.95,2026-02-19T14:00:00,1459.00,TIME_STOP,1611.60,1163.94
baseline,HCLTECH,2026-02-26,SHORT,2026-02-26T14:10:00,1371.40,1376.64,1363.55,218,5.24,2026-02-26T14:40:00,1376.64,STOP,-1141.37,-1590.67
baseline,HCLTECH,2026-03-04,SHORT,2026-03-04T10:40:00,1365.80,1372.45,1355.83,219,6.65,2026-03-04T12:30:00,1364.30,TIME_STOP,328.50,-119.92
baseline,HCLTECH,2026-03-06,SHORT,2026-03-06T10:10:00,1366.60,1372.33,1358.01,219,5.73,2026-03-06T10:20:00,1369.40,REVERSE,-613.20,-1062.59
baseline,HCLTECH,2026-03-09,LONG,2026-03-09T11:30:00,1369.80,1363.81,1378.78,219,5.99,2026-03-09T11:50:00,1363.81,STOP,-1311.62,-1760.62
baseline,HCLTECH,2026-03-10,LONG,2026-03-10T13:20:00,1355.70,1351.83,1361.51,221,3.87,2026-03-10T14:50:00,1361.51,TARGET,1284.19,833.81
baseline,HCLTECH,2026-03-11,SHORT,2026-03-11T10:20:00,1349.30,1353.77,1342.60,222,4.47,2026-03-11T10:20:00,1353.77,STOP,-992.01,-1442.07
baseline,HCLTECH,2026-03-12,LONG,2026-03-12T11:20:00,1361.30,1356.23,1368.90,220,5.07,2026-03-12T11:20:00,1356.23,STOP,-1115.05,-1563.45
baseline,MARUTI,2024-03-18,LONG,2024-03-18T10:00:00,11429.00,11358.08,11535.38,26,70.92,2024-03-18T11:50:00,11453.10,TIME_STOP,626.60,180.40
baseline,MARUTI,2024-03-19,SHORT,2024-03-19T14:10:00,11528.30,11562.56,11476.91,26,34.26,2024-03-19T14:30:00,11562.56,STOP,-890.82,-1341.09
baseline,MARUTI,2024-03-21,SHORT,2024-03-21T10:00:00,11890.00,11932.06,11826.92,25,42.06,2024-03-21T10:00:00,11932.06,STOP,-1051.39,-1498.06
baseline,MARUTI,2024-03-26,SHORT,2024-03-26T10:40:00,12197.50,12247.05,12123.17,24,49.55,2024-03-26T11:20:00,12237.50,REVERSE,-960.00,-1399.83
baseline,MARUTI,2024-03-28,LONG,2024-03-28T11:20:00,12607.40,12557.37,12682.44,23,50.03,2024-03-28T12:20:00,12557.37,STOP,-1150.67,-1584.77
baseline,MARUTI,2024-04-01,SHORT,2024-04-01T10:50:00,12595.00,12635.46,12534.31,23,40.46,2024-04-01T12:40:00,12577.10,TIME_STOP,411.70,-22.52
baseline,MARUTI,2024-04-02,LONG,2024-04-02T11:00:00,12599.20,12559.72,12658.41,23,39.48,2024-04-02T11:00:00,12559.72,STOP,-907.95,-1341.94
baseline,MARUTI,2024-04-04,LONG,2024-04-04T13:20:00,12462.25,12427.87,12513.82,24,34.38,2024-04-04T14:00:00,12513.82,TARGET,1237.71,788.14
baseline,MARUTI,2024-04-05,SHORT,2024-04-05T11:30:00,12458.25,12494.64,12403.67,24,36.39,2024-04-05T12:20:00,12403.67,TARGET,1309.91,862.39
baseline,MARUTI,2024-04-10,SHORT,2024-04-10T11:20:00,12807.40,12845.58,12750.13,23,38.18,2024-04-10T11:50:00,12750.13,TARGET,1317.18,876.31
baseline,MARUTI,2024-04-15,LONG,2024-04-15T14:10:00,12342.50,12303.56,12400.92,24,38.94,2024-04-15T14:30:00,12400.92,TARGET,1402.01,956.63
baseline,MARUTI,2024-04-19,LONG,2024-04-19T12:20:00,12489.90,12426.05,12585.68,24,63.85,2024-04-19T13:50:00,12585.68,TARGET,2298.62,1847.26
baseline,MARUTI,2024-04-25,SHORT,2024-04-25T10:00:00,12825.00,12870.46,12756.81,23,45.46,2024-04-25T10:50:00,12756.81,TARGET,1568.35,1127.06
baseline,MARUTI,2024-04-26,SHORT,2024-04-26T11:50:00,12846.95,12899.69,12767.84,23,52.74,2024-04-26T12:30:00,12767.84,TARGET,1819.52,1377.66
baseline,MARUTI,2024-05-06,LONG,2024-05-06T11:10:00,12585.10,12539.04,12654.18,23,46.06,2024-05-06T11:40:00,12539.04,STOP,-1059.29,-1492.68
baseline,MARUTI,2024-05-09,SHORT,2024-05-09T13:00:00,12469.40,12515.58,12400.14,24,46.18,2024-05-09T13:40:00,12515.58,STOP,-1108.23,-1557.96
baseline,MARUTI,2024-05-13,LONG,2024-05-13T11:00:00,12563.00,12509.12,12643.82,23,53.88,2024-05-13T12:50:00,12564.95,TIME_STOP,44.85,-388.61
baseline,MARUTI,2024-05-15,SHORT,2024-05-15T10:20:00,12749.85,12778.63,12706.68,23,28.78,2024-05-15T10:50:00,12706.68,TARGET,992.89,553.76
baseline,MARUTI,2024-05-17,LONG,2024-05-17T10:50:00,12494.20,12435.69,12581.96,24,58.51,2024-05-17T12:30:00,12526.30,EOD_FORCED,770.40,320.03
baseline,MARUTI,2024-05-21,SHORT,2024-05-21T13:20:00,12554.95,12590.44,12501.72,23,35.49,2024-05-21T14:00:00,12501.72,TARGET,1224.24,792.02
baseline,MARUTI,2024-05-22,LONG,2024-05-22T11:40:00,12536.00,12501.87,12587.19,23,34.13,2024-05-22T13:30:00,12556.15,TIME_STOP,463.45,30.61
baseline,MARUTI,2024-05-27,LONG,2024-05-27T12:50:00,12959.05,12925.67,13009.12,23,33.38,2024-05-27T13:20:00,12925.67,STOP,-767.68,-1214.19
baseline,MARUTI,2024-05-28,LONG,2024-05-28T11:20:00,12973.00,12936.58,13027.64,23,36.42,2024-05-28T11:30:00,12936.58,STOP,-837.76,-1284.70
baseline,MARUTI,2024-06-05,LONG,2024-06-05T10:00:00,12370.00,12238.23,12567.66,18,131.77,2024-06-05T10:10:00,12567.66,TARGET,3557.86,3221.20
baseline,MARUTI,2024-06-10,SHORT,2024-06-10T11:50:00,12739.95,12777.88,12683.05,23,37.93,2024-06-10T12:30:00,12683.05,TARGET,1308.73,870.18
baseline,MARUTI,2024-06-13,SHORT,2024-06-13T10:00:00,12817.00,12852.88,12763.17,23,35.88,2024-06-13T10:00:00,12852.88,STOP,-825.33,-1268.13
baseline,MARUTI,2024-06-14,LONG,2024-06-14T11:50:00,12842.85,12820.19,12876.83,23,22.66,2024-06-14T11:50:00,12876.83,TARGET,781.65,337.99
baseline,MARUTI,2024-06-21,LONG,2024-06-21T12:10:00,12220.80,12171.53,12294.71,24,49.27,2024-06-21T12:40:00,12171.53,STOP,-1182.51,-1621.57
baseline,MARUTI,2024-06-24,LONG,2024-06-24T10:30:00,12255.00,12204.97,12330.05,24,50.03,2024-06-24T11:10:00,12204.97,STOP,-1200.76,-1641.04
baseline,MARUTI,2024-06-25,SHORT,2024-06-25T10:40:00,12133.75,12167.52,12083.09,24,33.77,2024-06-25T10:50:00,12167.52,STOP,-810.55,-1247.97
baseline,MARUTI,2024-06-26,LONG,2024-06-26T10:30:00,12150.00,12121.11,12193.34,24,28.89,2024-06-26T10:30:00,12193.34,TARGET,1040.19,602.01
baseline,MARUTI,2024-07-01,LONG,2024-07-01T10:00:00,12150.00,12106.08,12215.89,24,43.92,2024-07-01T10:50:00,12106.08,STOP,-1054.20,-1490.80
baseline,MARUTI,2024-07-03,LONG,2024-07-03T11:10:00,12050.00,12018.62,12097.07,24,31.38,2024-07-03T12:30:00,12097.07,TARGET,1129.77,695.12
baseline,MARUTI,2024-07-04,SHORT,2024-07-04T12:20:00,12098.20,12121.23,12063.65,24,23.03,2024-07-04T12:20:00,12121.23,STOP,-552.78,-988.73
baseline,MARUTI,2024-07-10,SHORT,2024-07-10T14:10:00,12856.45,12923.43,12755.98,23,66.98,2024-07-10T14:50:00,12755.98,TARGET,2310.82,1869.00
baseline,MARUTI,2024-07-16,SHORT,2024-07-16T10:30:00,12644.00,12690.72,12573.92,23,46.72,2024-07-16T11:10:00,12690.72,STOP,-1074.50,-1511.53
baseline,MARUTI,2024-07-18,LONG,2024-07-18T14:00:00,12625.90,12593.37,12674.69,23,32.53,2024-07-18T14:10:00,12674.69,TARGET,1122.27,685.84
baseline,MARUTI,2024-07-19,SHORT,2024-07-19T11:50:00,12596.80,12637.47,12535.79,23,40.67,2024-07-19T12:40:00,12535.79,TARGET,1403.15,969.62
baseline,MARUTI,2024-07-22,LONG,2024-07-22T10:50:00,12596.45,12555.11,12658.46,23,41.34,2024-07-22T11:20:00,12555.11,STOP,-950.80,-1384.67
baseline,MARUTI,2024-07-23,SHORT,2024-07-23T12:30:00,12455.95,12508.08,12377.76,24,52.13,2024-07-23T12:30:00,12377.76,TARGET,1876.67,1429.67
baseline,MARUTI,2024-07-26,LONG,2024-07-26T10:10:00,12594.95,12552.94,12657.96,23,42.01,2024-07-26T10:10:00,12552.94,STOP,-966.17,-1399.97
baseline,MARUTI,2024-08-01,SHORT,2024-08-01T14:00:00,13186.85,13251.61,13089.70,22,64.76,2024-08-01T14:10:00,13228.00,REVERSE,-905.30,-1341.15
baseline,MARUTI,2024-08-07,LONG,2024-08-07T10:10:00,12375.00,12316.90,12462.15,24,58.10,2024-08-07T11:30:00,12316.90,STOP,-1394.42,-1838.88
baseline,MARUTI,2024-08-08,SHORT,2024-08-08T10:20:00,12261.00,12301.22,12200.66,24,40.22,2024-08-08T10:30:00,12301.22,STOP,-965.39,-1407.51
baseline,MARUTI,2024-08-09,SHORT,2024-08-09T11:20:00,12234.55,12269.00,12182.87,24,34.45,2024-08-09T13:00:00,12255.00,REVERSE,-490.80,-931.61
baseline,MARUTI,2024-08-12,LONG,2024-08-12T10:00:00,12261.35,12226.21,12314.06,24,35.14,2024-08-12T10:10:00,12314.06,TARGET,1264.92,822.56
baseline,MARUTI,2024-08-13,SHORT,2024-08-13T10:40:00,12245.00,12285.41,12184.39,24,40.41,2024-08-13T11:10:00,12285.41,STOP,-969.82,-1411.36
baseline,MARUTI,2024-08-16,SHORT,2024-08-16T10:20:00,12184.00,12230.38,12114.43,24,46.38,2024-08-16T10:30:00,12114.43,TARGET,1669.57,1232.20
baseline,MARUTI,2024-08-19,SHORT,2024-08-19T10:40:00,12177.55,12207.68,12132.36,24,30.13,2024-08-19T12:30:00,12161.65,TIME_STOP,381.60,-56.51
baseline,MARUTI,2024-08-20,LONG,2024-08-20T10:00:00,12195.80,12174.11,12228.34,24,21.69,2024-08-20T10:10:00,12228.34,TARGET,780.88,341.25
baseline,MARUTI,2024-08-21,LONG,2024-08-21T14:00:00,12228.85,12214.07,12251.02,24,14.78,2024-08-21T15:00:00,12214.07,STOP,-354.73,-794.70
baseline,MARUTI,2024-08-26,LONG,2024-08-26T13:00:00,12304.00,12281.66,12337.51,24,22.34,2024-08-26T14:30:00,12281.66,STOP,-536.11,-978.65
baseline,MARUTI,2024-08-27,LONG,2024-08-27T10:20:00,12366.40,12337.16,12410.26,24,29.24,2024-08-27T10:20:00,12337.16,STOP,-701.81,-1146.47
baseline,MARUTI,2024-08-28,SHORT,2024-08-28T10:20:00,12420.00,12455.77,12366.35,24,35.77,2024-08-28T11:00:00,12366.35,TARGET,1287.55,841.40
baseline,MARUTI,2024-08-29,LONG,2024-08-29T13:40:00,12363.80,12343.76,12393.86,24,20.04,2024-08-29T14:20:00,12343.76,STOP,-481.04,-925.77
baseline,MARUTI,2024-09-02,SHORT,2024-09-02T12:40:00,12391.85,12425.42,12341.49,24,33.57,2024-09-02T14:30:00,12425.42,STOP,-805.74,-1252.46
baseline,MARUTI,2024-09-03,LONG,2024-09-03T10:50:00,12418.20,12393.61,12455.09,24,24.59,2024-09-03T11:30:00,12455.09,TARGET,885.26,437.54
baseline,MARUTI,2024-09-10,LONG,2024-09-10T11:30:00,12146.95,12123.79,12181.69,24,23.16,2024-09-10T12:00:00,12181.69,TARGET,833.68,395.76
baseline,MARUTI,2024-09-12,LONG,2024-09-12T13:00:00,12238.55,12212.35,12277.85,24,26.20,2024-09-12T14:00:00,12277.85,TARGET,943.30,502.00
baseline,MARUTI,2024-09-13,SHORT,2024-09-13T13:10:00,12301.50,12323.50,12268.51,24,22.00,2024-09-13T13:20:00,12323.50,STOP,-527.88,-971.13
baseline,MARUTI,2024-09-16,SHORT,2024-09-16T10:50:00,12306.15,12329.92,12270.50,24,23.77,2024-09-16T12:40:00,12290.00,TIME_STOP,387.60,-55.13
baseline,MARUTI,2024-09-18,SHORT,2024-09-18T13:10:00,12211.00,12234.84,12175.25,24,23.84,2024-09-18T13:40:00,12175.25,TARGET,858.08,419.13
baseline,MARUTI,2024-09-25,SHORT,2024-09-25T10:30:00,12646.80,12684.36,12590.46,23,37.56,2024-09-25T11:40:00,12684.36,STOP,-863.91,-1300.87
baseline,MARUTI,2024-09-30,SHORT,2024-09-30T11:20:00,13391.05,13437.31,13321.66,22,46.26,2024-09-30T12:40:00,13321.66,TARGET,1526.60,1085.84
baseline,MARUTI,2024-10-04,LONG,2024-10-04T11:00:00,12835.85,12766.59,12939.74,23,69.26,2024-10-04T11:10:00,12766.59,STOP,-1592.92,-2034.56
baseline,MARUTI,2024-10-08,LONG,2024-10-08T10:00:00,12514.05,12464.80,12587.93,23,49.25,2024-10-08T10:10:00,12464.80,STOP,-1132.82,-1563.71
baseline,MARUTI,2024-10-11,SHORT,2024-10-11T12:50:00,12860.55,12893.37,12811.31,23,32.82,2024-10-11T13:40:00,12811.31,TARGET,1132.42,689.58
baseline,MARUTI,2024-10-21,LONG,2024-10-21T11:10:00,12193.90,12137.67,12278.25,24,56.23,2024-10-21T11:10:00,12137.67,STOP,-1349.53,-1787.50
baseline,MARUTI,2024-10-22,SHORT,2024-10-22T10:10:00,12102.45,12156.59,12021.24,24,54.14,2024-10-22T10:10:00,12021.24,TARGET,1948.96,1514.74
baseline,MARUTI,2024-10-23,LONG,2024-10-23T11:00:00,12079.00,12024.38,12160.93,24,54.62,2024-10-23T12:50:00,12024.38,STOP,-1310.93,-1744.79
baseline,MARUTI,2024-10-30,LONG,2024-10-30T10:00:00,11220.15,11094.20,11409.08,19,125.95,2024-10-30T11:50:00,11356.90,TIME_STOP,2598.25,2276.53
baseline,MARUTI,2024-11-07,LONG,2024-11-07T14:00:00,11299.95,11270.44,11344.21,26,29.51,2024-11-07T15:20:00,11287.65,EOD,-319.80,-760.26
baseline,MARUTI,2024-11-08,LONG,2024-11-08T12:40:00,11302.95,11267.79,11355.68,26,35.16,2024-11-08T13:40:00,11267.79,STOP,-914.06,-1354.19
baseline,MARUTI,2024-11-14,LONG,2024-11-14T14:10:00,11000.05,10965.43,11051.98,27,34.62,2024-11-14T15:20:00,10993.50,EOD,-176.85,-622.22
baseline,MARUTI,2024-11-22,LONG,2024-11-22T12:20:00,10945.00,10912.17,10994.25,27,32.83,2024-11-22T13:10:00,10994.25,TARGET,1329.80,885.53
baseline,MARUTI,2024-11-27,LONG,2024-11-27T12:30:00,11082.40,11047.19,11135.21,27,35.21,2024-11-27T14:20:00,11056.60,TIME_STOP,-696.60,-1144.91
baseline,MARUTI,2024-11-29,LONG,2024-11-29T10:50:00,11010.50,10973.04,11066.68,27,37.46,2024-11-29T11:20:00,11066.68,TARGET,1516.96,1069.90
baseline,MARUTI,2024-12-03,SHORT,2024-12-03T12:20:00,11221.95,11248.65,11181.90,26,26.70,2024-12-03T12:30:00,11248.65,STOP,-694.28,-1132.46
baseline,MARUTI,2024-12-06,SHORT,2024-12-06T12:00:00,11145.00,11179.42,11093.37,26,34.42,2024-12-06T12:00:00,11179.42,STOP,-894.84,-1330.17
baseline,MARUTI,2024-12-13,LONG,2024-12-13T12:50:00,11185.00,11146.63,11242.55,26,38.37,2024-12-13T13:00:00,11242.55,TARGET,1496.28,1058.94
baseline,MARUTI,2024-12-19,LONG,2024-12-19T11:50:00,11018.05,10987.09,11064.49,27,30.96,2024-12-19T12:30:00,10987.09,STOP,-835.85,-1281.45
baseline,MARUTI,2024-12-24,LONG,2024-12-24T10:40:00,10880.40,10850.51,10925.23,27,29.89,2024-12-24T10:50:00,10850.51,STOP,-807.01,-1247.07
baseline,MARUTI,2024-12-26,LONG,2024-12-26T10:10:00,10829.10,10799.05,10874.17,27,30.05,2024-12-26T10:10:00,10874.17,TARGET,1216.90,777.40
baseline,MARUTI,2024-12-31,LONG,2024-12-31T14:00:00,10842.45,10818.49,10878.39,27,23.96,2024-12-31T14:10:00,10878.39,TARGET,970.36,530.51
baseline,MARUTI,2025-01-01,SHORT,2025-01-01T10:00:00,10809.75,10835.38,10771.30,27,25.63,2025-01-01T10:10:00,10835.38,STOP,-692.02,-1130.34
baseline,MARUTI,2025-01-07,LONG,2025-01-07T11:30:00,11799.00,11757.56,11861.16,25,41.44,2025-01-07T12:10:00,11757.56,STOP,-1035.99,-1477.68
baseline,MARUTI,2025-01-08,LONG,2025-01-08T10:00:00,11746.80,11713.61,11796.59,25,33.19,2025-01-08T11:10:00,11796.59,TARGET,1244.69,803.25
baseline,MARUTI,2025-01-09,LONG,2025-01-09T12:50:00,11797.25,11766.60,11843.23,25,30.65,2025-01-09T14:10:00,11766.60,STOP,-766.27,-1208.10
baseline,MARUTI,2025-01-15,SHORT,2025-01-15T14:00:00,11904.70,11947.83,11840.00,25,43.13,2025-01-15T15:20:00,11947.83,STOP,-1078.32,-1525.56
baseline,MARUTI,2025-01-17,SHORT,2025-01-17T11:20:00,12023.70,12057.11,11973.58,24,33.41,2025-01-17T11:30:00,12057.11,STOP,-801.90,-1235.36
baseline,MARUTI,2025-01-20,LONG,2025-01-20T12:30:00,12090.00,12055.37,12141.95,24,34.63,2025-01-20T13:30:00,12055.37,STOP,-831.14,-1265.76
baseline,MARUTI,2025-01-22,LONG,2025-01-22T12:40:00,12072.00,12035.61,12126.59,24,36.39,2025-01-22T12:40:00,12035.61,STOP,-873.41,-1307.35
baseline,MARUTI,2025-01-24,LONG,2025-01-24T12:00:00,12086.90,12049.96,12142.31,24,36.94,2025-01-24T12:10:00,12049.96,STOP,-886.56,-1321.03
baseline,MARUTI,2025-01-27,LONG,2025-01-27T12:10:00,12031.40,11997.35,12082.48,24,34.05,2025-01-27T12:10:00,11997.35,STOP,-817.29,-1249.81
baseline,MARUTI,2025-01-28,LONG,2025-01-28T13:00:00,12008.95,11980.62,12051.44,24,28.33,2025-01-28T13:00:00,12051.44,TARGET,1019.78,586.70
baseline,MARUTI,2025-01-30,SHORT,2025-01-30T10:20:00,11997.40,12048.25,11921.12,25,50.85,2025-01-30T12:10:00,12005.40,TIME_STOP,-200.00,-650.05
baseline,MARUTI,2025-02-04,SHORT,2025-02-04T10:20:00,13072.80,13118.66,13004.01,22,45.86,2025-02-04T10:40:00,13004.01,TARGET,1513.45,1083.18
baseline,MARUTI,2025-02-05,LONG,2025-02-05T14:10:00,13105.25,13076.86,13147.83,22,28.39,2025-02-05T14:40:00,13076.86,STOP,-624.50,-1056.50
baseline,MARUTI,2025-02-07,SHORT,2025-02-07T10:10:00,13050.60,13079.80,13006.80,22,29.20,2025-02-07T10:10:00,13079.80,STOP,-642.43,-1073.58
baseline,MARUTI,2025-02-11,LONG,2025-02-11T10:00:00,12991.95,12958.68,13041.85,23,33.27,2025-02-11T10:00:00,12958.68,STOP,-765.21,-1212.86
baseline,MARUTI,2025-02-13,LONG,2025-02-13T11:50:00,12715.20,12682.63,12764.06,23,32.57,2025-02-13T12:00:00,12682.63,STOP,-749.11,-1187.22
baseline,MARUTI,2025-02-17,LONG,2025-02-17T12:10:00,12685.05,12654.18,12731.35,23,30.87,2025-02-17T14:00:00,12693.10,TIME_STOP,185.15,-252.62
baseline,MARUTI,2025-02-21,LONG,2025-02-21T13:50:00,12371.70,12338.19,12421.96,24,33.51,2025-02-21T14:40:00,12338.19,STOP,-804.21,-1248.98
baseline,MARUTI,2025-02-24,SHORT,2025-02-24T11:20:00,12325.95,12363.57,12269.52,24,37.62,2025-02-24T12:40:00,12363.57,STOP,-902.84,-1347.25
baseline,MARUTI,2025-02-27,SHORT,2025-02-27T10:10:00,12417.40,12452.69,12364.46,24,35.29,2025-02-27T11:40:00,12364.46,TARGET,1270.53,824.46
baseline,MARUTI,2025-03-05,LONG,2025-03-05T11:10:00,11680.00,11651.91,11722.14,25,28.09,2025-03-05T11:40:00,11722.14,TARGET,1053.56,614.77
baseline,MARUTI,2025-03-06,LONG,2025-03-06T13:20:00,11632.15,11597.01,11684.86,25,35.14,2025-03-06T15:10:00,11667.25,TIME_STOP,877.50,440.64
baseline,MARUTI,2025-03-07,SHORT,2025-03-07T12:30:00,11621.65,11653.01,11574.61,25,31.36,2025-03-07T12:40:00,11653.01,STOP,-783.95,-1220.35
baseline,MARUTI,2025-03-11,LONG,2025-03-11T13:50:00,11619.90,11590.01,11664.73,25,29.89,2025-03-11T14:20:00,11664.73,TARGET,1120.86,684.28
baseline,MARUTI,2025-03-12,SHORT,2025-03-12T10:50:00,11606.35,11638.54,11558.06,25,32.19,2025-03-12T11:00:00,11638.54,STOP,-804.78,-1240.62
baseline,MARUTI,2025-03-13,SHORT,2025-03-13T11:50:00,11600.00,11632.98,11550.53,25,32.98,2025-03-13T12:50:00,11632.98,STOP,-824.52,-1260.13
baseline,MARUTI,2025-03-17,LONG,2025-03-17T10:00:00,11703.65,11665.08,11761.51,25,38.57,2025-03-17T10:00:00,11665.08,STOP,-964.26,-1402.42
baseline,MARUTI,2025-03-19,SHORT,2025-03-19T14:00:00,11561.25,11585.02,11525.60,25,23.77,2025-03-19T14:00:00,11585.02,STOP,-594.23,-1028.22
baseline,MARUTI,2025-03-21,SHORT,2025-03-21T14:10:00,11776.55,11810.13,11726.18,25,33.58,2025-03-21T15:00:00,11726.18,TARGET,1259.18,818.51
baseline,MARUTI,2025-03-24,LONG,2025-03-24T11:00:00,11828.00,11790.42,11884.37,25,37.58,2025-03-24T11:50:00,11884.37,TARGET,1409.16,964.55
baseline,MARUTI,2025-03-25,SHORT,2025-03-25T11:50:00,11908.00,11949.71,11845.44,25,41.71,2025-03-25T13:40:00,11934.00,TIME_STOP,-650.00,-1097.04
baseline,MARUTI,2025-04-17,LONG,2025-04-17T12:10:00,11650.00,11618.84,11696.75,25,31.16,2025-04-17T14:00:00,11696.75,TARGET,1168.67,730.91
baseline,MARUTI,2025-04-21,LONG,2025-04-21T10:50:00,11745.00,11710.86,11796.20,25,34.14,2025-04-21T10:50:00,11710.86,STOP,-853.39,-1293.19
baseline,MARUTI,2025-04-22,SHORT,2025-04-22T10:10:00,11647.00,11680.08,11597.38,25,33.08,2025-04-22T11:40:00,11680.08,STOP,-827.04,-1264.42
baseline,MARUTI,2025-04-25,SHORT,2025-04-25T10:10:00,11843.00,11893.08,11767.88,25,50.08,2025-04-25T12:00:00,11830.00,TIME_STOP,325.00,-118.87
baseline,MARUTI,2025-04-28,LONG,2025-04-28T12:00:00,11750.00,11685.03,11847.45,25,64.97,2025-04-28T12:30:00,11847.45,TARGET,2436.20,1993.74
baseline,MARUTI,2025-04-29,SHORT,2025-04-29T10:40:00,11780.00,11823.54,11714.70,25,43.54,2025-04-29T10:40:00,11823.54,STOP,-1088.39,-1530.95
baseline,MARUTI,2025-05-16,SHORT,2025-05-16T14:10:00,12925.00,12953.21,12882.68,23,28.21,2025-05-16T14:40:00,12953.21,STOP,-648.87,-1095.27
baseline,MARUTI,2025-05-19,SHORT,2025-05-19T11:00:00,12948.00,12976.67,12904.99,23,28.67,2025-05-19T11:10:00,12976.67,STOP,-659.42,-1106.62
baseline,MARUTI,2025-05-23,LONG,2025-05-23T11:20:00,12485.00,12458.16,12525.26,24,26.84,2025-05-23T11:30:00,12458.16,STOP,-644.22,-1093.19
baseline,MARUTI,2025-05-26,SHORT,2025-05-26T11:00:00,12452.00,12482.05,12406.93,24,30.05,2025-05-26T11:20:00,12482.05,STOP,-721.17,-1169.98
baseline,MARUTI,2025-05-27,LONG,2025-05-27T11:50:00,12441.00,12401.87,12499.69,24,39.13,2025-05-27T12:00:00,12401.87,STOP,-939.02,-1386.19
baseline,MARUTI,2025-05-30,SHORT,2025-05-30T11:30:00,12316.00,12347.21,12269.18,24,31.21,2025-05-30T11:40:00,12269.18,TARGET,1123.65,681.11
baseline,MARUTI,2025-06-02,LONG,2025-06-02T12:40:00,12280.00,12246.17,12330.74,24,33.83,2025-06-02T13:00:00,12246.17,STOP,-811.84,-1253.32
baseline,MARUTI,2025-06-04,LONG,2025-06-04T10:10:00,12188.00,12153.12,12240.32,24,34.88,2025-06-04T10:30:00,12240.32,TARGET,1255.74,816.03
baseline,MARUTI,2025-06-05,SHORT,2025-06-05T10:20:00,12062.00,12101.48,12002.78,24,39.48,2025-06-05T10:20:00,12101.48,STOP,-947.47,-1382.41
baseline,MARUTI,2025-06-10,SHORT,2025-06-10T11:50:00,12553.00,12578.20,12515.20,23,25.20,2025-06-10T12:00:00,12578.20,STOP,-579.67,-1013.18
baseline,MARUTI,2025-06-13,LONG,2025-06-13T12:20:00,12361.00,12326.03,12413.46,24,34.97,2025-06-13T13:00:00,12413.46,TARGET,1258.96,813.02
baseline,MARUTI,2025-06-17,SHORT,2025-06-17T10:10:00,12510.00,12534.80,12472.80,23,24.80,2025-06-17T10:20:00,12534.80,STOP,-570.47,-1002.49
baseline,MARUTI,2025-06-20,SHORT,2025-06-20T10:50:00,12783.00,12811.42,12740.38,23,28.42,2025-06-20T11:20:00,12740.38,TARGET,980.37,540.09
baseline,MARUTI,2025-06-24,SHORT,2025-06-24T13:10:00,12714.00,12747.08,12664.39,23,33.08,2025-06-24T13:20:00,12664.39,TARGET,1141.11,703.34
baseline,MARUTI,2025-06-25,LONG,2025-06-25T10:50:00,12712.00,12678.23,12762.66,23,33.77,2025-06-25T11:20:00,12762.66,TARGET,1165.11,725.68
baseline,MARUTI,2025-06-26,SHORT,2025-06-26T11:10:00,12728.00,12759.45,12680.83,23,31.45,2025-06-26T12:30:00,12759.45,STOP,-723.34,-1163.00
baseline,MARUTI,2025-06-27,LONG,2025-06-27T13:00:00,12734.00,12708.62,12772.08,23,25.38,2025-06-27T13:00:00,12708.62,STOP,-583.84,-1022.73
baseline,MARUTI,2025-07-09,LONG,2025-07-09T12:00:00,12527.00,12503.27,12562.60,23,23.73,2025-07-09T12:30:00,12503.27,STOP,-545.83,-977.61
baseline,MARUTI,2025-07-10,LONG,2025-07-10T10:20:00,12588.00,12551.75,12642.38,23,36.25,2025-07-10T10:40:00,12642.38,TARGET,1250.73,815.50
baseline,MARUTI,2025-07-11,SHORT,2025-07-11T10:30:00,12564.00,12597.22,12514.17,23,33.22,2025-07-11T12:20:00,12562.00,TIME_STOP,46.00,-387.42
baseline,MARUTI,2025-07-14,SHORT,2025-07-14T10:40:00,12506.00,12539.44,12455.83,23,33.44,2025-07-14T11:40:00,12455.83,TARGET,1153.85,723.25
baseline,MARUTI,2025-07-15,SHORT,2025-07-15T14:00:00,12525.00,12546.49,12492.77,23,21.49,2025-07-15T15:20:00,12546.49,STOP,-494.19,-926.68
baseline,MARUTI,2025-07-17,SHORT,2025-07-17T13:20:00,12543.00,12563.06,12512.91,23,20.06,2025-07-17T13:50:00,12512.91,TARGET,692.15,259.94
baseline,MARUTI,2025-07-22,LONG,2025-07-22T11:30:00,12398.00,12376.41,12430.38,24,21.59,2025-07-22T12:20:00,12430.38,TARGET,777.10,330.19
baseline,MARUTI,2025-07-28,SHORT,2025-07-28T11:40:00,12429.00,12465.51,12374.23,24,36.51,2025-07-28T12:50:00,12374.23,TARGET,1314.45,867.99
baseline,MARUTI,2025-07-29,LONG,2025-07-29T13:00:00,12377.00,12346.32,12423.02,24,30.68,2025-07-29T14:10:00,12423.02,TARGET,1104.52,658.12
baseline,MARUTI,2025-07-31,SHORT,2025-07-31T10:00:00,12500.00,12536.65,12445.03,24,36.65,2025-07-31T11:10:00,12536.65,STOP,-879.54,-1330.20
baseline,MARUTI,2025-08-06,SHORT,2025-08-06T13:00:00,12508.00,12531.33,12473.00,23,23.33,2025-08-06T14:50:00,12510.00,TIME_STOP,-46.00,-477.56
baseline,MARUTI,2025-08-11,LONG,2025-08-11T13:40:00,12600.00,12574.71,12637.93,23,25.29,2025-08-11T13:50:00,12574.71,STOP,-581.60,-1015.86
baseline,MARUTI,2025-08-13,LONG,2025-08-13T10:10:00,12875.00,12832.27,12939.09,23,42.73,2025-08-13T10:50:00,12832.27,STOP,-982.76,-1426.21
baseline,MARUTI,2025-08-14,SHORT,2025-08-14T11:30:00,12834.00,12863.08,12790.39,23,29.08,2025-08-14T12:30:00,12863.08,STOP,-668.76,-1112.03
baseline,MARUTI,2025-08-20,SHORT,2025-08-20T14:00:00,14223.00,14242.25,14194.12,21,19.25,2025-08-20T14:10:00,14242.25,STOP,-404.31,-852.63
baseline,MARUTI,2025-08-21,LONG,2025-08-21T12:30:00,14255.00,14231.78,14289.84,21,23.22,2025-08-21T13:30:00,14231.78,STOP,-487.70,-936.37
baseline,MARUTI,2025-08-29,SHORT,2025-08-29T11:10:00,14716.00,14755.30,14657.06,20,39.30,2025-08-29T11:30:00,14755.30,STOP,-785.92,-1227.99
baseline,MARUTI,2025-09-01,LONG,2025-09-01T12:10:00,14791.00,14758.38,14839.93,20,32.62,2025-09-01T12:10:00,14758.38,STOP,-652.40,-1095.64
baseline,MARUTI,2025-09-03,SHORT,2025-09-03T10:10:00,14773.00,14812.76,14713.36,20,39.76,2025-09-03T11:30:00,14812.76,STOP,-795.22,-1239.01
baseline,MARUTI,2025-09-04,SHORT,2025-09-04T10:50:00,14822.00,14882.67,14730.99,20,60.67,2025-09-04T12:40:00,14800.00,TIME_STOP,440.00,-4.33
baseline,MARUTI,2025-09-05,LONG,2025-09-05T10:10:00,14866.00,14823.21,14930.18,20,42.79,2025-09-05T11:20:00,14823.21,STOP,-855.72,-1301.06
baseline,MARUTI,2025-09-15,SHORT,2025-09-15T12:00:00,15306.00,15326.30,15275.56,19,20.30,2025-09-15T12:10:00,15275.56,TARGET,578.45,142.66
baseline,MARUTI,2025-09-22,SHORT,2025-09-22T13:30:00,15900.00,15923.76,15864.36,18,23.76,2025-09-22T14:30:00,15864.36,TARGET,641.51,212.69
baseline,MARUTI,2025-09-25,LONG,2025-09-25T12:50:00,16197.00,16161.55,16250.17,18,35.45,2025-09-25T13:00:00,16250.17,TARGET,957.06,519.02
baseline,MARUTI,2025-09-29,LONG,2025-09-29T14:10:00,16214.00,16168.23,16282.66,18,45.77,2025-09-29T14:10:00,16168.23,STOP,-823.91,-1261.07
baseline,MARUTI,2025-09-30,LONG,2025-09-30T14:10:00,16013.00,15985.91,16053.63,18,27.09,2025-09-30T14:20:00,15985.91,STOP,-487.60,-919.59
baseline,MARUTI,2025-10-01,SHORT,2025-10-01T10:10:00,15952.00,15993.65,15889.52,18,41.65,2025-10-01T10:30:00,15889.52,TARGET,1124.65,694.79
baseline,MARUTI,2025-10-06,LONG,2025-10-06T10:10:00,15900.00,15855.45,15966.83,18,44.55,2025-10-06T10:30:00,15966.83,TARGET,1202.91,772.71
baseline,MARUTI,2025-10-08,SHORT,2025-10-08T14:00:00,16122.00,16146.34,16085.49,18,24.34,2025-10-08T14:10:00,16085.49,TARGET,657.23,222.43
baseline,MARUTI,2025-10-13,SHORT,2025-10-13T13:40:00,16286.00,16321.42,16232.86,18,35.42,2025-10-13T14:10:00,16304.00,REVERSE,-324.00,-763.96
baseline,MARUTI,2025-10-15,SHORT,2025-10-15T14:00:00,16270.00,16299.23,16226.15,18,29.23,2025-10-15T14:50:00,16226.15,TARGET,789.22,350.52
baseline,MARUTI,2025-10-16,LONG,2025-10-16T10:20:00,16298.00,16263.79,16349.31,18,34.21,2025-10-16T11:00:00,16263.79,STOP,-615.76,-1055.34
baseline,MARUTI,2025-10-17,SHORT,2025-10-17T14:00:00,16363.00,16395.47,16314.29,18,32.47,2025-10-17T14:40:00,16395.47,STOP,-584.53,-1026.77
baseline,MARUTI,2025-10-21,LONG,2025-10-21T14:00:00,16442.00,16407.80,16493.30,18,34.20,2025-10-21T14:00:00,16407.80,STOP,-615.64,-1059.11
baseline,MARUTI,2025-10-23,SHORT,2025-10-23T11:00:00,16388.00,16433.83,16319.26,18,45.83,2025-10-23T12:50:00,16390.00,TIME_STOP,-36.00,-478.50
baseline,MARUTI,2025-10-29,SHORT,2025-10-29T13:20:00,16325.00,16355.30,16279.55,18,30.30,2025-10-29T14:00:00,16279.55,TARGET,818.06,377.90
baseline,MARUTI,2025-10-30,LONG,2025-10-30T13:10:00,16244.00,16201.60,16307.60,18,42.40,2025-10-30T13:30:00,16201.60,STOP,-763.17,-1201.18
baseline,MARUTI,2025-11-06,LONG,2025-11-06T13:50:00,15459.00,15423.27,15512.60,19,35.73,2025-11-06T15:20:00,15433.00,EOD,-494.00,-934.21
baseline,MARUTI,2025-11-07,LONG,2025-11-07T12:40:00,15425.00,15387.21,15481.69,19,37.79,2025-11-07T13:30:00,15481.69,TARGET,1077.10,636.68
baseline,MARUTI,2025-11-11,SHORT,2025-11-11T10:40:00,15529.00,15562.24,15479.14,19,33.24,2025-11-11T11:40:00,15562.24,STOP,-631.60,-1074.65
baseline,MARUTI,2025-11-12,SHORT,2025-11-12T10:20:00,15579.00,15608.69,15534.47,19,29.69,2025-11-12T11:00:00,15608.69,STOP,-564.03,-1008.45
baseline,MARUTI,2025-11-14,SHORT,2025-11-14T10:20:00,15613.00,15655.60,15549.09,19,42.60,2025-11-14T12:10:00,15618.00,TIME_STOP,-95.00,-540.04
baseline,MARUTI,2025-11-19,SHORT,2025-11-19T10:00:00,15880.00,15911.02,15833.48,18,31.02,2025-11-19T10:50:00,15833.48,TARGET,837.43,409.29
baseline,MARUTI,2025-11-20,LONG,2025-11-20T14:10:00,15764.00,15736.97,15804.55,19,27.03,2025-11-20T14:50:00,15804.55,TARGET,770.44,320.59
baseline,MARUTI,2025-11-25,SHORT,2025-11-25T12:50:00,15970.00,15997.47,15928.80,18,27.47,2025-11-25T13:10:00,15997.47,STOP,-494.40,-925.96
baseline,MARUTI,2025-11-26,LONG,2025-11-26T10:10:00,16024.00,15983.86,16084.21,18,40.14,2025-11-26T12:00:00,16084.21,TARGET,1083.79,650.33
baseline,MARUTI,2025-11-27,SHORT,2025-11-27T10:30:00,16085.00,16119.73,16032.90,18,34.73,2025-11-27T10:40:00,16119.73,STOP,-625.20,-1059.96
baseline,MARUTI,2025-11-28,LONG,2025-11-28T11:20:00,16010.00,15973.19,16065.21,18,36.81,2025-11-28T11:40:00,15973.19,STOP,-662.56,-1094.33
baseline,MARUTI,2025-12-01,LONG,2025-12-01T10:00:00,16011.00,15975.69,16063.96,18,35.31,2025-12-01T10:00:00,16063.96,TARGET,953.37,520.36
baseline,MARUTI,2025-12-03,SHORT,2025-12-03T10:00:00,16080.00,16117.54,16023.69,18,37.54,2025-12-03T10:00:00,16117.54,STOP,-675.71,-1110.38
baseline,MARUTI,2025-12-04,SHORT,2025-12-04T10:20:00,15986.00,16019.08,15936.38,18,33.08,2025-12-04T10:40:00,16019.08,STOP,-595.48,-1027.55
baseline,MARUTI,2025-12-08,SHORT,2025-12-08T11:20:00,16168.00,16201.20,16118.21,18,33.20,2025-12-08T13:10:00,16167.00,TIME_STOP,18.00,-418.52
baseline,MARUTI,2025-12-09,LONG,2025-12-09T12:30:00,16208.00,16171.87,16262.19,18,36.13,2025-12-09T13:10:00,16171.87,STOP,-650.25,-1087.38
baseline,MARUTI,2025-12-10,LONG,2025-12-10T13:00:00,16080.00,16044.96,16132.55,18,35.04,2025-12-10T13:40:00,16044.96,STOP,-630.66,-1064.35
baseline,MARUTI,2025-12-17,SHORT,2025-12-17T12:50:00,16399.00,16424.63,16360.55,18,25.63,2025-12-17T14:20:00,16424.63,STOP,-461.38,-904.50
baseline,MARUTI,2025-12-18,LONG,2025-12-18T13:10:00,16383.00,16355.91,16423.63,18,27.09,2025-12-18T14:10:00,16355.91,STOP,-487.60,-929.58
baseline,MARUTI,2025-12-26,SHORT,2025-12-26T10:00:00,16632.00,16657.67,16593.50,18,25.67,2025-12-26T11:10:00,16593.50,TARGET,693.07,244.53
baseline,MARUTI,2025-12-29,SHORT,2025-12-29T10:30:00,16572.00,16602.01,16526.99,18,30.01,2025-12-29T11:10:00,16526.99,TARGET,810.24,363.40
baseline,MARUTI,2025-12-30,LONG,2025-12-30T10:10:00,16605.00,16568.28,16660.08,18,36.72,2025-12-30T10:20:00,16660.08,TARGET,991.47,542.39
baseline,MARUTI,2026-01-01,SHORT,2026-01-01T13:10:00,16668.00,16715.28,16597.08,17,47.28,2026-01-01T13:50:00,16715.28,STOP,-803.72,-1229.36
baseline,MARUTI,2026-01-06,SHORT,2026-01-06T11:20:00,17165.00,17204.29,17106.07,17,39.29,2026-01-06T11:40:00,17204.29,STOP,-667.91,-1106.12
baseline,MARUTI,2026-01-12,LONG,2026-01-12T13:20:00,16538.00,16489.68,16610.48,18,48.32,2026-01-12T15:00:00,16610.48,TARGET,1304.70,857.20
baseline,MARUTI,2026-01-13,SHORT,2026-01-13T11:30:00,16435.00,16490.25,16352.13,18,55.25,2026-01-13T11:30:00,16490.25,STOP,-994.44,-1438.94
baseline,MARUTI,2026-01-19,LONG,2026-01-19T13:20:00,16190.00,16143.87,16259.19,18,46.13,2026-01-19T15:10:00,16180.00,TIME_STOP,-180.00,-617.00
baseline,MARUTI,2026-01-22,SHORT,2026-01-22T11:30:00,15761.00,15810.96,15686.07,19,49.96,2026-01-22T12:20:00,15810.96,STOP,-949.15,-1399.05
baseline,MARUTI,2026-01-23,SHORT,2026-01-23T10:00:00,15758.00,15805.32,15687.02,19,47.32,2026-01-23T10:50:00,15687.02,TARGET,1348.66,900.57
baseline,MARUTI,2026-01-30,LONG,2026-01-30T13:40:00,14504.00,14450.98,14583.53,20,53.02,2026-01-30T14:00:00,14583.53,TARGET,1590.63,1154.31
baseline,MARUTI,2026-02-05,LONG,2026-02-05T12:30:00,15023.00,14985.49,15079.27,19,37.51,2026-02-05T13:10:00,15079.27,TARGET,1069.07,640.11
baseline,MARUTI,2026-02-06,LONG,2026-02-06T11:40:00,15083.00,15034.76,15155.35,19,48.24,2026-02-06T12:10:00,15034.76,STOP,-916.48,-1345.66
baseline,MARUTI,2026-02-12,SHORT,2026-02-12T13:30:00,15365.00,15395.25,15319.63,19,30.25,2026-02-12T14:50:00,15319.63,TARGET,862.02,424.77
baseline,MARUTI,2026-02-13,LONG,2026-02-13T12:00:00,15401.00,15366.86,15452.21,19,34.14,2026-02-13T12:30:00,15366.86,STOP,-648.72,-1087.16
baseline,MARUTI,2026-02-19,SHORT,2026-02-19T12:10:00,15126.00,15157.14,15079.29,19,31.14,2026-02-19T12:40:00,15079.29,TARGET,887.53,457.11
baseline,MARUTI,2026-02-20,LONG,2026-02-20T13:00:00,15038.00,14994.55,15103.18,19,43.45,2026-02-20T13:10:00,14994.55,STOP,-825.63,-1253.60
baseline,MARUTI,2026-02-23,SHORT,2026-02-23T13:20:00,15020.00,15051.08,14973.39,19,31.08,2026-02-23T13:30:00,15051.08,STOP,-590.45,-1018.96
baseline,MARUTI,2026-03-10,LONG,2026-03-10T10:20:00,13590.00,13532.36,13676.46,22,57.64,2026-03-10T10:50:00,13676.46,TARGET,1902.03,1452.14
baseline,MARUTI,2026-03-11,SHORT,2026-03-11T11:20:00,13702.00,13766.03,13605.96,21,64.03,2026-03-11T12:00:00,13605.96,TARGET,2016.84,1586.74
baseline,HEROMOTOCO,2024-03-18,LONG,2024-03-18T12:00:00,4458.75,4436.00,4492.88,67,22.75,2024-03-18T12:50:00,4436.00,STOP,-1524.30,-1971.26
baseline,HEROMOTOCO,2024-03-19,SHORT,2024-03-19T10:30:00,4424.65,4442.99,4397.15,67,18.34,2024-03-19T11:20:00,4442.99,STOP,-1228.54,-1674.14
baseline,HEROMOTOCO,2024-03-20,SHORT,2024-03-20T10:00:00,4408.00,4426.83,4379.75,68,18.83,2024-03-20T10:10:00,4426.83,STOP,-1280.44,-1731.02
baseline,HEROMOTOCO,2024-03-26,SHORT,2024-03-26T12:10:00,4537.15,4555.15,4510.15,66,18.00,2024-03-26T13:50:00,4549.65,REVERSE,-825.00,-1274.80
baseline,HEROMOTOCO,2024-03-27,SHORT,2024-03-27T10:10:00,4539.85,4554.83,4517.38,66,14.98,2024-03-27T11:00:00,4517.38,TARGET,1483.00,1034.67
baseline,HEROMOTOCO,2024-03-28,LONG,2024-03-28T10:20:00,4539.45,4523.67,4563.12,66,15.78,2024-03-28T10:40:00,4523.67,STOP,-1041.47,-1490.09
baseline,HEROMOTOCO,2024-04-01,SHORT,2024-04-01T11:00:00,4556.95,4576.11,4528.21,65,19.16,2024-04-01T11:20:00,4576.11,STOP,-1245.39,-1690.63
baseline,HEROMOTOCO,2024-04-03,LONG,2024-04-03T10:10:00,4472.75,4458.41,4494.25,67,14.34,2024-04-03T10:50:00,4458.41,STOP,-960.51,-1409.30
baseline,HEROMOTOCO,2024-04-09,SHORT,2024-04-09T11:50:00,4442.80,4462.57,4413.15,67,19.77,2024-04-09T13:40:00,4423.10,TIME_STOP,1319.90,874.39
baseline,HEROMOTOCO,2024-04-12,LONG,2024-04-12T11:20:00,4392.75,4381.86,4409.08,68,10.89,2024-04-12T11:30:00,4409.08,TARGET,1110.44,661.55
baseline,HEROMOTOCO,2024-04-22,LONG,2024-04-22T10:10:00,4121.70,4104.80,4147.05,72,16.90,2024-04-22T12:00:00,4128.35,TIME_STOP,478.80,33.30
baseline,HEROMOTOCO,2024-05-03,LONG,2024-05-03T10:10:00,4451.30,4434.48,4476.53,67,16.82,2024-05-03T11:20:00,4434.48,STOP,-1126.80,-1573.31
baseline,HEROMOTOCO,2024-05-07,SHORT,2024-05-07T11:00:00,4370.75,4388.35,4344.34,68,17.60,2024-05-07T11:20:00,4344.34,TARGET,1795.64,1351.17
baseline,HEROMOTOCO,2024-05-08,LONG,2024-05-08T12:00:00,4388.05,4367.45,4418.96,68,20.60,2024-05-08T12:20:00,4418.96,TARGET,2101.68,1652.52
baseline,HEROMOTOCO,2024-05-13,SHORT,2024-05-13T10:40:00,4624.40,4657.39,4574.91,64,32.99,2024-05-13T11:30:00,4657.39,STOP,-2111.51,-2557.04
baseline,HEROMOTOCO,2024-05-16,SHORT,2024-05-16T13:40:00,4942.10,4960.40,4914.64,60,18.30,2024-05-16T14:20:00,4960.40,STOP,-1098.20,-1543.81
baseline,HEROMOTOCO,2024-05-23,SHORT,2024-05-23T10:10:00,4862.10,4878.89,4836.92,61,16.79,2024-05-23T10:20:00,4878.89,STOP,-1023.93,-1469.58
baseline,HEROMOTOCO,2024-05-28,LONG,2024-05-28T11:00:00,5011.25,4992.44,5039.46,59,18.81,2024-05-28T11:00:00,5039.46,TARGET,1664.60,1219.86
baseline,HEROMOTOCO,2024-05-29,SHORT,2024-05-29T10:30:00,5019.05,5039.69,4988.09,59,20.64,2024-05-29T10:40:00,5039.69,STOP,-1217.72,-1662.82
baseline,HEROMOTOCO,2024-05-30,LONG,2024-05-30T10:00:00,5049.60,5028.48,5081.27,59,21.12,2024-05-30T10:10:00,5028.48,STOP,-1245.83,-1691.78
baseline,HEROMOTOCO,2024-05-31,SHORT,2024-05-31T10:40:00,4984.85,5010.38,4946.55,60,25.53,2024-05-31T11:20:00,4946.55,TARGET,2298.10,1851.19
baseline,HEROMOTOCO,2024-06-04,SHORT,2024-06-04T12:30:00,4815.90,4874.61,4727.83,42,58.71,2024-06-04T12:30:00,4874.61,STOP,-2465.99,-2771.24
baseline,HEROMOTOCO,2024-06-06,LONG,2024-06-06T13:50:00,5435.65,5407.44,5477.97,55,28.21,2024-06-06T13:50:00,5407.44,STOP,-1551.56,-1998.83
baseline,HEROMOTOCO,2024-06-13,SHORT,2024-06-13T10:50:00,5638.75,5657.12,5611.19,53,18.37,2024-06-13T11:10:00,5611.19,TARGET,1460.46,1013.27
baseline,HEROMOTOCO,2024-06-14,LONG,2024-06-14T11:00:00,5678.15,5659.93,5705.48,52,18.22,2024-06-14T11:30:00,5705.48,TARGET,1421.19,977.23
baseline,HEROMOTOCO,2024-06-18,SHORT,2024-06-18T12:00:00,5651.95,5671.83,5622.14,53,19.88,2024-06-18T12:50:00,5671.83,STOP,-1053.46,-1503.58
baseline,HEROMOTOCO,2024-06-21,LONG,2024-06-21T10:50:00,5447.25,5423.36,5483.08,55,23.89,2024-06-21T11:50:00,5423.36,STOP,-1313.86,-1762.27
baseline,HEROMOTOCO,2024-06-24,LONG,2024-06-24T13:50:00,5368.10,5350.77,5394.10,55,17.33,2024-06-24T14:20:00,5394.10,TARGET,1429.83,985.89
baseline,HEROMOTOCO,2024-06-25,SHORT,2024-06-25T14:10:00,5395.95,5409.83,5375.13,55,13.88,2024-06-25T14:40:00,5375.13,TARGET,1145.29,700.99
baseline,HEROMOTOCO,2024-07-01,SHORT,2024-07-01T13:30:00,5461.00,5480.85,5431.22,54,19.85,2024-07-01T13:40:00,5480.85,STOP,-1072.05,-1515.20
baseline,HEROMOTOCO,2024-07-02,LONG,2024-07-02T10:20:00,5513.20,5490.42,5547.38,54,22.78,2024-07-02T10:30:00,5490.42,STOP,-1230.34,-1675.98
baseline,HEROMOTOCO,2024-07-03,LONG,2024-07-03T10:40:00,5451.15,5431.77,5480.22,55,19.38,2024-07-03T10:50:00,5431.77,STOP,-1065.90,-1514.82
baseline,HEROMOTOCO,2024-07-04,LONG,2024-07-04T12:40:00,5435.95,5422.93,5455.47,55,13.02,2024-07-04T14:30:00,5429.75,TIME_STOP,-341.00,-789.21
baseline,HEROMOTOCO,2024-07-08,SHORT,2024-07-08T11:50:00,5408.00,5427.18,5379.23,55,19.18,2024-07-08T13:40:00,5402.95,TIME_STOP,277.75,-168.20
baseline,HEROMOTOCO,2024-07-09,LONG,2024-07-09T10:40:00,5443.00,5423.01,5472.99,55,19.99,2024-07-09T10:50:00,5423.01,STOP,-1099.70,-1547.93
baseline,HEROMOTOCO,2024-07-10,SHORT,2024-07-10T10:30:00,5394.15,5417.11,5359.72,55,22.96,2024-07-10T10:40:00,5359.72,TARGET,1893.88,1450.28
baseline,HEROMOTOCO,2024-07-11,LONG,2024-07-11T10:10:00,5407.60,5387.81,5437.29,55,19.79,2024-07-11T10:10:00,5387.81,STOP,-1088.67,-1533.98
baseline,HEROMOTOCO,2024-07-12,SHORT,2024-07-12T12:30:00,5389.10,5405.12,5365.07,55,16.02,2024-07-12T13:30:00,5405.12,STOP,-881.25,-1326.51
baseline,HEROMOTOCO,2024-07-16,LONG,2024-07-16T11:10:00,5475.45,5461.55,5496.30,54,13.90,2024-07-16T11:30:00,5461.55,STOP,-750.44,-1193.39
baseline,HEROMOTOCO,2024-07-23,SHORT,2024-07-23T10:30:00,5309.10,5326.40,5283.14,56,17.30,2024-07-23T11:00:00,5326.40,STOP,-969.06,-1415.75
baseline,HEROMOTOCO,2024-07-30,LONG,2024-07-30T11:50:00,5407.30,5387.39,5437.17,55,19.91,2024-07-30T12:00:00,5387.39,STOP,-1095.18,-1540.46
baseline,HEROMOTOCO,2024-07-31,LONG,2024-07-31T13:20:00,5365.35,5344.72,5396.29,55,20.63,2024-07-31T13:40:00,5396.29,TARGET,1701.77,1257.85
baseline,HEROMOTOCO,2024-08-09,LONG,2024-08-09T10:30:00,5078.55,5059.85,5106.60,59,18.70,2024-08-09T12:20:00,5079.55,TIME_STOP,59.00,-390.50
baseline,HEROMOTOCO,2024-08-12,SHORT,2024-08-12T10:40:00,5075.15,5091.22,5051.04,59,16.07,2024-08-12T11:20:00,5091.22,STOP,-948.21,-1398.07
baseline,HEROMOTOCO,2024-08-13,SHORT,2024-08-13T12:40:00,5176.05,5202.08,5137.01,57,26.03,2024-08-13T12:40:00,5137.01,TARGET,2225.21,1784.33
baseline,HEROMOTOCO,2024-08-20,SHORT,2024-08-20T14:10:00,5108.80,5127.50,5080.75,58,18.70,2024-08-20T15:10:00,5127.50,STOP,-1084.62,-1529.89
baseline,HEROMOTOCO,2024-08-21,LONG,2024-08-21T10:20:00,5136.50,5117.84,5164.48,58,18.66,2024-08-21T12:10:00,5135.35,TIME_STOP,-66.70,-513.53
baseline,HEROMOTOCO,2024-08-26,LONG,2024-08-26T10:50:00,5271.95,5253.18,5300.11,56,18.77,2024-08-26T11:10:00,5253.18,STOP,-1051.19,-1493.24
baseline,HEROMOTOCO,2024-08-27,LONG,2024-08-27T10:50:00,5250.35,5235.46,5272.68,57,14.89,2024-08-27T11:40:00,5235.46,STOP,-848.60,-1296.87
baseline,HEROMOTOCO,2024-09-04,SHORT,2024-09-04T11:10:00,5484.40,5504.51,5454.24,54,20.11,2024-09-04T12:30:00,5504.51,STOP,-1085.69,-1530.75
baseline,HEROMOTOCO,2024-09-06,SHORT,2024-09-06T10:20:00,5566.20,5587.37,5534.44,53,21.17,2024-09-06T10:30:00,5534.44,TARGET,1683.36,1242.10
baseline,HEROMOTOCO,2024-09-09,LONG,2024-09-09T10:10:00,5612.20,5591.28,5643.58,53,20.92,2024-09-09T12:00:00,5591.28,STOP,-1108.94,-1554.27
baseline,HEROMOTOCO,2024-09-10,SHORT,2024-09-10T10:40:00,5565.05,5589.68,5528.11,53,24.63,2024-09-10T12:30:00,5528.11,TARGET,1957.90,1516.94
baseline,HEROMOTOCO,2024-09-11,LONG,2024-09-11T12:50:00,5551.80,5534.68,5577.48,54,17.12,2024-09-11T13:10:00,5534.68,STOP,-924.35,-1373.35
baseline,HEROMOTOCO,2024-09-16,LONG,2024-09-16T10:50:00,5679.50,5661.43,5706.60,52,18.07,2024-09-16T10:50:00,5661.43,STOP,-939.57,-1381.86
baseline,HEROMOTOCO,2024-09-17,LONG,2024-09-17T10:00:00,5654.85,5640.73,5676.03,53,14.12,2024-09-17T10:00:00,5676.03,TARGET,1122.43,672.03
baseline,HEROMOTOCO,2024-09-18,SHORT,2024-09-18T13:30:00,5846.05,5871.75,5807.51,51,25.70,2024-09-18T14:30:00,5807.51,TARGET,1965.72,1519.97
baseline,HEROMOTOCO,2024-09-19,LONG,2024-09-19T10:00:00,5886.75,5858.79,5928.69,50,27.96,2024-09-19T10:10:00,5858.79,STOP,-1398.08,-1838.54
baseline,HEROMOTOCO,2024-09-20,LONG,2024-09-20T10:10:00,5893.90,5874.89,5922.41,50,19.01,2024-09-20T10:30:00,5922.41,TARGET,1425.43,982.31
baseline,HEROMOTOCO,2024-09-25,SHORT,2024-09-25T10:20:00,5952.40,5970.75,5924.87,50,18.35,2024-09-25T10:40:00,5924.87,TARGET,1376.53,931.13
baseline,HEROMOTOCO,2024-09-26,LONG,2024-09-26T13:20:00,5877.55,5857.07,5908.27,51,20.48,2024-09-26T13:30:00,5908.27,TARGET,1566.88,1116.07
baseline,HEROMOTOCO,2024-09-27,SHORT,2024-09-27T11:20:00,5840.45,5865.83,5802.38,51,25.38,2024-09-27T13:10:00,5816.05,TIME_STOP,1244.40,798.54
baseline,HEROMOTOCO,2024-10-08,LONG,2024-10-08T11:40:00,5370.25,5346.57,5405.77,55,23.68,2024-10-08T12:00:00,5346.57,STOP,-1302.27,-1744.34
baseline,HEROMOTOCO,2024-10-10,SHORT,2024-10-10T12:20:00,5374.05,5390.12,5349.94,55,16.07,2024-10-10T12:50:00,5349.94,TARGET,1325.81,883.45
baseline,HEROMOTOCO,2024-10-11,LONG,2024-10-11T13:00:00,5347.80,5335.68,5365.97,56,12.12,2024-10-11T13:00:00,5335.68,STOP,-678.53,-1127.23
baseline,HEROMOTOCO,2024-10-15,SHORT,2024-10-15T10:30:00,5382.10,5398.18,5357.98,55,16.08,2024-10-15T10:50:00,5398.18,STOP,-884.43,-1329.12
baseline,HEROMOTOCO,2024-10-22,SHORT,2024-10-22T10:40:00,5043.45,5067.72,5007.04,59,24.27,2024-10-22T10:50:00,5067.72,STOP,-1432.19,-1879.61
baseline,HEROMOTOCO,2024-10-23,LONG,2024-10-23T10:00:00,5109.15,5082.29,5149.44,58,26.86,2024-10-23T10:10:00,5082.29,STOP,-1558.07,-2001.39
baseline,HEROMOTOCO,2024-10-30,LONG,2024-10-30T10:40:00,4700.70,4676.54,4736.93,63,24.16,2024-10-30T11:10:00,4736.93,TARGET,2282.76,1836.83
baseline,HEROMOTOCO,2024-11-05,SHORT,2024-11-05T11:40:00,4667.85,4688.00,4637.63,64,20.15,2024-11-05T13:20:00,4688.00,STOP,-1289.42,-1738.50
baseline,HEROMOTOCO,2024-11-12,SHORT,2024-11-12T12:40:00,4632.50,4645.76,4612.61,64,13.26,2024-11-12T13:20:00,4612.61,TARGET,1273.16,829.39
baseline,HEROMOTOCO,2024-11-14,LONG,2024-11-14T11:10:00,4472.95,4448.12,4510.19,67,24.83,2024-11-14T12:00:00,4510.19,TARGET,2495.34,2043.94
baseline,HEROMOTOCO,2024-11-21,LONG,2024-11-21T11:00:00,4694.50,4672.57,4727.39,63,21.93,2024-11-21T11:30:00,4672.57,STOP,-1381.47,-1824.07
baseline,HEROMOTOCO,2024-11-22,LONG,2024-11-22T12:40:00,4660.35,4646.93,4680.47,64,13.42,2024-11-22T13:20:00,4680.47,TARGET,1287.91,839.55
baseline,HEROMOTOCO,2024-11-27,LONG,2024-11-27T11:40:00,4751.70,4735.79,4775.56,63,15.91,2024-11-27T11:50:00,4735.79,STOP,-1002.05,-1450.34
baseline,HEROMOTOCO,2024-11-28,SHORT,2024-11-28T11:20:00,4721.85,4736.15,4700.40,63,14.30,2024-11-28T11:40:00,4700.40,TARGET,1351.51,906.31
baseline,HEROMOTOCO,2024-12-03,SHORT,2024-12-03T11:50:00,4617.20,4627.99,4601.02,64,10.79,2024-12-03T13:00:00,4601.02,TARGET,1035.81,593.34
baseline,HEROMOTOCO,2024-12-06,SHORT,2024-12-06T11:30:00,4520.55,4539.24,4492.52,66,18.69,2024-12-06T13:20:00,4513.75,TIME_STOP,448.80,1.60
baseline,HEROMOTOCO,2024-12-09,LONG,2024-12-09T13:50:00,4507.25,4498.15,4520.91,66,9.10,2024-12-09T14:00:00,4498.15,STOP,-600.87,-1046.64
baseline,HEROMOTOCO,2024-12-17,SHORT,2024-12-17T10:10:00,4405.25,4417.20,4387.33,68,11.95,2024-12-17T10:20:00,4387.33,TARGET,1218.87,770.45
baseline,HEROMOTOCO,2024-12-19,LONG,2024-12-19T11:20:00,4317.65,4299.88,4344.30,69,17.77,2024-12-19T11:50:00,4344.30,TARGET,1839.13,1390.88
baseline,HEROMOTOCO,2024-12-26,LONG,2024-12-26T11:10:00,4186.45,4173.51,4205.86,71,12.94,2024-12-26T13:00:00,4185.45,TIME_STOP,-71.00,-516.80
baseline,HEROMOTOCO,2024-12-27,SHORT,2024-12-27T11:40:00,4166.10,4181.13,4143.56,72,15.03,2024-12-27T12:10:00,4143.56,TARGET,1622.96,1174.24
baseline,HEROMOTOCO,2025-01-01,LONG,2025-01-01T14:00:00,4064.70,4055.57,4078.39,73,9.13,2025-01-01T14:10:00,4078.39,TARGET,999.56,553.73
baseline,HEROMOTOCO,2025-01-03,SHORT,2025-01-03T10:00:00,4113.25,4134.22,4081.80,72,20.97,2025-01-03T10:00:00,4134.22,STOP,-1509.65,-1955.02
baseline,HEROMOTOCO,2025-01-06,SHORT,2025-01-06T11:30:00,4124.50,4140.01,4101.23,72,15.51,2025-01-06T11:40:00,4140.01,STOP,-1116.87,-1563.16
baseline,HEROMOTOCO,2025-01-09,LONG,2025-01-09T12:10:00,4034.75,4023.37,4051.82,74,11.38,2025-01-09T12:30:00,4051.82,TARGET,1263.41,814.60
baseline,HEROMOTOCO,2025-01-10,LONG,2025-01-10T12:30:00,4040.60,4026.41,4061.88,74,14.19,2025-01-10T13:00:00,4061.88,TARGET,1574.86,1125.18
baseline,HEROMOTOCO,2025-01-15,SHORT,2025-01-15T12:30:00,4002.80,4015.50,3983.75,74,12.70,2025-01-15T12:30:00,4015.50,STOP,-939.82,-1384.83
baseline,HEROMOTOCO,2025-01-16,SHORT,2025-01-16T10:40:00,3995.55,4010.04,3973.81,75,14.49,2025-01-16T11:10:00,3973.81,TARGET,1630.33,1182.06
baseline,HEROMOTOCO,2025-01-17,LONG,2025-01-17T10:20:00,3983.05,3970.80,4001.42,75,12.25,2025-01-17T10:30:00,4001.42,TARGET,1377.81,928.68
baseline,HEROMOTOCO,2025-01-20,LONG,2025-01-20T12:00:00,3997.70,3987.58,4012.87,75,10.12,2025-01-20T13:50:00,3987.58,STOP,-758.67,-1207.84
baseline,HEROMOTOCO,2025-01-23,LONG,2025-01-23T10:10:00,3979.30,3967.49,3997.02,75,11.81,2025-01-23T10:30:00,3997.02,TARGET,1329.01,880.34
baseline,HEROMOTOCO,2025-01-24,SHORT,2025-01-24T10:00:00,3975.35,3986.43,3958.73,75,11.08,2025-01-24T10:00:00,3958.73,TARGET,1246.47,800.18
baseline,HEROMOTOCO,2025-01-28,LONG,2025-01-28T11:30:00,3931.40,3915.94,3954.59,76,15.46,2025-01-28T12:30:00,3915.94,STOP,-1174.77,-1622.07
baseline,HEROMOTOCO,2025-02-01,LONG,2025-02-01T11:50:00,4216.55,4199.13,4242.68,71,17.42,2025-02-01T11:50:00,4199.13,STOP,-1236.93,-1685.07
baseline,HEROMOTOCO,2025-02-03,SHORT,2025-02-03T10:30:00,4235.55,4268.34,4186.37,70,32.79,2025-02-03T11:10:00,4186.37,TARGET,3442.44,3000.29
baseline,HEROMOTOCO,2025-02-04,SHORT,2025-02-04T10:40:00,4160.60,4181.80,4128.80,72,21.20,2025-02-04T10:50:00,4128.80,TARGET,2289.93,1842.30
baseline,HEROMOTOCO,2025-02-05,LONG,2025-02-05T11:30:00,4160.60,4148.12,4179.33,72,12.48,2025-02-05T11:30:00,4179.33,TARGET,1348.23,897.87
baseline,HEROMOTOCO,2025-02-07,SHORT,2025-02-07T10:10:00,4124.90,4145.35,4094.22,72,20.45,2025-02-07T10:10:00,4145.35,STOP,-1472.76,-1919.35
baseline,HEROMOTOCO,2025-02-10,SHORT,2025-02-10T11:50:00,4159.10,4175.01,4135.23,72,15.91,2025-02-10T12:10:00,4135.23,TARGET,1718.50,1270.61
baseline,HEROMOTOCO,2025-02-12,LONG,2025-02-12T11:50:00,4015.00,3996.24,4043.15,74,18.76,2025-02-12T12:20:00,4043.15,TARGET,2082.79,1635.56
baseline,HEROMOTOCO,2025-02-24,LONG,2025-02-24T11:50:00,3866.00,3852.87,3885.70,77,13.13,2025-02-24T12:10:00,3852.87,STOP,-1011.20,-1456.97
baseline,HEROMOTOCO,2025-02-25,SHORT,2025-02-25T10:10:00,3852.60,3864.45,3834.82,77,11.85,2025-02-25T11:40:00,3864.45,STOP,-912.54,-1358.20
baseline,HEROMOTOCO,2025-03-05,LONG,2025-03-05T10:10:00,3552.35,3538.15,3573.65,84,14.20,2025-03-05T10:40:00,3573.65,TARGET,1789.55,1340.61
baseline,HEROMOTOCO,2025-03-07,SHORT,2025-03-07T12:50:00,3662.35,3675.67,3642.37,81,13.32,2025-03-07T14:30:00,3675.67,STOP,-1078.92,-1524.70
baseline,HEROMOTOCO,2025-03-12,SHORT,2025-03-12T12:00:00,3612.45,3625.46,3592.94,83,13.01,2025-03-12T13:50:00,3598.85,TIME_STOP,1128.80,679.90
baseline,HEROMOTOCO,2025-03-21,SHORT,2025-03-21T14:00:00,3622.60,3635.25,3603.63,82,12.65,2025-03-21T14:00:00,3635.25,STOP,-1037.04,-1483.39
baseline,HEROMOTOCO,2025-03-24,LONG,2025-03-24T13:20:00,3635.00,3622.65,3653.52,82,12.35,2025-03-24T13:50:00,3622.65,STOP,-1012.67,-1459.02
baseline,HEROMOTOCO,2025-03-25,SHORT,2025-03-25T12:30:00,3628.85,3642.74,3608.01,82,13.89,2025-03-25T12:50:00,3642.74,STOP,-1139.09,-1586.29
baseline,HEROMOTOCO,2025-03-28,SHORT,2025-03-28T13:00:00,3745.00,3760.19,3722.22,80,15.19,2025-03-28T13:50:00,3722.22,TARGET,1822.35,1374.32
baseline,HEROMOTOCO,2025-04-01,SHORT,2025-04-01T11:50:00,3744.30,3762.81,3716.53,80,18.51,2025-04-01T12:20:00,3762.81,STOP,-1480.92,-1931.35
baseline,HEROMOTOCO,2025-04-02,LONG,2025-04-02T10:10:00,3764.65,3749.44,3787.47,79,15.21,2025-04-02T10:20:00,3749.44,STOP,-1201.76,-1646.97
baseline,HEROMOTOCO,2025-04-08,SHORT,2025-04-08T11:50:00,3516.05,3534.03,3489.08,85,17.98,2025-04-08T11:50:00,3529.90,REVERSE,-1177.25,-1626.43
baseline,HEROMOTOCO,2025-04-16,SHORT,2025-04-16T13:20:00,3752.00,3762.69,3735.97,79,10.69,2025-04-16T13:50:00,3762.69,STOP,-844.29,-1289.54
baseline,HEROMOTOCO,2025-04-17,LONG,2025-04-17T13:10:00,3737.50,3725.23,3755.90,80,12.27,2025-04-17T13:40:00,3755.90,TARGET,1472.03,1022.43
baseline,HEROMOTOCO,2025-04-22,SHORT,2025-04-22T10:30:00,3838.00,3857.00,3809.50,78,19.00,2025-04-22T12:20:00,3827.60,TIME_STOP,811.20,362.76
baseline,HEROMOTOCO,2025-04-25,SHORT,2025-04-25T10:10:00,3881.60,3900.44,3853.35,77,18.84,2025-04-25T10:10:00,3900.44,STOP,-1450.39,-1899.81
baseline,HEROMOTOCO,2025-04-28,LONG,2025-04-28T12:20:00,3895.90,3882.79,3915.57,77,13.11,2025-04-28T13:10:00,3915.57,TARGET,1514.49,1063.38
baseline,HEROMOTOCO,2025-04-29,SHORT,2025-04-29T11:00:00,3895.10,3911.44,3870.59,77,16.34,2025-04-29T11:50:00,3870.59,TARGET,1887.24,1438.77
baseline,HEROMOTOCO,2025-05-02,SHORT,2025-05-02T12:10:00,3825.10,3844.34,3796.25,78,19.24,2025-05-02T12:30:00,3796.25,TARGET,2250.62,1804.77
baseline,HEROMOTOCO,2025-05-09,LONG,2025-05-09T10:30:00,3852.00,3831.79,3882.31,77,20.21,2025-05-09T10:50:00,3831.79,STOP,-1556.00,-1999.74
baseline,HEROMOTOCO,2025-05-22,LONG,2025-05-22T13:40:00,4273.00,4259.18,4293.72,70,13.82,2025-05-22T13:40:00,4259.18,STOP,-967.06,-1415.00
baseline,HEROMOTOCO,2025-05-28,LONG,2025-05-28T13:00:00,4341.00,4330.35,4356.97,69,10.65,2025-05-28T13:30:00,4356.97,TARGET,1102.03,651.91
baseline,HEROMOTOCO,2025-05-30,SHORT,2025-05-30T12:40:00,4341.50,4353.59,4323.36,69,12.09,2025-05-30T13:30:00,4353.59,STOP,-834.35,-1284.32
baseline,HEROMOTOCO,2025-06-03,LONG,2025-06-03T10:20:00,4245.00,4231.38,4265.44,70,13.62,2025-06-03T11:10:00,4231.38,STOP,-953.65,-1398.66
baseline,HEROMOTOCO,2025-06-04,LONG,2025-06-04T14:10:00,4229.40,4221.37,4241.45,70,8.03,2025-06-04T14:30:00,4221.37,STOP,-562.41,-1006.07
baseline,HEROMOTOCO,2025-06-17,LONG,2025-06-17T10:40:00,4378.20,4365.87,4396.69,68,12.33,2025-06-17T10:50:00,4365.87,STOP,-838.16,-1284.11
baseline,HEROMOTOCO,2025-06-18,SHORT,2025-06-18T12:30:00,4380.20,4392.34,4361.99,68,12.14,2025-06-18T13:10:00,4392.34,STOP,-825.65,-1273.05
baseline,HEROMOTOCO,2025-06-19,LONG,2025-06-19T10:10:00,4394.40,4381.40,4413.90,68,13.00,2025-06-19T10:30:00,4381.40,STOP,-883.91,-1331.47
baseline,HEROMOTOCO,2025-06-24,LONG,2025-06-24T10:10:00,4289.40,4275.18,4310.73,69,14.22,2025-06-24T11:00:00,4310.73,TARGET,1471.59,1026.53
baseline,HEROMOTOCO,2025-06-25,SHORT,2025-06-25T11:50:00,4305.40,4318.11,4286.34,69,12.71,2025-06-25T13:40:00,4310.90,TIME_STOP,-379.50,-825.39
baseline,HEROMOTOCO,2025-07-07,SHORT,2025-07-07T10:30:00,4327.40,4341.10,4306.85,69,13.70,2025-07-07T12:20:00,4322.70,TIME_STOP,324.30,-123.34
baseline,HEROMOTOCO,2025-07-09,LONG,2025-07-09T11:20:00,4321.00,4309.89,4337.67,69,11.11,2025-07-09T12:20:00,4337.67,TARGET,1150.20,702.12
baseline,HEROMOTOCO,2025-07-10,SHORT,2025-07-10T11:40:00,4320.50,4329.93,4306.35,69,9.43,2025-07-10T12:30:00,4329.93,STOP,-650.92,-1098.58
baseline,HEROMOTOCO,2025-07-11,LONG,2025-07-11T10:00:00,4334.40,4323.49,4350.76,69,10.91,2025-07-11T10:10:00,4323.49,STOP,-752.53,-1200.58
baseline,HEROMOTOCO,2025-07-14,LONG,2025-07-14T13:30:00,4237.50,4226.89,4253.42,70,10.61,2025-07-14T14:00:00,4226.89,STOP,-742.75,-1187.13
baseline,HEROMOTOCO,2025-07-18,SHORT,2025-07-18T10:20:00,4424.20,4436.86,4405.21,67,12.66,2025-07-18T10:30:00,4405.21,TARGET,1272.08,828.40
baseline,HEROMOTOCO,2025-07-21,LONG,2025-07-21T11:50:00,4411.60,4397.86,4432.21,68,13.74,2025-07-21T13:40:00,4405.80,TIME_STOP,-394.40,-844.09
baseline,HEROMOTOCO,2025-07-22,SHORT,2025-07-22T11:10:00,4390.90,4403.39,4372.16,68,12.49,2025-07-22T11:10:00,4372.16,TARGET,1274.48,827.56
baseline,HEROMOTOCO,2025-07-23,LONG,2025-07-23T10:20:00,4374.20,4360.81,4394.29,68,13.39,2025-07-23T10:50:00,4360.81,STOP,-910.60,-1356.09
baseline,HEROMOTOCO,2025-07-30,SHORT,2025-07-30T10:00:00,4311.60,4324.78,4291.83,69,13.18,2025-07-30T10:20:00,4324.78,STOP,-909.63,-1356.57
baseline,HEROMOTOCO,2025-07-31,LONG,2025-07-31T11:40:00,4262.40,4247.30,4285.05,70,15.10,2025-07-31T12:50:00,4285.05,TARGET,1585.19,1136.45
baseline,HEROMOTOCO,2025-08-14,SHORT,2025-08-14T10:30:00,4751.80,4765.25,4731.63,63,13.45,2025-08-14T10:30:00,4756.20,REVERSE,-277.20,-726.45
baseline,HEROMOTOCO,2025-08-21,LONG,2025-08-21T10:50:00,5143.30,5129.03,5164.70,58,14.27,2025-08-21T11:30:00,5129.03,STOP,-827.42,-1274.27
baseline,HEROMOTOCO,2025-08-28,SHORT,2025-08-28T14:10:00,5121.10,5135.31,5099.79,58,14.21,2025-08-28T15:00:00,5099.79,TARGET,1236.24,791.63
baseline,HEROMOTOCO,2025-09-05,SHORT,2025-09-05T11:40:00,5358.00,5373.98,5334.02,55,15.98,2025-09-05T13:30:00,5363.50,TIME_STOP,-302.50,-744.76
baseline,HEROMOTOCO,2025-09-12,SHORT,2025-09-12T12:20:00,5315.00,5328.72,5294.42,56,13.72,2025-09-12T13:40:00,5294.42,TARGET,1152.22,706.62
baseline,HEROMOTOCO,2025-09-15,SHORT,2025-09-15T11:10:00,5312.00,5324.27,5293.60,56,12.27,2025-09-15T11:40:00,5293.60,TARGET,1030.30,584.86
baseline,HEROMOTOCO,2025-09-25,LONG,2025-09-25T11:40:00,5327.00,5306.58,5357.63,56,20.42,2025-09-25T11:50:00,5306.58,STOP,-1143.47,-1590.08
baseline,HEROMOTOCO,2025-09-29,SHORT,2025-09-29T11:40:00,5295.50,5316.69,5263.72,56,21.19,2025-09-29T13:10:00,5316.69,STOP,-1186.40,-1632.11
baseline,HEROMOTOCO,2025-10-01,SHORT,2025-10-01T12:50:00,5426.50,5442.70,5402.20,55,16.20,2025-10-01T13:40:00,5442.70,STOP,-890.95,-1339.30
baseline,HEROMOTOCO,2025-10-03,LONG,2025-10-03T11:20:00,5527.00,5500.78,5566.33,54,26.22,2025-10-03T12:20:00,5566.33,TARGET,2123.70,1674.42
baseline,HEROMOTOCO,2025-10-08,SHORT,2025-10-08T10:20:00,5590.00,5606.64,5565.03,53,16.64,2025-10-08T10:20:00,5565.03,TARGET,1323.16,879.74
baseline,HEROMOTOCO,2025-10-10,SHORT,2025-10-10T10:40:00,5486.50,5503.01,5461.73,54,16.51,2025-10-10T10:50:00,5503.01,STOP,-891.81,-1336.88
baseline,HEROMOTOCO,2025-10-14,SHORT,2025-10-14T12:00:00,5555.00,5570.21,5532.19,54,15.21,2025-10-14T12:30:00,5569.00,REVERSE,-756.00,-1206.52
baseline,HEROMOTOCO,2025-10-15,SHORT,2025-10-15T13:40:00,5562.50,5575.00,5543.75,53,12.50,2025-10-15T13:40:00,5543.75,TARGET,993.89,552.42
baseline,HEROMOTOCO,2025-10-16,LONG,2025-10-16T10:00:00,5604.50,5584.12,5635.07,53,20.38,2025-10-16T10:00:00,5584.12,STOP,-1080.05,-1524.79
baseline,HEROMOTOCO,2025-10-17,LONG,2025-10-17T10:50:00,5590.00,5576.15,5610.78,53,13.85,2025-10-17T11:00:00,5610.78,TARGET,1101.17,655.94
baseline,HEROMOTOCO,2025-10-21,LONG,2025-10-21T14:00:00,5650.50,5632.64,5677.30,53,17.86,2025-10-21T14:40:00,5632.64,STOP,-946.80,-1395.31
baseline,HEROMOTOCO,2025-11-06,SHORT,2025-11-06T10:50:00,5327.50,5348.46,5296.06,56,20.96,2025-11-06T12:40:00,5348.46,STOP,-1173.93,-1622.32
baseline,HEROMOTOCO,2025-11-07,LONG,2025-11-07T14:00:00,5306.50,5290.93,5329.85,56,15.57,2025-11-07T14:00:00,5290.93,STOP,-871.69,-1316.79
baseline,HEROMOTOCO,2025-11-11,LONG,2025-11-11T12:10:00,5400.50,5385.18,5423.48,55,15.32,2025-11-11T12:30:00,5423.48,TARGET,1263.88,817.39
baseline,HEROMOTOCO,2025-11-19,SHORT,2025-11-19T13:50:00,5844.50,5854.89,5828.92,51,10.39,2025-11-19T14:50:00,5854.89,STOP,-529.88,-977.38
baseline,HEROMOTOCO,2025-11-24,SHORT,2025-11-24T14:00:00,5999.50,6009.92,5983.86,50,10.42,2025-11-24T15:00:00,5983.86,TARGET,781.80,332.42
baseline,HEROMOTOCO,2025-11-25,LONG,2025-11-25T10:00:00,6025.00,6009.11,6048.83,49,15.89,2025-11-25T10:40:00,6048.83,TARGET,1167.56,723.85
baseline,HEROMOTOCO,2025-11-27,SHORT,2025-11-27T12:20:00,6120.00,6132.54,6101.19,49,12.54,2025-11-27T12:20:00,6101.19,TARGET,921.81,472.68
baseline,HEROMOTOCO,2025-12-02,SHORT,2025-12-02T10:50:00,6264.50,6280.23,6240.91,47,15.73,2025-12-02T12:40:00,6262.50,TIME_STOP,94.00,-347.58
baseline,HEROMOTOCO,2025-12-03,SHORT,2025-12-03T10:10:00,6245.00,6259.49,6223.27,48,14.49,2025-12-03T10:30:00,6223.27,TARGET,1043.12,594.26
baseline,HEROMOTOCO,2025-12-05,SHORT,2025-12-05T13:40:00,6340.00,6353.13,6320.31,47,13.13,2025-12-05T15:20:00,6351.00,REVERSE,-517.00,-964.36
baseline,HEROMOTOCO,2025-12-11,LONG,2025-12-11T10:00:00,5997.50,5974.49,6032.01,50,23.01,2025-12-11T10:50:00,5974.49,STOP,-1150.39,-1599.34
baseline,HEROMOTOCO,2025-12-12,SHORT,2025-12-12T12:10:00,5978.00,5991.92,5957.12,50,13.92,2025-12-12T13:50:00,5957.12,TARGET,1043.95,596.38
baseline,HEROMOTOCO,2025-12-22,SHORT,2025-12-22T10:20:00,5754.00,5772.81,5725.78,52,18.81,2025-12-22T11:10:00,5725.78,TARGET,1467.36,1019.65
baseline,HEROMOTOCO,2025-12-24,LONG,2025-12-24T10:30:00,5729.00,5713.72,5751.92,52,15.28,2025-12-24T11:40:00,5713.72,STOP,-794.56,-1240.83
baseline,HEROMOTOCO,2026-01-06,SHORT,2026-01-06T11:10:00,5983.50,5998.40,5961.15,50,14.90,2026-01-06T11:40:00,5998.40,STOP,-744.88,-1194.20
baseline,HEROMOTOCO,2026-01-07,LONG,2026-01-07T12:00:00,5994.00,5983.26,6010.11,50,10.74,2026-01-07T12:00:00,5983.26,STOP,-537.13,-986.28
baseline,HEROMOTOCO,2026-01-12,LONG,2026-01-12T13:50:00,5736.00,5714.78,5767.83,52,21.22,2026-01-12T14:40:00,5714.78,STOP,-1103.51,-1550.09
baseline,HEROMOTOCO,2026-01-14,SHORT,2026-01-14T10:20:00,5683.50,5704.70,5651.70,52,21.20,2026-01-14T10:30:00,5704.70,STOP,-1102.56,-1546.70
baseline,HEROMOTOCO,2026-01-20,SHORT,2026-01-20T10:50:00,5716.50,5740.94,5679.84,52,24.44,2026-01-20T11:20:00,5740.94,STOP,-1270.93,-1717.77
baseline,HEROMOTOCO,2026-01-22,SHORT,2026-01-22T12:40:00,5576.50,5597.04,5545.69,53,20.54,2026-01-22T13:00:00,5545.69,TARGET,1632.76,1190.65
baseline,HEROMOTOCO,2026-01-28,SHORT,2026-01-28T12:00:00,5343.00,5361.69,5314.96,56,18.69,2026-01-28T13:10:00,5361.69,STOP,-1046.69,-1496.29
baseline,HEROMOTOCO,2026-01-30,SHORT,2026-01-30T11:50:00,5538.00,5557.36,5508.96,54,19.36,2026-01-30T12:40:00,5508.96,TARGET,1568.32,1120.92
baseline,HEROMOTOCO,2026-02-02,LONG,2026-02-02T13:10:00,5538.00,5513.42,5574.87,54,24.58,2026-02-02T13:50:00,5574.87,TARGET,1990.85,1540.77
baseline,HEROMOTOCO,2026-02-05,SHORT,2026-02-05T10:00:00,5789.50,5811.87,5755.94,51,22.37,2026-02-05T10:20:00,5811.87,STOP,-1141.01,-1584.76
baseline,HEROMOTOCO,2026-02-06,LONG,2026-02-06T10:30:00,5823.00,5794.60,5865.60,51,28.40,2026-02-06T10:30:00,5794.60,STOP,-1448.54,-1892.91
baseline,HEROMOTOCO,2026-02-10,LONG,2026-02-10T10:10:00,5795.00,5770.14,5832.29,51,24.86,2026-02-10T10:50:00,5770.14,STOP,-1267.73,-1710.10
baseline,HEROMOTOCO,2026-02-12,SHORT,2026-02-12T12:20:00,5711.00,5729.23,5683.66,52,18.23,2026-02-12T13:00:00,5729.23,STOP,-947.72,-1393.89
baseline,HEROMOTOCO,2026-02-19,SHORT,2026-02-19T10:40:00,5544.50,5562.47,5517.54,54,17.97,2026-02-19T11:20:00,5517.54,TARGET,1455.95,1007.94
baseline,HEROMOTOCO,2026-02-20,LONG,2026-02-20T14:10:00,5441.00,5425.25,5464.62,55,15.75,2026-02-20T14:30:00,5425.25,STOP,-866.08,-1314.32
baseline,HEROMOTOCO,2026-02-23,SHORT,2026-02-23T12:40:00,5454.00,5469.98,5430.04,55,15.98,2026-02-23T14:30:00,5456.50,TIME_STOP,-137.50,-587.56
baseline,HEROMOTOCO,2026-02-24,SHORT,2026-02-24T13:50:00,5478.00,5492.93,5455.60,54,14.93,2026-02-24T14:00:00,5492.93,STOP,-806.34,-1250.66
baseline,HEROMOTOCO,2026-02-27,SHORT,2026-02-27T12:20:00,5729.00,5748.57,5699.65,52,19.57,2026-02-27T13:40:00,5699.65,TARGET,1526.41,1080.69
baseline,HEROMOTOCO,2026-03-11,SHORT,2026-03-11T11:20:00,5615.00,5645.05,5569.92,53,30.05,2026-03-11T13:10:00,5569.92,TARGET,2389.16,1944.56
baseline,EICHERMOT,2024-03-19,LONG,2024-03-19T11:30:00,3704.15,3692.73,3721.28,80,11.42,2024-03-19T13:20:00,3697.40,TIME_STOP,-540.00,-984.09
baseline,EICHERMOT,2024-03-22,LONG,2024-03-22T11:40:00,3951.25,3932.06,3980.04,75,19.19,2024-03-22T12:10:00,3980.04,TARGET,2158.93,1712.79
baseline,EICHERMOT,2024-03-26,SHORT,2024-03-26T10:40:00,3935.90,3957.06,3904.16,76,21.16,2024-03-26T12:30:00,3921.95,TIME_STOP,1060.20,612.30
baseline,EICHERMOT,2024-03-27,LONG,2024-03-27T10:00:00,3954.20,3943.14,3970.78,75,11.06,2024-03-27T10:00:00,3970.78,TARGET,1243.81,798.03
baseline,EICHERMOT,2024-03-28,LONG,2024-03-28T10:40:00,3981.05,3962.87,4008.32,75,18.18,2024-03-28T11:50:00,4008.32,TARGET,2045.02,1595.62
baseline,EICHERMOT,2024-04-01,SHORT,2024-04-01T11:10:00,3968.75,3988.40,3939.28,75,19.65,2024-04-01T11:30:00,3988.40,STOP,-1473.46,-1921.05
baseline,EICHERMOT,2024-04-03,LONG,2024-04-03T12:30:00,3932.55,3922.64,3947.41,76,9.91,2024-04-03T12:30:00,3922.64,STOP,-753.03,-1200.78
baseline,EICHERMOT,2024-04-04,SHORT,2024-04-04T10:00:00,3894.95,3909.87,3872.57,77,14.92,2024-04-04T10:00:00,3909.87,STOP,-1148.97,-1599.70
baseline,EICHERMOT,2024-04-19,LONG,2024-04-19T13:00:00,4340.00,4318.42,4372.36,69,21.58,2024-04-19T14:50:00,4340.10,TIME_STOP,6.90,-442.30
baseline,EICHERMOT,2024-04-25,SHORT,2024-04-25T11:50:00,4503.70,4520.49,4478.52,66,16.79,2024-04-25T12:20:00,4520.49,STOP,-1107.84,-1554.54
baseline,EICHERMOT,2024-05-03,LONG,2024-05-03T10:00:00,4649.00,4632.07,4674.39,64,16.93,2024-05-03T10:20:00,4632.07,STOP,-1083.38,-1528.87
baseline,EICHERMOT,2024-05-06,SHORT,2024-05-06T13:00:00,4608.00,4623.26,4585.11,65,15.26,2024-05-06T14:20:00,4585.11,TARGET,1487.95,1039.79
baseline,EICHERMOT,2024-05-07,SHORT,2024-05-07T11:20:00,4590.00,4607.00,4564.51,65,17.00,2024-05-07T13:10:00,4591.30,TIME_STOP,-84.50,-532.09
baseline,EICHERMOT,2024-05-08,SHORT,2024-05-08T10:30:00,4595.00,4617.14,4561.79,65,22.14,2024-05-08T12:20:00,4597.95,TIME_STOP,-191.75,-639.91
baseline,EICHERMOT,2024-05-09,SHORT,2024-05-09T12:20:00,4600.00,4623.15,4565.28,65,23.15,2024-05-09T14:10:00,4599.95,TIME_STOP,3.25,-445.25
baseline,EICHERMOT,2024-05-15,SHORT,2024-05-15T10:10:00,4671.00,4686.76,4647.37,64,15.76,2024-05-15T10:50:00,4647.37,TARGET,1512.56,1065.27
baseline,EICHERMOT,2024-05-16,SHORT,2024-05-16T10:00:00,4627.55,4645.83,4600.13,64,18.28,2024-05-16T10:30:00,4600.13,TARGET,1754.64,1311.71
baseline,EICHERMOT,2024-05-21,SHORT,2024-05-21T14:00:00,4669.10,4681.24,4650.90,64,12.14,2024-05-21T14:50:00,4681.24,STOP,-776.71,-1225.52
baseline,EICHERMOT,2024-05-22,LONG,2024-05-22T10:00:00,4690.40,4674.72,4713.92,63,15.68,2024-05-22T10:20:00,4674.72,STOP,-987.78,-1430.29
baseline,EICHERMOT,2024-05-28,LONG,2024-05-28T11:30:00,4813.85,4795.58,4841.25,62,18.27,2024-05-28T12:00:00,4795.58,STOP,-1132.69,-1579.53
baseline,EICHERMOT,2024-05-29,LONG,2024-05-29T10:50:00,4805.80,4788.65,4831.53,62,17.15,2024-05-29T10:50:00,4788.65,STOP,-1063.52,-1509.66
baseline,EICHERMOT,2024-05-30,LONG,2024-05-30T13:20:00,4756.65,4740.92,4780.24,63,15.73,2024-05-30T13:30:00,4740.92,STOP,-990.68,-1439.44
baseline,EICHERMOT,2024-06-05,LONG,2024-06-05T10:20:00,4599.65,4545.47,4680.92,46,54.18,2024-06-05T12:10:00,4626.00,TIME_STOP,1212.10,893.82
baseline,EICHERMOT,2024-06-06,LONG,2024-06-06T10:30:00,4595.95,4565.65,4641.40,65,30.30,2024-06-06T11:00:00,4641.40,TARGET,2954.51,2504.19
baseline,EICHERMOT,2024-06-12,LONG,2024-06-12T11:20:00,4791.90,4777.92,4812.87,62,13.98,2024-06-12T11:40:00,4812.87,TARGET,1299.90,853.28
baseline,EICHERMOT,2024-06-13,SHORT,2024-06-13T10:10:00,4805.30,4822.86,4778.97,62,17.56,2024-06-13T12:00:00,4794.80,TIME_STOP,651.00,204.60
baseline,EICHERMOT,2024-06-24,LONG,2024-06-24T12:30:00,4867.65,4850.82,4892.89,61,16.83,2024-06-24T14:20:00,4869.45,TIME_STOP,109.80,-335.67
baseline,EICHERMOT,2024-06-25,SHORT,2024-06-25T10:10:00,4859.20,4874.37,4836.44,61,15.17,2024-06-25T11:00:00,4836.44,TARGET,1388.46,944.88
baseline,EICHERMOT,2024-07-04,SHORT,2024-07-04T10:20:00,4667.25,4679.07,4649.52,64,11.82,2024-07-04T10:30:00,4679.07,STOP,-756.64,-1205.27
baseline,EICHERMOT,2024-07-08,SHORT,2024-07-08T14:00:00,4721.15,4731.57,4705.52,63,10.42,2024-07-08T14:00:00,4731.57,STOP,-656.54,-1103.18
baseline,EICHERMOT,2024-07-10,SHORT,2024-07-10T11:40:00,4824.60,4850.74,4785.39,62,26.14,2024-07-10T11:50:00,4850.74,STOP,-1620.57,-2070.47
baseline,EICHERMOT,2024-07-11,LONG,2024-07-11T10:00:00,4861.85,4840.17,4894.37,61,21.68,2024-07-11T11:10:00,4840.17,STOP,-1322.57,-1766.44
baseline,EICHERMOT,2024-07-12,SHORT,2024-07-12T11:00:00,4823.70,4837.59,4802.86,62,13.89,2024-07-12T11:10:00,4837.59,STOP,-861.39,-1310.64
baseline,EICHERMOT,2024-07-18,LONG,2024-07-18T14:00:00,4896.45,4880.32,4920.65,61,16.13,2024-07-18T14:30:00,4920.65,TARGET,1476.30,1027.17
baseline,EICHERMOT,2024-07-19,SHORT,2024-07-19T10:00:00,4860.70,4880.55,4830.92,61,19.85,2024-07-19T10:10:00,4830.92,TARGET,1816.39,1373.00
baseline,EICHERMOT,2024-07-22,LONG,2024-07-22T13:30:00,4842.25,4829.74,4861.02,61,12.51,2024-07-22T14:30:00,4861.02,TARGET,1144.92,701.00
baseline,EICHERMOT,2024-07-23,SHORT,2024-07-23T12:40:00,4824.00,4853.43,4779.86,62,29.43,2024-07-23T12:40:00,4853.43,STOP,-1824.36,-2274.36
baseline,EICHERMOT,2024-07-25,SHORT,2024-07-25T10:00:00,4894.25,4908.05,4873.56,61,13.80,2024-07-25T10:00:00,4908.05,STOP,-841.54,-1289.99
baseline,EICHERMOT,2024-08-01,LONG,2024-08-01T13:20:00,4955.95,4941.48,4977.66,60,14.47,2024-08-01T13:40:00,4941.48,STOP,-868.43,-1313.81
baseline,EICHERMOT,2024-08-07,SHORT,2024-08-07T10:20:00,4619.20,4640.18,4587.73,64,20.98,2024-08-07T10:30:00,4640.18,STOP,-1342.84,-1787.29
baseline,EICHERMOT,2024-08-08,LONG,2024-08-08T12:40:00,4640.00,4619.93,4670.10,64,20.07,2024-08-08T12:50:00,4619.93,STOP,-1284.25,-1728.73
baseline,EICHERMOT,2024-08-13,LONG,2024-08-13T11:30:00,4825.60,4812.93,4844.61,62,12.67,2024-08-13T11:50:00,4812.93,STOP,-785.62,-1233.81
baseline,EICHERMOT,2024-08-16,LONG,2024-08-16T13:20:00,4794.75,4782.44,4813.21,62,12.31,2024-08-16T14:20:00,4813.21,TARGET,1144.52,697.75
baseline,EICHERMOT,2024-08-19,SHORT,2024-08-19T10:40:00,4782.25,4796.81,4760.41,62,14.56,2024-08-19T10:50:00,4796.81,STOP,-902.76,-1348.19
baseline,EICHERMOT,2024-08-23,SHORT,2024-08-23T13:40:00,4908.05,4920.43,4889.48,61,12.38,2024-08-23T15:20:00,4889.48,TARGET,1133.05,684.81
baseline,EICHERMOT,2024-08-29,SHORT,2024-08-29T11:20:00,4928.00,4944.48,4903.27,60,16.48,2024-08-29T11:40:00,4903.27,TARGET,1483.59,1041.18
baseline,EICHERMOT,2024-09-02,SHORT,2024-09-02T11:50:00,4918.15,4935.13,4892.69,60,16.98,2024-09-02T12:00:00,4892.69,TARGET,1527.87,1086.38
baseline,EICHERMOT,2024-09-03,LONG,2024-09-03T10:40:00,4938.65,4925.13,4958.93,60,13.52,2024-09-03T10:40:00,4925.13,STOP,-811.03,-1254.90
baseline,EICHERMOT,2024-09-10,SHORT,2024-09-10T10:10:00,4734.95,4747.20,4716.57,63,12.25,2024-09-10T10:20:00,4716.57,TARGET,1157.74,711.15
baseline,EICHERMOT,2024-09-11,LONG,2024-09-11T11:00:00,4746.00,4730.38,4769.44,63,15.62,2024-09-11T11:10:00,4769.44,TARGET,1476.54,1026.94
baseline,EICHERMOT,2024-09-12,LONG,2024-09-12T12:20:00,4746.60,4730.59,4770.61,63,16.01,2024-09-12T14:00:00,4770.61,TARGET,1512.73,1063.04
baseline,EICHERMOT,2024-09-18,LONG,2024-09-18T10:00:00,4865.90,4854.24,4883.39,61,11.66,2024-09-18T10:10:00,4854.24,STOP,-711.21,-1155.90
baseline,EICHERMOT,2024-09-19,SHORT,2024-09-19T13:40:00,4865.75,4880.51,4843.61,61,14.76,2024-09-19T15:20:00,4871.50,EOD,-350.75,-796.23
baseline,EICHERMOT,2024-09-25,SHORT,2024-09-25T10:20:00,4867.45,4883.67,4843.12,61,16.22,2024-09-25T11:00:00,4883.67,STOP,-989.28,-1435.40
baseline,EICHERMOT,2024-09-30,SHORT,2024-09-30T11:00:00,5004.05,5025.93,4971.23,59,21.88,2024-09-30T12:00:00,5025.93,STOP,-1291.10,-1734.92
baseline,EICHERMOT,2024-10-08,LONG,2024-10-08T13:10:00,4678.00,4658.98,4706.53,64,19.02,2024-10-08T13:30:00,4706.53,TARGET,1825.72,1375.26
baseline,EICHERMOT,2024-10-11,LONG,2024-10-11T10:10:00,4751.75,4732.58,4780.51,63,19.17,2024-10-11T10:10:00,4780.51,TARGET,1811.97,1361.57
baseline,EICHERMOT,2024-10-22,SHORT,2024-10-22T10:00:00,4796.65,4814.74,4769.51,62,18.09,2024-10-22T10:10:00,4769.51,TARGET,1682.43,1237.61
baseline,EICHERMOT,2024-10-28,LONG,2024-10-28T12:20:00,4682.50,4660.32,4715.78,64,22.18,2024-10-28T12:30:00,4715.78,TARGET,2129.72,1678.60
baseline,EICHERMOT,2024-10-31,LONG,2024-10-31T11:20:00,4894.85,4874.62,4925.19,61,20.23,2024-10-31T11:20:00,4874.62,STOP,-1233.73,-1680.69
baseline,EICHERMOT,2024-11-04,SHORT,2024-11-04T10:30:00,4861.85,4888.24,4822.26,61,26.39,2024-11-04T10:40:00,4822.26,TARGET,2415.07,1972.02
baseline,EICHERMOT,2024-11-07,LONG,2024-11-07T13:50:00,4879.20,4863.93,4902.11,61,15.27,2024-11-07T15:20:00,4876.75,EOD,-149.45,-595.78
baseline,EICHERMOT,2024-11-11,LONG,2024-11-11T11:30:00,4810.00,4794.45,4833.33,62,15.55,2024-11-11T13:20:00,4812.90,TIME_STOP,179.80,-267.66
baseline,EICHERMOT,2024-11-22,LONG,2024-11-22T10:20:00,4921.00,4902.24,4949.14,60,18.76,2024-11-22T10:30:00,4902.24,STOP,-1125.80,-1567.84
baseline,EICHERMOT,2024-11-29,LONG,2024-11-29T10:10:00,4848.25,4829.14,4876.91,61,19.11,2024-11-29T10:10:00,4831.40,REVERSE,-1027.85,-1470.69
baseline,EICHERMOT,2024-12-05,LONG,2024-12-05T13:40:00,4806.75,4792.15,4828.66,62,14.60,2024-12-05T14:00:00,4828.66,TARGET,1358.13,910.08
baseline,EICHERMOT,2024-12-10,SHORT,2024-12-10T10:50:00,4830.00,4840.55,4814.17,62,10.55,2024-12-10T11:20:00,4840.55,STOP,-654.30,-1103.98
baseline,EICHERMOT,2024-12-11,LONG,2024-12-11T11:50:00,4824.10,4814.56,4838.41,62,9.54,2024-12-11T12:00:00,4816.20,REVERSE,-489.80,-938.07
baseline,EICHERMOT,2024-12-13,LONG,2024-12-13T13:00:00,4806.15,4792.45,4826.69,62,13.70,2024-12-13T13:40:00,4826.69,TARGET,1273.75,825.82
baseline,EICHERMOT,2024-12-16,SHORT,2024-12-16T11:10:00,4805.85,4818.88,4786.31,62,13.03,2024-12-16T11:40:00,4818.88,STOP,-807.73,-1255.28
baseline,EICHERMOT,2024-12-17,SHORT,2024-12-17T10:30:00,4798.40,4813.96,4775.06,62,15.56,2024-12-17T11:00:00,4813.96,STOP,-964.81,-1411.78
baseline,EICHERMOT,2024-12-18,LONG,2024-12-18T10:50:00,4794.40,4778.89,4817.67,62,15.51,2024-12-18T11:00:00,4778.89,STOP,-961.70,-1406.85
baseline,EICHERMOT,2024-12-19,LONG,2024-12-19T12:30:00,4749.30,4733.10,4773.60,63,16.20,2024-12-19T13:20:00,4733.10,STOP,-1020.63,-1468.67
baseline,EICHERMOT,2024-12-23,LONG,2024-12-23T11:20:00,4757.95,4742.65,4780.90,63,15.30,2024-12-23T12:00:00,4742.65,STOP,-963.96,-1412.87
baseline,EICHERMOT,2024-12-30,LONG,2024-12-30T10:00:00,4882.95,4864.26,4910.98,61,18.69,2024-12-30T10:10:00,4864.26,STOP,-1139.86,-1585.79
baseline,EICHERMOT,2025-01-01,LONG,2025-01-01T12:40:00,4836.15,4818.69,4862.34,62,17.46,2025-01-01T13:00:00,4818.69,STOP,-1082.37,-1531.32
baseline,EICHERMOT,2025-01-08,LONG,2025-01-08T13:50:00,5177.90,5161.72,5202.18,57,16.18,2025-01-08T14:10:00,5161.72,STOP,-922.52,-1364.54
baseline,EICHERMOT,2025-01-14,LONG,2025-01-14T14:10:00,5023.30,5007.54,5046.93,59,15.76,2025-01-14T14:40:00,5007.54,STOP,-929.55,-1373.41
baseline,EICHERMOT,2025-01-16,SHORT,2025-01-16T12:40:00,5048.95,5065.50,5024.12,59,16.55,2025-01-16T14:00:00,5065.50,STOP,-976.62,-1424.18
baseline,EICHERMOT,2025-01-20,LONG,2025-01-20T12:20:00,5015.45,4998.36,5041.08,59,17.09,2025-01-20T14:10:00,5019.50,TIME_STOP,238.95,-205.10
baseline,EICHERMOT,2025-01-27,SHORT,2025-01-27T10:30:00,5156.00,5175.23,5127.15,58,19.23,2025-01-27T10:30:00,5127.15,TARGET,1673.19,1225.87
baseline,EICHERMOT,2025-01-28,SHORT,2025-01-28T13:20:00,5154.10,5170.30,5129.79,58,16.20,2025-01-28T13:30:00,5170.30,STOP,-939.81,-1388.92
baseline,EICHERMOT,2025-01-30,SHORT,2025-01-30T14:00:00,5182.35,5200.60,5154.98,57,18.25,2025-01-30T14:00:00,5154.98,TARGET,1560.17,1118.25
baseline,EICHERMOT,2025-01-31,LONG,2025-01-31T10:40:00,5240.00,5214.20,5278.70,57,25.80,2025-01-31T10:40:00,5214.20,STOP,-1470.45,-1917.36
baseline,EICHERMOT,2025-02-01,LONG,2025-02-01T11:40:00,5204.95,5185.93,5233.49,57,19.02,2025-02-01T11:50:00,5185.93,STOP,-1084.42,-1528.63
baseline,EICHERMOT,2025-02-04,SHORT,2025-02-04T11:00:00,5460.55,5486.22,5422.04,54,25.67,2025-02-04T11:20:00,5486.22,STOP,-1386.41,-1829.76
baseline,EICHERMOT,2025-02-05,LONG,2025-02-05T13:40:00,5431.90,5417.79,5453.07,55,14.11,2025-02-05T14:10:00,5417.79,STOP,-776.05,-1223.60
baseline,EICHERMOT,2025-02-10,SHORT,2025-02-10T12:50:00,5359.90,5384.37,5323.20,55,24.47,2025-02-10T14:00:00,5323.20,TARGET,2018.75,1578.07
baseline,EICHERMOT,2025-02-25,SHORT,2025-02-25T12:30:00,5012.05,5026.49,4990.39,59,14.44,2025-02-25T14:10:00,4990.39,TARGET,1277.98,835.37
baseline,EICHERMOT,2025-03-12,LONG,2025-03-12T11:20:00,4999.75,4981.62,5026.94,60,18.13,2025-03-12T11:40:00,4981.62,STOP,-1087.50,-1536.67
baseline,EICHERMOT,2025-03-13,LONG,2025-03-13T10:10:00,5029.00,5009.50,5058.25,59,19.50,2025-03-13T11:00:00,5009.50,STOP,-1150.37,-1594.57
baseline,EICHERMOT,2025-03-28,LONG,2025-03-28T11:10:00,5390.25,5369.95,5420.69,55,20.30,2025-03-28T12:30:00,5369.95,STOP,-1116.29,-1560.15
baseline,EICHERMOT,2025-04-01,SHORT,2025-04-01T11:20:00,5308.10,5339.94,5260.34,56,31.84,2025-04-01T13:10:00,5289.20,TIME_STOP,1058.40,613.31
baseline,EICHERMOT,2025-04-02,SHORT,2025-04-02T13:20:00,5327.60,5344.45,5302.32,56,16.85,2025-04-02T14:40:00,5344.45,STOP,-943.64,-1391.87
baseline,EICHERMOT,2025-04-09,SHORT,2025-04-09T10:40:00,5199.15,5220.78,5166.70,57,21.63,2025-04-09T10:50:00,5220.78,STOP,-1233.07,-1678.52
baseline,EICHERMOT,2025-04-22,SHORT,2025-04-22T13:00:00,5816.00,5832.76,5790.86,51,16.76,2025-04-22T13:20:00,5832.76,STOP,-854.74,-1300.31
baseline,EICHERMOT,2025-04-24,SHORT,2025-04-24T11:10:00,5712.00,5733.46,5679.80,52,21.46,2025-04-24T12:30:00,5679.80,TARGET,1674.24,1229.96
baseline,EICHERMOT,2025-04-29,SHORT,2025-04-29T10:20:00,5587.50,5608.39,5556.16,53,20.89,2025-04-29T10:30:00,5556.16,TARGET,1661.05,1218.09
baseline,EICHERMOT,2025-04-30,LONG,2025-04-30T10:00:00,5578.50,5554.39,5614.67,53,24.11,2025-04-30T10:00:00,5561.00,REVERSE,-927.50,-1370.30
baseline,EICHERMOT,2025-05-07,LONG,2025-05-07T10:50:00,5553.00,5527.27,5591.59,54,25.73,2025-05-07T11:20:00,5527.27,STOP,-1389.41,-1838.16
baseline,EICHERMOT,2025-05-15,LONG,2025-05-15T13:30:00,5457.50,5432.41,5495.13,54,25.09,2025-05-15T13:40:00,5495.13,TARGET,2032.19,1588.61
baseline,EICHERMOT,2025-05-16,SHORT,2025-05-16T13:10:00,5496.00,5514.51,5468.23,54,18.51,2025-05-16T13:10:00,5514.51,STOP,-999.69,-1445.61
baseline,EICHERMOT,2025-05-26,SHORT,2025-05-26T14:10:00,5421.50,5434.56,5401.91,55,13.06,2025-05-26T15:20:00,5425.00,EOD,-192.50,-639.92
baseline,EICHERMOT,2025-05-27,LONG,2025-05-27T11:50:00,5433.50,5419.29,5454.82,55,14.21,2025-05-27T12:30:00,5419.29,STOP,-781.81,-1229.49
baseline,EICHERMOT,2025-05-30,LONG,2025-05-30T10:00:00,5382.50,5366.84,5405.99,55,15.66,2025-05-30T10:20:00,5366.84,STOP,-861.30,-1304.71
baseline,EICHERMOT,2025-06-02,SHORT,2025-06-02T13:40:00,5344.00,5355.98,5326.03,56,11.98,2025-06-02T13:40:00,5355.00,REVERSE,-616.00,-1065.36
baseline,EICHERMOT,2025-06-03,SHORT,2025-06-03T10:10:00,5335.00,5351.35,5310.47,56,16.35,2025-06-03T10:20:00,5351.35,STOP,-915.66,-1364.49
baseline,EICHERMOT,2025-06-04,SHORT,2025-06-04T11:40:00,5328.50,5341.81,5308.54,56,13.31,2025-06-04T12:00:00,5308.54,TARGET,1117.83,671.08
baseline,EICHERMOT,2025-06-05,LONG,2025-06-05T13:10:00,5323.50,5311.10,5342.10,56,12.40,2025-06-05T13:30:00,5311.10,STOP,-694.25,-1140.90
baseline,EICHERMOT,2025-06-10,SHORT,2025-06-10T14:00:00,5396.50,5404.35,5384.73,55,7.85,2025-06-10T14:40:00,5384.73,TARGET,647.34,202.61
baseline,EICHERMOT,2025-06-11,LONG,2025-06-11T10:10:00,5399.00,5386.32,5418.02,55,12.68,2025-06-11T10:20:00,5386.32,STOP,-697.40,-1142.29
baseline,EICHERMOT,2025-06-13,LONG,2025-06-13T13:30:00,5294.00,5280.32,5314.51,56,13.68,2025-06-13T13:30:00,5280.32,STOP,-765.83,-1209.95
baseline,EICHERMOT,2025-06-23,LONG,2025-06-23T11:10:00,5517.00,5503.39,5537.41,54,13.61,2025-06-23T11:10:00,5503.39,STOP,-734.87,-1181.19
baseline,EICHERMOT,2025-06-25,SHORT,2025-06-25T10:40:00,5596.50,5613.83,5570.51,53,17.33,2025-06-25T12:30:00,5587.50,TIME_STOP,477.00,32.44
baseline,EICHERMOT,2025-06-26,LONG,2025-06-26T13:50:00,5580.00,5564.20,5603.69,53,15.80,2025-06-26T14:10:00,5603.69,TARGET,1255.80,811.25
baseline,EICHERMOT,2025-07-03,SHORT,2025-07-03T13:10:00,5727.50,5738.11,5711.58,52,10.61,2025-07-03T13:40:00,5738.11,STOP,-551.97,-999.13
baseline,EICHERMOT,2025-07-07,LONG,2025-07-07T10:00:00,5681.50,5666.37,5704.20,52,15.13,2025-07-07T11:50:00,5687.50,TIME_STOP,312.00,-131.39
baseline,EICHERMOT,2025-07-09,SHORT,2025-07-09T13:30:00,5689.50,5699.94,5673.84,52,10.44,2025-07-09T14:50:00,5673.84,TARGET,814.46,371.29
baseline,EICHERMOT,2025-07-11,LONG,2025-07-11T10:00:00,5677.00,5662.78,5698.34,52,14.22,2025-07-11T10:10:00,5662.78,STOP,-739.64,-1181.89
baseline,EICHERMOT,2025-07-15,SHORT,2025-07-15T14:10:00,5585.50,5597.50,5567.50,53,12.00,2025-07-15T15:20:00,5593.00,EOD,-397.50,-841.85
baseline,EICHERMOT,2025-07-18,SHORT,2025-07-18T10:40:00,5631.00,5641.63,5615.05,53,10.63,2025-07-18T10:40:00,5641.63,STOP,-563.50,-1011.58
baseline,EICHERMOT,2025-07-28,SHORT,2025-07-28T11:00:00,5395.50,5412.03,5370.70,55,16.53,2025-07-28T11:40:00,5412.03,STOP,-909.22,-1355.03
baseline,EICHERMOT,2025-07-29,LONG,2025-07-29T11:10:00,5397.50,5383.14,5419.05,55,14.36,2025-07-29T11:20:00,5392.50,REVERSE,-275.00,-720.09
baseline,EICHERMOT,2025-07-31,LONG,2025-07-31T13:40:00,5492.00,5475.01,5517.49,54,16.99,2025-07-31T14:30:00,5475.01,STOP,-917.48,-1361.64
baseline,EICHERMOT,2025-08-06,SHORT,2025-08-06T14:10:00,5667.50,5677.45,5652.57,52,9.95,2025-08-06T14:40:00,5652.57,TARGET,776.22,334.73
baseline,EICHERMOT,2025-08-11,SHORT,2025-08-11T11:40:00,5668.00,5679.78,5650.33,52,11.78,2025-08-11T12:20:00,5679.78,STOP,-612.42,-1054.98
baseline,EICHERMOT,2025-08-12,LONG,2025-08-12T12:40:00,5672.50,5660.15,5691.03,52,12.35,2025-08-12T12:50:00,5691.03,TARGET,963.49,520.31
baseline,EICHERMOT,2025-08-13,LONG,2025-08-13T10:00:00,5707.50,5693.14,5729.05,52,14.36,2025-08-13T10:00:00,5729.05,TARGET,1120.43,674.41
baseline,EICHERMOT,2025-08-21,LONG,2025-08-21T14:10:00,5945.50,5934.18,5962.48,50,11.32,2025-08-21T14:10:00,5962.48,TARGET,848.86,402.31
baseline,EICHERMOT,2025-08-22,SHORT,2025-08-22T13:00:00,5940.00,5950.25,5924.63,50,10.25,2025-08-22T13:10:00,5950.25,STOP,-512.42,-958.31
baseline,EICHERMOT,2025-08-28,SHORT,2025-08-28T14:10:00,6154.50,6170.73,6130.15,48,16.23,2025-08-28T15:20:00,6130.15,TARGET,1168.80,726.55
baseline,EICHERMOT,2025-09-15,SHORT,2025-09-15T10:20:00,6848.00,6862.20,6826.71,43,14.20,2025-09-15T11:00:00,6826.71,TARGET,915.65,474.64
baseline,EICHERMOT,2025-09-17,SHORT,2025-09-17T13:50:00,6895.00,6907.71,6875.94,43,12.71,2025-09-17T15:20:00,6889.00,EOD,258.00,-186.53
baseline,EICHERMOT,2025-09-22,SHORT,2025-09-22T10:10:00,6951.00,6969.38,6923.43,43,18.38,2025-09-22T10:10:00,6969.38,STOP,-790.29,-1239.22
baseline,EICHERMOT,2025-09-23,SHORT,2025-09-23T13:40:00,7001.50,7018.68,6975.72,42,17.18,2025-09-23T15:20:00,6987.50,EOD,588.00,147.35
baseline,EICHERMOT,2025-09-24,LONG,2025-09-24T10:20:00,7044.00,7023.85,7074.23,42,20.15,2025-09-24T10:30:00,7023.85,STOP,-846.47,-1289.60
baseline,EICHERMOT,2025-09-25,LONG,2025-09-25T11:50:00,7018.00,7001.20,7043.20,42,16.80,2025-09-25T12:50:00,7010.00,REVERSE,-336.00,-777.88
baseline,EICHERMOT,2025-09-29,LONG,2025-09-29T10:10:00,7019.50,6999.92,7048.87,42,19.58,2025-09-29T11:30:00,6999.92,STOP,-822.25,-1263.87
baseline,EICHERMOT,2025-09-30,LONG,2025-09-30T12:40:00,7008.50,6992.26,7032.86,42,16.24,2025-09-30T14:30:00,7021.00,TIME_STOP,525.00,83.07
baseline,EICHERMOT,2025-10-01,SHORT,2025-10-01T10:30:00,7002.00,7020.74,6973.89,42,18.74,2025-10-01T10:30:00,7020.74,STOP,-786.98,-1228.70
baseline,EICHERMOT,2025-10-03,LONG,2025-10-03T13:10:00,6971.50,6948.36,7006.21,43,23.14,2025-10-03T13:40:00,6948.36,STOP,-995.11,-1444.03
baseline,EICHERMOT,2025-10-07,LONG,2025-10-07T10:00:00,6924.50,6907.36,6950.22,43,17.14,2025-10-07T10:10:00,6950.22,TARGET,1105.77,658.31
baseline,EICHERMOT,2025-10-08,SHORT,2025-10-08T14:10:00,6963.50,6976.19,6944.47,43,12.69,2025-10-08T14:20:00,6944.47,TARGET,818.29,369.76
baseline,EICHERMOT,2025-10-09,LONG,2025-10-09T11:50:00,6923.00,6899.67,6958.00,43,23.33,2025-10-09T13:10:00,6901.00,REVERSE,-946.00,-1391.82
baseline,EICHERMOT,2025-10-13,SHORT,2025-10-13T11:30:00,6948.00,6965.84,6921.23,43,17.84,2025-10-13T11:30:00,6965.84,STOP,-767.27,-1215.99
baseline,EICHERMOT,2025-10-15,SHORT,2025-10-15T13:50:00,6886.50,6900.93,6864.85,43,14.43,2025-10-15T14:30:00,6900.93,STOP,-620.67,-1065.32
baseline,EICHERMOT,2025-10-21,SHORT,2025-10-21T14:00:00,7032.50,7050.15,7006.02,42,17.65,2025-10-21T14:40:00,7006.02,TARGET,1112.24,670.02
baseline,EICHERMOT,2025-10-27,LONG,2025-10-27T10:00:00,6852.00,6837.06,6874.41,43,14.94,2025-10-27T10:20:00,6874.41,TARGET,963.46,520.78
baseline,EICHERMOT,2025-11-03,SHORT,2025-11-03T12:00:00,7009.00,7027.47,6981.30,42,18.47,2025-11-03T13:50:00,7008.00,TIME_STOP,42.00,-399.54
baseline,EICHERMOT,2025-11-07,LONG,2025-11-07T12:50:00,6832.50,6813.55,6860.93,43,18.95,2025-11-07T12:50:00,6813.55,STOP,-815.06,-1255.14
baseline,EICHERMOT,2025-11-10,SHORT,2025-11-10T14:00:00,6827.50,6841.84,6805.98,43,14.34,2025-11-10T14:10:00,6841.84,STOP,-616.83,-1057.67
baseline,EICHERMOT,2025-11-11,LONG,2025-11-11T13:10:00,6828.50,6811.54,6853.94,43,16.96,2025-11-11T13:40:00,6853.94,TARGET,1093.75,652.49
baseline,EICHERMOT,2025-11-17,LONG,2025-11-17T10:20:00,6737.50,6718.17,6766.49,44,19.33,2025-11-17T11:10:00,6766.49,TARGET,1275.77,830.14
baseline,EICHERMOT,2025-11-18,SHORT,2025-11-18T10:40:00,6761.50,6777.85,6736.97,44,16.35,2025-11-18T11:00:00,6777.85,STOP,-719.57,-1166.36
baseline,EICHERMOT,2025-11-19,SHORT,2025-11-19T11:50:00,6808.50,6822.93,6786.85,44,14.43,2025-11-19T12:10:00,6822.93,STOP,-635.12,-1084.95
baseline,EICHERMOT,2025-11-26,LONG,2025-11-26T10:10:00,7251.00,7230.19,7282.22,41,20.81,2025-11-26T10:20:00,7230.19,STOP,-853.36,-1298.66
baseline,EICHERMOT,2025-11-28,LONG,2025-11-28T11:50:00,7048.50,7028.65,7078.27,42,19.85,2025-11-28T12:30:00,7028.65,STOP,-833.53,-1276.96
baseline,EICHERMOT,2025-12-02,SHORT,2025-12-02T11:00:00,7123.00,7152.51,7078.74,42,29.51,2025-12-02T11:10:00,7144.50,REVERSE,-903.00,-1352.43
baseline,EICHERMOT,2025-12-04,SHORT,2025-12-04T12:10:00,7079.00,7096.34,7053.00,42,17.34,2025-12-04T12:30:00,7096.34,STOP,-728.12,-1174.65
baseline,EICHERMOT,2025-12-08,SHORT,2025-12-08T13:10:00,7152.50,7168.31,7128.78,41,15.81,2025-12-08T13:20:00,7128.78,TARGET,972.49,533.34
baseline,EICHERMOT,2025-12-09,LONG,2025-12-09T12:00:00,7160.00,7138.27,7192.59,41,21.73,2025-12-09T12:40:00,7192.59,TARGET,1336.12,894.78
baseline,EICHERMOT,2025-12-11,SHORT,2025-12-11T14:10:00,7249.50,7266.00,7224.75,41,16.50,2025-12-11T14:20:00,7266.00,STOP,-676.52,-1122.87
baseline,EICHERMOT,2025-12-18,LONG,2025-12-18T13:30:00,7104.00,7089.14,7126.29,42,14.86,2025-12-18T13:50:00,7089.14,STOP,-624.20,-1071.28
baseline,EICHERMOT,2025-12-26,SHORT,2025-12-26T11:30:00,7295.50,7310.53,7272.95,41,15.03,2025-12-26T11:50:00,7310.53,STOP,-616.40,-1065.54
baseline,EICHERMOT,2025-12-29,SHORT,2025-12-29T10:30:00,7310.00,7329.69,7280.47,41,19.69,2025-12-29T11:10:00,7280.47,TARGET,1210.83,762.17
baseline,EICHERMOT,2025-12-30,LONG,2025-12-30T10:50:00,7299.00,7273.73,7336.90,41,25.27,2025-12-30T10:50:00,7273.73,STOP,-1036.02,-1484.13
baseline,EICHERMOT,2026-01-07,LONG,2026-01-07T10:40:00,7535.00,7516.73,7562.41,39,18.27,2026-01-07T11:00:00,7562.41,TARGET,1069.08,627.48
baseline,EICHERMOT,2026-01-09,SHORT,2026-01-09T12:40:00,7521.00,7539.34,7493.50,39,18.34,2026-01-09T14:30:00,7509.50,TIME_STOP,448.50,8.86
baseline,EICHERMOT,2026-01-13,SHORT,2026-01-13T12:50:00,7403.50,7426.25,7369.37,40,22.75,2026-01-13T14:00:00,7369.37,TARGET,1365.22,922.03
baseline,EICHERMOT,2026-01-19,LONG,2026-01-19T13:00:00,7324.00,7307.42,7348.87,40,16.58,2026-01-19T14:40:00,7348.87,TARGET,994.87,554.68
baseline,EICHERMOT,2026-01-20,SHORT,2026-01-20T10:10:00,7312.00,7333.35,7279.98,41,21.35,2026-01-20T10:40:00,7333.35,STOP,-875.16,-1325.51
baseline,EICHERMOT,2026-01-22,SHORT,2026-01-22T11:50:00,7113.00,7144.64,7065.55,42,31.64,2026-01-22T13:40:00,7065.55,TARGET,1993.06,1546.43
baseline,EICHERMOT,2026-01-27,LONG,2026-01-27T11:30:00,7036.50,7008.33,7078.75,42,28.17,2026-01-27T11:50:00,7078.75,TARGET,1774.49,1329.86
baseline,EICHERMOT,2026-01-28,SHORT,2026-01-28T10:00:00,6964.50,6997.84,6914.49,43,33.34,2026-01-28T10:10:00,6914.49,TARGET,2150.53,1702.93
baseline,EICHERMOT,2026-01-29,SHORT,2026-01-29T12:20:00,7019.00,7047.43,6976.35,42,28.43,2026-01-29T12:30:00,7035.50,REVERSE,-693.00,-1135.72
baseline,EICHERMOT,2026-01-30,SHORT,2026-01-30T10:10:00,7015.00,7040.97,6976.05,42,25.97,2026-01-30T10:30:00,7040.97,STOP,-1090.58,-1533.35
baseline,EICHERMOT,2026-02-16,SHORT,2026-02-16T11:30:00,8032.50,8053.07,8001.65,37,20.57,2026-02-16T11:30:00,8001.65,TARGET,1141.47,696.53
baseline,EICHERMOT,2026-02-18,LONG,2026-02-18T14:00:00,7990.00,7977.82,8008.27,37,12.18,2026-02-18T15:00:00,8008.27,TARGET,675.89,231.94
baseline,EICHERMOT,2026-02-19,SHORT,2026-02-19T11:40:00,7988.00,8014.02,7948.98,37,26.02,2026-02-19T12:40:00,7948.98,TARGET,1443.87,1001.62
baseline,EICHERMOT,2026-02-20,LONG,2026-02-20T11:40:00,7958.50,7935.84,7992.50,37,22.66,2026-02-20T12:10:00,7935.84,STOP,-838.60,-1279.67
baseline,EICHERMOT,2026-02-24,SHORT,2026-02-24T10:20:00,7988.50,8014.46,7949.55,37,25.96,2026-02-24T11:20:00,7949.55,TARGET,1441.02,998.74
baseline,EICHERMOT,2026-02-27,SHORT,2026-02-27T10:40:00,8077.00,8105.21,8034.68,37,28.21,2026-02-27T11:50:00,8105.21,STOP,-1043.86,-1492.91
baseline,EICHERMOT,2026-03-06,SHORT,2026-03-06T10:10:00,7633.00,7661.75,7589.87,39,28.75,2026-03-06T10:10:00,7647.00,REVERSE,-546.00,-992.94
baseline,EICHERMOT,2026-03-11,SHORT,2026-03-11T11:10:00,7466.50,7497.99,7419.27,40,31.49,2026-03-11T11:10:00,7419.27,TARGET,1889.17,1442.60
baseline,TITAN,2024-03-19,LONG,2024-03-19T12:20:00,3584.45,3575.25,3598.25,83,9.20,2024-03-19T12:40:00,3575.25,STOP,-763.67,-1209.37
baseline,TITAN,2024-03-20,LONG,2024-03-20T13:20:00,3582.60,3573.95,3595.58,83,8.65,2024-03-20T13:40:00,3573.95,STOP,-718.10,-1163.60
baseline,TITAN,2024-03-26,SHORT,2024-03-26T13:50:00,3693.25,3702.99,3678.64,81,9.74,2024-03-26T14:20:00,3702.99,STOP,-788.81,-1238.13
baseline,TITAN,2024-04-01,SHORT,2024-04-01T10:50:00,3776.40,3793.60,3750.60,79,17.20,2024-04-01T12:20:00,3750.60,TARGET,2038.41,1592.43
baseline,TITAN,2024-04-02,LONG,2024-04-02T10:00:00,3769.00,3757.40,3786.39,79,11.60,2024-04-02T10:40:00,3757.40,STOP,-916.02,-1361.96
baseline,TITAN,2024-04-04,LONG,2024-04-04T12:50:00,3734.75,3719.75,3757.25,80,15.00,2024-04-04T13:20:00,3757.25,TARGET,1799.72,1350.20
baseline,TITAN,2024-04-05,SHORT,2024-04-05T12:10:00,3751.00,3763.97,3731.54,79,12.97,2024-04-05T12:20:00,3763.97,STOP,-1024.67,-1469.93
baseline,TITAN,2024-04-10,LONG,2024-04-10T11:50:00,3707.80,3698.50,3721.74,80,9.30,2024-04-10T13:40:00,3707.30,TIME_STOP,-40.00,-484.91
baseline,TITAN,2024-04-18,LONG,2024-04-18T10:10:00,3633.00,3618.85,3654.23,82,14.15,2024-04-18T10:10:00,3618.85,STOP,-1160.38,-1606.37
baseline,TITAN,2024-04-19,LONG,2024-04-19T13:50:00,3544.80,3531.60,3564.59,84,13.20,2024-04-19T14:00:00,3564.59,TARGET,1662.58,1214.68
baseline,TITAN,2024-04-26,LONG,2024-04-26T10:10:00,3579.80,3566.90,3599.15,83,12.90,2024-04-26T10:10:00,3571.75,REVERSE,-668.15,-1113.33
baseline,TITAN,2024-05-08,SHORT,2024-05-08T10:40:00,3244.05,3257.68,3223.61,92,13.63,2024-05-08T11:20:00,3257.68,STOP,-1253.57,-1702.19
baseline,TITAN,2024-05-09,SHORT,2024-05-09T13:00:00,3255.00,3266.58,3237.63,92,11.58,2024-05-09T13:40:00,3266.58,STOP,-1065.39,-1515.38
baseline,TITAN,2024-05-13,LONG,2024-05-13T12:20:00,3261.95,3249.23,3281.03,91,12.72,2024-05-13T13:30:00,3249.23,STOP,-1157.72,-1602.11
baseline,TITAN,2024-05-15,SHORT,2024-05-15T10:20:00,3276.80,3286.43,3262.36,91,9.63,2024-05-15T11:30:00,3262.36,TARGET,1313.99,867.69
baseline,TITAN,2024-05-16,LONG,2024-05-16T12:30:00,3282.95,3272.58,3298.50,91,10.37,2024-05-16T12:30:00,3272.58,STOP,-943.48,-1390.89
baseline,TITAN,2024-05-24,SHORT,2024-05-24T10:50:00,3426.25,3436.72,3410.54,87,10.47,2024-05-24T10:50:00,3433.95,REVERSE,-669.90,-1117.53
baseline,TITAN,2024-05-27,LONG,2024-05-27T12:10:00,3432.50,3421.86,3448.46,87,10.64,2024-05-27T13:00:00,3421.86,STOP,-925.63,-1372.88
baseline,TITAN,2024-05-29,LONG,2024-05-29T12:50:00,3406.95,3401.41,3415.25,88,5.54,2024-05-29T12:50:00,3415.25,TARGET,730.78,280.51
baseline,TITAN,2024-05-31,LONG,2024-05-31T10:10:00,3308.10,3296.50,3325.51,90,11.60,2024-05-31T10:20:00,3325.51,TARGET,1566.61,1118.84
baseline,TITAN,2024-06-06,SHORT,2024-06-06T13:10:00,3305.50,3320.86,3282.47,90,15.36,2024-06-06T13:40:00,3320.86,STOP,-1382.08,-1829.36
baseline,TITAN,2024-06-24,LONG,2024-06-24T12:10:00,3412.50,3402.53,3427.46,87,9.97,2024-06-24T12:30:00,3427.46,TARGET,1301.12,854.81
baseline,TITAN,2024-07-02,SHORT,2024-07-02T10:30:00,3410.35,3418.38,3398.30,87,8.03,2024-07-02T10:40:00,3418.38,STOP,-698.89,-1144.47
baseline,TITAN,2024-07-12,SHORT,2024-07-12T13:10:00,3246.75,3255.18,3234.10,92,8.43,2024-07-12T15:00:00,3234.10,TARGET,1163.96,716.78
baseline,TITAN,2024-07-18,LONG,2024-07-18T10:20:00,3248.00,3238.84,3261.74,92,9.16,2024-07-18T10:50:00,3238.84,STOP,-842.57,-1290.16
baseline,TITAN,2024-07-22,LONG,2024-07-22T11:50:00,3269.55,3259.16,3285.14,91,10.39,2024-07-22T12:40:00,3259.16,STOP,-945.78,-1391.37
baseline,TITAN,2024-07-23,LONG,2024-07-23T12:20:00,3378.05,3360.68,3404.11,88,17.37,2024-07-23T12:20:00,3360.68,STOP,-1528.90,-1973.65
baseline,TITAN,2024-07-26,LONG,2024-07-26T10:40:00,3417.10,3406.49,3433.01,87,10.61,2024-07-26T10:50:00,3433.01,TARGET,1383.98,937.01
baseline,TITAN,2024-07-31,SHORT,2024-07-31T12:50:00,3449.70,3462.55,3430.42,86,12.85,2024-07-31T13:10:00,3462.55,STOP,-1105.41,-1551.25
baseline,TITAN,2024-08-01,SHORT,2024-08-01T12:20:00,3458.30,3467.98,3443.77,86,9.68,2024-08-01T13:00:00,3443.77,TARGET,1249.20,804.01
baseline,TITAN,2024-08-08,SHORT,2024-08-08T10:30:00,3333.05,3342.21,3319.32,90,9.16,2024-08-08T10:30:00,3342.21,STOP,-824.00,-1274.58
baseline,TITAN,2024-08-09,LONG,2024-08-09T10:00:00,3326.85,3312.70,3348.08,90,14.15,2024-08-09T11:00:00,3312.70,STOP,-1273.63,-1721.80
baseline,TITAN,2024-08-12,SHORT,2024-08-12T10:10:00,3301.30,3311.14,3286.54,90,9.84,2024-08-12T10:20:00,3311.14,STOP,-885.38,-1331.72
baseline,TITAN,2024-08-13,LONG,2024-08-13T10:40:00,3337.65,3327.42,3352.99,89,10.23,2024-08-13T11:00:00,3352.99,TARGET,1365.47,918.87
baseline,TITAN,2024-08-27,SHORT,2024-08-27T10:50:00,3604.10,3616.84,3584.99,83,12.74,2024-08-27T12:40:00,3592.00,TIME_STOP,1004.30,556.34
baseline,TITAN,2024-08-29,LONG,2024-08-29T13:00:00,3548.80,3538.92,3563.62,84,9.88,2024-08-29T13:40:00,3538.92,STOP,-829.86,-1276.39
baseline,TITAN,2024-09-03,SHORT,2024-09-03T10:00:00,3567.00,3575.94,3553.59,84,8.94,2024-09-03T10:30:00,3575.94,STOP,-750.97,-1200.97
baseline,TITAN,2024-09-04,LONG,2024-09-04T13:30:00,3603.05,3594.97,3615.17,83,8.08,2024-09-04T15:20:00,3606.35,TIME_STOP,273.90,-174.89
baseline,TITAN,2024-09-06,SHORT,2024-09-06T10:30:00,3684.00,3698.97,3661.55,81,14.97,2024-09-06T12:00:00,3698.97,STOP,-1212.44,-1660.96
baseline,TITAN,2024-09-09,LONG,2024-09-09T10:00:00,3713.25,3697.26,3737.24,80,15.99,2024-09-09T10:10:00,3697.26,STOP,-1279.46,-1724.09
baseline,TITAN,2024-09-10,SHORT,2024-09-10T10:20:00,3673.30,3684.90,3655.90,81,11.60,2024-09-10T10:20:00,3684.80,REVERSE,-931.50,-1378.50
baseline,TITAN,2024-09-11,SHORT,2024-09-11T13:40:00,3722.90,3731.04,3710.69,80,8.14,2024-09-11T14:00:00,3710.69,TARGET,977.07,531.05
baseline,TITAN,2024-09-12,LONG,2024-09-12T10:10:00,3748.70,3735.83,3768.01,80,12.87,2024-09-12T11:50:00,3735.83,STOP,-1029.96,-1479.03
baseline,TITAN,2024-09-16,SHORT,2024-09-16T11:40:00,3753.70,3764.43,3737.61,79,10.73,2024-09-16T13:30:00,3748.80,TIME_STOP,387.10,-57.42
baseline,TITAN,2024-09-17,LONG,2024-09-17T11:50:00,3748.95,3740.70,3761.32,80,8.25,2024-09-17T12:30:00,3761.32,TARGET,989.66,539.04
baseline,TITAN,2024-09-18,SHORT,2024-09-18T11:50:00,3752.65,3760.92,3740.24,79,8.27,2024-09-18T12:00:00,3760.92,STOP,-653.62,-1098.80
baseline,TITAN,2024-09-20,LONG,2024-09-20T10:10:00,3785.00,3770.10,3807.35,79,14.90,2024-09-20T10:20:00,3770.10,STOP,-1177.30,-1624.94
baseline,TITAN,2024-09-30,SHORT,2024-09-30T13:50:00,3819.95,3829.10,3806.23,78,9.15,2024-09-30T14:00:00,3829.10,STOP,-713.47,-1160.94
baseline,TITAN,2024-10-04,LONG,2024-10-04T11:00:00,3725.90,3703.69,3759.21,80,22.21,2024-10-04T12:40:00,3703.69,STOP,-1776.44,-2222.22
baseline,TITAN,2024-10-11,LONG,2024-10-11T10:10:00,3475.05,3462.69,3493.59,86,12.36,2024-10-11T10:50:00,3462.69,STOP,-1062.75,-1510.23
baseline,TITAN,2024-10-15,SHORT,2024-10-15T10:30:00,3494.20,3504.17,3479.24,85,9.97,2024-10-15T10:30:00,3479.24,TARGET,1271.49,826.93
baseline,TITAN,2024-10-16,SHORT,2024-10-16T10:10:00,3485.20,3494.39,3471.41,86,9.19,2024-10-16T10:30:00,3471.41,TARGET,1185.72,737.01
baseline,TITAN,2024-10-22,SHORT,2024-10-22T10:20:00,3347.10,3364.62,3320.82,89,17.52,2024-10-22T12:10:00,3339.00,TIME_STOP,720.90,274.60
baseline,TITAN,2024-10-24,LONG,2024-10-24T10:50:00,3319.50,3307.97,3336.79,90,11.53,2024-10-24T12:40:00,3318.60,TIME_STOP,-81.00,-529.07
baseline,TITAN,2024-11-05,SHORT,2024-11-05T11:40:00,3210.35,3224.48,3189.15,93,14.13,2024-11-05T13:20:00,3189.15,TARGET,1971.70,1525.33
baseline,TITAN,2024-11-06,LONG,2024-11-06T13:20:00,3187.40,3171.62,3211.08,94,15.78,2024-11-06T14:50:00,3171.62,STOP,-1483.67,-1931.98
baseline,TITAN,2024-11-08,LONG,2024-11-08T10:10:00,3142.50,3131.64,3158.79,95,10.86,2024-11-08T11:40:00,3131.64,STOP,-1031.58,-1478.62
baseline,TITAN,2024-11-11,SHORT,2024-11-11T14:10:00,3185.40,3195.61,3170.08,94,10.21,2024-11-11T14:30:00,3195.61,STOP,-960.01,-1409.87
baseline,TITAN,2024-11-12,SHORT,2024-11-12T12:30:00,3205.15,3214.84,3190.62,93,9.69,2024-11-12T14:20:00,3203.35,TIME_STOP,167.40,-279.59
baseline,TITAN,2024-11-27,LONG,2024-11-27T14:00:00,3308.25,3299.64,3321.16,90,8.61,2024-11-27T14:00:00,3299.64,STOP,-774.52,-1220.55
baseline,TITAN,2024-11-29,LONG,2024-11-29T10:50:00,3242.00,3228.82,3261.77,92,13.18,2024-11-29T12:40:00,3249.80,TIME_STOP,717.60,269.67
baseline,TITAN,2024-12-09,SHORT,2024-12-09T10:20:00,3453.90,3465.54,3436.45,86,11.64,2024-12-09T10:20:00,3465.54,STOP,-1000.62,-1446.92
baseline,TITAN,2024-12-10,SHORT,2024-12-10T14:00:00,3480.15,3487.88,3468.56,86,7.73,2024-12-10T14:40:00,3468.56,TARGET,997.16,548.96
baseline,TITAN,2024-12-13,LONG,2024-12-13T12:40:00,3459.85,3445.65,3481.15,86,14.20,2024-12-13T13:10:00,3481.15,TARGET,1832.21,1384.51
baseline,TITAN,2024-12-16,SHORT,2024-12-16T11:00:00,3458.20,3470.04,3440.43,86,11.84,2024-12-16T12:00:00,3440.43,TARGET,1527.98,1083.02
baseline,TITAN,2024-12-18,LONG,2024-12-18T12:30:00,3412.45,3403.71,3425.55,87,8.74,2024-12-18T12:40:00,3403.71,STOP,-759.98,-1204.73
baseline,TITAN,2024-12-23,LONG,2024-12-23T11:10:00,3393.20,3379.90,3413.15,88,13.30,2024-12-23T13:00:00,3399.20,TIME_STOP,528.00,79.70
baseline,TITAN,2024-12-24,SHORT,2024-12-24T12:00:00,3388.60,3398.57,3373.65,88,9.97,2024-12-24T12:20:00,3373.65,TARGET,1315.69,869.38
baseline,TITAN,2024-12-27,LONG,2024-12-27T11:10:00,3338.00,3329.47,3350.80,89,8.53,2024-12-27T12:10:00,3329.47,STOP,-759.30,-1204.35
baseline,TITAN,2024-12-31,LONG,2024-12-31T14:10:00,3270.60,3261.73,3283.91,91,8.87,2024-12-31T14:20:00,3261.73,STOP,-807.57,-1253.40
baseline,TITAN,2025-01-01,LONG,2025-01-01T11:30:00,3267.95,3258.90,3281.53,91,9.05,2025-01-01T11:30:00,3258.90,STOP,-823.92,-1269.37
baseline,TITAN,2025-01-07,SHORT,2025-01-07T13:30:00,3502.40,3515.22,3483.17,85,12.82,2025-01-07T14:10:00,3515.22,STOP,-1089.60,-1536.97
baseline,TITAN,2025-01-16,SHORT,2025-01-16T10:20:00,3300.95,3312.46,3283.68,90,11.51,2025-01-16T10:30:00,3283.68,TARGET,1554.33,1109.87
baseline,TITAN,2025-01-23,LONG,2025-01-23T10:30:00,3382.60,3369.97,3401.55,88,12.63,2025-01-23T10:50:00,3401.55,TARGET,1667.54,1219.78
baseline,TITAN,2025-01-24,SHORT,2025-01-24T10:10:00,3382.00,3394.23,3363.65,88,12.23,2025-01-24T10:10:00,3394.23,STOP,-1076.44,-1523.67
baseline,TITAN,2025-01-28,LONG,2025-01-28T12:20:00,3348.65,3334.97,3369.17,89,13.68,2025-01-28T12:40:00,3334.97,STOP,-1217.25,-1663.39
baseline,TITAN,2025-02-01,LONG,2025-02-01T12:30:00,3570.40,3543.26,3611.11,84,27.14,2025-02-01T12:30:00,3543.26,STOP,-2279.80,-2727.96
baseline,TITAN,2025-02-03,SHORT,2025-02-03T14:00:00,3564.85,3582.52,3538.34,84,17.67,2025-02-03T14:10:00,3582.52,STOP,-1484.30,-1934.58
baseline,TITAN,2025-02-04,SHORT,2025-02-04T10:20:00,3551.85,3572.56,3520.78,84,20.71,2025-02-04T12:10:00,3531.50,TIME_STOP,1709.40,1263.15
baseline,TITAN,2025-02-05,SHORT,2025-02-05T10:00:00,3501.55,3532.07,3455.78,81,30.52,2025-02-05T11:50:00,3494.30,TIME_STOP,587.25,162.25
baseline,TITAN,2025-02-11,LONG,2025-02-11T12:20:00,3342.80,3330.44,3361.34,89,12.36,2025-02-11T13:00:00,3330.44,STOP,-1100.24,-1545.67
baseline,TITAN,2025-02-12,LONG,2025-02-12T12:10:00,3307.20,3288.87,3334.69,90,18.33,2025-02-12T12:20:00,3288.87,STOP,-1649.35,-2094.58
baseline,TITAN,2025-02-18,SHORT,2025-02-18T10:30:00,3200.30,3212.88,3181.44,93,12.58,2025-02-18T10:40:00,3212.88,STOP,-1169.62,-1616.94
baseline,TITAN,2025-02-19,SHORT,2025-02-19T12:20:00,3220.25,3229.06,3207.03,93,8.81,2025-02-19T13:40:00,3207.03,TARGET,1229.47,781.16
baseline,TITAN,2025-02-24,LONG,2025-02-24T12:00:00,3185.60,3177.28,3198.08,94,8.32,2025-02-24T12:00:00,3177.28,STOP,-782.10,-1230.68
baseline,TITAN,2025-02-25,LONG,2025-02-25T10:20:00,3180.70,3171.04,3195.19,94,9.66,2025-02-25T11:00:00,3195.19,TARGET,1361.81,912.31
baseline,TITAN,2025-02-27,SHORT,2025-02-27T10:10:00,3179.15,3189.72,3163.30,94,10.57,2025-02-27T10:30:00,3189.72,STOP,-993.48,-1442.49
baseline,TITAN,2025-03-06,LONG,2025-03-06T12:30:00,3081.75,3071.56,3097.03,97,10.19,2025-03-06T12:40:00,3075.50,REVERSE,-606.25,-1054.19
baseline,TITAN,2025-03-13,SHORT,2025-03-13T12:10:00,3017.25,3028.14,3000.91,99,10.89,2025-03-13T13:20:00,3000.91,TARGET,1617.30,1170.46
baseline,TITAN,2025-03-17,LONG,2025-03-17T10:00:00,3018.90,3008.61,3034.33,99,10.29,2025-03-17T10:20:00,3008.61,STOP,-1018.28,-1465.82
baseline,TITAN,2025-03-21,SHORT,2025-03-21T13:20:00,3171.05,3178.10,3160.47,94,7.05,2025-03-21T13:50:00,3160.47,TARGET,994.31,547.94
baseline,TITAN,2025-03-27,SHORT,2025-03-27T13:40:00,3072.00,3078.97,3061.54,97,6.97,2025-03-27T13:50:00,3074.60,REVERSE,-252.20,-699.37
baseline,TITAN,2025-03-28,SHORT,2025-03-28T12:40:00,3068.75,3078.15,3054.66,97,9.40,2025-03-28T12:50:00,3078.15,STOP,-911.43,-1358.61
baseline,TITAN,2025-04-02,LONG,2025-04-02T11:10:00,3017.95,3008.07,3032.77,99,9.88,2025-04-02T11:10:00,3032.77,TARGET,1467.65,1018.39
baseline,TITAN,2025-04-04,SHORT,2025-04-04T13:10:00,3068.50,3078.11,3054.08,97,9.61,2025-04-04T14:20:00,3054.08,TARGET,1398.36,952.94
baseline,TITAN,2025-04-09,LONG,2025-04-09T10:40:00,3134.00,3118.10,3157.85,95,15.90,2025-04-09T11:40:00,3157.85,TARGET,2265.63,1817.34
baseline,TITAN,2025-04-16,SHORT,2025-04-16T10:50:00,3257.70,3266.10,3245.10,92,8.40,2025-04-16T12:30:00,3266.10,STOP,-772.92,-1223.06
baseline,TITAN,2025-04-17,LONG,2025-04-17T10:50:00,3269.80,3256.91,3289.13,91,12.89,2025-04-17T11:00:00,3256.91,STOP,-1172.71,-1618.16
baseline,TITAN,2025-04-22,SHORT,2025-04-22T10:30:00,3323.80,3334.92,3307.12,90,11.12,2025-04-22T10:30:00,3334.92,STOP,-1000.78,-1450.24
baseline,TITAN,2025-04-23,SHORT,2025-04-23T11:00:00,3319.30,3330.23,3302.91,90,10.93,2025-04-23T11:10:00,3330.23,STOP,-983.37,-1432.22
baseline,TITAN,2025-04-25,SHORT,2025-04-25T10:40:00,3349.00,3362.25,3329.12,89,13.25,2025-04-25T11:10:00,3329.12,TARGET,1769.16,1323.40
baseline,TITAN,2025-04-29,SHORT,2025-04-29T10:50:00,3358.20,3368.84,3342.24,89,10.64,2025-04-29T11:00:00,3368.84,STOP,-947.24,-1396.27
baseline,TITAN,2025-05-07,LONG,2025-05-07T10:20:00,3307.50,3293.34,3328.74,90,14.16,2025-05-07T11:00:00,3328.74,TARGET,1911.43,1463.48
baseline,TITAN,2025-05-15,LONG,2025-05-15T11:10:00,3606.30,3593.24,3625.89,83,13.06,2025-05-15T11:10:00,3593.24,STOP,-1084.03,-1532.20
baseline,TITAN,2025-05-19,SHORT,2025-05-19T12:00:00,3631.00,3638.57,3619.64,82,7.57,2025-05-19T13:50:00,3629.00,TIME_STOP,164.00,-282.49
baseline,TITAN,2025-05-26,SHORT,2025-05-26T13:30:00,3594.30,3605.05,3578.17,83,10.75,2025-05-26T13:30:00,3605.05,STOP,-892.28,-1340.44
baseline,TITAN,2025-05-27,LONG,2025-05-27T11:40:00,3629.20,3612.87,3653.69,82,16.33,2025-05-27T11:40:00,3612.87,STOP,-1338.69,-1784.08
baseline,TITAN,2025-05-28,LONG,2025-05-28T13:30:00,3578.40,3569.82,3591.27,83,8.58,2025-05-28T13:50:00,3591.27,TARGET,1068.01,621.70
baseline,TITAN,2025-05-30,SHORT,2025-05-30T11:20:00,3571.00,3580.19,3557.21,84,9.19,2025-05-30T13:10:00,3573.00,TIME_STOP,-168.00,-618.07
baseline,TITAN,2025-06-03,SHORT,2025-06-03T13:10:00,3520.50,3536.02,3497.22,85,15.52,2025-06-03T15:00:00,3518.40,TIME_STOP,178.50,-270.23
baseline,TITAN,2025-06-05,SHORT,2025-06-05T13:40:00,3493.40,3503.61,3478.08,85,10.21,2025-06-05T14:40:00,3503.61,STOP,-868.06,-1314.12
baseline,TITAN,2025-06-11,LONG,2025-06-11T12:20:00,3532.80,3525.83,3543.25,84,6.97,2025-06-11T12:40:00,3525.83,STOP,-585.40,-1030.09
baseline,TITAN,2025-06-12,SHORT,2025-06-12T10:50:00,3514.10,3524.27,3498.84,85,10.17,2025-06-12T11:20:00,3498.84,TARGET,1296.97,849.90
baseline,TITAN,2025-06-16,LONG,2025-06-16T12:40:00,3435.20,3426.50,3448.25,87,8.70,2025-06-16T13:00:00,3426.50,STOP,-756.75,-1204.48
baseline,TITAN,2025-06-18,SHORT,2025-06-18T11:40:00,3402.00,3410.52,3389.21,88,8.52,2025-06-18T11:50:00,3410.52,STOP,-750.08,-1199.71
baseline,TITAN,2025-06-23,LONG,2025-06-23T13:30:00,3524.90,3515.96,3538.32,85,8.94,2025-06-23T14:00:00,3515.96,STOP,-760.30,-1209.15
baseline,TITAN,2025-06-24,SHORT,2025-06-24T13:50:00,3516.50,3530.04,3496.19,85,13.54,2025-06-24T14:40:00,3530.04,STOP,-1151.16,-1600.38
baseline,TITAN,2025-06-27,SHORT,2025-06-27T11:40:00,3668.30,3677.62,3654.32,81,9.32,2025-06-27T12:40:00,3677.62,STOP,-754.70,-1200.96
baseline,TITAN,2025-07-02,SHORT,2025-07-02T10:20:00,3693.40,3699.92,3683.62,81,6.52,2025-07-02T10:30:00,3699.92,STOP,-528.39,-977.53
baseline,TITAN,2025-07-03,LONG,2025-07-03T10:20:00,3708.40,3700.53,3720.20,80,7.87,2025-07-03T11:10:00,3700.53,STOP,-629.25,-1073.79
baseline,TITAN,2025-07-04,LONG,2025-07-04T13:40:00,3673.70,3665.65,3685.77,81,8.05,2025-07-04T14:40:00,3685.77,TARGET,977.86,530.77
baseline,TITAN,2025-07-07,SHORT,2025-07-07T10:50:00,3667.00,3675.96,3653.57,81,8.96,2025-07-07T12:40:00,3653.57,TARGET,1088.12,643.39
baseline,TITAN,2025-07-14,LONG,2025-07-14T12:10:00,3387.30,3378.80,3400.05,88,8.50,2025-07-14T12:30:00,3378.80,STOP,-747.91,-1194.47
baseline,TITAN,2025-07-21,LONG,2025-07-21T12:40:00,3405.70,3398.89,3415.91,88,6.81,2025-07-21T13:00:00,3415.91,TARGET,898.63,448.40
baseline,TITAN,2025-07-23,LONG,2025-07-23T11:30:00,3471.80,3463.64,3484.04,86,8.16,2025-07-23T13:20:00,3475.80,TIME_STOP,344.00,-104.12
baseline,TITAN,2025-07-25,LONG,2025-07-25T11:30:00,3471.50,3464.69,3481.71,86,6.81,2025-07-25T12:00:00,3464.69,STOP,-585.32,-1032.70
baseline,TITAN,2025-07-30,SHORT,2025-07-30T10:00:00,3363.80,3371.62,3352.06,89,7.82,2025-07-30T11:20:00,3371.62,STOP,-696.29,-1145.88
baseline,TITAN,2025-07-31,LONG,2025-07-31T13:50:00,3358.60,3350.65,3370.52,89,7.95,2025-07-31T15:00:00,3350.65,STOP,-707.11,-1154.95
baseline,TITAN,2025-08-04,LONG,2025-08-04T13:20:00,3350.90,3343.85,3361.47,89,7.05,2025-08-04T14:20:00,3361.47,TARGET,940.64,492.59
baseline,TITAN,2025-08-11,LONG,2025-08-11T11:50:00,3460.00,3448.37,3477.44,86,11.63,2025-08-11T13:30:00,3477.44,TARGET,1499.97,1052.51
baseline,TITAN,2025-08-14,LONG,2025-08-14T12:20:00,3483.00,3475.62,3494.07,86,7.38,2025-08-14T13:00:00,3494.07,TARGET,951.88,501.86
baseline,TITAN,2025-08-26,SHORT,2025-08-26T11:50:00,3615.30,3623.59,3602.87,82,8.29,2025-08-26T12:20:00,3623.59,STOP,-679.66,-1124.85
baseline,TITAN,2025-08-28,LONG,2025-08-28T11:20:00,3633.20,3623.72,3647.42,82,9.48,2025-08-28T11:20:00,3647.42,TARGET,1165.73,717.97
baseline,TITAN,2025-09-01,SHORT,2025-09-01T13:10:00,3621.40,3627.73,3611.90,82,6.33,2025-09-01T13:20:00,3627.73,STOP,-519.12,-964.94
baseline,TITAN,2025-09-03,LONG,2025-09-03T10:10:00,3639.00,3631.06,3650.90,82,7.94,2025-09-03T10:10:00,3631.06,STOP,-650.71,-1097.82
baseline,TITAN,2025-09-05,LONG,2025-09-05T10:20:00,3691.90,3682.59,3705.87,81,9.31,2025-09-05T11:30:00,3686.80,REVERSE,-413.10,-861.36
baseline,TITAN,2025-09-08,LONG,2025-09-08T11:20:00,3675.00,3666.43,3687.85,81,8.57,2025-09-08T11:40:00,3666.43,STOP,-694.08,-1140.07
baseline,TITAN,2025-09-12,LONG,2025-09-12T12:00:00,3592.50,3585.42,3603.12,83,7.08,2025-09-12T12:10:00,3585.42,STOP,-587.42,-1034.25
baseline,TITAN,2025-09-16,LONG,2025-09-16T13:00:00,3543.10,3536.50,3553.00,84,6.60,2025-09-16T13:10:00,3536.50,STOP,-554.54,-1000.56
baseline,TITAN,2025-09-17,SHORT,2025-09-17T10:40:00,3534.50,3543.88,3520.43,84,9.38,2025-09-17T11:30:00,3520.43,TARGET,1181.55,737.09
baseline,TITAN,2025-09-23,LONG,2025-09-23T13:30:00,3443.00,3435.98,3453.53,87,7.02,2025-09-23T13:40:00,3453.53,TARGET,915.70,465.70
baseline,TITAN,2025-09-29,LONG,2025-09-29T13:00:00,3382.00,3373.48,3394.78,88,8.52,2025-09-29T14:30:00,3394.78,TARGET,1124.95,677.68
baseline,TITAN,2025-09-30,SHORT,2025-09-30T12:50:00,3390.40,3399.85,3376.23,88,9.45,2025-09-30T13:00:00,3376.23,TARGET,1247.33,800.73
baseline,TITAN,2025-10-01,LONG,2025-10-01T12:00:00,3389.00,3379.51,3403.23,88,9.49,2025-10-01T12:50:00,3379.51,STOP,-834.83,-1281.56
baseline,TITAN,2025-10-06,SHORT,2025-10-06T11:00:00,3406.60,3416.41,3391.89,88,9.81,2025-10-06T12:00:00,3416.41,STOP,-863.14,-1313.46
baseline,TITAN,2025-10-09,SHORT,2025-10-09T11:00:00,3538.90,3549.27,3523.35,84,10.37,2025-10-09T12:50:00,3545.00,TIME_STOP,-512.40,-958.69
baseline,TITAN,2025-10-10,SHORT,2025-10-10T13:40:00,3551.30,3558.90,3539.91,84,7.60,2025-10-10T13:50:00,3539.91,TARGET,957.10,510.35
baseline,TITAN,2025-10-15,SHORT,2025-10-15T13:40:00,3529.00,3537.53,3516.20,85,8.53,2025-10-15T13:50:00,3537.53,STOP,-725.11,-1175.60
baseline,TITAN,2025-10-21,LONG,2025-10-21T14:00:00,3742.80,3729.36,3762.96,80,13.44,2025-10-21T14:20:00,3729.36,STOP,-1075.19,-1523.52
baseline,TITAN,2025-10-27,LONG,2025-10-27T10:20:00,3734.40,3726.28,3746.58,80,8.12,2025-10-27T10:20:00,3726.28,STOP,-649.45,-1097.09
baseline,TITAN,2025-10-29,LONG,2025-10-29T11:00:00,3737.20,3726.67,3753.00,80,10.53,2025-10-29T12:50:00,3753.00,TARGET,1264.15,814.74
baseline,TITAN,2025-10-30,LONG,2025-10-30T11:10:00,3759.60,3750.57,3773.15,79,9.03,2025-10-30T11:20:00,3773.15,TARGET,1070.14,623.83
baseline,TITAN,2025-10-31,SHORT,2025-10-31T13:00:00,3753.30,3760.80,3742.05,79,7.50,2025-10-31T13:10:00,3760.80,STOP,-592.32,-1037.53
baseline,TITAN,2025-11-03,LONG,2025-11-03T13:10:00,3736.00,3723.49,3754.77,80,12.51,2025-11-03T13:50:00,3754.77,TARGET,1501.60,1052.15
baseline,TITAN,2025-11-06,SHORT,2025-11-06T10:30:00,3786.50,3801.42,3764.12,79,14.92,2025-11-06T12:20:00,3780.40,TIME_STOP,481.90,33.56
baseline,TITAN,2025-11-07,LONG,2025-11-07T13:40:00,3780.20,3771.63,3793.05,79,8.57,2025-11-07T14:00:00,3771.63,STOP,-676.71,-1124.16
baseline,TITAN,2025-11-11,SHORT,2025-11-11T10:10:00,3790.20,3797.94,3778.59,79,7.74,2025-11-11T10:20:00,3778.59,TARGET,916.83,468.38
baseline,TITAN,2025-11-18,SHORT,2025-11-18T10:00:00,3847.40,3854.84,3836.24,77,7.44,2025-11-18T10:20:00,3854.84,STOP,-572.75,-1017.56
baseline,TITAN,2025-11-20,SHORT,2025-11-20T13:10:00,3918.50,3925.03,3908.71,76,6.53,2025-11-20T13:10:00,3925.03,STOP,-496.18,-943.26
baseline,TITAN,2025-11-24,LONG,2025-11-24T10:20:00,3933.50,3924.08,3947.63,76,9.42,2025-11-24T10:30:00,3924.08,STOP,-716.16,-1164.04
baseline,TITAN,2025-11-25,LONG,2025-11-25T10:20:00,3906.00,3896.40,3920.40,76,9.60,2025-11-25T11:00:00,3896.40,STOP,-729.84,-1174.58
baseline,TITAN,2025-11-26,LONG,2025-11-26T10:10:00,3894.70,3883.14,3912.03,77,11.56,2025-11-26T11:00:00,3912.03,TARGET,1334.69,883.85
baseline,TITAN,2025-11-27,SHORT,2025-11-27T13:30:00,3894.20,3902.29,3882.07,77,8.09,2025-11-27T13:30:00,3902.29,STOP,-622.62,-1072.87
baseline,TITAN,2025-11-28,SHORT,2025-11-28T13:00:00,3909.20,3916.67,3898.00,76,7.47,2025-11-28T14:50:00,3906.60,TIME_STOP,197.60,-247.90
baseline,TITAN,2025-12-02,LONG,2025-12-02T11:40:00,3887.40,3878.87,3900.19,77,8.53,2025-12-02T13:30:00,3887.50,TIME_STOP,7.70,-441.30
baseline,TITAN,2025-12-04,LONG,2025-12-04T11:40:00,3826.20,3817.08,3839.88,78,9.12,2025-12-04T12:10:00,3817.08,STOP,-711.26,-1158.39
baseline,TITAN,2025-12-05,LONG,2025-12-05T10:10:00,3815.30,3806.16,3829.00,78,9.14,2025-12-05T12:00:00,3813.50,TIME_STOP,-140.40,-586.68
baseline,TITAN,2025-12-09,LONG,2025-12-09T10:50:00,3809.00,3797.73,3825.91,78,11.27,2025-12-09T11:20:00,3825.91,TARGET,1318.84,872.19
baseline,TITAN,2025-12-10,SHORT,2025-12-10T10:20:00,3838.80,3848.51,3824.23,78,9.71,2025-12-10T10:20:00,3839.40,REVERSE,-46.80,-495.97
baseline,TITAN,2025-12-11,LONG,2025-12-11T12:50:00,3832.70,3823.31,3846.79,78,9.39,2025-12-11T14:20:00,3846.79,TARGET,1098.65,649.40
baseline,TITAN,2025-12-17,SHORT,2025-12-17T11:50:00,3909.00,3917.13,3896.80,76,8.13,2025-12-17T12:20:00,3896.80,TARGET,926.95,482.02
baseline,TITAN,2025-12-18,LONG,2025-12-18T11:00:00,3909.00,3901.19,3920.71,76,7.81,2025-12-18T11:10:00,3901.19,STOP,-593.20,-1038.38
baseline,TITAN,2025-12-22,LONG,2025-12-22T10:00:00,3944.50,3936.78,3956.08,76,7.72,2025-12-22T11:00:00,3936.78,STOP,-586.79,-1036.02
baseline,TITAN,2025-12-29,SHORT,2025-12-29T13:50:00,3998.50,4005.77,3987.59,75,7.27,2025-12-29T15:00:00,3987.59,TARGET,818.27,369.05
baseline,TITAN,2025-12-30,LONG,2025-12-30T13:50:00,3991.40,3985.08,4000.87,75,6.32,2025-12-30T14:00:00,3985.08,STOP,-473.68,-922.35
baseline,TITAN,2026-01-02,LONG,2026-01-02T11:30:00,4048.10,4036.63,4065.30,74,11.47,2026-01-02T13:20:00,4045.30,TIME_STOP,-207.20,-656.38
baseline,TITAN,2026-01-09,SHORT,2026-01-09T10:10:00,4253.70,4267.25,4233.38,70,13.55,2026-01-09T10:30:00,4267.25,STOP,-948.45,-1395.80
baseline,TITAN,2026-01-12,LONG,2026-01-12T14:00:00,4216.70,4204.70,4234.71,71,12.00,2026-01-12T14:20:00,4234.71,TARGET,1278.40,828.36
baseline,TITAN,2026-01-14,LONG,2026-01-14T10:10:00,4238.00,4227.47,4253.79,70,10.53,2026-01-14T10:10:00,4227.47,STOP,-736.87,-1181.30
baseline,TITAN,2026-01-21,LONG,2026-01-21T13:10:00,4093.00,4079.96,4112.56,73,13.04,2026-01-21T13:20:00,4079.96,STOP,-951.98,-1399.45
baseline,TITAN,2026-01-22,SHORT,2026-01-22T11:20:00,4071.20,4083.63,4052.56,73,12.43,2026-01-22T11:40:00,4052.56,TARGET,1360.93,916.16
baseline,TITAN,2026-01-23,LONG,2026-01-23T10:50:00,4046.00,4031.41,4067.89,74,14.59,2026-01-23T12:40:00,4056.00,TIME_STOP,740.00,290.34
baseline,TITAN,2026-01-29,LONG,2026-01-29T13:50:00,3935.90,3922.36,3956.21,76,13.54,2026-01-29T15:20:00,3934.90,EOD,-76.00,-524.64
baseline,TITAN,2026-02-02,SHORT,2026-02-02T10:00:00,3949.30,3965.76,3924.61,75,16.46,2026-02-02T10:00:00,3924.61,TARGET,1851.69,1408.78
baseline,TITAN,2026-02-06,SHORT,2026-02-06T10:10:00,4071.70,4085.40,4051.15,73,13.70,2026-02-06T10:20:00,4085.40,STOP,-999.95,-1446.55
baseline,TITAN,2026-02-11,SHORT,2026-02-11T11:40:00,4243.30,4269.23,4204.40,70,25.93,2026-02-11T13:30:00,4218.50,TIME_STOP,1736.00,1291.76
baseline,TITAN,2026-02-12,LONG,2026-02-12T13:30:00,4268.90,4254.34,4290.73,70,14.56,2026-02-12T13:50:00,4254.34,STOP,-1018.95,-1466.42
baseline,TITAN,2026-02-13,SHORT,2026-02-13T10:40:00,4244.00,4257.05,4224.42,70,13.05,2026-02-13T11:50:00,4224.42,TARGET,1370.44,925.85
baseline,TITAN,2026-02-19,SHORT,2026-02-19T11:20:00,4235.80,4244.50,4222.75,70,8.70,2026-02-19T12:30:00,4244.50,STOP,-608.87,-1054.08
baseline,TITAN,2026-02-20,LONG,2026-02-20T10:20:00,4235.00,4220.65,4256.53,70,14.35,2026-02-20T12:10:00,4241.80,TIME_STOP,476.00,30.97
baseline,TITAN,2026-02-24,LONG,2026-02-24T11:10:00,4271.80,4262.64,4285.54,70,9.16,2026-02-24T11:30:00,4262.64,STOP,-641.21,-1089.26
baseline,TITAN,2026-02-27,SHORT,2026-02-27T10:10:00,4318.10,4327.43,4304.11,69,9.33,2026-02-27T10:30:00,4327.43,STOP,-643.49,-1090.89
baseline,TITAN,2026-03-04,LONG,2026-03-04T13:40:00,4197.90,4182.24,4221.39,71,15.66,2026-03-04T14:40:00,4221.39,TARGET,1667.73,1219.41
baseline,TITAN,2026-03-11,SHORT,2026-03-11T10:50:00,4184.70,4198.35,4164.22,71,13.65,2026-03-11T11:30:00,4164.22,TARGET,1453.89,1009.31
baseline,TITAN,2026-03-12,LONG,2026-03-12T12:40:00,4134.20,4118.19,4158.22,72,16.01,2026-03-12T13:20:00,4158.22,TARGET,1729.61,1281.82
baseline,ASIANPAINT,2024-03-18,LONG,2024-03-18T13:50:00,2838.00,2829.77,2850.34,105,8.23,2024-03-18T15:20:00,2850.34,TARGET,1295.93,847.97
baseline,ASIANPAINT,2024-03-20,LONG,2024-03-20T11:40:00,2819.60,2813.02,2829.47,106,6.58,2024-03-20T12:10:00,2813.02,STOP,-697.78,-1145.58
baseline,ASIANPAINT,2024-03-22,LONG,2024-03-22T12:00:00,2829.95,2822.90,2840.53,106,7.05,2024-03-22T13:50:00,2833.05,TIME_STOP,328.60,-121.61
baseline,ASIANPAINT,2024-03-26,SHORT,2024-03-26T10:10:00,2825.85,2834.72,2812.55,106,8.87,2024-03-26T11:40:00,2812.55,TARGET,1409.92,961.66
baseline,ASIANPAINT,2024-03-27,LONG,2024-03-27T10:10:00,2828.60,2822.51,2837.73,106,6.09,2024-03-27T12:00:00,2828.45,TIME_STOP,-15.90,-465.64
baseline,ASIANPAINT,2024-03-28,LONG,2024-03-28T10:20:00,2837.55,2831.26,2846.98,105,6.29,2024-03-28T10:30:00,2831.26,STOP,-660.35,-1106.76
baseline,ASIANPAINT,2024-04-03,LONG,2024-04-03T12:50:00,2869.00,2863.51,2877.23,104,5.49,2024-04-03T13:30:00,2877.23,TARGET,856.40,408.19
baseline,ASIANPAINT,2024-04-04,SHORT,2024-04-04T10:00:00,2860.50,2868.42,2848.62,104,7.92,2024-04-04T11:50:00,2868.42,STOP,-823.74,-1270.60
baseline,ASIANPAINT,2024-04-05,SHORT,2024-04-05T12:30:00,2901.50,2908.77,2890.60,103,7.27,2024-04-05T14:20:00,2895.95,TIME_STOP,571.65,123.80
baseline,ASIANPAINT,2024-04-09,LONG,2024-04-09T10:00:00,2911.75,2904.66,2922.39,103,7.09,2024-04-09T10:10:00,2904.66,STOP,-730.34,-1179.66
baseline,ASIANPAINT,2024-04-10,LONG,2024-04-10T11:10:00,2871.20,2864.30,2881.55,104,6.90,2024-04-10T12:00:00,2881.55,TARGET,1075.90,627.18
baseline,ASIANPAINT,2024-04-18,LONG,2024-04-18T11:30:00,2851.20,2842.25,2864.63,105,8.95,2024-04-18T13:20:00,2850.40,TIME_STOP,-84.00,-533.00
baseline,ASIANPAINT,2024-04-19,LONG,2024-04-19T13:50:00,2800.80,2793.55,2811.68,107,7.25,2024-04-19T13:50:00,2811.68,TARGET,1164.40,714.00
baseline,ASIANPAINT,2024-04-25,LONG,2024-04-25T13:50:00,2854.05,2848.02,2863.10,105,6.03,2024-04-25T14:10:00,2863.10,TARGET,950.26,500.04
baseline,ASIANPAINT,2024-04-26,SHORT,2024-04-26T12:50:00,2854.45,2861.70,2843.57,105,7.25,2024-04-26T12:50:00,2861.70,STOP,-761.27,-1211.41
baseline,ASIANPAINT,2024-05-03,SHORT,2024-05-03T13:00:00,2919.70,2932.80,2900.05,102,13.10,2024-05-03T14:30:00,2932.80,STOP,-1336.21,-1783.93
baseline,ASIANPAINT,2024-05-06,LONG,2024-05-06T10:40:00,2939.50,2926.34,2959.25,102,13.16,2024-05-06T12:30:00,2934.25,TIME_STOP,-535.50,-984.84
baseline,ASIANPAINT,2024-05-07,SHORT,2024-05-07T11:30:00,2926.25,2936.75,2910.50,102,10.50,2024-05-07T12:10:00,2910.50,TARGET,1606.67,1160.16
baseline,ASIANPAINT,2024-05-13,LONG,2024-05-13T10:40:00,2805.40,2786.18,2834.23,106,19.22,2024-05-13T11:00:00,2834.23,TARGET,3055.66,2607.31
baseline,ASIANPAINT,2024-05-14,SHORT,2024-05-14T10:30:00,2848.55,2860.33,2830.88,105,11.78,2024-05-14T10:30:00,2860.33,STOP,-1237.04,-1686.61
baseline,ASIANPAINT,2024-05-23,SHORT,2024-05-23T12:20:00,2885.25,2893.83,2872.37,103,8.58,2024-05-23T12:20:00,2890.55,REVERSE,-545.90,-992.08
baseline,ASIANPAINT,2024-05-24,SHORT,2024-05-24T10:10:00,2882.95,2892.04,2869.32,104,9.09,2024-05-24T10:20:00,2892.04,STOP,-945.17,-1395.62
baseline,ASIANPAINT,2024-05-27,LONG,2024-05-27T11:10:00,2882.65,2873.54,2896.32,104,9.11,2024-05-27T11:20:00,2873.54,STOP,-947.46,-1396.44
baseline,ASIANPAINT,2024-05-28,LONG,2024-05-28T11:20:00,2880.90,2874.02,2891.22,104,6.88,2024-05-28T11:20:00,2876.50,REVERSE,-457.60,-906.68
baseline,ASIANPAINT,2024-05-30,LONG,2024-05-30T12:50:00,2902.00,2894.61,2913.09,103,7.39,2024-05-30T13:20:00,2894.61,STOP,-761.55,-1209.34
baseline,ASIANPAINT,2024-05-31,LONG,2024-05-31T12:30:00,2899.65,2889.43,2914.97,103,10.22,2024-05-31T13:40:00,2889.43,STOP,-1052.30,-1499.50
baseline,ASIANPAINT,2024-06-07,LONG,2024-06-07T11:00:00,2925.25,2914.93,2940.73,102,10.32,2024-06-07T11:30:00,2914.93,STOP,-1052.85,-1499.62
baseline,ASIANPAINT,2024-06-12,LONG,2024-06-12T13:50:00,2906.30,2897.54,2919.44,103,8.76,2024-06-12T14:20:00,2897.54,STOP,-902.48,-1350.83
baseline,ASIANPAINT,2024-06-20,LONG,2024-06-20T13:10:00,2915.95,2909.14,2926.16,102,6.81,2024-06-20T15:00:00,2914.20,TIME_STOP,-178.50,-624.51
baseline,ASIANPAINT,2024-06-21,LONG,2024-06-21T14:10:00,2907.00,2900.74,2916.39,103,6.26,2024-06-21T14:20:00,2900.74,STOP,-644.67,-1093.32
baseline,ASIANPAINT,2024-06-24,LONG,2024-06-24T12:10:00,2898.50,2892.15,2908.02,103,6.35,2024-06-24T12:30:00,2892.15,STOP,-653.97,-1101.30
baseline,ASIANPAINT,2024-06-26,LONG,2024-06-26T12:30:00,2872.00,2866.80,2879.80,104,5.20,2024-06-26T12:40:00,2866.80,STOP,-540.74,-988.37
baseline,ASIANPAINT,2024-07-02,LONG,2024-07-02T11:10:00,2930.60,2924.06,2940.41,102,6.54,2024-07-02T11:40:00,2924.06,STOP,-666.81,-1114.69
baseline,ASIANPAINT,2024-07-04,LONG,2024-07-04T10:10:00,2947.00,2939.89,2957.67,101,7.11,2024-07-04T10:20:00,2939.89,STOP,-718.21,-1164.14
baseline,ASIANPAINT,2024-07-09,LONG,2024-07-09T12:10:00,2910.00,2903.72,2919.42,103,6.28,2024-07-09T14:00:00,2905.00,TIME_STOP,-515.00,-964.21
baseline,ASIANPAINT,2024-07-12,SHORT,2024-07-12T10:30:00,2981.20,2992.01,2964.99,100,10.81,2024-07-12T10:50:00,2992.01,STOP,-1080.50,-1528.49
baseline,ASIANPAINT,2024-07-16,LONG,2024-07-16T11:10:00,2975.80,2967.90,2987.65,100,7.90,2024-07-16T12:10:00,2987.65,TARGET,1185.20,737.94
baseline,ASIANPAINT,2024-07-19,SHORT,2024-07-19T12:40:00,2932.40,2944.27,2914.59,102,11.87,2024-07-19T13:10:00,2944.27,STOP,-1210.83,-1660.40
baseline,ASIANPAINT,2024-07-22,LONG,2024-07-22T10:20:00,2960.00,2946.70,2979.95,101,13.30,2024-07-22T10:50:00,2946.70,STOP,-1343.04,-1790.48
baseline,ASIANPAINT,2024-07-24,LONG,2024-07-24T11:20:00,2925.00,2914.08,2941.38,102,10.92,2024-07-24T12:20:00,2914.08,STOP,-1113.54,-1560.23
baseline,ASIANPAINT,2024-08-01,SHORT,2024-08-01T13:30:00,3077.40,3085.55,3065.18,97,8.15,2024-08-01T13:50:00,3085.55,STOP,-790.37,-1238.72
baseline,ASIANPAINT,2024-08-05,LONG,2024-08-05T10:10:00,3141.00,3127.19,3161.72,95,13.81,2024-08-05T10:10:00,3127.19,STOP,-1312.15,-1758.76
baseline,ASIANPAINT,2024-08-16,LONG,2024-08-16T12:20:00,3036.30,3026.65,3050.77,98,9.65,2024-08-16T13:00:00,3026.65,STOP,-945.68,-1391.30
baseline,ASIANPAINT,2024-08-26,LONG,2024-08-26T10:40:00,3163.70,3155.19,3176.47,94,8.51,2024-08-26T12:00:00,3155.19,STOP,-800.14,-1245.62
baseline,ASIANPAINT,2024-08-27,LONG,2024-08-27T10:20:00,3174.15,3166.31,3185.90,94,7.84,2024-08-27T10:40:00,3185.90,TARGET,1104.88,656.49
baseline,ASIANPAINT,2024-09-09,SHORT,2024-09-09T12:00:00,3266.95,3276.42,3252.75,91,9.47,2024-09-09T12:30:00,3276.42,STOP,-861.44,-1308.03
baseline,ASIANPAINT,2024-09-12,SHORT,2024-09-12T11:30:00,3355.25,3365.76,3339.48,89,10.51,2024-09-12T12:20:00,3365.76,STOP,-935.74,-1384.37
baseline,ASIANPAINT,2024-09-13,LONG,2024-09-13T13:40:00,3355.30,3347.61,3366.84,89,7.69,2024-09-13T15:20:00,3362.95,EOD,680.85,232.41
baseline,ASIANPAINT,2024-09-16,SHORT,2024-09-16T10:10:00,3350.50,3360.74,3335.15,89,10.24,2024-09-16T10:10:00,3360.74,STOP,-911.03,-1359.00
baseline,ASIANPAINT,2024-09-19,SHORT,2024-09-19T13:10:00,3277.60,3287.57,3262.64,91,9.97,2024-09-19T13:20:00,3287.57,STOP,-907.49,-1355.56
baseline,ASIANPAINT,2024-09-20,LONG,2024-09-20T10:40:00,3298.05,3286.86,3314.83,90,11.19,2024-09-20T10:40:00,3314.83,TARGET,1510.29,1063.92
baseline,ASIANPAINT,2024-10-11,LONG,2024-10-11T12:30:00,3056.75,3048.71,3068.80,98,8.04,2024-10-11T12:40:00,3048.71,STOP,-787.58,-1236.34
baseline,ASIANPAINT,2024-10-14,LONG,2024-10-14T11:50:00,3040.50,3032.58,3052.38,98,7.92,2024-10-14T13:10:00,3052.38,TARGET,1164.50,716.68
baseline,ASIANPAINT,2024-10-16,SHORT,2024-10-16T12:10:00,3075.00,3083.67,3062.00,97,8.67,2024-10-16T12:40:00,3080.20,REVERSE,-504.40,-952.19
baseline,ASIANPAINT,2024-10-21,LONG,2024-10-21T12:40:00,3030.00,3021.52,3042.73,99,8.48,2024-10-21T14:10:00,3042.73,TARGET,1259.96,809.06
baseline,ASIANPAINT,2024-10-22,SHORT,2024-10-22T11:00:00,3030.75,3041.23,3015.03,98,10.48,2024-10-22T11:30:00,3015.03,TARGET,1540.35,1095.98
baseline,ASIANPAINT,2024-10-23,LONG,2024-10-23T12:00:00,3019.20,3008.53,3035.20,99,10.67,2024-10-23T13:50:00,3020.00,TIME_STOP,79.20,-369.21
baseline,ASIANPAINT,2024-10-28,LONG,2024-10-28T10:00:00,2985.00,2974.39,3000.92,100,10.61,2024-10-28T10:20:00,3000.92,TARGET,1592.10,1143.16
baseline,ASIANPAINT,2024-10-30,SHORT,2024-10-30T10:20:00,2976.30,2985.99,2961.77,100,9.69,2024-10-30T10:20:00,2985.99,STOP,-968.83,-1416.00
baseline,ASIANPAINT,2024-11-06,LONG,2024-11-06T13:50:00,2896.00,2887.15,2909.28,103,8.85,2024-11-06T15:20:00,2898.00,EOD,206.00,-241.59
baseline,ASIANPAINT,2024-11-07,SHORT,2024-11-07T10:00:00,2864.50,2874.97,2848.80,104,10.47,2024-11-07T10:20:00,2874.97,STOP,-1088.70,-1536.38
baseline,ASIANPAINT,2024-11-22,LONG,2024-11-22T10:20:00,2453.00,2445.59,2464.11,122,7.41,2024-11-22T10:40:00,2445.59,STOP,-903.70,-1351.92
baseline,ASIANPAINT,2024-11-25,SHORT,2024-11-25T13:10:00,2464.20,2470.77,2454.34,121,6.57,2024-11-25T13:30:00,2470.77,STOP,-795.49,-1243.34
baseline,ASIANPAINT,2024-11-28,SHORT,2024-11-28T10:50:00,2477.45,2484.59,2466.74,121,7.14,2024-11-28T11:20:00,2466.74,TARGET,1295.50,846.82
baseline,ASIANPAINT,2024-11-29,LONG,2024-11-29T10:00:00,2477.75,2471.40,2487.27,121,6.35,2024-11-29T10:10:00,2471.40,STOP,-768.20,-1217.33
baseline,ASIANPAINT,2024-12-02,LONG,2024-12-02T12:40:00,2483.50,2477.87,2491.95,120,5.63,2024-12-02T12:40:00,2477.87,STOP,-675.64,-1122.16
baseline,ASIANPAINT,2024-12-03,SHORT,2024-12-03T10:00:00,2472.95,2478.12,2465.19,121,5.17,2024-12-03T10:20:00,2478.12,STOP,-625.58,-1074.89
baseline,ASIANPAINT,2024-12-06,SHORT,2024-12-06T10:30:00,2442.55,2450.17,2431.12,122,7.62,2024-12-06T12:20:00,2436.20,TIME_STOP,774.70,328.29
baseline,ASIANPAINT,2024-12-13,LONG,2024-12-13T13:50:00,2397.95,2390.32,2409.39,125,7.63,2024-12-13T15:00:00,2409.39,TARGET,1429.74,979.06
baseline,ASIANPAINT,2024-12-16,SHORT,2024-12-16T10:40:00,2390.20,2397.26,2379.62,125,7.06,2024-12-16T12:30:00,2393.70,TIME_STOP,-437.50,-885.99
baseline,ASIANPAINT,2024-12-18,LONG,2024-12-18T12:10:00,2370.20,2364.81,2378.28,126,5.39,2024-12-18T12:30:00,2364.81,STOP,-678.85,-1126.31
baseline,ASIANPAINT,2024-12-23,LONG,2024-12-23T12:00:00,2295.45,2289.73,2304.03,130,5.72,2024-12-23T12:00:00,2289.73,STOP,-744.02,-1191.07
baseline,ASIANPAINT,2024-12-24,LONG,2024-12-24T10:20:00,2284.70,2278.97,2293.29,131,5.73,2024-12-24T10:30:00,2293.29,TARGET,1125.53,675.74
baseline,ASIANPAINT,2024-12-27,LONG,2024-12-27T10:10:00,2280.55,2275.37,2288.32,131,5.18,2024-12-27T11:20:00,2288.32,TARGET,1018.40,569.50
baseline,ASIANPAINT,2024-12-30,LONG,2024-12-30T11:30:00,2275.50,2270.35,2283.22,131,5.15,2024-12-30T11:30:00,2270.35,STOP,-674.18,-1120.81
baseline,ASIANPAINT,2025-01-02,LONG,2025-01-02T11:20:00,2314.50,2308.88,2322.92,129,5.62,2025-01-02T12:30:00,2322.92,TARGET,1086.51,637.84
baseline,ASIANPAINT,2025-01-07,LONG,2025-01-07T10:00:00,2296.40,2288.57,2308.15,130,7.83,2025-01-07T10:50:00,2308.15,TARGET,1527.41,1078.46
baseline,ASIANPAINT,2025-01-08,LONG,2025-01-08T10:50:00,2300.85,2294.04,2311.07,130,6.81,2025-01-08T10:50:00,2294.04,STOP,-885.84,-1333.84
baseline,ASIANPAINT,2025-01-24,LONG,2025-01-24T12:00:00,2289.90,2283.11,2300.08,131,6.79,2025-01-24T12:00:00,2283.11,STOP,-889.45,-1338.75
baseline,ASIANPAINT,2025-01-27,LONG,2025-01-27T11:40:00,2273.55,2265.13,2286.18,131,8.42,2025-01-27T12:30:00,2265.13,STOP,-1103.27,-1549.19
baseline,ASIANPAINT,2025-01-28,LONG,2025-01-28T11:50:00,2263.50,2255.60,2275.35,132,7.90,2025-01-28T12:30:00,2255.60,STOP,-1042.93,-1490.33
baseline,ASIANPAINT,2025-01-30,LONG,2025-01-30T12:10:00,2252.20,2245.53,2262.20,133,6.67,2025-01-30T13:50:00,2245.53,STOP,-886.51,-1335.16
baseline,ASIANPAINT,2025-01-31,SHORT,2025-01-31T10:30:00,2243.50,2251.88,2230.92,133,8.38,2025-01-31T10:40:00,2251.88,STOP,-1115.08,-1563.49
baseline,ASIANPAINT,2025-02-03,SHORT,2025-02-03T10:20:00,2331.70,2344.75,2312.12,128,13.05,2025-02-03T12:00:00,2312.12,TARGET,2505.68,2059.88
baseline,ASIANPAINT,2025-02-04,LONG,2025-02-04T11:50:00,2300.20,2289.21,2316.69,130,10.99,2025-02-04T12:20:00,2316.69,TARGET,2143.88,1693.73
baseline,ASIANPAINT,2025-02-10,SHORT,2025-02-10T12:10:00,2260.05,2267.35,2249.10,132,7.30,2025-02-10T13:50:00,2267.35,STOP,-963.59,-1411.80
baseline,ASIANPAINT,2025-02-11,SHORT,2025-02-11T10:20:00,2253.45,2260.67,2242.61,133,7.22,2025-02-11T10:50:00,2242.61,TARGET,1441.25,992.76
baseline,ASIANPAINT,2025-02-12,LONG,2025-02-12T12:40:00,2231.55,2222.27,2245.47,134,9.28,2025-02-12T14:10:00,2222.27,STOP,-1243.34,-1690.95
baseline,ASIANPAINT,2025-02-19,SHORT,2025-02-19T13:10:00,2235.70,2240.82,2228.03,134,5.12,2025-02-19T13:30:00,2240.82,STOP,-685.48,-1135.37
baseline,ASIANPAINT,2025-02-20,LONG,2025-02-20T10:20:00,2247.60,2241.84,2256.24,133,5.76,2025-02-20T11:20:00,2256.24,TARGET,1149.33,700.07
baseline,ASIANPAINT,2025-02-21,SHORT,2025-02-21T10:00:00,2241.95,2247.03,2234.33,133,5.08,2025-02-21T11:00:00,2247.03,STOP,-675.95,-1123.72
baseline,ASIANPAINT,2025-02-24,LONG,2025-02-24T10:50:00,2256.70,2250.48,2266.03,132,6.22,2025-02-24T12:10:00,2250.48,STOP,-821.18,-1267.39
baseline,ASIANPAINT,2025-02-25,LONG,2025-02-25T10:00:00,2255.35,2250.48,2262.65,133,4.87,2025-02-25T10:30:00,2250.48,STOP,-647.65,-1097.10
baseline,ASIANPAINT,2025-03-05,LONG,2025-03-05T11:00:00,2147.65,2140.52,2158.35,139,7.13,2025-03-05T11:10:00,2158.35,TARGET,1487.37,1038.47
baseline,ASIANPAINT,2025-03-07,SHORT,2025-03-07T13:40:00,2255.70,2260.40,2248.65,132,4.70,2025-03-07T13:40:00,2260.40,STOP,-620.73,-1067.82
baseline,ASIANPAINT,2025-03-12,SHORT,2025-03-12T10:00:00,2272.00,2277.05,2264.43,132,5.05,2025-03-12T10:00:00,2264.43,TARGET,999.59,550.49
baseline,ASIANPAINT,2025-03-20,SHORT,2025-03-20T14:10:00,2279.95,2285.84,2271.12,131,5.89,2025-03-20T14:30:00,2285.84,STOP,-771.56,-1220.15
baseline,ASIANPAINT,2025-03-21,LONG,2025-03-21T10:40:00,2295.25,2288.85,2304.85,130,6.40,2025-03-21T10:40:00,2304.85,TARGET,1247.81,799.30
baseline,ASIANPAINT,2025-03-27,LONG,2025-03-27T11:20:00,2321.55,2313.86,2333.09,129,7.69,2025-03-27T13:00:00,2333.09,TARGET,1488.61,1038.28
baseline,ASIANPAINT,2025-03-28,SHORT,2025-03-28T13:00:00,2339.00,2345.61,2329.08,128,6.61,2025-03-28T13:50:00,2329.08,TARGET,1269.28,821.15
baseline,ASIANPAINT,2025-04-01,SHORT,2025-04-01T10:40:00,2327.35,2336.63,2313.43,128,9.28,2025-04-01T12:30:00,2330.00,TIME_STOP,-339.20,-786.31
baseline,ASIANPAINT,2025-04-07,SHORT,2025-04-07T10:00:00,2329.85,2349.28,2300.70,128,19.43,2025-04-07T10:50:00,2343.15,REVERSE,-1702.40,-2151.01
baseline,ASIANPAINT,2025-04-15,LONG,2025-04-15T13:10:00,2412.00,2406.43,2420.35,124,5.57,2025-04-15T15:00:00,2412.80,TIME_STOP,99.20,-349.51
baseline,ASIANPAINT,2025-04-21,LONG,2025-04-21T12:40:00,2465.20,2459.40,2473.89,121,5.80,2025-04-21T13:00:00,2459.40,STOP,-701.21,-1148.12
baseline,ASIANPAINT,2025-04-23,SHORT,2025-04-23T11:00:00,2430.40,2437.93,2419.11,123,7.53,2025-04-23T12:40:00,2437.93,STOP,-925.64,-1374.74
baseline,ASIANPAINT,2025-04-24,SHORT,2025-04-24T12:40:00,2448.00,2455.39,2436.91,122,7.39,2025-04-24T12:50:00,2455.39,STOP,-901.84,-1350.50
baseline,ASIANPAINT,2025-04-28,LONG,2025-04-28T10:20:00,2445.70,2435.81,2460.53,122,9.89,2025-04-28T10:30:00,2435.81,STOP,-1206.13,-1652.79
baseline,ASIANPAINT,2025-04-30,LONG,2025-04-30T12:20:00,2457.50,2452.27,2465.35,122,5.23,2025-04-30T12:20:00,2452.27,STOP,-638.56,-1087.80
baseline,ASIANPAINT,2025-05-06,SHORT,2025-05-06T10:30:00,2407.20,2417.18,2392.23,124,9.98,2025-05-06T12:20:00,2398.10,TIME_STOP,1128.40,681.51
baseline,ASIANPAINT,2025-05-07,LONG,2025-05-07T13:10:00,2397.50,2389.06,2410.16,125,8.44,2025-05-07T13:20:00,2389.06,STOP,-1054.61,-1503.35
baseline,ASIANPAINT,2025-05-09,LONG,2025-05-09T12:10:00,2321.30,2309.18,2339.48,129,12.12,2025-05-09T12:10:00,2309.18,STOP,-1563.78,-2011.78
baseline,ASIANPAINT,2025-05-15,LONG,2025-05-15T11:20:00,2293.00,2286.39,2302.91,130,6.61,2025-05-15T12:20:00,2302.91,TARGET,1288.46,840.36
baseline,ASIANPAINT,2025-05-19,SHORT,2025-05-19T12:10:00,2340.10,2345.91,2331.38,128,5.81,2025-05-19T12:20:00,2345.91,STOP,-743.80,-1193.66
baseline,ASIANPAINT,2025-05-26,SHORT,2025-05-26T12:00:00,2316.00,2322.18,2306.73,129,6.18,2025-05-26T12:20:00,2306.73,TARGET,1195.48,748.23
baseline,ASIANPAINT,2025-06-02,LONG,2025-06-02T13:20:00,2268.60,2264.62,2274.57,132,3.98,2025-06-02T14:30:00,2264.62,STOP,-525.65,-974.44
baseline,ASIANPAINT,2025-06-03,SHORT,2025-06-03T10:20:00,2264.90,2270.24,2256.89,132,5.34,2025-06-03T10:20:00,2270.24,STOP,-704.83,-1153.81
baseline,ASIANPAINT,2025-06-04,LONG,2025-06-04T14:10:00,2255.60,2252.54,2260.19,133,3.06,2025-06-04T14:30:00,2252.54,STOP,-406.55,-856.23
baseline,ASIANPAINT,2025-06-05,SHORT,2025-06-05T10:50:00,2245.90,2250.35,2239.23,133,4.45,2025-06-05T12:20:00,2250.35,STOP,-591.71,-1040.21
baseline,ASIANPAINT,2025-06-09,LONG,2025-06-09T10:30:00,2248.00,2242.59,2256.11,133,5.41,2025-06-09T12:20:00,2245.70,TIME_STOP,-305.90,-754.15
baseline,ASIANPAINT,2025-06-11,LONG,2025-06-11T12:10:00,2222.50,2218.47,2228.55,134,4.03,2025-06-11T12:30:00,2218.47,STOP,-540.53,-986.85
baseline,ASIANPAINT,2025-06-12,SHORT,2025-06-12T13:30:00,2224.50,2231.35,2214.22,134,6.85,2025-06-12T13:40:00,2214.22,TARGET,1377.84,931.74
baseline,ASIANPAINT,2025-06-18,SHORT,2025-06-18T12:20:00,2264.00,2269.07,2256.40,132,5.07,2025-06-18T13:00:00,2267.40,REVERSE,-448.80,-897.41
baseline,ASIANPAINT,2025-06-19,SHORT,2025-06-19T13:30:00,2271.70,2275.63,2265.80,132,3.93,2025-06-19T13:40:00,2275.63,STOP,-518.90,-969.08
baseline,ASIANPAINT,2025-06-20,LONG,2025-06-20T12:00:00,2278.10,2273.36,2285.21,131,4.74,2025-06-20T12:40:00,2273.36,STOP,-621.34,-1068.52
baseline,ASIANPAINT,2025-06-24,SHORT,2025-06-24T13:50:00,2270.90,2276.91,2261.89,132,6.01,2025-06-24T14:30:00,2276.91,STOP,-792.73,-1242.96
baseline,ASIANPAINT,2025-06-25,LONG,2025-06-25T10:00:00,2282.50,2276.25,2291.88,131,6.25,2025-06-25T11:50:00,2282.50,TIME_STOP,0.00,-448.51
baseline,ASIANPAINT,2025-07-01,SHORT,2025-07-01T13:30:00,2352.80,2357.96,2345.07,127,5.16,2025-07-01T14:00:00,2357.96,STOP,-654.81,-1103.50
baseline,ASIANPAINT,2025-07-02,LONG,2025-07-02T11:00:00,2369.00,2361.34,2380.49,126,7.66,2025-07-02T12:10:00,2380.49,TARGET,1447.54,998.72
baseline,ASIANPAINT,2025-07-07,SHORT,2025-07-07T13:40:00,2436.90,2442.85,2427.97,123,5.95,2025-07-07T14:30:00,2442.85,STOP,-732.12,-1182.28
baseline,ASIANPAINT,2025-07-10,SHORT,2025-07-10T10:00:00,2488.40,2495.27,2478.09,120,6.87,2025-07-10T10:00:00,2478.09,TARGET,1237.18,790.20
baseline,ASIANPAINT,2025-07-23,LONG,2025-07-23T14:10:00,2363.20,2358.94,2369.60,126,4.26,2025-07-23T15:00:00,2369.60,TARGET,806.02,358.77
baseline,ASIANPAINT,2025-07-28,LONG,2025-07-28T10:20:00,2344.80,2338.29,2354.56,127,6.51,2025-07-28T10:20:00,2354.56,TARGET,1239.69,792.07
baseline,ASIANPAINT,2025-07-29,SHORT,2025-07-29T10:40:00,2343.00,2350.57,2331.65,128,7.57,2025-07-29T12:30:00,2343.50,TIME_STOP,-64.00,-513.90
baseline,ASIANPAINT,2025-07-31,SHORT,2025-07-31T10:10:00,2405.70,2413.43,2394.11,124,7.73,2025-07-31T11:50:00,2394.11,TARGET,1437.12,990.74
baseline,ASIANPAINT,2025-08-07,SHORT,2025-08-07T11:00:00,2475.30,2482.44,2464.59,121,7.14,2025-08-07T12:00:00,2482.44,STOP,-863.67,-1313.59
baseline,ASIANPAINT,2025-08-08,SHORT,2025-08-08T10:40:00,2485.40,2492.47,2474.80,120,7.07,2025-08-08T11:10:00,2492.47,STOP,-848.17,-1296.18
baseline,ASIANPAINT,2025-08-11,LONG,2025-08-11T13:10:00,2489.50,2483.44,2498.59,120,6.06,2025-08-11T13:40:00,2498.59,TARGET,1091.34,642.41
baseline,ASIANPAINT,2025-08-12,SHORT,2025-08-12T11:20:00,2485.90,2492.41,2476.14,120,6.51,2025-08-12T11:20:00,2492.41,STOP,-780.92,-1228.97
baseline,ASIANPAINT,2025-08-13,LONG,2025-08-13T10:30:00,2489.40,2483.64,2498.04,120,5.76,2025-08-13T12:20:00,2492.60,TIME_STOP,384.00,-64.38
baseline,ASIANPAINT,2025-08-19,SHORT,2025-08-19T10:40:00,2566.50,2573.27,2556.34,116,6.77,2025-08-19T11:00:00,2573.27,STOP,-785.36,-1232.52
baseline,ASIANPAINT,2025-08-21,LONG,2025-08-21T13:20:00,2573.80,2570.12,2579.32,116,3.68,2025-08-21T13:30:00,2570.12,STOP,-427.09,-874.61
baseline,ASIANPAINT,2025-08-26,LONG,2025-08-26T12:40:00,2511.50,2505.62,2520.32,119,5.88,2025-08-26T13:00:00,2520.32,TARGET,1050.08,600.99
baseline,ASIANPAINT,2025-08-28,LONG,2025-08-28T10:10:00,2519.50,2508.15,2536.52,119,11.35,2025-08-28T11:00:00,2508.15,STOP,-1350.48,-1799.20
baseline,ASIANPAINT,2025-08-29,SHORT,2025-08-29T10:20:00,2497.30,2506.58,2483.38,120,9.28,2025-08-29T10:20:00,2506.58,STOP,-1113.89,-1564.24
baseline,ASIANPAINT,2025-09-05,SHORT,2025-09-05T12:00:00,2571.00,2577.98,2560.53,116,6.98,2025-09-05T13:10:00,2577.98,STOP,-809.50,-1257.46
baseline,ASIANPAINT,2025-09-12,SHORT,2025-09-12T12:40:00,2546.00,2550.28,2539.58,117,4.28,2025-09-12T12:40:00,2539.58,TARGET,750.82,304.56
baseline,ASIANPAINT,2025-09-19,LONG,2025-09-19T10:20:00,2496.70,2491.01,2505.23,120,5.69,2025-09-19T10:20:00,2491.01,STOP,-682.64,-1131.54
baseline,ASIANPAINT,2025-09-22,LONG,2025-09-22T11:50:00,2501.00,2495.19,2509.72,119,5.81,2025-09-22T11:50:00,2495.19,STOP,-691.68,-1137.59
baseline,ASIANPAINT,2025-09-24,LONG,2025-09-24T10:10:00,2464.80,2458.44,2474.33,121,6.36,2025-09-24T10:10:00,2458.44,STOP,-769.01,-1215.79
baseline,ASIANPAINT,2025-09-30,SHORT,2025-09-30T10:40:00,2347.70,2355.83,2335.51,127,8.13,2025-09-30T12:30:00,2348.60,TIME_STOP,-114.30,-561.62
baseline,ASIANPAINT,2025-10-06,SHORT,2025-10-06T11:50:00,2340.70,2345.48,2333.52,128,4.78,2025-10-06T13:00:00,2345.48,STOP,-612.35,-1062.23
baseline,ASIANPAINT,2025-10-09,LONG,2025-10-09T13:30:00,2336.40,2332.20,2342.70,128,4.20,2025-10-09T14:30:00,2332.20,STOP,-537.17,-985.36
baseline,ASIANPAINT,2025-10-13,SHORT,2025-10-13T11:50:00,2342.10,2347.72,2333.67,128,5.62,2025-10-13T13:20:00,2347.72,STOP,-718.94,-1169.16
baseline,ASIANPAINT,2025-10-23,SHORT,2025-10-23T14:00:00,2519.70,2525.33,2511.25,119,5.63,2025-10-23T14:30:00,2511.25,TARGET,1005.07,556.05
baseline,ASIANPAINT,2025-10-30,LONG,2025-10-30T13:30:00,2527.60,2522.86,2534.70,118,4.74,2025-10-30T13:30:00,2522.86,STOP,-558.91,-1005.88
baseline,ASIANPAINT,2025-10-31,SHORT,2025-10-31T10:10:00,2522.00,2526.97,2514.55,118,4.97,2025-10-31T10:20:00,2514.55,TARGET,879.13,433.40
baseline,ASIANPAINT,2025-11-04,SHORT,2025-11-04T12:50:00,2500.00,2505.46,2491.81,120,5.46,2025-11-04T13:30:00,2491.81,TARGET,982.40,533.13
baseline,ASIANPAINT,2025-11-07,SHORT,2025-11-07T10:50:00,2589.70,2596.55,2579.42,115,6.85,2025-11-07T11:00:00,2596.55,STOP,-788.15,-1235.46
baseline,ASIANPAINT,2025-11-11,LONG,2025-11-11T14:00:00,2645.50,2641.44,2651.58,113,4.06,2025-11-11T14:30:00,2651.58,TARGET,687.56,238.63
baseline,ASIANPAINT,2025-11-18,LONG,2025-11-18T11:20:00,2896.80,2890.11,2906.84,103,6.69,2025-11-18T11:50:00,2906.84,TARGET,1033.87,585.54
baseline,ASIANPAINT,2025-11-19,SHORT,2025-11-19T10:30:00,2899.90,2906.81,2889.53,103,6.91,2025-11-19T11:30:00,2906.81,STOP,-712.14,-1160.71
baseline,ASIANPAINT,2025-11-24,LONG,2025-11-24T10:00:00,2879.10,2872.66,2888.76,104,6.44,2025-11-24T10:10:00,2888.76,TARGET,1004.63,554.74
baseline,ASIANPAINT,2025-11-25,SHORT,2025-11-25T13:30:00,2884.90,2890.80,2876.04,103,5.90,2025-11-25T15:00:00,2876.04,TARGET,912.17,467.14
baseline,ASIANPAINT,2025-11-26,LONG,2025-11-26T10:20:00,2889.00,2882.55,2898.67,103,6.45,2025-11-26T10:30:00,2882.55,STOP,-664.11,-1109.96
baseline,ASIANPAINT,2025-11-27,SHORT,2025-11-27T12:30:00,2877.00,2883.89,2866.67,104,6.89,2025-11-27T14:20:00,2881.00,TIME_STOP,-416.00,-865.12
baseline,ASIANPAINT,2025-11-28,LONG,2025-11-28T12:20:00,2880.00,2874.48,2888.28,104,5.52,2025-11-28T12:20:00,2874.48,STOP,-574.11,-1022.96
baseline,ASIANPAINT,2025-12-04,SHORT,2025-12-04T13:00:00,2952.90,2959.47,2943.05,101,6.57,2025-12-04T13:20:00,2959.47,STOP,-663.50,-1111.36
baseline,ASIANPAINT,2025-12-05,LONG,2025-12-05T13:00:00,2959.40,2955.02,2965.96,101,4.38,2025-12-05T14:20:00,2965.96,TARGET,663.06,214.21
baseline,ASIANPAINT,2025-12-12,LONG,2025-12-12T10:00:00,2790.70,2783.88,2800.92,107,6.82,2025-12-12T10:00:00,2783.88,STOP,-729.33,-1176.69
baseline,ASIANPAINT,2025-12-17,SHORT,2025-12-17T11:50:00,2785.80,2791.78,2776.82,107,5.98,2025-12-17T12:20:00,2776.82,TARGET,960.58,514.17
baseline,ASIANPAINT,2025-12-22,SHORT,2025-12-22T12:40:00,2793.00,2799.53,2783.20,107,6.53,2025-12-22T14:10:00,2799.53,STOP,-698.79,-1147.59
baseline,ASIANPAINT,2025-12-24,SHORT,2025-12-24T11:30:00,2799.10,2805.91,2788.88,107,6.81,2025-12-24T13:20:00,2788.88,TARGET,1093.46,645.03
baseline,ASIANPAINT,2025-12-29,LONG,2025-12-29T10:50:00,2760.50,2754.68,2769.24,108,5.82,2025-12-29T10:50:00,2754.68,STOP,-628.93,-1075.66
baseline,ASIANPAINT,2025-12-30,SHORT,2025-12-30T14:10:00,2760.00,2766.94,2749.59,108,6.94,2025-12-30T15:00:00,2766.94,STOP,-749.25,-1196.93
baseline,ASIANPAINT,2026-01-01,LONG,2026-01-01T10:30:00,2779.00,2770.65,2791.52,107,8.35,2026-01-01T12:20:00,2778.20,TIME_STOP,-85.60,-531.57
baseline,ASIANPAINT,2026-01-02,SHORT,2026-01-02T12:00:00,2766.40,2773.42,2755.87,108,7.02,2026-01-02T13:50:00,2765.00,TIME_STOP,151.20,-296.84
baseline,ASIANPAINT,2026-01-07,SHORT,2026-01-07T12:00:00,2825.70,2832.25,2815.87,106,6.55,2026-01-07T12:40:00,2815.87,TARGET,1042.10,593.60
baseline,ASIANPAINT,2026-01-09,LONG,2026-01-09T10:30:00,2833.40,2823.63,2848.06,105,9.77,2026-01-09T11:00:00,2823.63,STOP,-1026.30,-1471.79
baseline,ASIANPAINT,2026-01-13,SHORT,2026-01-13T12:30:00,2872.80,2880.87,2860.69,104,8.07,2026-01-13T12:30:00,2880.87,STOP,-839.53,-1288.32
baseline,ASIANPAINT,2026-01-30,LONG,2026-01-30T12:40:00,2431.10,2422.21,2444.43,123,8.89,2026-01-30T12:50:00,2444.43,TARGET,1639.71,1189.94
baseline,ASIANPAINT,2026-02-03,SHORT,2026-02-03T11:30:00,2408.00,2423.23,2385.15,124,15.23,2026-02-03T11:30:00,2413.30,REVERSE,-657.20,-1105.58
baseline,ASIANPAINT,2026-02-05,LONG,2026-02-05T14:10:00,2430.10,2424.95,2437.82,123,5.15,2026-02-05T14:40:00,2437.82,TARGET,949.54,500.48
baseline,ASIANPAINT,2026-02-10,SHORT,2026-02-10T11:30:00,2395.30,2400.84,2386.99,125,5.54,2026-02-10T12:10:00,2400.84,STOP,-692.51,-1142.15
baseline,ASIANPAINT,2026-02-12,SHORT,2026-02-12T10:00:00,2381.10,2388.82,2369.52,125,7.72,2026-02-12T10:40:00,2388.82,STOP,-965.04,-1412.22
baseline,ASIANPAINT,2026-02-13,SHORT,2026-02-13T10:30:00,2397.60,2403.59,2388.61,125,5.99,2026-02-13T10:40:00,2403.59,STOP,-749.22,-1199.34
baseline,ASIANPAINT,2026-02-16,LONG,2026-02-16T12:20:00,2380.90,2374.96,2389.81,126,5.94,2026-02-16T12:20:00,2389.81,TARGET,1122.47,671.63
baseline,ASIANPAINT,2026-02-20,LONG,2026-02-20T10:50:00,2413.70,2405.90,2425.40,124,7.80,2026-02-20T11:40:00,2425.40,TARGET,1451.36,1001.33
baseline,ASIANPAINT,2026-02-24,SHORT,2026-02-24T10:40:00,2423.00,2430.39,2411.91,123,7.39,2026-02-24T11:20:00,2411.91,TARGET,1363.65,917.63
baseline,ASIANPAINT,2026-02-27,LONG,2026-02-27T13:50:00,2380.00,2374.47,2388.29,126,5.53,2026-02-27T14:00:00,2388.29,TARGET,1044.33,593.73
baseline,ASIANPAINT,2026-03-06,SHORT,2026-03-06T10:00:00,2272.70,2280.79,2260.57,132,8.09,2026-03-06T10:20:00,2279.50,REVERSE,-897.60,-1348.27
baseline,ASIANPAINT,2026-03-11,SHORT,2026-03-11T11:50:00,2268.90,2277.05,2256.68,132,8.15,2026-03-11T12:30:00,2256.68,TARGET,1612.74,1164.71
baseline,ASIANPAINT,2026-03-12,LONG,2026-03-12T11:50:00,2247.70,2239.57,2259.89,133,8.13,2026-03-12T11:50:00,2239.57,STOP,-1080.78,-1528.38
baseline,JSWSTEEL,2024-03-19,SHORT,2024-03-19T11:10:00,796.90,800.84,790.98,376,3.94,2024-03-19T12:00:00,800.84,STOP,-1483.04,-1933.60
baseline,JSWSTEEL,2024-03-26,SHORT,2024-03-26T10:30:00,821.15,824.99,815.39,365,3.84,2024-03-26T12:20:00,823.20,TIME_STOP,-748.25,-1198.39
baseline,JSWSTEEL,2024-03-27,LONG,2024-03-27T12:00:00,824.00,821.76,827.36,364,2.24,2024-03-27T13:10:00,827.36,TARGET,1222.02,771.20
baseline,JSWSTEEL,2024-03-28,LONG,2024-03-28T10:20:00,828.35,825.10,833.22,362,3.25,2024-03-28T11:10:00,833.22,TARGET,1764.55,1313.43
baseline,JSWSTEEL,2024-04-02,SHORT,2024-04-02T10:40:00,865.65,869.14,860.42,346,3.49,2024-04-02T11:40:00,869.14,STOP,-1207.43,-1657.61
baseline,JSWSTEEL,2024-04-03,SHORT,2024-04-03T11:00:00,868.50,872.24,862.89,345,3.74,2024-04-03T11:10:00,872.24,STOP,-1289.40,-1739.82
baseline,JSWSTEEL,2024-04-05,LONG,2024-04-05T13:00:00,862.50,859.31,867.29,347,3.19,2024-04-05T13:50:00,859.31,STOP,-1108.26,-1556.36
baseline,JSWSTEEL,2024-04-10,SHORT,2024-04-10T12:00:00,878.85,882.35,873.61,341,3.50,2024-04-10T12:00:00,880.00,REVERSE,-392.15,-841.98
baseline,JSWSTEEL,2024-04-15,LONG,2024-04-15T10:50:00,880.70,876.18,887.48,340,4.52,2024-04-15T10:50:00,876.18,STOP,-1537.50,-1985.50
baseline,JSWSTEEL,2024-04-19,LONG,2024-04-19T13:10:00,852.10,848.55,857.43,352,3.55,2024-04-19T14:00:00,857.43,TARGET,1876.67,1425.35
baseline,JSWSTEEL,2024-04-22,SHORT,2024-04-22T13:30:00,856.40,858.71,852.93,350,2.31,2024-04-22T13:50:00,858.71,STOP,-810.18,-1260.40
baseline,JSWSTEEL,2024-04-23,LONG,2024-04-23T10:30:00,864.05,861.08,868.50,347,2.97,2024-04-23T10:30:00,861.08,STOP,-1029.87,-1478.84
baseline,JSWSTEEL,2024-04-26,SHORT,2024-04-26T14:00:00,891.45,895.01,886.12,336,3.56,2024-04-26T15:00:00,886.12,TARGET,1792.08,1344.14
baseline,JSWSTEEL,2024-04-29,LONG,2024-04-29T10:30:00,898.50,894.31,904.79,333,4.19,2024-04-29T11:00:00,894.31,STOP,-1396.38,-1844.13
baseline,JSWSTEEL,2024-04-30,SHORT,2024-04-30T10:10:00,891.40,894.71,886.44,336,3.31,2024-04-30T11:10:00,886.44,TARGET,1666.09,1218.07
baseline,JSWSTEEL,2024-05-03,SHORT,2024-05-03T11:30:00,884.50,888.42,878.62,339,3.92,2024-05-03T11:50:00,878.62,TARGET,1992.50,1544.23
baseline,JSWSTEEL,2024-05-08,LONG,2024-05-08T10:10:00,864.70,860.79,870.56,346,3.91,2024-05-08T10:30:00,860.79,STOP,-1352.42,-1800.19
baseline,JSWSTEEL,2024-05-13,LONG,2024-05-13T11:40:00,847.00,842.55,853.67,354,4.45,2024-05-13T13:10:00,853.67,TARGET,2361.65,1910.12
baseline,JSWSTEEL,2024-05-15,SHORT,2024-05-15T10:20:00,868.60,872.43,862.85,345,3.83,2024-05-15T11:00:00,872.43,STOP,-1321.61,-1772.11
baseline,JSWSTEEL,2024-05-16,LONG,2024-05-16T12:20:00,875.75,872.44,880.72,342,3.31,2024-05-16T12:30:00,872.44,STOP,-1132.38,-1580.79
baseline,JSWSTEEL,2024-05-22,SHORT,2024-05-22T10:00:00,911.80,917.02,903.98,329,5.22,2024-05-22T10:30:00,917.02,STOP,-1715.96,-2167.22
baseline,JSWSTEEL,2024-05-23,LONG,2024-05-23T13:00:00,914.70,910.76,920.61,327,3.94,2024-05-23T13:20:00,910.76,STOP,-1289.26,-1736.95
baseline,JSWSTEEL,2024-05-28,LONG,2024-05-28T13:20:00,908.15,905.58,912.01,330,2.57,2024-05-28T13:30:00,912.01,TARGET,1273.72,823.23
baseline,JSWSTEEL,2024-05-29,LONG,2024-05-29T13:00:00,908.90,906.25,912.87,330,2.65,2024-05-29T14:00:00,906.25,STOP,-873.35,-1322.60
baseline,JSWSTEEL,2024-05-31,SHORT,2024-05-31T11:00:00,883.15,886.76,877.74,339,3.61,2024-05-31T11:10:00,886.76,STOP,-1223.72,-1673.72
baseline,JSWSTEEL,2024-06-04,LONG,2024-06-04T10:00:00,900.85,893.92,911.24,333,6.93,2024-06-04T10:20:00,893.92,STOP,-2306.66,-2754.90
baseline,JSWSTEEL,2024-06-05,LONG,2024-06-05T12:10:00,857.35,848.66,870.38,287,8.69,2024-06-05T12:50:00,848.66,STOP,-2493.33,-2860.54
baseline,JSWSTEEL,2024-06-13,LONG,2024-06-13T13:00:00,918.25,915.61,922.22,326,2.64,2024-06-13T13:50:00,915.61,STOP,-861.90,-1310.28
baseline,JSWSTEEL,2024-06-14,LONG,2024-06-14T12:10:00,915.80,913.47,919.30,327,2.33,2024-06-14T12:20:00,919.30,TARGET,1145.09,695.03
baseline,JSWSTEEL,2024-06-18,SHORT,2024-06-18T11:00:00,917.10,920.30,912.30,327,3.20,2024-06-18T11:10:00,920.30,STOP,-1045.68,-1496.30
baseline,JSWSTEEL,2024-06-20,LONG,2024-06-20T10:50:00,924.30,921.25,928.87,324,3.05,2024-06-20T12:00:00,928.87,TARGET,1481.96,1031.64
baseline,JSWSTEEL,2024-06-21,SHORT,2024-06-21T12:30:00,931.05,934.05,926.55,322,3.00,2024-06-21T12:40:00,926.55,TARGET,1449.98,1001.37
baseline,JSWSTEEL,2024-06-24,LONG,2024-06-24T11:40:00,935.90,932.37,941.19,320,3.53,2024-06-24T12:10:00,941.19,TARGET,1692.17,1241.67
baseline,JSWSTEEL,2024-06-25,LONG,2024-06-25T14:10:00,935.15,932.95,938.45,320,2.20,2024-06-25T14:10:00,932.95,STOP,-703.52,-1151.87
baseline,JSWSTEEL,2024-07-02,SHORT,2024-07-02T13:10:00,942.00,944.75,937.88,318,2.75,2024-07-02T14:30:00,937.88,TARGET,1310.50,862.15
baseline,JSWSTEEL,2024-07-03,LONG,2024-07-03T10:20:00,943.65,941.05,947.54,317,2.60,2024-07-03T12:10:00,943.40,TIME_STOP,-79.25,-527.90
baseline,JSWSTEEL,2024-07-04,SHORT,2024-07-04T13:30:00,948.20,950.33,945.00,316,2.13,2024-07-04T13:50:00,945.00,TARGET,1010.24,561.55
baseline,JSWSTEEL,2024-07-11,SHORT,2024-07-11T10:30:00,923.15,926.50,918.13,324,3.35,2024-07-11T12:00:00,918.13,TARGET,1627.72,1180.29
baseline,JSWSTEEL,2024-07-15,SHORT,2024-07-15T12:00:00,932.15,935.05,927.80,321,2.90,2024-07-15T13:50:00,930.00,TIME_STOP,690.15,241.84
baseline,JSWSTEEL,2024-07-16,SHORT,2024-07-16T13:50:00,932.25,934.34,929.12,321,2.09,2024-07-16T14:20:00,934.34,STOP,-670.08,-1119.46
baseline,JSWSTEEL,2024-07-24,SHORT,2024-07-24T10:40:00,885.05,888.86,879.33,338,3.81,2024-07-24T11:40:00,888.86,STOP,-1289.44,-1739.12
baseline,JSWSTEEL,2024-07-25,LONG,2024-07-25T14:00:00,876.80,874.33,880.51,342,2.47,2024-07-25T14:30:00,874.33,STOP,-845.77,-1294.94
baseline,JSWSTEEL,2024-08-01,SHORT,2024-08-01T13:30:00,928.85,932.64,923.16,322,3.79,2024-08-01T14:00:00,932.64,STOP,-1220.41,-1669.96
baseline,JSWSTEEL,2024-08-08,LONG,2024-08-08T12:50:00,902.70,899.36,907.70,332,3.34,2024-08-08T13:00:00,899.36,STOP,-1107.30,-1556.02
baseline,JSWSTEEL,2024-08-09,LONG,2024-08-09T11:00:00,896.45,893.04,901.56,334,3.41,2024-08-09T11:20:00,901.56,TARGET,1708.20,1257.80
baseline,JSWSTEEL,2024-08-13,SHORT,2024-08-13T10:00:00,917.25,920.76,911.99,327,3.51,2024-08-13T10:00:00,919.50,REVERSE,-735.75,-1186.21
baseline,JSWSTEEL,2024-08-27,SHORT,2024-08-27T12:00:00,948.45,951.64,943.66,316,3.19,2024-08-27T13:00:00,951.64,STOP,-1008.98,-1459.30
baseline,JSWSTEEL,2024-08-28,LONG,2024-08-28T12:30:00,946.90,943.71,951.68,316,3.19,2024-08-28T14:20:00,949.80,TIME_STOP,916.40,466.88
baseline,JSWSTEEL,2024-08-29,SHORT,2024-08-29T11:00:00,942.35,945.33,937.88,318,2.98,2024-08-29T12:10:00,937.88,TARGET,1422.62,974.18
baseline,JSWSTEEL,2024-09-02,SHORT,2024-09-02T13:30:00,941.40,944.01,937.48,318,2.61,2024-09-02T14:00:00,937.48,TARGET,1245.70,797.58
baseline,JSWSTEEL,2024-09-04,LONG,2024-09-04T13:40:00,928.05,924.95,932.70,323,3.10,2024-09-04T15:00:00,932.70,TARGET,1503.56,1052.79
baseline,JSWSTEEL,2024-09-05,SHORT,2024-09-05T12:50:00,932.95,935.58,929.00,321,2.63,2024-09-05T13:00:00,929.00,TARGET,1268.21,819.95
baseline,JSWSTEEL,2024-09-06,LONG,2024-09-06T12:10:00,930.70,927.16,936.01,322,3.54,2024-09-06T12:30:00,936.01,TARGET,1710.97,1260.16
baseline,JSWSTEEL,2024-09-09,SHORT,2024-09-09T10:40:00,926.35,930.54,920.06,323,4.19,2024-09-09T10:40:00,930.54,STOP,-1354.65,-1804.49
baseline,JSWSTEEL,2024-09-11,LONG,2024-09-11T12:20:00,938.85,936.08,943.00,319,2.77,2024-09-11T12:50:00,936.08,STOP,-882.26,-1330.84
baseline,JSWSTEEL,2024-09-12,LONG,2024-09-12T10:10:00,936.25,931.85,942.85,320,4.40,2024-09-12T10:20:00,931.85,STOP,-1408.82,-1857.16
baseline,JSWSTEEL,2024-09-17,SHORT,2024-09-17T10:20:00,963.40,966.57,958.65,311,3.17,2024-09-17T10:50:00,966.57,STOP,-985.54,-1435.71
baseline,JSWSTEEL,2024-09-18,LONG,2024-09-18T10:20:00,967.90,965.22,971.92,309,2.68,2024-09-18T10:30:00,965.22,STOP,-828.99,-1276.99
baseline,JSWSTEEL,2024-09-26,LONG,2024-09-26T10:10:00,982.90,979.87,987.45,305,3.03,2024-09-26T10:10:00,987.45,TARGET,1386.38,935.66
baseline,JSWSTEEL,2024-09-27,SHORT,2024-09-27T13:10:00,1001.45,1004.81,996.41,299,3.36,2024-09-27T13:30:00,1004.81,STOP,-1003.82,-1453.72
baseline,JSWSTEEL,2024-10-04,LONG,2024-10-04T10:20:00,1043.30,1037.64,1051.79,287,5.66,2024-10-04T11:10:00,1051.79,TARGET,2436.95,1985.98
baseline,JSWSTEEL,2024-10-10,SHORT,2024-10-10T11:50:00,998.10,1001.47,993.04,300,3.37,2024-10-10T13:00:00,1001.47,STOP,-1012.24,-1462.15
baseline,JSWSTEEL,2024-10-11,SHORT,2024-10-11T13:50:00,1009.05,1011.71,1005.06,297,2.66,2024-10-11T14:40:00,1011.71,STOP,-789.75,-1239.87
baseline,JSWSTEEL,2024-10-14,SHORT,2024-10-14T13:10:00,1012.95,1016.37,1007.82,296,3.42,2024-10-14T15:00:00,1012.15,TIME_STOP,236.80,-212.77
baseline,JSWSTEEL,2024-10-18,LONG,2024-10-18T11:50:00,992.20,988.31,998.03,302,3.89,2024-10-18T12:30:00,998.03,TARGET,1760.85,1310.06
baseline,JSWSTEEL,2024-10-21,SHORT,2024-10-21T10:00:00,986.85,991.07,980.53,303,4.22,2024-10-21T10:10:00,991.07,STOP,-1277.29,-1726.78
baseline,JSWSTEEL,2024-10-24,LONG,2024-10-24T13:20:00,960.25,957.40,964.52,312,2.85,2024-10-24T14:00:00,957.40,STOP,-887.95,-1336.68
baseline,JSWSTEEL,2024-10-28,LONG,2024-10-28T10:50:00,967.25,960.65,977.15,310,6.60,2024-10-28T12:40:00,968.65,TIME_STOP,434.00,-16.10
baseline,JSWSTEEL,2024-10-31,LONG,2024-10-31T11:10:00,963.75,960.67,968.38,311,3.08,2024-10-31T11:40:00,960.67,STOP,-959.32,-1408.19
baseline,JSWSTEEL,2024-11-04,SHORT,2024-11-04T10:10:00,957.10,961.03,951.21,313,3.93,2024-11-04T10:30:00,951.21,TARGET,1843.86,1395.89
baseline,JSWSTEEL,2024-11-07,SHORT,2024-11-07T11:20:00,998.20,1002.86,991.20,300,4.66,2024-11-07T12:00:00,991.20,TARGET,2098.52,1650.90
baseline,JSWSTEEL,2024-11-11,SHORT,2024-11-11T10:30:00,986.90,991.87,979.45,303,4.97,2024-11-11T10:30:00,991.87,STOP,-1504.58,-1954.26
baseline,JSWSTEEL,2024-11-14,LONG,2024-11-14T10:10:00,947.15,942.32,954.39,316,4.83,2024-11-14T10:50:00,942.32,STOP,-1524.79,-1972.60
baseline,JSWSTEEL,2024-11-21,LONG,2024-11-21T13:10:00,949.45,945.91,954.76,315,3.54,2024-11-21T13:20:00,945.91,STOP,-1115.52,-1563.30
baseline,JSWSTEEL,2024-11-25,SHORT,2024-11-25T10:20:00,955.10,961.04,946.19,314,5.94,2024-11-25T11:10:00,961.04,STOP,-1865.45,-2316.71
baseline,JSWSTEEL,2024-11-28,SHORT,2024-11-28T11:40:00,962.70,965.96,957.81,311,3.26,2024-11-28T12:00:00,965.96,STOP,-1013.03,-1462.89
baseline,JSWSTEEL,2024-11-29,LONG,2024-11-29T10:50:00,963.70,959.49,970.01,311,4.21,2024-11-29T11:30:00,970.01,TARGET,1961.97,1510.93
baseline,JSWSTEEL,2024-12-05,LONG,2024-12-05T12:50:00,992.55,988.82,998.15,302,3.73,2024-12-05T13:30:00,998.15,TARGET,1690.65,1239.76
baseline,JSWSTEEL,2024-12-09,SHORT,2024-12-09T10:10:00,999.20,1002.82,993.77,300,3.62,2024-12-09T12:00:00,997.05,TIME_STOP,645.00,195.84
baseline,JSWSTEEL,2024-12-10,SHORT,2024-12-10T13:00:00,1011.10,1014.29,1006.31,296,3.19,2024-12-10T14:50:00,1011.35,TIME_STOP,-74.00,-522.98
baseline,JSWSTEEL,2024-12-11,SHORT,2024-12-11T11:40:00,1010.50,1013.82,1005.52,296,3.32,2024-12-11T11:50:00,1013.82,STOP,-983.66,-1433.06
baseline,JSWSTEEL,2024-12-13,LONG,2024-12-13T13:40:00,994.80,990.58,1001.13,301,4.22,2024-12-13T15:00:00,1001.13,TARGET,1906.50,1455.92
baseline,JSWSTEEL,2024-12-16,SHORT,2024-12-16T10:00:00,989.15,993.81,982.16,303,4.66,2024-12-16T11:50:00,987.10,TIME_STOP,621.15,172.05
baseline,JSWSTEEL,2024-12-23,LONG,2024-12-23T10:00:00,937.20,932.50,944.25,320,4.70,2024-12-23T10:40:00,944.25,TARGET,2256.21,1804.66
baseline,JSWSTEEL,2024-12-27,LONG,2024-12-27T10:20:00,923.80,921.19,927.72,324,2.61,2024-12-27T10:50:00,921.19,STOP,-845.95,-1294.28
baseline,JSWSTEEL,2024-12-31,LONG,2024-12-31T14:00:00,903.20,900.93,906.61,332,2.27,2024-12-31T14:30:00,900.93,STOP,-754.70,-1203.93
baseline,JSWSTEEL,2025-01-01,LONG,2025-01-01T11:10:00,908.00,904.68,912.98,330,3.32,2025-01-01T11:30:00,904.68,STOP,-1095.63,-1544.27
baseline,JSWSTEEL,2025-01-02,SHORT,2025-01-02T10:20:00,902.60,905.46,898.30,332,2.86,2025-01-02T11:00:00,905.46,STOP,-950.96,-1401.17
baseline,JSWSTEEL,2025-01-07,LONG,2025-01-07T10:00:00,907.05,902.87,913.32,330,4.18,2025-01-07T11:50:00,910.90,TIME_STOP,1270.50,820.56
baseline,JSWSTEEL,2025-01-09,SHORT,2025-01-09T10:10:00,900.20,903.57,895.15,333,3.37,2025-01-09T11:00:00,895.15,TARGET,1681.44,1233.06
baseline,JSWSTEEL,2025-01-10,LONG,2025-01-10T11:40:00,897.65,894.01,903.12,334,3.64,2025-01-10T13:30:00,903.12,TARGET,1825.50,1374.41
baseline,JSWSTEEL,2025-01-15,SHORT,2025-01-15T13:30:00,905.10,907.61,901.34,331,2.51,2025-01-15T13:50:00,907.61,STOP,-829.53,-1279.53
baseline,JSWSTEEL,2025-01-16,SHORT,2025-01-16T10:50:00,903.10,905.98,898.78,332,2.88,2025-01-16T11:30:00,905.98,STOP,-956.17,-1406.63
baseline,JSWSTEEL,2025-01-20,LONG,2025-01-20T10:50:00,913.00,910.17,917.24,328,2.83,2025-01-20T11:00:00,917.24,TARGET,1390.10,939.86
baseline,JSWSTEEL,2025-01-22,SHORT,2025-01-22T12:00:00,918.60,921.73,913.90,326,3.13,2025-01-22T12:00:00,913.90,TARGET,1532.60,1084.55
baseline,JSWSTEEL,2025-01-24,SHORT,2025-01-24T14:10:00,936.50,940.45,930.57,320,3.95,2025-01-24T14:20:00,930.57,TARGET,1897.63,1449.54
baseline,JSWSTEEL,2025-01-28,LONG,2025-01-28T12:20:00,916.75,913.39,921.79,327,3.36,2025-01-28T12:40:00,913.39,STOP,-1099.01,-1547.85
baseline,JSWSTEEL,2025-01-31,SHORT,2025-01-31T14:10:00,945.90,949.11,941.09,317,3.21,2025-01-31T14:10:00,941.09,TARGET,1525.70,1077.07
baseline,JSWSTEEL,2025-02-01,LONG,2025-02-01T10:50:00,951.40,947.78,956.83,315,3.62,2025-02-01T10:50:00,947.78,STOP,-1139.59,-1588.27
baseline,JSWSTEEL,2025-02-11,SHORT,2025-02-11T13:10:00,956.40,959.90,951.15,313,3.50,2025-02-11T14:00:00,951.15,TARGET,1644.74,1196.94
baseline,JSWSTEEL,2025-02-12,LONG,2025-02-12T12:20:00,958.65,953.69,966.09,312,4.96,2025-02-12T13:50:00,953.69,STOP,-1546.77,-1994.26
baseline,JSWSTEEL,2025-02-19,SHORT,2025-02-19T12:50:00,974.00,976.73,969.91,308,2.73,2025-02-19T13:40:00,976.73,STOP,-839.34,-1289.96
baseline,JSWSTEEL,2025-02-21,SHORT,2025-02-21T10:20:00,977.40,980.58,972.63,306,3.18,2025-02-21T10:30:00,980.58,STOP,-973.19,-1422.55
baseline,JSWSTEEL,2025-02-25,SHORT,2025-02-25T10:40:00,966.55,970.12,961.19,310,3.57,2025-02-25T10:40:00,967.35,REVERSE,-248.00,-697.63
baseline,JSWSTEEL,2025-02-27,SHORT,2025-02-27T12:50:00,962.50,965.33,958.25,311,2.83,2025-02-27T12:50:00,965.33,STOP,-880.75,-1330.42
baseline,JSWSTEEL,2025-03-04,SHORT,2025-03-04T13:00:00,969.45,972.30,965.17,309,2.85,2025-03-04T13:10:00,972.30,STOP,-881.94,-1331.94
baseline,JSWSTEEL,2025-03-07,SHORT,2025-03-07T13:00:00,1010.30,1013.15,1006.02,296,2.85,2025-03-07T14:30:00,1013.15,STOP,-844.44,-1293.65
baseline,JSWSTEEL,2025-03-11,LONG,2025-03-11T10:40:00,1013.15,1009.56,1018.53,296,3.59,2025-03-11T12:30:00,1014.95,TIME_STOP,532.80,82.56
baseline,JSWSTEEL,2025-03-12,SHORT,2025-03-12T10:00:00,1009.05,1012.22,1004.30,297,3.17,2025-03-12T10:50:00,1004.30,TARGET,1410.94,962.47
baseline,JSWSTEEL,2025-03-13,SHORT,2025-03-13T11:50:00,1004.40,1007.45,999.83,298,3.05,2025-03-13T13:40:00,1004.65,TIME_STOP,-74.50,-523.52
baseline,JSWSTEEL,2025-03-17,SHORT,2025-03-17T11:00:00,1003.45,1006.26,999.24,298,2.81,2025-03-17T11:40:00,1006.26,STOP,-836.89,-1286.06
baseline,JSWSTEEL,2025-03-24,SHORT,2025-03-24T12:20:00,1059.80,1063.41,1054.39,283,3.61,2025-03-24T13:20:00,1063.41,STOP,-1021.32,-1471.97
baseline,JSWSTEEL,2025-03-25,LONG,2025-03-25T10:00:00,1065.90,1062.02,1071.73,281,3.88,2025-03-25T10:40:00,1062.02,STOP,-1091.25,-1539.71
baseline,JSWSTEEL,2025-03-27,LONG,2025-03-27T13:00:00,1065.60,1062.56,1070.16,281,3.04,2025-03-27T13:30:00,1062.56,STOP,-853.75,-1302.26
baseline,JSWSTEEL,2025-03-28,LONG,2025-03-28T11:20:00,1062.60,1059.60,1067.10,282,3.00,2025-03-28T12:10:00,1067.10,TARGET,1268.91,818.48
baseline,JSWSTEEL,2025-04-01,SHORT,2025-04-01T11:30:00,1060.70,1064.21,1055.44,282,3.51,2025-04-01T13:20:00,1059.90,TIME_STOP,225.60,-222.91
baseline,JSWSTEEL,2025-04-09,SHORT,2025-04-09T10:10:00,946.90,951.45,940.07,316,4.55,2025-04-09T11:40:00,951.45,STOP,-1439.35,-1889.26
baseline,JSWSTEEL,2025-04-16,SHORT,2025-04-16T10:40:00,995.30,998.51,990.48,301,3.21,2025-04-16T12:20:00,998.51,STOP,-967.48,-1417.59
baseline,JSWSTEEL,2025-04-17,LONG,2025-04-17T12:20:00,1001.50,997.22,1007.92,299,4.28,2025-04-17T14:10:00,1003.00,TIME_STOP,448.50,-1.01
baseline,JSWSTEEL,2025-04-23,SHORT,2025-04-23T10:00:00,1041.40,1045.45,1035.33,288,4.05,2025-04-23T10:10:00,1035.33,TARGET,1749.58,1301.01
baseline,JSWSTEEL,2025-04-24,LONG,2025-04-24T12:40:00,1039.50,1036.59,1043.86,288,2.91,2025-04-24T14:00:00,1043.86,TARGET,1255.67,805.67
baseline,JSWSTEEL,2025-04-25,SHORT,2025-04-25T10:20:00,1030.60,1035.25,1023.63,291,4.65,2025-04-25T10:50:00,1023.63,TARGET,2029.51,1581.18
baseline,JSWSTEEL,2025-04-28,LONG,2025-04-28T10:00:00,1036.80,1032.04,1043.94,289,4.76,2025-04-28T10:10:00,1043.94,TARGET,2064.87,1613.87
baseline,JSWSTEEL,2025-04-29,SHORT,2025-04-29T12:10:00,1045.50,1049.70,1039.19,286,4.20,2025-04-29T12:20:00,1039.19,TARGET,1803.40,1356.23
baseline,JSWSTEEL,2025-05-09,LONG,2025-05-09T12:20:00,958.30,954.03,964.70,313,4.27,2025-05-09T12:20:00,954.03,STOP,-1336.26,-1785.18
baseline,JSWSTEEL,2025-05-14,SHORT,2025-05-14T12:10:00,995.70,999.03,990.70,301,3.33,2025-05-14T12:50:00,990.70,TARGET,1505.01,1056.58
baseline,JSWSTEEL,2025-05-16,SHORT,2025-05-16T12:00:00,1025.70,1029.29,1020.32,292,3.59,2025-05-16T13:50:00,1023.40,TIME_STOP,671.60,222.85
baseline,JSWSTEEL,2025-05-19,LONG,2025-05-19T10:00:00,1026.70,1023.34,1031.73,292,3.36,2025-05-19T10:30:00,1023.34,STOP,-980.05,-1429.01
baseline,JSWSTEEL,2025-05-20,SHORT,2025-05-20T13:00:00,1020.90,1023.90,1016.41,293,3.00,2025-05-20T14:20:00,1016.41,TARGET,1316.69,869.00
baseline,JSWSTEEL,2025-05-26,SHORT,2025-05-26T10:00:00,1006.40,1010.87,999.69,298,4.47,2025-05-26T10:00:00,1010.87,STOP,-1332.25,-1783.11
baseline,JSWSTEEL,2025-05-27,SHORT,2025-05-27T13:00:00,1019.90,1023.24,1014.90,294,3.34,2025-05-27T14:00:00,1014.90,TARGET,1471.04,1022.36
baseline,JSWSTEEL,2025-06-03,LONG,2025-06-03T11:40:00,980.00,976.64,985.05,306,3.36,2025-06-03T11:40:00,976.64,STOP,-1029.68,-1478.72
baseline,JSWSTEEL,2025-06-04,LONG,2025-06-04T10:50:00,978.00,974.64,983.05,306,3.36,2025-06-04T10:50:00,974.64,STOP,-1029.26,-1477.39
baseline,JSWSTEEL,2025-06-05,SHORT,2025-06-05T11:20:00,967.15,970.20,962.58,310,3.05,2025-06-05T12:00:00,970.20,STOP,-944.65,-1395.09
baseline,JSWSTEEL,2025-06-10,SHORT,2025-06-10T12:10:00,1006.30,1009.39,1001.66,298,3.09,2025-06-10T12:20:00,1001.66,TARGET,1383.06,934.28
baseline,JSWSTEEL,2025-06-11,SHORT,2025-06-11T13:50:00,1008.50,1010.42,1005.62,297,1.92,2025-06-11T15:20:00,1006.50,EOD,594.00,145.16
baseline,JSWSTEEL,2025-06-16,LONG,2025-06-16T10:40:00,993.45,989.93,998.73,301,3.52,2025-06-16T11:30:00,998.73,TARGET,1590.10,1140.37
baseline,JSWSTEEL,2025-06-17,SHORT,2025-06-17T13:10:00,998.95,1001.25,995.50,300,2.30,2025-06-17T14:00:00,1001.25,STOP,-690.76,-1140.81
baseline,JSWSTEEL,2025-06-19,LONG,2025-06-19T10:10:00,992.00,989.22,996.18,302,2.78,2025-06-19T12:00:00,992.70,TIME_STOP,211.40,-238.13
baseline,JSWSTEEL,2025-06-23,LONG,2025-06-23T13:00:00,1000.25,997.07,1005.01,299,3.18,2025-06-23T14:50:00,999.30,TIME_STOP,-284.05,-732.45
baseline,JSWSTEEL,2025-06-25,LONG,2025-06-25T10:10:00,1015.00,1011.55,1020.17,295,3.45,2025-06-25T12:00:00,1015.80,TIME_STOP,236.00,-213.31
baseline,JSWSTEEL,2025-06-26,SHORT,2025-06-26T11:40:00,1020.00,1023.87,1014.20,294,3.87,2025-06-26T12:50:00,1023.87,STOP,-1137.74,-1588.42
baseline,JSWSTEEL,2025-06-27,SHORT,2025-06-27T12:00:00,1026.00,1029.07,1021.39,292,3.07,2025-06-27T12:20:00,1029.07,STOP,-896.75,-1346.81
baseline,JSWSTEEL,2025-07-01,LONG,2025-07-01T12:50:00,1027.40,1024.36,1031.96,291,3.04,2025-07-01T14:40:00,1028.00,TIME_STOP,174.60,-273.99
baseline,JSWSTEEL,2025-07-03,SHORT,2025-07-03T13:10:00,1053.30,1055.93,1049.36,284,2.63,2025-07-03T13:50:00,1049.36,TARGET,1119.79,671.92
baseline,JSWSTEEL,2025-07-07,SHORT,2025-07-07T13:20:00,1039.60,1041.79,1036.31,288,2.19,2025-07-07T13:30:00,1041.79,STOP,-631.17,-1080.75
baseline,JSWSTEEL,2025-07-09,LONG,2025-07-09T11:00:00,1044.20,1040.93,1049.10,287,3.27,2025-07-09T12:00:00,1040.93,STOP,-937.41,-1386.24
baseline,JSWSTEEL,2025-07-10,SHORT,2025-07-10T10:30:00,1038.00,1041.08,1033.38,289,3.08,2025-07-10T11:30:00,1041.08,STOP,-890.18,-1340.82
baseline,JSWSTEEL,2025-07-11,SHORT,2025-07-11T11:30:00,1040.20,1043.36,1035.47,288,3.16,2025-07-11T11:50:00,1043.36,STOP,-909.05,-1359.10
baseline,JSWSTEEL,2025-07-14,LONG,2025-07-14T10:10:00,1041.70,1039.23,1045.41,287,2.47,2025-07-14T11:20:00,1039.23,STOP,-709.06,-1156.98
baseline,JSWSTEEL,2025-07-15,LONG,2025-07-15T11:50:00,1038.80,1035.80,1043.30,288,3.00,2025-07-15T13:10:00,1035.80,STOP,-863.43,-1311.54
baseline,JSWSTEEL,2025-07-17,LONG,2025-07-17T13:30:00,1033.70,1030.52,1038.47,290,3.18,2025-07-17T13:30:00,1038.47,TARGET,1383.97,933.27
baseline,JSWSTEEL,2025-07-18,SHORT,2025-07-18T11:00:00,1032.60,1036.16,1027.26,290,3.56,2025-07-18T12:20:00,1027.26,TARGET,1547.80,1099.78
baseline,JSWSTEEL,2025-07-21,LONG,2025-07-21T13:50:00,1033.60,1030.38,1038.44,290,3.22,2025-07-21T15:20:00,1036.10,EOD,725.00,274.84
baseline,JSWSTEEL,2025-07-22,SHORT,2025-07-22T13:50:00,1033.00,1035.06,1029.91,290,2.06,2025-07-22T15:00:00,1029.91,TARGET,895.03,446.35
baseline,JSWSTEEL,2025-07-25,SHORT,2025-07-25T10:30:00,1026.40,1029.33,1022.01,292,2.93,2025-07-25T11:20:00,1022.01,TARGET,1281.42,832.82
baseline,JSWSTEEL,2025-07-28,SHORT,2025-07-28T11:00:00,1021.90,1025.24,1016.90,293,3.34,2025-07-28T12:40:00,1025.24,STOP,-977.23,-1427.09
baseline,JSWSTEEL,2025-07-30,SHORT,2025-07-30T10:40:00,1035.10,1039.12,1029.07,289,4.02,2025-07-30T10:50:00,1039.12,STOP,-1161.41,-1611.00
baseline,JSWSTEEL,2025-08-04,LONG,2025-08-04T12:50:00,1053.80,1048.82,1061.28,284,4.98,2025-08-04T13:30:00,1048.82,STOP,-1415.32,-1863.18
baseline,JSWSTEEL,2025-08-05,SHORT,2025-08-05T12:10:00,1050.40,1053.32,1046.01,285,2.92,2025-08-05T12:10:00,1053.32,STOP,-833.55,-1283.23
baseline,JSWSTEEL,2025-08-06,SHORT,2025-08-06T11:00:00,1047.40,1050.81,1042.29,286,3.41,2025-08-06T12:00:00,1050.81,STOP,-974.59,-1424.65
baseline,JSWSTEEL,2025-08-07,LONG,2025-08-07T12:20:00,1053.20,1050.38,1057.43,284,2.82,2025-08-07T13:00:00,1057.43,TARGET,1200.97,751.41
baseline,JSWSTEEL,2025-08-08,SHORT,2025-08-08T11:50:00,1054.20,1057.78,1048.83,284,3.58,2025-08-08T12:20:00,1048.83,TARGET,1525.03,1077.09
baseline,JSWSTEEL,2025-08-11,SHORT,2025-08-11T10:30:00,1050.50,1054.67,1044.25,285,4.17,2025-08-11T10:30:00,1050.80,REVERSE,-85.50,-534.65
baseline,JSWSTEEL,2025-08-12,SHORT,2025-08-12T10:30:00,1054.60,1057.95,1049.57,284,3.35,2025-08-12T12:00:00,1057.20,REVERSE,-738.40,-1188.21
baseline,JSWSTEEL,2025-08-13,LONG,2025-08-13T10:00:00,1057.60,1054.87,1061.70,283,2.73,2025-08-13T10:10:00,1054.87,STOP,-772.92,-1221.29
baseline,JSWSTEEL,2025-08-19,SHORT,2025-08-19T13:00:00,1071.90,1074.71,1067.69,279,2.81,2025-08-19T14:30:00,1074.71,STOP,-783.51,-1232.68
baseline,JSWSTEEL,2025-08-20,LONG,2025-08-20T10:30:00,1075.30,1072.53,1079.46,278,2.77,2025-08-20T10:40:00,1079.46,TARGET,1156.59,707.32
baseline,JSWSTEEL,2025-08-21,SHORT,2025-08-21T11:30:00,1081.40,1083.84,1077.74,277,2.44,2025-08-21T11:30:00,1083.84,STOP,-675.54,-1125.37
baseline,JSWSTEEL,2025-08-28,LONG,2025-08-28T11:50:00,1054.10,1050.94,1058.83,284,3.16,2025-08-28T12:00:00,1050.94,STOP,-896.38,-1344.75
baseline,JSWSTEEL,2025-09-01,LONG,2025-09-01T10:00:00,1032.90,1029.84,1037.49,290,3.06,2025-09-01T10:20:00,1029.84,STOP,-886.69,-1335.33
baseline,JSWSTEEL,2025-09-05,LONG,2025-09-05T14:00:00,1071.90,1069.67,1075.24,279,2.23,2025-09-05T15:20:00,1073.60,EOD,474.30,25.35
baseline,JSWSTEEL,2025-09-09,SHORT,2025-09-09T10:30:00,1098.30,1101.60,1093.35,273,3.30,2025-09-09T11:10:00,1101.60,STOP,-901.26,-1351.69
baseline,JSWSTEEL,2025-09-12,LONG,2025-09-12T14:10:00,1101.30,1099.17,1104.50,272,2.13,2025-09-12T14:20:00,1099.17,STOP,-580.31,-1029.20
baseline,JSWSTEEL,2025-09-15,LONG,2025-09-15T11:00:00,1100.00,1097.28,1104.08,272,2.72,2025-09-15T12:50:00,1101.40,TIME_STOP,380.80,-68.29
baseline,JSWSTEEL,2025-09-17,SHORT,2025-09-17T12:30:00,1112.50,1114.74,1109.15,269,2.24,2025-09-17T13:10:00,1114.74,STOP,-601.57,-1050.91
baseline,JSWSTEEL,2025-09-22,SHORT,2025-09-22T11:20:00,1119.70,1122.23,1115.91,267,2.53,2025-09-22T11:40:00,1122.23,STOP,-675.33,-1124.28
baseline,JSWSTEEL,2025-09-23,LONG,2025-09-23T10:20:00,1123.10,1119.62,1128.32,267,3.48,2025-09-23T11:20:00,1119.62,STOP,-928.75,-1377.86
baseline,JSWSTEEL,2025-09-25,SHORT,2025-09-25T11:40:00,1146.40,1149.86,1141.22,261,3.46,2025-09-25T13:00:00,1149.86,STOP,-902.13,-1351.63
baseline,JSWSTEEL,2025-09-30,LONG,2025-09-30T10:20:00,1139.90,1136.03,1145.71,263,3.87,2025-09-30T11:40:00,1145.71,TARGET,1527.11,1076.28
baseline,JSWSTEEL,2025-10-01,SHORT,2025-10-01T10:30:00,1138.50,1142.11,1133.08,263,3.61,2025-10-01T10:50:00,1133.08,TARGET,1424.63,976.56
baseline,JSWSTEEL,2025-10-06,LONG,2025-10-06T13:50:00,1158.50,1155.53,1162.96,258,2.97,2025-10-06T13:50:00,1155.53,STOP,-766.39,-1214.16
baseline,JSWSTEEL,2025-10-10,LONG,2025-10-10T14:00:00,1167.10,1164.02,1171.72,257,3.08,2025-10-10T15:20:00,1168.30,EOD,308.40,-141.75
baseline,JSWSTEEL,2025-10-14,SHORT,2025-10-14T11:10:00,1155.80,1158.71,1151.44,259,2.91,2025-10-14T11:20:00,1151.44,TARGET,1129.41,681.23
baseline,JSWSTEEL,2025-10-17,SHORT,2025-10-17T12:50:00,1167.20,1169.78,1163.33,257,2.58,2025-10-17T12:50:00,1169.78,STOP,-663.38,-1113.83
baseline,JSWSTEEL,2025-10-30,SHORT,2025-10-30T12:00:00,1202.50,1206.12,1197.07,249,3.62,2025-10-30T12:10:00,1206.12,STOP,-901.23,-1351.04
baseline,JSWSTEEL,2025-11-07,LONG,2025-11-07T12:10:00,1164.90,1161.38,1170.18,257,3.52,2025-11-07T12:20:00,1162.00,REVERSE,-745.30,-1193.81
baseline,JSWSTEEL,2025-11-11,SHORT,2025-11-11T10:00:00,1174.60,1178.23,1169.15,255,3.63,2025-11-11T10:40:00,1169.15,TARGET,1390.26,942.01
baseline,JSWSTEEL,2025-11-12,SHORT,2025-11-12T11:10:00,1182.90,1186.84,1176.98,253,3.94,2025-11-12T13:00:00,1186.84,STOP,-998.04,-1447.70
baseline,JSWSTEEL,2025-11-17,SHORT,2025-11-17T12:10:00,1168.50,1171.57,1163.90,256,3.07,2025-11-17T12:50:00,1171.57,STOP,-785.76,-1235.05
baseline,JSWSTEEL,2025-11-18,LONG,2025-11-18T13:50:00,1167.20,1164.69,1170.97,257,2.51,2025-11-18T14:30:00,1164.69,STOP,-646.13,-1095.60
baseline,JSWSTEEL,2025-11-19,LONG,2025-11-19T12:40:00,1170.00,1166.98,1174.53,256,3.02,2025-11-19T13:40:00,1166.98,STOP,-773.29,-1221.99
baseline,JSWSTEEL,2025-11-20,SHORT,2025-11-20T10:10:00,1163.30,1166.63,1158.31,257,3.33,2025-11-20T10:10:00,1166.63,STOP,-854.63,-1303.72
baseline,JSWSTEEL,2025-11-25,LONG,2025-11-25T12:20:00,1119.60,1116.20,1124.70,267,3.40,2025-11-25T13:20:00,1116.60,REVERSE,-801.00,-1248.80
baseline,JSWSTEEL,2025-11-27,SHORT,2025-11-27T11:20:00,1147.80,1151.19,1142.72,261,3.39,2025-11-27T12:30:00,1142.72,TARGET,1325.74,877.37
baseline,JSWSTEEL,2025-12-01,SHORT,2025-12-01T11:30:00,1161.00,1165.31,1154.53,258,4.31,2025-12-01T13:20:00,1160.90,TIME_STOP,25.80,-423.49
baseline,JSWSTEEL,2025-12-02,SHORT,2025-12-02T10:20:00,1163.50,1167.24,1157.90,257,3.74,2025-12-02T10:20:00,1165.10,REVERSE,-411.20,-860.04
baseline,JSWSTEEL,2025-12-03,LONG,2025-12-03T13:20:00,1162.40,1158.84,1167.73,258,3.56,2025-12-03T13:30:00,1167.73,TARGET,1375.93,925.05
baseline,JSWSTEEL,2025-12-04,LONG,2025-12-04T11:20:00,1152.10,1145.23,1162.41,260,6.87,2025-12-04T11:30:00,1147.20,REVERSE,-1274.00,-1722.36
baseline,JSWSTEEL,2025-12-05,LONG,2025-12-05T11:50:00,1156.30,1152.66,1161.77,259,3.64,2025-12-05T12:40:00,1161.77,TARGET,1415.62,965.33
baseline,JSWSTEEL,2025-12-08,SHORT,2025-12-08T10:20:00,1144.00,1148.17,1137.74,262,4.17,2025-12-08T10:30:00,1148.17,STOP,-1093.77,-1544.18
baseline,JSWSTEEL,2025-12-11,LONG,2025-12-11T10:40:00,1107.80,1103.66,1114.01,270,4.14,2025-12-11T12:00:00,1103.66,STOP,-1116.96,-1564.78
baseline,JSWSTEEL,2025-12-18,LONG,2025-12-18T11:20:00,1087.00,1083.26,1092.61,275,3.74,2025-12-18T13:10:00,1088.30,TIME_STOP,357.50,-91.16
baseline,JSWSTEEL,2025-12-19,LONG,2025-12-19T10:20:00,1085.30,1081.73,1090.66,276,3.57,2025-12-19T10:20:00,1083.40,REVERSE,-524.40,-973.32
baseline,JSWSTEEL,2025-12-24,SHORT,2025-12-24T11:00:00,1091.20,1093.62,1087.57,274,2.42,2025-12-24T11:10:00,1093.62,STOP,-663.26,-1112.24
baseline,JSWSTEEL,2025-12-26,LONG,2025-12-26T12:20:00,1097.40,1094.07,1102.39,273,3.33,2025-12-26T12:30:00,1094.07,STOP,-909.06,-1357.76
baseline,JSWSTEEL,2025-12-29,SHORT,2025-12-29T13:20:00,1094.80,1098.50,1089.25,274,3.70,2025-12-29T15:10:00,1093.20,TIME_STOP,438.40,-11.23
baseline,JSWSTEEL,2025-12-30,LONG,2025-12-30T10:30:00,1100.00,1096.94,1104.60,272,3.06,2025-12-30T11:00:00,1096.94,STOP,-833.34,-1281.52
baseline,JSWSTEEL,2026-01-06,SHORT,2026-01-06T12:20:00,1185.80,1188.72,1181.41,252,2.92,2026-01-06T14:00:00,1181.41,TARGET,1105.07,657.66
baseline,JSWSTEEL,2026-01-07,LONG,2026-01-07T11:10:00,1184.20,1180.52,1189.73,253,3.68,2026-01-07T11:20:00,1180.52,STOP,-932.27,-1380.97
baseline,JSWSTEEL,2026-01-12,LONG,2026-01-12T12:40:00,1170.90,1166.44,1177.59,256,4.46,2026-01-12T13:40:00,1177.59,TARGET,1713.78,1262.87
baseline,JSWSTEEL,2026-01-13,SHORT,2026-01-13T12:40:00,1177.00,1180.89,1171.16,254,3.89,2026-01-13T12:50:00,1180.89,STOP,-988.80,-1437.98
baseline,JSWSTEEL,2026-01-14,SHORT,2026-01-14T14:00:00,1184.10,1187.80,1178.55,253,3.70,2026-01-14T15:20:00,1181.80,EOD,581.90,132.97
baseline,JSWSTEEL,2026-01-19,SHORT,2026-01-19T12:10:00,1184.50,1188.14,1179.04,253,3.64,2026-01-19T12:40:00,1179.04,TARGET,1380.26,931.78
baseline,JSWSTEEL,2026-01-21,LONG,2026-01-21T12:20:00,1174.00,1169.87,1180.19,255,4.13,2026-01-21T13:20:00,1169.87,STOP,-1052.61,-1500.88
baseline,JSWSTEEL,2026-01-22,SHORT,2026-01-22T14:10:00,1178.40,1182.04,1172.94,254,3.64,2026-01-22T14:30:00,1182.04,STOP,-924.25,-1373.92
baseline,JSWSTEEL,2026-01-23,SHORT,2026-01-23T11:30:00,1177.70,1181.65,1171.77,254,3.95,2026-01-23T11:40:00,1171.77,TARGET,1506.36,1058.79
baseline,JSWSTEEL,2026-02-04,SHORT,2026-02-04T11:50:00,1230.10,1234.02,1224.23,243,3.92,2026-02-04T13:40:00,1226.20,TIME_STOP,947.70,500.04
baseline,JSWSTEEL,2026-02-05,LONG,2026-02-05T12:10:00,1229.50,1225.41,1235.64,244,4.09,2026-02-05T12:30:00,1225.41,STOP,-998.58,-1447.82
baseline,JSWSTEEL,2026-02-06,SHORT,2026-02-06T10:40:00,1225.60,1229.11,1220.33,244,3.51,2026-02-06T11:10:00,1229.11,STOP,-857.27,-1306.48
baseline,JSWSTEEL,2026-02-10,SHORT,2026-02-10T14:10:00,1243.50,1246.19,1239.47,241,2.69,2026-02-10T15:20:00,1243.30,EOD,48.20,-401.29
baseline,JSWSTEEL,2026-02-11,SHORT,2026-02-11T10:10:00,1239.10,1242.51,1233.99,242,3.41,2026-02-11T10:20:00,1242.51,STOP,-825.18,-1275.59
baseline,JSWSTEEL,2026-02-12,SHORT,2026-02-12T10:40:00,1245.20,1248.61,1240.08,240,3.41,2026-02-12T11:30:00,1248.61,STOP,-819.36,-1268.25
baseline,JSWSTEEL,2026-02-13,LONG,2026-02-13T13:10:00,1239.50,1236.17,1244.49,242,3.33,2026-02-13T13:50:00,1236.17,STOP,-805.38,-1254.72
baseline,JSWSTEEL,2026-02-16,LONG,2026-02-16T13:00:00,1240.80,1237.77,1245.34,241,3.03,2026-02-16T14:40:00,1245.34,TARGET,1093.84,644.47
baseline,JSWSTEEL,2026-02-20,LONG,2026-02-20T11:00:00,1240.50,1236.58,1246.38,241,3.92,2026-02-20T11:30:00,1246.38,TARGET,1417.13,967.63
baseline,JSWSTEEL,2026-02-23,LONG,2026-02-23T10:20:00,1244.50,1240.26,1250.86,241,4.24,2026-02-23T11:00:00,1240.26,STOP,-1021.77,-1470.89
baseline,JSWSTEEL,2026-02-27,SHORT,2026-02-27T10:10:00,1266.40,1270.45,1260.33,236,4.05,2026-02-27T12:00:00,1270.45,STOP,-955.50,-1404.52
baseline,JSWSTEEL,2026-03-10,LONG,2026-03-10T10:00:00,1201.60,1195.06,1211.41,249,6.54,2026-03-10T11:50:00,1206.40,TIME_STOP,1195.20,745.51
baseline,JSWSTEEL,2026-03-11,SHORT,2026-03-11T10:20:00,1195.30,1201.21,1186.43,250,5.91,2026-03-11T11:10:00,1201.21,STOP,-1478.15,-1927.50
baseline,JSWSTEEL,2026-03-12,LONG,2026-03-12T14:00:00,1177.50,1172.44,1185.08,254,5.06,2026-03-12T14:10:00,1172.44,STOP,-1284.01,-1731.67
baseline,HINDALCO,2024-03-18,LONG,2024-03-18T10:50:00,531.25,527.37,537.07,564,3.88,2024-03-18T11:00:00,529.15,REVERSE,-1184.40,-1632.95
baseline,HINDALCO,2024-03-19,SHORT,2024-03-19T11:00:00,530.75,533.26,526.99,565,2.51,2024-03-19T11:10:00,533.26,STOP,-1416.71,-1867.58
baseline,HINDALCO,2024-03-28,LONG,2024-03-28T13:20:00,561.65,559.99,564.14,534,1.66,2024-03-28T13:50:00,564.14,TARGET,1330.55,879.68
baseline,HINDALCO,2024-04-02,SHORT,2024-04-02T10:00:00,563.85,566.04,560.56,532,2.19,2024-04-02T10:20:00,566.04,STOP,-1167.68,-1618.51
baseline,HINDALCO,2024-04-04,SHORT,2024-04-04T11:30:00,575.80,578.45,571.83,521,2.65,2024-04-04T12:20:00,571.83,TARGET,2068.69,1620.25
baseline,HINDALCO,2024-04-12,SHORT,2024-04-12T12:30:00,597.20,599.31,594.03,502,2.11,2024-04-12T13:40:00,599.31,STOP,-1060.16,-1510.65
baseline,HINDALCO,2024-04-18,LONG,2024-04-18T10:20:00,616.25,613.40,620.52,486,2.85,2024-04-18T10:40:00,620.52,TARGET,2074.79,1623.99
baseline,HINDALCO,2024-04-19,LONG,2024-04-19T14:00:00,614.45,611.79,618.43,488,2.66,2024-04-19T14:40:00,611.79,STOP,-1296.10,-1744.90
baseline,HINDALCO,2024-04-29,SHORT,2024-04-29T10:20:00,641.70,644.61,637.33,467,2.91,2024-04-29T10:20:00,644.61,STOP,-1359.25,-1809.78
baseline,HINDALCO,2024-04-30,SHORT,2024-04-30T11:20:00,644.50,646.60,641.34,465,2.10,2024-04-30T12:20:00,646.60,STOP,-978.57,-1428.85
baseline,HINDALCO,2024-05-03,LONG,2024-05-03T10:10:00,648.15,645.16,652.63,462,2.99,2024-05-03T11:30:00,645.16,STOP,-1379.15,-1827.28
baseline,HINDALCO,2024-05-07,SHORT,2024-05-07T10:40:00,632.65,635.65,628.14,474,3.00,2024-05-07T11:00:00,628.14,TARGET,2136.23,1688.02
baseline,HINDALCO,2024-05-08,LONG,2024-05-08T10:10:00,625.35,622.15,630.15,479,3.20,2024-05-08T10:30:00,622.15,STOP,-1531.85,-1980.01
baseline,HINDALCO,2024-05-09,SHORT,2024-05-09T11:30:00,627.25,630.10,622.98,478,2.85,2024-05-09T11:40:00,630.10,STOP,-1360.49,-1811.25
baseline,HINDALCO,2024-05-13,LONG,2024-05-13T12:20:00,622.90,620.40,626.65,481,2.50,2024-05-13T13:40:00,626.65,TARGET,1805.57,1354.79
baseline,HINDALCO,2024-05-16,SHORT,2024-05-16T11:20:00,649.70,652.65,645.27,461,2.95,2024-05-16T12:50:00,652.65,STOP,-1361.47,-1811.75
baseline,HINDALCO,2024-05-22,SHORT,2024-05-22T10:40:00,682.35,686.05,676.80,439,3.70,2024-05-22T10:50:00,686.05,STOP,-1625.75,-2076.29
baseline,HINDALCO,2024-05-24,SHORT,2024-05-24T13:30:00,676.55,678.96,672.94,443,2.41,2024-05-24T13:50:00,678.96,STOP,-1065.86,-1516.23
baseline,HINDALCO,2024-05-27,SHORT,2024-05-27T12:00:00,678.75,682.19,673.59,441,3.44,2024-05-27T13:50:00,679.00,TIME_STOP,-110.25,-559.33
baseline,HINDALCO,2024-05-28,SHORT,2024-05-28T12:50:00,679.75,682.56,675.54,441,2.81,2024-05-28T13:00:00,682.56,STOP,-1239.18,-1689.76
baseline,HINDALCO,2024-05-30,SHORT,2024-05-30T14:10:00,703.05,705.41,699.50,426,2.36,2024-05-30T14:10:00,699.50,TARGET,1510.20,1062.08
baseline,HINDALCO,2024-05-31,LONG,2024-05-31T13:30:00,699.95,697.02,704.34,428,2.93,2024-05-31T14:30:00,697.02,STOP,-1252.14,-1700.57
baseline,HINDALCO,2024-06-05,LONG,2024-06-05T11:40:00,653.55,644.63,666.93,280,8.92,2024-06-05T13:10:00,666.93,TARGET,3747.19,3469.89
baseline,HINDALCO,2024-06-06,SHORT,2024-06-06T13:30:00,676.00,680.14,669.79,443,4.14,2024-06-06T13:30:00,680.14,STOP,-1834.33,-2284.90
baseline,HINDALCO,2024-06-07,SHORT,2024-06-07T12:20:00,678.60,681.37,674.45,442,2.77,2024-06-07T12:30:00,681.37,STOP,-1222.38,-1673.20
baseline,HINDALCO,2024-06-10,LONG,2024-06-10T10:30:00,682.95,679.75,687.76,439,3.20,2024-06-10T10:40:00,679.75,STOP,-1406.90,-1855.57
baseline,HINDALCO,2024-06-12,SHORT,2024-06-12T10:40:00,674.75,677.56,670.54,444,2.81,2024-06-12T11:00:00,677.56,STOP,-1246.30,-1696.62
baseline,HINDALCO,2024-06-18,SHORT,2024-06-18T10:30:00,681.05,683.09,677.99,440,2.04,2024-06-18T10:30:00,683.09,STOP,-896.96,-1347.12
baseline,HINDALCO,2024-06-20,LONG,2024-06-20T12:20:00,681.25,678.41,685.52,440,2.84,2024-06-20T14:00:00,678.41,STOP,-1251.71,-1700.39
baseline,HINDALCO,2024-06-24,LONG,2024-06-24T10:50:00,687.20,684.29,691.56,436,2.91,2024-06-24T11:40:00,684.29,STOP,-1267.57,-1716.05
baseline,HINDALCO,2024-06-25,SHORT,2024-06-25T12:50:00,683.80,685.99,680.52,438,2.19,2024-06-25T13:20:00,685.99,STOP,-959.16,-1409.14
baseline,HINDALCO,2024-07-01,SHORT,2024-07-01T13:40:00,692.20,693.57,690.15,433,1.37,2024-07-01T14:40:00,690.15,TARGET,888.76,439.84
baseline,HINDALCO,2024-07-02,LONG,2024-07-02T10:30:00,693.05,691.15,695.90,432,1.90,2024-07-02T10:50:00,695.90,TARGET,1231.61,781.59
baseline,HINDALCO,2024-07-03,SHORT,2024-07-03T10:10:00,693.45,695.73,690.02,432,2.28,2024-07-03T10:30:00,690.02,TARGET,1479.91,1031.66
baseline,HINDALCO,2024-07-08,SHORT,2024-07-08T11:50:00,693.75,696.48,689.65,432,2.73,2024-07-08T13:40:00,694.30,TIME_STOP,-237.60,-687.33
baseline,HINDALCO,2024-07-10,SHORT,2024-07-10T10:30:00,693.80,696.98,689.04,432,3.18,2024-07-10T10:40:00,689.04,TARGET,2057.63,1609.59
baseline,HINDALCO,2024-07-12,SHORT,2024-07-12T10:40:00,694.35,697.04,690.31,432,2.69,2024-07-12T11:30:00,690.31,TARGET,1744.70,1296.07
baseline,HINDALCO,2024-07-16,SHORT,2024-07-16T11:30:00,695.95,697.74,693.26,431,1.79,2024-07-16T11:40:00,697.74,STOP,-773.56,-1224.08
baseline,HINDALCO,2024-07-18,LONG,2024-07-18T13:00:00,692.80,690.50,696.25,433,2.30,2024-07-18T14:20:00,691.30,REVERSE,-649.50,-1098.99
baseline,HINDALCO,2024-07-22,LONG,2024-07-22T10:50:00,670.05,667.31,674.16,447,2.74,2024-07-22T12:40:00,667.31,STOP,-1223.36,-1671.71
baseline,HINDALCO,2024-07-23,SHORT,2024-07-23T10:00:00,665.50,668.25,661.38,450,2.75,2024-07-23T11:20:00,661.38,TARGET,1853.48,1405.66
baseline,HINDALCO,2024-07-24,LONG,2024-07-24T12:00:00,654.30,651.48,658.53,458,2.82,2024-07-24T12:30:00,651.48,STOP,-1291.34,-1739.87
baseline,HINDALCO,2024-07-30,SHORT,2024-07-30T10:00:00,657.75,660.32,653.90,456,2.57,2024-07-30T11:50:00,656.20,TIME_STOP,706.80,257.43
baseline,HINDALCO,2024-08-01,SHORT,2024-08-01T12:50:00,671.45,673.67,668.12,446,2.22,2024-08-01T13:40:00,668.12,TARGET,1487.21,1039.13
baseline,HINDALCO,2024-08-07,LONG,2024-08-07T10:10:00,626.15,622.62,631.45,479,3.53,2024-08-07T11:20:00,622.62,STOP,-1691.22,-2139.84
baseline,HINDALCO,2024-08-08,SHORT,2024-08-08T10:20:00,619.95,623.24,615.02,483,3.29,2024-08-08T11:30:00,615.02,TARGET,2381.28,1933.91
baseline,HINDALCO,2024-08-09,SHORT,2024-08-09T13:20:00,616.05,617.90,613.27,486,1.85,2024-08-09T13:20:00,617.90,STOP,-899.65,-1349.43
baseline,HINDALCO,2024-08-13,SHORT,2024-08-13T10:50:00,626.25,628.91,622.27,479,2.66,2024-08-13T12:00:00,628.91,STOP,-1272.18,-1723.09
baseline,HINDALCO,2024-08-23,SHORT,2024-08-23T12:50:00,683.00,685.32,679.52,439,2.32,2024-08-23T13:00:00,679.52,TARGET,1526.44,1077.83
baseline,HINDALCO,2024-08-27,SHORT,2024-08-27T13:00:00,705.00,706.81,702.29,425,1.81,2024-08-27T13:40:00,706.81,STOP,-767.15,-1217.17
baseline,HINDALCO,2024-08-28,LONG,2024-08-28T11:40:00,707.35,705.45,710.20,424,1.90,2024-08-28T13:00:00,710.20,TARGET,1208.55,757.77
baseline,HINDALCO,2024-09-05,LONG,2024-09-05T10:00:00,668.85,666.68,672.10,448,2.17,2024-09-05T11:00:00,672.10,TARGET,1457.29,1006.73
baseline,HINDALCO,2024-09-06,SHORT,2024-09-06T10:40:00,667.10,669.80,663.05,449,2.70,2024-09-06T10:40:00,669.80,STOP,-1213.11,-1663.31
baseline,HINDALCO,2024-09-10,SHORT,2024-09-10T11:00:00,655.80,657.92,652.62,457,2.12,2024-09-10T12:00:00,657.92,STOP,-968.30,-1418.58
baseline,HINDALCO,2024-09-13,SHORT,2024-09-13T14:00:00,671.60,673.76,668.36,446,2.16,2024-09-13T14:40:00,673.76,STOP,-962.80,-1412.83
baseline,HINDALCO,2024-09-19,SHORT,2024-09-19T10:50:00,678.00,681.07,673.40,442,3.07,2024-09-19T11:10:00,673.40,TARGET,2033.53,1585.55
baseline,HINDALCO,2024-09-26,LONG,2024-09-26T11:00:00,721.75,718.90,726.02,415,2.85,2024-09-26T11:30:00,726.02,TARGET,1771.78,1321.16
baseline,HINDALCO,2024-10-03,SHORT,2024-10-03T10:20:00,754.10,758.16,748.01,397,4.06,2024-10-03T10:30:00,758.16,STOP,-1611.06,-2061.33
baseline,HINDALCO,2024-10-04,LONG,2024-10-04T12:00:00,752.35,749.01,757.35,398,3.34,2024-10-04T12:40:00,749.01,STOP,-1327.56,-1775.71
baseline,HINDALCO,2024-10-08,LONG,2024-10-08T11:40:00,730.60,726.40,736.90,410,4.20,2024-10-08T11:40:00,726.40,STOP,-1721.36,-2169.39
baseline,HINDALCO,2024-10-14,SHORT,2024-10-14T11:00:00,742.00,744.99,737.51,404,2.99,2024-10-14T11:40:00,744.99,STOP,-1209.71,-1660.27
baseline,HINDALCO,2024-10-16,SHORT,2024-10-16T12:10:00,728.85,731.34,725.12,411,2.49,2024-10-16T13:00:00,731.34,STOP,-1023.16,-1473.26
baseline,HINDALCO,2024-10-18,LONG,2024-10-18T10:30:00,735.70,732.72,740.17,407,2.98,2024-10-18T11:30:00,740.17,TARGET,1819.92,1369.41
baseline,HINDALCO,2024-10-21,SHORT,2024-10-21T11:00:00,745.50,749.01,740.24,402,3.51,2024-10-21T12:20:00,740.24,TARGET,2116.00,1668.05
baseline,HINDALCO,2024-10-23,LONG,2024-10-23T11:30:00,728.95,724.52,735.60,411,4.43,2024-10-23T12:20:00,724.52,STOP,-1821.94,-2269.97
baseline,HINDALCO,2024-10-28,LONG,2024-10-28T10:50:00,695.85,692.14,701.41,431,3.71,2024-10-28T12:40:00,692.80,TIME_STOP,-1314.55,-1763.43
baseline,HINDALCO,2024-10-30,SHORT,2024-10-30T14:00:00,690.20,692.47,686.80,434,2.27,2024-10-30T15:20:00,687.70,EOD,1085.00,636.49
baseline,HINDALCO,2024-11-08,LONG,2024-11-08T11:00:00,657.75,654.75,662.26,456,3.00,2024-11-08T11:20:00,654.75,STOP,-1370.12,-1818.99
baseline,HINDALCO,2024-11-11,LONG,2024-11-11T12:50:00,653.45,650.83,657.38,459,2.62,2024-11-11T13:50:00,650.83,STOP,-1203.09,-1652.09
baseline,HINDALCO,2024-11-12,SHORT,2024-11-12T13:30:00,654.75,657.20,651.07,458,2.45,2024-11-12T15:10:00,651.07,TARGET,1684.58,1236.03
baseline,HINDALCO,2024-11-14,LONG,2024-11-14T10:20:00,633.00,629.89,637.67,473,3.11,2024-11-14T11:10:00,629.89,STOP,-1471.19,-1919.20
baseline,HINDALCO,2024-11-21,LONG,2024-11-21T11:00:00,649.95,646.44,655.22,461,3.51,2024-11-21T12:50:00,649.15,TIME_STOP,-368.80,-817.96
baseline,HINDALCO,2024-11-29,LONG,2024-11-29T13:40:00,656.40,654.38,659.42,457,2.02,2024-11-29T14:10:00,654.38,STOP,-920.91,-1370.18
baseline,HINDALCO,2024-12-03,SHORT,2024-12-03T10:10:00,657.75,659.52,655.09,456,1.77,2024-12-03T10:20:00,659.52,STOP,-808.28,-1258.78
baseline,HINDALCO,2024-12-05,SHORT,2024-12-05T10:20:00,660.75,662.76,657.74,454,2.01,2024-12-05T10:50:00,662.76,STOP,-910.79,-1361.44
baseline,HINDALCO,2024-12-06,SHORT,2024-12-06T12:20:00,668.85,670.98,665.65,448,2.13,2024-12-06T12:30:00,670.50,REVERSE,-739.20,-1189.22
baseline,HINDALCO,2024-12-09,LONG,2024-12-09T14:00:00,668.55,665.85,672.60,448,2.70,2024-12-09T14:10:00,665.85,STOP,-1209.94,-1658.30
baseline,HINDALCO,2024-12-10,SHORT,2024-12-10T13:20:00,666.05,668.29,662.69,450,2.24,2024-12-10T15:00:00,668.29,STOP,-1008.14,-1458.48
baseline,HINDALCO,2024-12-11,SHORT,2024-12-11T14:10:00,671.10,672.76,668.60,447,1.66,2024-12-11T14:20:00,672.76,STOP,-744.00,-1194.53
baseline,HINDALCO,2024-12-13,LONG,2024-12-13T13:40:00,663.85,661.52,667.35,451,2.33,2024-12-13T14:40:00,661.52,STOP,-1051.57,-1499.88
baseline,HINDALCO,2024-12-19,LONG,2024-12-19T12:10:00,631.00,628.52,634.72,475,2.48,2024-12-19T12:50:00,628.52,STOP,-1179.38,-1628.09
baseline,HINDALCO,2024-12-24,SHORT,2024-12-24T11:30:00,629.95,631.82,627.14,476,1.87,2024-12-24T13:20:00,630.20,TIME_STOP,-119.00,-568.87
baseline,HINDALCO,2024-12-27,LONG,2024-12-27T10:20:00,631.50,629.52,634.46,475,1.98,2024-12-27T10:30:00,629.52,STOP,-938.18,-1387.42
baseline,HINDALCO,2024-12-31,LONG,2024-12-31T14:00:00,604.55,603.00,606.88,496,1.55,2024-12-31T14:30:00,603.00,STOP,-769.88,-1219.09
baseline,HINDALCO,2025-01-02,LONG,2025-01-02T13:30:00,595.70,593.76,598.62,503,1.94,2025-01-02T14:20:00,598.62,TARGET,1466.72,1016.16
baseline,HINDALCO,2025-01-03,SHORT,2025-01-03T10:20:00,591.20,593.58,587.63,507,2.38,2025-01-03T10:30:00,593.58,STOP,-1208.24,-1658.75
baseline,HINDALCO,2025-01-07,LONG,2025-01-07T10:00:00,580.35,577.45,584.70,516,2.90,2025-01-07T10:20:00,584.70,TARGET,2243.90,1793.02
baseline,HINDALCO,2025-01-08,LONG,2025-01-08T13:50:00,583.20,581.56,585.67,514,1.64,2025-01-08T14:10:00,585.67,TARGET,1267.82,817.22
baseline,HINDALCO,2025-01-09,SHORT,2025-01-09T13:10:00,586.15,588.48,582.66,511,2.33,2025-01-09T14:30:00,588.48,STOP,-1188.71,-1638.89
baseline,HINDALCO,2025-01-23,SHORT,2025-01-23T13:50:00,611.70,613.22,609.42,490,1.52,2025-01-23T14:10:00,613.22,STOP,-745.58,-1195.74
baseline,HINDALCO,2025-01-24,LONG,2025-01-24T12:10:00,614.00,611.70,617.45,488,2.30,2025-01-24T12:40:00,611.70,STOP,-1123.87,-1572.48
baseline,HINDALCO,2025-01-28,LONG,2025-01-28T13:30:00,583.90,581.33,587.76,513,2.57,2025-01-28T14:50:00,581.33,STOP,-1318.44,-1766.76
baseline,HINDALCO,2025-01-30,SHORT,2025-01-30T13:10:00,586.55,588.80,583.18,511,2.25,2025-01-30T13:50:00,583.18,TARGET,1724.03,1275.73
baseline,HINDALCO,2025-01-31,LONG,2025-01-31T10:10:00,588.75,586.38,592.31,509,2.37,2025-01-31T10:10:00,586.38,STOP,-1208.12,-1656.72
baseline,HINDALCO,2025-02-01,SHORT,2025-02-01T12:40:00,586.15,588.77,582.22,511,2.62,2025-02-01T13:20:00,582.22,TARGET,2008.49,1560.71
baseline,HINDALCO,2025-02-07,SHORT,2025-02-07T10:40:00,597.30,599.79,593.57,502,2.49,2025-02-07T10:40:00,599.79,STOP,-1249.55,-1700.25
baseline,HINDALCO,2025-02-11,SHORT,2025-02-11T12:40:00,597.80,600.09,594.37,501,2.29,2025-02-11T13:00:00,594.37,TARGET,1720.00,1272.04
baseline,HINDALCO,2025-02-12,LONG,2025-02-12T11:50:00,600.10,596.88,604.93,499,3.22,2025-02-12T12:40:00,604.93,TARGET,2410.41,1959.43
baseline,HINDALCO,2025-02-13,LONG,2025-02-13T10:00:00,603.15,600.05,607.80,497,3.10,2025-02-13T11:50:00,606.40,TIME_STOP,1615.25,1164.39
baseline,HINDALCO,2025-02-17,SHORT,2025-02-17T10:00:00,599.70,602.59,595.37,500,2.89,2025-02-17T10:00:00,602.59,STOP,-1444.43,-1895.29
baseline,HINDALCO,2025-02-18,SHORT,2025-02-18T11:50:00,605.00,607.36,601.46,495,2.36,2025-02-18T13:40:00,607.36,STOP,-1169.18,-1619.27
baseline,HINDALCO,2025-02-27,SHORT,2025-02-27T11:30:00,621.45,624.00,617.62,482,2.55,2025-02-27T12:30:00,624.00,STOP,-1229.85,-1680.08
baseline,HINDALCO,2025-02-28,SHORT,2025-02-28T10:10:00,620.00,622.85,615.72,483,2.85,2025-02-28T10:20:00,622.85,STOP,-1376.72,-1826.94
baseline,HINDALCO,2025-03-03,SHORT,2025-03-03T10:20:00,624.65,627.86,619.83,480,3.21,2025-03-03T10:30:00,627.86,STOP,-1542.06,-1992.96
baseline,HINDALCO,2025-03-11,SHORT,2025-03-11T13:40:00,686.40,688.62,683.08,437,2.22,2025-03-11T13:40:00,688.62,STOP,-968.31,-1418.98
baseline,HINDALCO,2025-03-12,SHORT,2025-03-12T11:40:00,689.50,692.39,685.17,435,2.89,2025-03-12T12:20:00,685.17,TARGET,1884.35,1435.86
baseline,HINDALCO,2025-03-17,SHORT,2025-03-17T12:40:00,678.45,680.43,675.47,442,1.98,2025-03-17T13:20:00,680.43,STOP,-877.17,-1327.64
baseline,HINDALCO,2025-03-21,SHORT,2025-03-21T10:50:00,703.45,705.48,700.40,426,2.03,2025-03-21T11:10:00,700.40,TARGET,1298.99,850.46
baseline,HINDALCO,2025-03-24,LONG,2025-03-24T11:40:00,700.05,697.86,703.33,428,2.19,2025-03-24T12:10:00,698.50,REVERSE,-663.40,-1112.33
baseline,HINDALCO,2025-03-27,SHORT,2025-03-27T11:40:00,691.85,694.08,688.50,433,2.23,2025-03-27T11:50:00,694.08,STOP,-967.16,-1417.24
baseline,HINDALCO,2025-04-08,LONG,2025-04-08T13:10:00,565.15,562.01,569.86,530,3.14,2025-04-08T15:00:00,566.85,TIME_STOP,901.00,451.03
baseline,HINDALCO,2025-04-09,LONG,2025-04-09T13:00:00,565.35,562.71,569.30,530,2.64,2025-04-09T13:40:00,562.71,STOP,-1396.59,-1845.00
baseline,HINDALCO,2025-04-16,SHORT,2025-04-16T10:50:00,606.50,608.83,603.01,494,2.33,2025-04-16T12:40:00,607.90,TIME_STOP,-691.60,-1141.54
baseline,HINDALCO,2025-04-17,LONG,2025-04-17T11:00:00,609.20,606.50,613.25,492,2.70,2025-04-17T11:00:00,606.50,STOP,-1329.31,-1777.90
baseline,HINDALCO,2025-04-24,SHORT,2025-04-24T11:50:00,627.75,629.44,625.21,477,1.69,2025-04-24T12:50:00,629.44,STOP,-806.82,-1256.58
baseline,HINDALCO,2025-04-25,SHORT,2025-04-25T10:00:00,625.95,627.92,623.00,479,1.97,2025-04-25T10:00:00,623.00,TARGET,1415.01,966.33
baseline,HINDALCO,2025-04-29,SHORT,2025-04-29T10:30:00,626.00,627.97,623.04,479,1.97,2025-04-29T10:40:00,623.04,TARGET,1415.65,966.93
baseline,HINDALCO,2025-04-30,SHORT,2025-04-30T13:40:00,626.50,628.18,623.97,478,1.68,2025-04-30T13:40:00,628.18,STOP,-805.15,-1254.95
baseline,HINDALCO,2025-05-02,SHORT,2025-05-02T12:00:00,625.95,629.55,620.56,479,3.60,2025-05-02T12:20:00,629.55,STOP,-1722.15,-2173.19
baseline,HINDALCO,2025-05-06,SHORT,2025-05-06T11:40:00,628.30,631.18,623.99,477,2.88,2025-05-06T12:00:00,631.18,STOP,-1372.15,-1822.73
baseline,HINDALCO,2025-05-07,LONG,2025-05-07T10:40:00,635.55,632.88,639.56,472,2.67,2025-05-07T11:00:00,632.88,STOP,-1260.41,-1709.43
baseline,HINDALCO,2025-05-09,LONG,2025-05-09T13:00:00,624.90,621.82,629.52,480,3.08,2025-05-09T14:50:00,629.52,TARGET,2219.97,1768.38
baseline,HINDALCO,2025-05-16,SHORT,2025-05-16T11:10:00,657.45,659.64,654.16,456,2.19,2025-05-16T13:00:00,657.20,TIME_STOP,114.00,-335.61
baseline,HINDALCO,2025-05-19,LONG,2025-05-19T10:40:00,658.55,656.64,661.42,455,1.91,2025-05-19T12:00:00,656.64,STOP,-871.13,-1319.94
baseline,HINDALCO,2025-05-20,SHORT,2025-05-20T14:10:00,661.90,664.10,658.59,453,2.20,2025-05-20T14:20:00,664.10,STOP,-998.35,-1448.86
baseline,HINDALCO,2025-05-23,LONG,2025-05-23T11:40:00,651.25,648.77,654.97,460,2.48,2025-05-23T11:50:00,648.77,STOP,-1140.49,-1588.99
baseline,HINDALCO,2025-05-26,SHORT,2025-05-26T13:10:00,656.50,658.67,653.24,456,2.17,2025-05-26T13:10:00,658.67,STOP,-991.31,-1441.10
baseline,HINDALCO,2025-05-27,SHORT,2025-05-27T13:50:00,660.50,662.28,657.83,454,1.78,2025-05-27T14:00:00,657.83,TARGET,1212.27,763.38
baseline,HINDALCO,2025-06-02,LONG,2025-06-02T13:30:00,633.70,631.22,637.42,473,2.48,2025-06-02T14:10:00,631.22,STOP,-1174.25,-1622.98
baseline,HINDALCO,2025-06-03,SHORT,2025-06-03T13:30:00,633.25,635.28,630.21,473,2.03,2025-06-03T15:20:00,632.25,TIME_STOP,473.00,24.06
baseline,HINDALCO,2025-06-04,LONG,2025-06-04T10:20:00,638.30,635.89,641.91,469,2.41,2025-06-04T12:10:00,637.05,TIME_STOP,-586.25,-1034.85
baseline,HINDALCO,2025-06-05,LONG,2025-06-05T12:10:00,638.05,636.74,640.02,470,1.31,2025-06-05T12:10:00,640.02,TARGET,926.86,476.34
baseline,HINDALCO,2025-06-11,SHORT,2025-06-11T10:10:00,657.45,659.28,654.71,456,1.83,2025-06-11T11:50:00,659.28,STOP,-834.04,-1284.36
baseline,HINDALCO,2025-06-12,LONG,2025-06-12T10:40:00,660.00,657.75,663.38,454,2.25,2025-06-12T10:50:00,657.75,STOP,-1022.69,-1471.38
baseline,HINDALCO,2025-06-16,LONG,2025-06-16T11:30:00,644.60,642.56,647.66,465,2.04,2025-06-16T12:30:00,647.66,TARGET,1422.85,972.17
baseline,HINDALCO,2025-06-17,SHORT,2025-06-17T12:20:00,644.45,646.09,641.99,465,1.64,2025-06-17T12:40:00,641.99,TARGET,1143.22,694.58
baseline,HINDALCO,2025-06-18,LONG,2025-06-18T10:00:00,646.20,644.36,648.96,464,1.84,2025-06-18T10:10:00,644.36,STOP,-854.90,-1304.01
baseline,HINDALCO,2025-06-23,LONG,2025-06-23T12:00:00,652.20,649.53,656.21,459,2.67,2025-06-23T12:00:00,656.21,TARGET,1839.60,1389.18
baseline,HINDALCO,2025-07-01,LONG,2025-07-01T12:40:00,696.35,693.64,700.42,430,2.71,2025-07-01T13:30:00,693.64,STOP,-1166.38,-1614.65
baseline,HINDALCO,2025-07-02,SHORT,2025-07-02T14:10:00,695.65,698.08,692.00,431,2.43,2025-07-02T15:00:00,698.08,STOP,-1048.28,-1498.81
baseline,HINDALCO,2025-07-03,SHORT,2025-07-03T12:40:00,699.95,701.87,697.08,428,1.92,2025-07-03T14:10:00,697.08,TARGET,1230.36,781.92
baseline,HINDALCO,2025-07-07,SHORT,2025-07-07T10:00:00,691.35,693.56,688.04,433,2.21,2025-07-07T11:50:00,690.00,TIME_STOP,584.55,135.96
baseline,HINDALCO,2025-07-11,LONG,2025-07-11T13:30:00,673.10,670.97,676.30,445,2.13,2025-07-11T15:10:00,670.97,STOP,-950.02,-1398.60
baseline,HINDALCO,2025-07-14,SHORT,2025-07-14T11:30:00,668.60,671.23,664.65,448,2.63,2025-07-14T13:20:00,668.90,TIME_STOP,-134.40,-583.80
baseline,HINDALCO,2025-07-15,LONG,2025-07-15T11:20:00,670.85,668.73,674.03,447,2.12,2025-07-15T13:10:00,673.10,TIME_STOP,1005.75,555.19
baseline,HINDALCO,2025-07-18,SHORT,2025-07-18T13:00:00,673.85,675.33,671.63,445,1.48,2025-07-18T13:00:00,675.33,STOP,-660.00,-1110.29
baseline,HINDALCO,2025-07-23,SHORT,2025-07-23T14:00:00,690.70,691.91,688.88,434,1.21,2025-07-23T14:40:00,691.91,STOP,-525.52,-975.56
baseline,HINDALCO,2025-07-25,SHORT,2025-07-25T12:00:00,691.55,693.58,688.51,433,2.03,2025-07-25T12:30:00,688.51,TARGET,1315.49,867.32
baseline,HINDALCO,2025-07-29,LONG,2025-07-29T10:10:00,689.65,687.57,692.77,435,2.08,2025-07-29T10:20:00,687.57,STOP,-905.92,-1355.24
baseline,HINDALCO,2025-07-30,SHORT,2025-07-30T10:40:00,686.65,689.08,683.01,436,2.43,2025-07-30T10:50:00,689.08,STOP,-1058.81,-1508.67
baseline,HINDALCO,2025-07-31,LONG,2025-07-31T12:20:00,687.20,684.25,691.63,436,2.95,2025-07-31T12:50:00,684.25,STOP,-1288.03,-1736.50
baseline,HINDALCO,2025-08-04,LONG,2025-08-04T11:30:00,685.90,683.60,689.34,437,2.30,2025-08-04T12:00:00,683.60,STOP,-1003.05,-1451.90
baseline,HINDALCO,2025-08-05,SHORT,2025-08-05T12:40:00,685.20,687.08,682.38,437,1.88,2025-08-05T13:20:00,682.38,TARGET,1231.82,783.59
baseline,HINDALCO,2025-08-08,SHORT,2025-08-08T10:10:00,677.00,679.75,672.88,443,2.75,2025-08-08T12:00:00,672.88,TARGET,1824.53,1376.03
baseline,HINDALCO,2025-08-11,LONG,2025-08-11T10:50:00,675.40,673.23,678.66,444,2.17,2025-08-11T11:30:00,673.80,REVERSE,-710.40,-1159.68
baseline,HINDALCO,2025-08-14,SHORT,2025-08-14T10:00:00,693.50,695.89,689.92,432,2.39,2025-08-14T10:40:00,689.92,TARGET,1548.31,1100.08
baseline,HINDALCO,2025-08-19,SHORT,2025-08-19T10:10:00,709.20,711.63,705.55,423,2.43,2025-08-19T10:30:00,711.63,STOP,-1029.57,-1480.33
baseline,HINDALCO,2025-08-22,SHORT,2025-08-22T10:30:00,704.20,705.67,702.00,426,1.47,2025-08-22T10:40:00,705.67,STOP,-626.06,-1076.52
baseline,HINDALCO,2025-08-26,LONG,2025-08-26T10:10:00,707.80,705.83,710.76,423,1.97,2025-08-26T10:50:00,705.83,STOP,-834.20,-1282.68
baseline,HINDALCO,2025-08-28,LONG,2025-08-28T12:00:00,706.00,704.34,708.49,424,1.66,2025-08-28T13:00:00,704.34,STOP,-703.21,-1151.70
baseline,HINDALCO,2025-08-29,LONG,2025-08-29T11:20:00,705.60,703.37,708.94,425,2.23,2025-08-29T13:10:00,705.80,TIME_STOP,85.00,-364.88
baseline,HINDALCO,2025-09-08,SHORT,2025-09-08T13:50:00,743.00,744.54,740.69,403,1.54,2025-09-08T14:10:00,740.69,TARGET,931.41,482.96
baseline,HINDALCO,2025-09-09,LONG,2025-09-09T13:10:00,742.55,741.21,744.56,404,1.34,2025-09-09T15:00:00,742.70,TIME_STOP,60.60,-389.43
baseline,HINDALCO,2025-09-11,SHORT,2025-09-11T11:50:00,739.85,741.41,737.52,405,1.56,2025-09-11T12:30:00,741.41,STOP,-629.99,-1079.92
baseline,HINDALCO,2025-09-15,SHORT,2025-09-15T14:00:00,754.70,756.27,752.34,397,1.57,2025-09-15T15:20:00,753.45,EOD,496.25,47.20
baseline,HINDALCO,2025-09-16,LONG,2025-09-16T12:50:00,754.55,752.83,757.13,397,1.72,2025-09-16T13:00:00,757.13,TARGET,1024.64,574.54
baseline,HINDALCO,2025-09-17,SHORT,2025-09-17T10:00:00,752.20,754.00,749.50,398,1.80,2025-09-17T10:00:00,754.00,STOP,-716.52,-1166.12
baseline,HINDALCO,2025-09-23,LONG,2025-09-23T13:00:00,747.25,745.35,750.10,401,1.90,2025-09-23T13:00:00,750.10,TARGET,1143.42,693.09
baseline,HINDALCO,2025-09-24,LONG,2025-09-24T14:00:00,746.15,744.48,748.65,402,1.67,2025-09-24T14:00:00,745.55,REVERSE,-241.20,-690.95
baseline,HINDALCO,2025-09-25,SHORT,2025-09-25T13:20:00,747.00,749.06,743.92,401,2.06,2025-09-25T13:50:00,749.06,STOP,-824.50,-1274.44
baseline,HINDALCO,2025-10-01,LONG,2025-10-01T13:00:00,761.80,759.39,765.41,393,2.41,2025-10-01T13:40:00,765.41,TARGET,1419.61,969.46
baseline,HINDALCO,2025-10-06,SHORT,2025-10-06T10:10:00,779.45,782.12,775.45,384,2.67,2025-10-06T10:10:00,782.12,STOP,-1023.49,-1473.22
baseline,HINDALCO,2025-10-07,LONG,2025-10-07T10:40:00,777.75,774.81,782.15,385,2.94,2025-10-07T10:50:00,774.81,STOP,-1130.61,-1578.92
baseline,HINDALCO,2025-10-08,SHORT,2025-10-08T12:30:00,771.75,774.56,767.54,388,2.81,2025-10-08T13:50:00,774.56,STOP,-1088.62,-1538.59
baseline,HINDALCO,2025-10-10,LONG,2025-10-10T13:30:00,772.80,770.67,776.00,388,2.13,2025-10-10T15:20:00,774.05,TIME_STOP,485.00,34.87
baseline,HINDALCO,2025-10-13,SHORT,2025-10-13T10:30:00,770.80,773.06,767.40,389,2.26,2025-10-13T11:20:00,767.40,TARGET,1320.83,872.06
baseline,HINDALCO,2025-10-14,SHORT,2025-10-14T11:20:00,764.80,767.19,761.21,392,2.39,2025-10-14T11:30:00,761.21,TARGET,1408.14,959.49
baseline,HINDALCO,2025-10-17,SHORT,2025-10-17T11:20:00,775.85,777.69,773.09,386,1.84,2025-10-17T12:40:00,773.09,TARGET,1066.15,617.73
baseline,HINDALCO,2025-10-21,LONG,2025-10-21T14:00:00,786.35,783.16,791.14,381,3.19,2025-10-21T14:40:00,783.16,STOP,-1216.59,-1665.08
baseline,HINDALCO,2025-10-30,SHORT,2025-10-30T10:10:00,851.45,854.32,847.15,352,2.87,2025-10-30T10:10:00,854.32,STOP,-1008.73,-1459.05
baseline,HINDALCO,2025-10-31,SHORT,2025-10-31T10:10:00,852.70,855.69,848.22,351,2.99,2025-10-31T11:20:00,848.22,TARGET,1571.61,1123.84
baseline,HINDALCO,2025-11-03,LONG,2025-11-03T10:30:00,850.60,847.49,855.26,352,3.11,2025-11-03T10:50:00,848.80,REVERSE,-633.60,-1082.24
baseline,HINDALCO,2025-11-07,LONG,2025-11-07T10:50:00,790.65,787.61,795.21,379,3.04,2025-11-07T11:50:00,795.21,TARGET,1729.95,1279.17
baseline,HINDALCO,2025-11-10,SHORT,2025-11-10T12:20:00,791.60,794.33,787.51,378,2.73,2025-11-10T13:30:00,794.33,STOP,-1030.32,-1479.93
baseline,HINDALCO,2025-11-11,LONG,2025-11-11T14:00:00,788.10,785.87,791.45,380,2.23,2025-11-11T14:10:00,791.45,TARGET,1271.22,821.05
baseline,HINDALCO,2025-11-14,SHORT,2025-11-14T13:10:00,799.50,801.86,795.96,375,2.36,2025-11-14T13:20:00,801.86,STOP,-885.89,-1336.27
baseline,HINDALCO,2025-11-17,SHORT,2025-11-17T11:20:00,802.00,804.20,798.70,374,2.20,2025-11-17T12:30:00,804.20,STOP,-823.99,-1274.53
baseline,HINDALCO,2025-11-19,LONG,2025-11-19T13:30:00,796.10,794.22,798.92,376,1.88,2025-11-19T13:30:00,794.30,REVERSE,-676.80,-1125.29
baseline,HINDALCO,2025-11-25,LONG,2025-11-25T10:00:00,787.50,784.71,791.68,380,2.79,2025-11-25T10:00:00,784.71,STOP,-1058.73,-1506.81
baseline,HINDALCO,2025-12-03,SHORT,2025-12-03T10:10:00,805.05,807.33,801.63,372,2.28,2025-12-03T10:40:00,807.33,STOP,-847.40,-1297.25
baseline,HINDALCO,2025-12-04,SHORT,2025-12-04T13:10:00,814.60,816.55,811.68,368,1.95,2025-12-04T13:40:00,811.68,TARGET,1074.99,626.14
baseline,HINDALCO,2025-12-05,LONG,2025-12-05T11:00:00,818.25,815.73,822.03,366,2.52,2025-12-05T11:10:00,822.03,TARGET,1382.56,932.30
baseline,HINDALCO,2025-12-08,SHORT,2025-12-08T12:10:00,823.55,825.76,820.23,364,2.21,2025-12-08T13:20:00,820.23,TARGET,1208.33,759.57
baseline,HINDALCO,2025-12-11,SHORT,2025-12-11T12:00:00,824.00,826.15,820.77,364,2.15,2025-12-11T13:50:00,825.25,REVERSE,-455.00,-905.25
baseline,HINDALCO,2025-12-16,SHORT,2025-12-16T10:00:00,841.85,844.88,837.31,356,3.03,2025-12-16T11:00:00,837.31,TARGET,1615.64,1167.30
baseline,HINDALCO,2025-12-19,SHORT,2025-12-19T11:10:00,848.45,851.33,844.13,353,2.88,2025-12-19T11:30:00,851.33,STOP,-1017.26,-1467.27
baseline,HINDALCO,2025-12-24,SHORT,2025-12-24T14:00:00,867.20,869.57,863.64,345,2.37,2025-12-24T14:20:00,863.64,TARGET,1228.25,780.39
baseline,HINDALCO,2025-12-26,LONG,2025-12-26T12:20:00,870.35,867.93,873.99,344,2.42,2025-12-26T12:30:00,867.93,STOP,-834.13,-1282.60
baseline,HINDALCO,2025-12-29,SHORT,2025-12-29T12:20:00,869.50,872.35,865.23,345,2.85,2025-12-29T12:30:00,865.23,TARGET,1472.57,1023.71
baseline,HINDALCO,2025-12-30,LONG,2025-12-30T10:00:00,871.20,868.59,875.11,344,2.61,2025-12-30T10:10:00,875.11,TARGET,1346.21,895.66
baseline,HINDALCO,2026-01-06,SHORT,2026-01-06T14:00:00,945.75,949.38,940.31,317,3.63,2026-01-06T15:10:00,940.31,TARGET,1726.03,1277.62
baseline,HINDALCO,2026-01-12,LONG,2026-01-12T10:30:00,904.90,900.60,911.36,331,4.30,2026-01-12T11:20:00,900.60,STOP,-1424.54,-1872.76
baseline,HINDALCO,2026-01-20,LONG,2026-01-20T11:40:00,944.80,941.26,950.12,317,3.54,2026-01-20T11:50:00,941.26,STOP,-1123.73,-1572.14
baseline,HINDALCO,2026-01-21,LONG,2026-01-21T12:40:00,936.80,933.45,941.82,320,3.35,2026-01-21T13:00:00,941.82,TARGET,1608.00,1157.13
baseline,HINDALCO,2026-01-22,SHORT,2026-01-22T11:20:00,936.50,940.12,931.07,320,3.62,2026-01-22T11:30:00,940.12,STOP,-1157.94,-1608.33
baseline,HINDALCO,2026-01-23,SHORT,2026-01-23T13:50:00,950.00,952.78,945.83,315,2.78,2026-01-23T14:40:00,952.78,STOP,-875.10,-1324.64
baseline,HINDALCO,2026-01-27,SHORT,2026-01-27T14:00:00,953.10,956.92,947.37,314,3.82,2026-01-27T14:30:00,956.92,STOP,-1200.15,-1649.96
baseline,HINDALCO,2026-02-04,SHORT,2026-02-04T12:10:00,958.15,962.04,952.31,313,3.89,2026-02-04T12:30:00,962.04,STOP,-1217.94,-1668.70
baseline,HINDALCO,2026-02-06,LONG,2026-02-06T11:50:00,938.35,934.95,943.44,319,3.40,2026-02-06T12:40:00,934.95,STOP,-1083.11,-1531.29
baseline,HINDALCO,2026-02-11,LONG,2026-02-11T13:30:00,963.00,960.09,967.37,311,2.91,2026-02-11T13:40:00,967.37,TARGET,1358.36,908.11
baseline,HINDALCO,2026-02-12,SHORT,2026-02-12T10:00:00,960.75,965.13,954.18,312,4.38,2026-02-12T10:20:00,954.18,TARGET,2051.39,1603.30
baseline,HINDALCO,2026-02-23,SHORT,2026-02-23T11:20:00,924.90,928.43,919.61,324,3.53,2026-02-23T11:20:00,919.61,TARGET,1715.15,1266.94
baseline,HINDALCO,2026-02-24,LONG,2026-02-24T10:30:00,918.15,914.63,923.42,326,3.52,2026-02-24T12:00:00,915.25,REVERSE,-945.40,-1393.67
baseline,HINDALCO,2026-02-27,SHORT,2026-02-27T10:10:00,931.55,934.67,926.87,322,3.12,2026-02-27T11:00:00,934.67,STOP,-1005.36,-1456.05
baseline,HINDALCO,2026-03-02,SHORT,2026-03-02T10:50:00,926.60,932.05,918.43,323,5.45,2026-03-02T12:40:00,923.35,TIME_STOP,1049.75,601.60
baseline,HINDALCO,2026-03-04,SHORT,2026-03-04T10:10:00,918.35,924.35,909.34,326,6.00,2026-03-04T10:30:00,924.35,STOP,-1957.35,-2407.89
baseline,HINDALCO,2026-03-10,LONG,2026-03-10T11:40:00,944.85,940.68,951.11,317,4.17,2026-03-10T13:30:00,948.15,TIME_STOP,1046.10,596.04
baseline,HINDALCO,2026-03-11,SHORT,2026-03-11T13:40:00,958.30,961.91,952.88,313,3.61,2026-03-11T15:20:00,959.60,EOD,-406.90,-857.13
baseline,HINDALCO,2026-03-12,LONG,2026-03-12T13:20:00,953.65,949.84,959.36,314,3.81,2026-03-12T13:30:00,959.36,TARGET,1793.54,1343.03
baseline,JINDALSTEL,2024-03-18,LONG,2024-03-18T10:20:00,780.90,772.69,793.22,304,8.21,2024-03-18T11:20:00,793.22,TARGET,3745.06,3386.17
baseline,JINDALSTEL,2024-03-19,SHORT,2024-03-19T11:20:00,795.95,800.96,788.43,376,5.01,2024-03-19T12:30:00,800.96,STOP,-1884.16,-2334.49
baseline,JINDALSTEL,2024-03-27,LONG,2024-03-27T13:10:00,839.15,836.47,843.17,357,2.68,2024-03-27T14:20:00,836.47,STOP,-955.90,-1404.55
baseline,JINDALSTEL,2024-04-02,SHORT,2024-04-02T10:30:00,858.95,862.70,853.32,349,3.75,2024-04-02T11:00:00,862.70,STOP,-1310.31,-1760.95
baseline,JINDALSTEL,2024-04-04,SHORT,2024-04-04T12:00:00,901.85,906.06,895.53,332,4.21,2024-04-04T12:50:00,906.06,STOP,-1398.89,-1849.06
baseline,JINDALSTEL,2024-04-05,LONG,2024-04-05T11:50:00,905.80,901.88,911.69,331,3.92,2024-04-05T11:50:00,911.69,TARGET,1948.23,1497.04
baseline,JINDALSTEL,2024-04-09,SHORT,2024-04-09T13:50:00,911.25,915.03,905.58,329,3.78,2024-04-09T14:10:00,905.58,TARGET,1864.30,1416.00
baseline,JINDALSTEL,2024-04-10,LONG,2024-04-10T13:20:00,907.05,902.42,914.00,330,4.63,2024-04-10T14:00:00,902.42,STOP,-1529.26,-1977.10
baseline,JINDALSTEL,2024-04-12,LONG,2024-04-12T11:10:00,904.00,900.16,909.77,331,3.84,2024-04-12T12:40:00,900.16,STOP,-1272.34,-1720.22
baseline,JINDALSTEL,2024-04-15,LONG,2024-04-15T10:50:00,910.95,904.99,919.90,329,5.96,2024-04-15T11:00:00,904.99,STOP,-1962.03,-2410.11
baseline,JINDALSTEL,2024-04-19,LONG,2024-04-19T12:50:00,920.90,914.52,930.46,325,6.38,2024-04-19T13:30:00,930.46,TARGET,3108.39,2657.12
baseline,JINDALSTEL,2024-04-22,SHORT,2024-04-22T11:10:00,920.15,926.00,911.37,326,5.85,2024-04-22T13:00:00,920.45,TIME_STOP,-97.80,-547.83
baseline,JINDALSTEL,2024-04-26,SHORT,2024-04-26T11:10:00,930.95,935.17,924.63,322,4.22,2024-04-26T11:20:00,935.17,STOP,-1357.45,-1808.11
baseline,JINDALSTEL,2024-04-30,SHORT,2024-04-30T10:20:00,932.50,936.63,926.31,321,4.13,2024-04-30T10:40:00,936.63,STOP,-1324.62,-1774.62
baseline,JINDALSTEL,2024-05-03,SHORT,2024-05-03T12:10:00,937.50,942.10,930.60,320,4.60,2024-05-03T13:40:00,930.60,TARGET,2208.56,1760.22
baseline,JINDALSTEL,2024-05-06,LONG,2024-05-06T11:00:00,937.20,931.19,946.22,320,6.01,2024-05-06T12:50:00,936.55,TIME_STOP,-208.00,-657.70
baseline,JINDALSTEL,2024-05-09,SHORT,2024-05-09T11:20:00,934.85,939.17,928.37,320,4.32,2024-05-09T12:00:00,939.17,STOP,-1383.27,-1833.03
baseline,JINDALSTEL,2024-05-13,LONG,2024-05-13T12:10:00,930.00,925.25,937.12,322,4.75,2024-05-13T12:50:00,925.25,STOP,-1527.98,-1976.03
baseline,JINDALSTEL,2024-05-30,LONG,2024-05-30T13:50:00,1037.90,1034.35,1043.23,289,3.55,2024-05-30T13:50:00,1034.35,STOP,-1027.17,-1476.33
baseline,JINDALSTEL,2024-05-31,SHORT,2024-05-31T12:20:00,1031.95,1035.95,1025.95,290,4.00,2024-05-31T14:10:00,1033.80,TIME_STOP,-536.50,-985.80
baseline,JINDALSTEL,2024-06-05,LONG,2024-06-05T12:40:00,961.20,950.39,977.42,231,10.81,2024-06-05T13:10:00,977.42,TARGET,3746.60,3410.74
baseline,JINDALSTEL,2024-06-07,SHORT,2024-06-07T12:20:00,1023.95,1028.84,1016.61,292,4.89,2024-06-07T12:50:00,1028.84,STOP,-1428.01,-1877.57
baseline,JINDALSTEL,2024-06-12,LONG,2024-06-12T10:00:00,1024.70,1019.74,1032.15,292,4.96,2024-06-12T11:50:00,1032.00,TIME_STOP,2131.60,1681.18
baseline,JINDALSTEL,2024-06-21,LONG,2024-06-21T10:10:00,1067.85,1062.17,1076.37,280,5.68,2024-06-21T10:50:00,1062.17,STOP,-1589.48,-2036.78
baseline,JINDALSTEL,2024-06-24,LONG,2024-06-24T12:00:00,1070.20,1064.69,1078.46,280,5.51,2024-06-24T12:50:00,1064.69,STOP,-1541.91,-1990.24
baseline,JINDALSTEL,2024-06-25,SHORT,2024-06-25T10:20:00,1063.00,1067.71,1055.93,282,4.71,2024-06-25T10:30:00,1055.93,TARGET,1994.18,1546.03
baseline,JINDALSTEL,2024-06-28,SHORT,2024-06-28T12:20:00,1048.75,1051.92,1044.00,286,3.17,2024-06-28T13:40:00,1050.75,REVERSE,-572.00,-1022.34
baseline,JINDALSTEL,2024-07-01,SHORT,2024-07-01T12:40:00,1044.95,1048.66,1039.38,287,3.71,2024-07-01T14:30:00,1044.70,TIME_STOP,71.75,-378.05
baseline,JINDALSTEL,2024-07-02,SHORT,2024-07-02T12:40:00,1045.55,1050.24,1038.52,286,4.69,2024-07-02T13:10:00,1038.52,TARGET,2010.89,1563.85
baseline,JINDALSTEL,2024-07-03,LONG,2024-07-03T10:20:00,1048.05,1044.44,1053.46,286,3.61,2024-07-03T10:20:00,1053.46,TARGET,1548.25,1097.48
baseline,JINDALSTEL,2024-07-12,SHORT,2024-07-12T10:00:00,1012.05,1016.71,1005.06,296,4.66,2024-07-12T11:00:00,1016.71,STOP,-1379.93,-1830.32
baseline,JINDALSTEL,2024-07-15,LONG,2024-07-15T10:40:00,1014.65,1010.68,1020.60,295,3.97,2024-07-15T11:30:00,1010.68,STOP,-1171.10,-1619.21
baseline,JINDALSTEL,2024-07-22,LONG,2024-07-22T13:40:00,956.70,952.73,962.66,313,3.97,2024-07-22T14:00:00,952.73,STOP,-1244.02,-1692.26
baseline,JINDALSTEL,2024-07-23,LONG,2024-07-23T14:10:00,950.30,944.70,958.70,315,5.60,2024-07-23T14:50:00,958.70,TARGET,2644.74,2193.74
baseline,JINDALSTEL,2024-07-30,SHORT,2024-07-30T13:40:00,968.15,971.31,963.41,309,3.16,2024-07-30T13:50:00,971.31,STOP,-976.04,-1425.51
baseline,JINDALSTEL,2024-08-01,SHORT,2024-08-01T12:00:00,985.00,989.04,978.93,304,4.04,2024-08-01T13:40:00,978.93,TARGET,1844.50,1396.73
baseline,JINDALSTEL,2024-08-09,LONG,2024-08-09T12:40:00,924.65,921.32,929.65,324,3.33,2024-08-09T13:00:00,921.32,STOP,-1079.76,-1528.33
baseline,JINDALSTEL,2024-08-12,LONG,2024-08-12T14:00:00,918.55,915.38,923.30,326,3.17,2024-08-12T14:40:00,915.38,STOP,-1033.18,-1481.58
baseline,JINDALSTEL,2024-08-13,SHORT,2024-08-13T13:10:00,915.10,918.25,910.38,327,3.15,2024-08-13T13:40:00,910.38,TARGET,1544.81,1097.12
baseline,JINDALSTEL,2024-08-20,SHORT,2024-08-20T11:10:00,939.60,942.89,934.66,319,3.29,2024-08-20T12:20:00,942.89,STOP,-1049.59,-1499.97
baseline,JINDALSTEL,2024-08-26,LONG,2024-08-26T10:00:00,966.00,962.81,970.78,310,3.19,2024-08-26T11:10:00,962.81,STOP,-988.64,-1437.09
baseline,JINDALSTEL,2024-08-27,SHORT,2024-08-27T12:30:00,975.00,978.03,970.45,307,3.03,2024-08-27T12:30:00,978.03,STOP,-930.99,-1380.68
baseline,JINDALSTEL,2024-08-28,LONG,2024-08-28T12:10:00,974.00,970.98,978.53,308,3.02,2024-08-28T14:00:00,974.00,TIME_STOP,0.00,-449.99
baseline,JINDALSTEL,2024-09-02,SHORT,2024-09-02T13:10:00,959.35,962.58,954.50,312,3.23,2024-09-02T13:10:00,962.58,STOP,-1008.97,-1458.70
baseline,JINDALSTEL,2024-09-05,SHORT,2024-09-05T10:40:00,943.55,946.98,938.41,317,3.43,2024-09-05T11:10:00,946.98,STOP,-1085.99,-1535.46
baseline,JINDALSTEL,2024-09-06,LONG,2024-09-06T11:40:00,951.90,948.69,956.72,315,3.21,2024-09-06T11:50:00,956.72,TARGET,1518.22,1067.31
baseline,JINDALSTEL,2024-09-11,LONG,2024-09-11T11:20:00,966.00,962.52,971.22,310,3.48,2024-09-11T13:10:00,969.80,TIME_STOP,1178.00,727.93
baseline,JINDALSTEL,2024-09-20,LONG,2024-09-20T10:50:00,1019.00,1011.40,1030.39,294,7.60,2024-09-20T11:40:00,1011.40,STOP,-2233.01,-2680.72
baseline,JINDALSTEL,2024-09-25,SHORT,2024-09-25T10:30:00,1038.20,1043.48,1030.28,288,5.28,2024-09-25T10:30:00,1030.28,TARGET,2279.66,1832.87
baseline,JINDALSTEL,2024-09-26,LONG,2024-09-26T13:10:00,1025.70,1021.86,1031.47,292,3.84,2024-09-26T14:20:00,1031.47,TARGET,1683.69,1233.17
baseline,JINDALSTEL,2024-09-27,SHORT,2024-09-27T12:10:00,1025.75,1030.20,1019.08,292,4.45,2024-09-27T12:50:00,1019.08,TARGET,1947.13,1499.31
baseline,JINDALSTEL,2024-10-10,SHORT,2024-10-10T14:00:00,995.75,999.63,989.92,301,3.88,2024-10-10T14:20:00,989.92,TARGET,1753.40,1305.13
baseline,JINDALSTEL,2024-10-11,LONG,2024-10-11T10:00:00,1001.95,997.80,1008.18,299,4.15,2024-10-11T10:50:00,1008.18,TARGET,1861.58,1410.81
baseline,JINDALSTEL,2024-10-18,LONG,2024-10-18T12:00:00,964.80,959.36,972.96,310,5.44,2024-10-18T13:20:00,972.96,TARGET,2528.88,2078.35
baseline,JINDALSTEL,2024-10-21,SHORT,2024-10-21T11:00:00,959.20,964.02,951.96,312,4.82,2024-10-21T12:50:00,951.96,TARGET,2257.99,1810.77
baseline,JINDALSTEL,2024-10-23,LONG,2024-10-23T13:40:00,923.05,918.80,929.43,325,4.25,2024-10-23T14:10:00,918.80,STOP,-1381.78,-1830.73
baseline,JINDALSTEL,2024-10-24,LONG,2024-10-24T10:10:00,928.80,923.79,936.32,322,5.01,2024-10-24T10:20:00,923.79,STOP,-1614.27,-2061.67
baseline,JINDALSTEL,2024-10-31,LONG,2024-10-31T10:20:00,925.95,922.10,931.72,323,3.85,2024-10-31T12:10:00,925.30,TIME_STOP,-209.95,-658.42
baseline,JINDALSTEL,2024-11-07,SHORT,2024-11-07T12:30:00,948.25,953.49,940.39,316,5.24,2024-11-07T13:10:00,940.39,TARGET,2482.49,2034.88
baseline,JINDALSTEL,2024-11-08,SHORT,2024-11-08T10:50:00,940.35,945.51,932.62,319,5.16,2024-11-08T11:30:00,932.62,TARGET,2467.34,2019.23
baseline,JINDALSTEL,2024-11-14,LONG,2024-11-14T10:00:00,869.20,864.14,876.79,345,5.06,2024-11-14T10:00:00,876.79,TARGET,2618.22,2166.45
baseline,JINDALSTEL,2024-11-19,SHORT,2024-11-19T11:20:00,876.90,881.02,870.71,342,4.12,2024-11-19T13:10:00,881.02,STOP,-1410.36,-1861.27
baseline,JINDALSTEL,2024-11-21,LONG,2024-11-21T11:50:00,878.70,874.31,885.29,341,4.39,2024-11-21T12:10:00,874.31,STOP,-1498.41,-1946.74
baseline,JINDALSTEL,2024-11-22,LONG,2024-11-22T12:00:00,874.70,870.88,880.43,342,3.82,2024-11-22T13:20:00,880.43,TARGET,1961.28,1511.09
baseline,JINDALSTEL,2024-11-25,SHORT,2024-11-25T13:00:00,880.60,883.95,875.57,340,3.35,2024-11-25T13:40:00,883.95,STOP,-1140.05,-1590.01
baseline,JINDALSTEL,2024-11-27,LONG,2024-11-27T10:00:00,888.50,883.20,896.45,337,5.30,2024-11-27T11:50:00,885.60,TIME_STOP,-977.30,-1425.70
baseline,JINDALSTEL,2024-11-29,SHORT,2024-11-29T10:20:00,893.85,897.73,888.03,335,3.88,2024-11-29T10:30:00,897.73,STOP,-1299.93,-1750.07
baseline,JINDALSTEL,2024-12-13,LONG,2024-12-13T13:10:00,994.45,990.17,1000.88,301,4.28,2024-12-13T15:00:00,999.00,TIME_STOP,1369.55,919.53
baseline,JINDALSTEL,2024-12-17,SHORT,2024-12-17T11:40:00,975.60,978.45,971.32,307,2.85,2024-12-17T12:00:00,971.32,TARGET,1314.58,866.30
baseline,JINDALSTEL,2024-12-26,SHORT,2024-12-26T10:10:00,936.00,939.47,930.80,320,3.47,2024-12-26T10:50:00,930.80,TARGET,1663.38,1215.34
baseline,JINDALSTEL,2024-12-27,SHORT,2024-12-27T11:30:00,932.40,935.90,927.15,321,3.50,2024-12-27T12:30:00,927.15,TARGET,1686.01,1238.32
baseline,JINDALSTEL,2025-01-01,LONG,2025-01-01T10:50:00,930.55,927.02,935.84,322,3.53,2025-01-01T12:40:00,934.00,TIME_STOP,1110.90,660.61
baseline,JINDALSTEL,2025-01-07,SHORT,2025-01-07T14:10:00,943.75,947.66,937.89,317,3.91,2025-01-07T14:20:00,946.80,REVERSE,-966.85,-1416.33
baseline,JINDALSTEL,2025-01-10,LONG,2025-01-10T13:30:00,925.90,922.04,931.68,324,3.86,2025-01-10T14:00:00,922.04,STOP,-1249.09,-1698.14
baseline,JINDALSTEL,2025-01-14,LONG,2025-01-14T12:10:00,920.00,914.90,927.64,326,5.10,2025-01-14T12:10:00,914.90,STOP,-1661.38,-2110.02
baseline,JINDALSTEL,2025-01-15,LONG,2025-01-15T11:20:00,917.50,913.68,923.23,326,3.82,2025-01-15T11:30:00,913.68,STOP,-1246.28,-1694.00
baseline,JINDALSTEL,2025-01-17,LONG,2025-01-17T10:10:00,926.10,922.53,931.46,323,3.57,2025-01-17T10:20:00,922.53,STOP,-1153.52,-1601.35
baseline,JINDALSTEL,2025-01-20,LONG,2025-01-20T11:20:00,928.35,924.72,933.80,323,3.63,2025-01-20T13:10:00,933.80,TARGET,1760.30,1309.19
baseline,JINDALSTEL,2025-01-23,SHORT,2025-01-23T11:40:00,895.20,899.45,888.83,335,4.25,2025-01-23T12:30:00,898.45,REVERSE,-1088.75,-1539.40
baseline,JINDALSTEL,2025-01-24,SHORT,2025-01-24T10:00:00,892.40,896.58,886.13,336,4.18,2025-01-24T10:20:00,886.13,TARGET,2108.32,1660.13
baseline,JINDALSTEL,2025-01-28,LONG,2025-01-28T12:30:00,849.30,844.07,857.14,353,5.23,2025-01-28T13:10:00,857.14,TARGET,2769.06,2317.27
baseline,JINDALSTEL,2025-01-30,SHORT,2025-01-30T13:40:00,850.35,853.84,845.12,352,3.49,2025-01-30T14:50:00,853.84,STOP,-1228.13,-1678.03
baseline,JINDALSTEL,2025-02-01,SHORT,2025-02-01T12:30:00,786.45,793.30,776.18,365,6.85,2025-02-01T12:30:00,776.18,TARGET,3749.61,3321.84
baseline,JINDALSTEL,2025-02-03,LONG,2025-02-03T10:30:00,791.95,782.48,806.16,263,9.47,2025-02-03T12:20:00,791.60,TIME_STOP,-92.05,-404.41
baseline,JINDALSTEL,2025-02-10,LONG,2025-02-10T12:30:00,835.70,832.18,840.98,358,3.52,2025-02-10T14:20:00,836.15,TIME_STOP,161.10,-287.79
baseline,JINDALSTEL,2025-02-11,SHORT,2025-02-11T13:10:00,835.50,839.09,830.12,359,3.59,2025-02-11T13:30:00,830.12,TARGET,1931.48,1483.01
baseline,JINDALSTEL,2025-02-12,LONG,2025-02-12T13:20:00,825.00,819.30,833.55,363,5.70,2025-02-12T14:00:00,819.30,STOP,-2068.64,-2516.30
baseline,JINDALSTEL,2025-02-18,LONG,2025-02-18T10:10:00,839.20,834.56,846.16,357,4.64,2025-02-18T10:20:00,834.56,STOP,-1656.25,-2104.40
baseline,JINDALSTEL,2025-02-21,SHORT,2025-02-21T10:20:00,864.90,868.73,859.16,346,3.83,2025-02-21T10:30:00,868.73,STOP,-1324.42,-1774.30
baseline,JINDALSTEL,2025-02-24,SHORT,2025-02-24T11:40:00,872.60,876.68,866.48,343,4.08,2025-02-24T11:40:00,876.68,STOP,-1398.39,-1848.39
baseline,JINDALSTEL,2025-02-25,LONG,2025-02-25T11:10:00,869.35,865.05,875.81,345,4.30,2025-02-25T11:20:00,865.05,STOP,-1485.00,-1933.77
baseline,JINDALSTEL,2025-02-27,SHORT,2025-02-27T10:40:00,856.30,860.58,849.87,350,4.28,2025-02-27T12:00:00,849.87,TARGET,2248.91,1801.04
baseline,JINDALSTEL,2025-02-28,SHORT,2025-02-28T12:10:00,852.60,857.63,845.05,351,5.03,2025-02-28T13:00:00,845.05,TARGET,2649.85,2202.94
baseline,JINDALSTEL,2025-03-03,SHORT,2025-03-03T11:20:00,850.35,856.12,841.70,352,5.77,2025-03-03T12:30:00,856.12,STOP,-2030.50,-2481.01
baseline,JINDALSTEL,2025-03-12,SHORT,2025-03-12T10:20:00,899.15,902.80,893.67,333,3.65,2025-03-12T11:00:00,893.67,TARGET,1824.74,1376.98
baseline,JINDALSTEL,2025-03-13,SHORT,2025-03-13T12:00:00,895.40,898.97,890.04,335,3.57,2025-03-13T12:20:00,898.97,STOP,-1197.52,-1648.36
baseline,JINDALSTEL,2025-03-17,LONG,2025-03-17T10:00:00,902.00,898.38,907.43,332,3.62,2025-03-17T10:30:00,898.38,STOP,-1201.68,-1649.98
baseline,JINDALSTEL,2025-03-20,LONG,2025-03-20T12:40:00,927.75,924.32,932.90,323,3.43,2025-03-20T14:30:00,926.75,TIME_STOP,-323.00,-772.25
baseline,JINDALSTEL,2025-03-24,LONG,2025-03-24T10:10:00,922.00,918.14,927.79,325,3.86,2025-03-24T12:00:00,923.50,TIME_STOP,487.50,37.66
baseline,JINDALSTEL,2025-03-28,SHORT,2025-03-28T14:00:00,907.85,911.04,903.07,330,3.19,2025-03-28T14:30:00,911.04,STOP,-1052.67,-1502.84
baseline,JINDALSTEL,2025-04-02,LONG,2025-04-02T10:20:00,906.50,902.92,911.86,330,3.58,2025-04-02T12:00:00,902.92,STOP,-1179.76,-1627.59
baseline,JINDALSTEL,2025-04-08,LONG,2025-04-08T12:50:00,800.05,794.86,807.84,374,5.19,2025-04-08T14:40:00,799.35,TIME_STOP,-261.80,-710.43
baseline,JINDALSTEL,2025-04-23,SHORT,2025-04-23T10:10:00,908.05,912.00,902.12,330,3.95,2025-04-23T10:10:00,902.12,TARGET,1955.54,1507.53
baseline,JINDALSTEL,2025-04-24,SHORT,2025-04-24T11:30:00,910.65,914.81,904.41,329,4.16,2025-04-24T13:20:00,908.10,TIME_STOP,838.95,390.17
baseline,JINDALSTEL,2025-04-29,SHORT,2025-04-29T11:00:00,903.75,907.30,898.42,331,3.55,2025-04-29T11:00:00,907.30,STOP,-1175.34,-1624.94
baseline,JINDALSTEL,2025-04-30,LONG,2025-04-30T12:30:00,903.20,899.80,908.30,332,3.40,2025-04-30T14:10:00,899.80,STOP,-1128.03,-1576.97
baseline,JINDALSTEL,2025-05-02,LONG,2025-05-02T13:30:00,903.00,896.47,912.79,332,6.53,2025-05-02T14:30:00,896.47,STOP,-2167.95,-2616.02
baseline,JINDALSTEL,2025-05-06,SHORT,2025-05-06T10:00:00,883.20,889.86,873.21,339,6.66,2025-05-06T10:50:00,889.86,STOP,-2258.86,-2709.66
baseline,JINDALSTEL,2025-05-07,LONG,2025-05-07T12:20:00,879.75,875.48,886.16,341,4.27,2025-05-07T14:10:00,881.45,TIME_STOP,579.70,129.27
baseline,JINDALSTEL,2025-05-19,SHORT,2025-05-19T10:00:00,969.55,973.62,963.45,309,4.07,2025-05-19T10:10:00,973.62,STOP,-1257.07,-1707.40
baseline,JINDALSTEL,2025-05-20,SHORT,2025-05-20T11:00:00,967.00,972.04,959.44,310,5.04,2025-05-20T12:30:00,972.04,STOP,-1562.79,-2013.62
baseline,JINDALSTEL,2025-05-22,LONG,2025-05-22T10:00:00,972.45,967.79,979.44,308,4.66,2025-05-22T10:30:00,967.79,STOP,-1435.24,-1883.43
baseline,JINDALSTEL,2025-05-26,SHORT,2025-05-26T14:10:00,958.10,961.28,953.33,313,3.18,2025-05-26T15:20:00,953.33,TARGET,1493.56,1044.85
baseline,JINDALSTEL,2025-05-30,SHORT,2025-05-30T14:00:00,954.80,957.70,950.45,314,2.90,2025-05-30T15:00:00,950.45,TARGET,1366.31,917.62
baseline,JINDALSTEL,2025-06-02,LONG,2025-06-02T13:30:00,946.70,942.68,952.74,316,4.02,2025-06-02T14:10:00,942.68,STOP,-1271.70,-1719.49
baseline,JINDALSTEL,2025-06-03,LONG,2025-06-03T10:20:00,946.05,942.17,951.87,317,3.88,2025-06-03T10:40:00,942.17,STOP,-1230.92,-1679.84
baseline,JINDALSTEL,2025-06-04,LONG,2025-06-04T12:30:00,947.50,944.67,951.74,316,2.83,2025-06-04T13:50:00,951.74,TARGET,1339.55,889.43
baseline,JINDALSTEL,2025-06-05,SHORT,2025-06-05T14:00:00,951.65,954.06,948.03,315,2.41,2025-06-05T14:20:00,948.03,TARGET,1139.60,690.80
baseline,JINDALSTEL,2025-06-10,SHORT,2025-06-10T13:20:00,975.20,977.62,971.58,307,2.42,2025-06-10T13:50:00,971.58,TARGET,1112.47,664.23
baseline,JINDALSTEL,2025-06-11,LONG,2025-06-11T13:20:00,973.55,971.47,976.68,308,2.08,2025-06-11T13:20:00,971.47,STOP,-641.83,-1091.13
baseline,JINDALSTEL,2025-06-16,LONG,2025-06-16T12:00:00,923.45,920.45,927.95,324,3.00,2025-06-16T12:40:00,927.95,TARGET,1457.47,1007.58
baseline,JINDALSTEL,2025-06-20,LONG,2025-06-20T10:40:00,894.00,890.08,899.88,335,3.92,2025-06-20T11:20:00,899.88,TARGET,1970.72,1520.00
baseline,JINDALSTEL,2025-06-25,SHORT,2025-06-25T14:10:00,925.90,928.17,922.49,324,2.27,2025-06-25T14:50:00,928.17,STOP,-736.67,-1187.21
baseline,JINDALSTEL,2025-06-26,LONG,2025-06-26T10:30:00,928.85,925.49,933.89,322,3.36,2025-06-26T10:40:00,925.49,STOP,-1080.98,-1528.80
baseline,JINDALSTEL,2025-06-27,SHORT,2025-06-27T13:30:00,946.20,949.89,940.67,317,3.69,2025-06-27T14:40:00,940.67,TARGET,1754.12,1305.52
baseline,JINDALSTEL,2025-07-01,LONG,2025-07-01T12:30:00,950.45,946.98,955.65,315,3.47,2025-07-01T13:50:00,946.98,STOP,-1091.80,-1540.07
baseline,JINDALSTEL,2025-07-03,SHORT,2025-07-03T13:10:00,969.40,972.29,965.06,309,2.89,2025-07-03T13:20:00,965.06,TARGET,1340.54,892.23
baseline,JINDALSTEL,2025-07-07,LONG,2025-07-07T11:50:00,953.05,949.57,958.26,314,3.48,2025-07-07T11:50:00,949.57,STOP,-1091.25,-1539.31
baseline,JINDALSTEL,2025-07-10,SHORT,2025-07-10T13:40:00,943.40,946.29,939.06,317,2.89,2025-07-10T14:10:00,946.29,STOP,-917.31,-1366.58
baseline,JINDALSTEL,2025-07-14,SHORT,2025-07-14T11:50:00,932.30,936.00,926.74,321,3.70,2025-07-14T13:40:00,928.60,TIME_STOP,1187.70,739.69
baseline,JINDALSTEL,2025-07-17,LONG,2025-07-17T13:00:00,943.45,940.38,948.06,317,3.07,2025-07-17T13:20:00,948.06,TARGET,1460.69,1010.98
baseline,JINDALSTEL,2025-07-21,SHORT,2025-07-21T13:00:00,959.80,962.69,955.47,312,2.89,2025-07-21T14:50:00,959.50,TIME_STOP,93.60,-355.52
baseline,JINDALSTEL,2025-07-23,LONG,2025-07-23T10:00:00,967.25,964.70,971.07,310,2.55,2025-07-23T10:00:00,965.55,REVERSE,-527.00,-976.38
baseline,JINDALSTEL,2025-07-28,SHORT,2025-07-28T10:10:00,987.95,991.56,982.54,303,3.61,2025-07-28T12:00:00,983.30,TIME_STOP,1408.95,960.98
baseline,JINDALSTEL,2025-07-29,LONG,2025-07-29T10:10:00,987.15,983.28,992.95,303,3.87,2025-07-29T10:10:00,983.28,STOP,-1171.60,-1619.38
baseline,JINDALSTEL,2025-07-30,SHORT,2025-07-30T12:50:00,981.75,984.79,977.19,305,3.04,2025-07-30T13:20:00,984.79,STOP,-928.19,-1378.04
baseline,JINDALSTEL,2025-08-04,LONG,2025-08-04T10:10:00,974.00,969.72,980.42,308,4.28,2025-08-04T12:00:00,976.15,TIME_STOP,662.20,211.72
baseline,JINDALSTEL,2025-08-06,SHORT,2025-08-06T11:30:00,987.35,990.88,982.06,303,3.53,2025-08-06T13:00:00,990.88,STOP,-1068.95,-1518.50
baseline,JINDALSTEL,2025-08-07,SHORT,2025-08-07T11:00:00,988.15,992.50,981.62,303,4.35,2025-08-07T12:50:00,985.05,TIME_STOP,939.30,490.89
baseline,JINDALSTEL,2025-08-08,SHORT,2025-08-08T10:30:00,984.15,988.44,977.72,304,4.29,2025-08-08T11:40:00,977.72,TARGET,1954.81,1507.50
baseline,JINDALSTEL,2025-08-12,SHORT,2025-08-12T10:50:00,986.10,990.14,980.05,304,4.04,2025-08-12T11:00:00,990.14,STOP,-1226.77,-1677.35
baseline,JINDALSTEL,2025-08-13,SHORT,2025-08-13T13:10:00,1000.55,1004.91,994.01,299,4.36,2025-08-13T13:40:00,1004.91,STOP,-1304.08,-1753.80
baseline,JINDALSTEL,2025-08-21,SHORT,2025-08-21T12:20:00,1013.40,1016.03,1009.45,296,2.63,2025-08-21T12:20:00,1009.45,TARGET,1168.16,719.08
baseline,JINDALSTEL,2025-09-01,LONG,2025-09-01T11:30:00,956.00,952.60,961.09,313,3.40,2025-09-01T13:10:00,961.09,TARGET,1594.72,1144.68
baseline,JINDALSTEL,2025-09-05,SHORT,2025-09-05T12:30:00,1028.50,1031.61,1023.84,291,3.11,2025-09-05T13:10:00,1031.61,STOP,-904.70,-1354.32
baseline,JINDALSTEL,2025-09-11,SHORT,2025-09-11T13:30:00,1035.00,1037.71,1030.94,289,2.71,2025-09-11T14:20:00,1037.71,STOP,-782.71,-1231.97
baseline,JINDALSTEL,2025-09-12,SHORT,2025-09-12T10:40:00,1034.00,1036.66,1030.00,290,2.66,2025-09-12T11:00:00,1030.00,TARGET,1159.22,710.30
baseline,JINDALSTEL,2025-09-16,SHORT,2025-09-16T10:50:00,1039.55,1042.36,1035.34,288,2.81,2025-09-16T11:40:00,1042.36,STOP,-808.79,-1258.48
baseline,JINDALSTEL,2025-09-17,SHORT,2025-09-17T10:20:00,1045.80,1049.04,1040.94,286,3.24,2025-09-17T12:10:00,1043.70,TIME_STOP,600.60,152.40
baseline,JINDALSTEL,2025-09-19,LONG,2025-09-19T10:10:00,1043.25,1039.57,1048.76,287,3.68,2025-09-19T11:10:00,1039.57,STOP,-1054.81,-1503.14
baseline,JINDALSTEL,2025-09-22,SHORT,2025-09-22T10:40:00,1040.00,1043.02,1035.48,288,3.02,2025-09-22T12:30:00,1039.90,TIME_STOP,28.80,-420.46
baseline,JINDALSTEL,2025-09-23,LONG,2025-09-23T12:40:00,1039.75,1036.93,1043.99,288,2.82,2025-09-23T12:40:00,1043.99,TARGET,1219.78,769.70
baseline,JINDALSTEL,2025-09-24,SHORT,2025-09-24T11:30:00,1048.00,1051.97,1042.04,286,3.97,2025-09-24T12:30:00,1051.97,STOP,-1135.47,-1585.91
baseline,JINDALSTEL,2025-09-25,LONG,2025-09-25T10:40:00,1057.00,1053.13,1062.80,283,3.87,2025-09-25T10:50:00,1053.13,STOP,-1094.77,-1542.65
baseline,JINDALSTEL,2025-10-01,SHORT,2025-10-01T10:40:00,1057.30,1061.34,1051.24,283,4.04,2025-10-01T11:30:00,1061.34,STOP,-1143.69,-1593.37
baseline,JINDALSTEL,2025-10-03,LONG,2025-10-03T11:20:00,1068.50,1063.53,1075.96,280,4.97,2025-10-03T11:40:00,1075.96,TARGET,2089.38,1639.04
baseline,JINDALSTEL,2025-10-14,SHORT,2025-10-14T10:30:00,1005.40,1008.51,1000.74,298,3.11,2025-10-14T11:10:00,1000.74,TARGET,1390.11,941.74
baseline,JINDALSTEL,2025-10-15,SHORT,2025-10-15T10:30:00,996.00,999.25,991.12,301,3.25,2025-10-15T11:00:00,999.25,STOP,-978.27,-1428.69
baseline,JINDALSTEL,2025-10-17,SHORT,2025-10-17T12:50:00,1016.80,1019.45,1012.82,295,2.65,2025-10-17T12:50:00,1012.82,TARGET,1173.03,723.98
baseline,JINDALSTEL,2025-10-24,LONG,2025-10-24T10:00:00,1018.70,1015.06,1024.17,294,3.64,2025-10-24T10:10:00,1024.17,TARGET,1606.93,1156.48
baseline,JINDALSTEL,2025-10-31,SHORT,2025-10-31T10:50:00,1065.40,1069.28,1059.57,281,3.88,2025-10-31T11:40:00,1069.28,STOP,-1091.40,-1541.29
baseline,JINDALSTEL,2025-11-04,LONG,2025-11-04T14:00:00,1077.00,1074.46,1080.81,278,2.54,2025-11-04T14:10:00,1074.46,STOP,-705.79,-1154.37
baseline,JINDALSTEL,2025-11-06,SHORT,2025-11-06T10:00:00,1067.00,1071.76,1059.87,281,4.76,2025-11-06T11:00:00,1059.87,TARGET,2004.40,1556.17
baseline,JINDALSTEL,2025-11-07,LONG,2025-11-07T11:30:00,1054.40,1048.50,1063.25,284,5.90,2025-11-07T12:50:00,1063.25,TARGET,2514.82,2063.76
baseline,JINDALSTEL,2025-11-11,LONG,2025-11-11T12:40:00,1075.00,1071.62,1080.07,279,3.38,2025-11-11T13:00:00,1071.62,STOP,-942.34,-1391.52
baseline,JINDALSTEL,2025-11-12,SHORT,2025-11-12T13:00:00,1076.80,1079.53,1072.70,278,2.73,2025-11-12T14:20:00,1072.70,TARGET,1139.27,691.10
baseline,JINDALSTEL,2025-11-14,SHORT,2025-11-14T13:10:00,1081.40,1084.77,1076.34,277,3.37,2025-11-14T13:10:00,1084.77,STOP,-933.79,-1383.81
baseline,JINDALSTEL,2025-11-19,LONG,2025-11-19T12:30:00,1075.10,1071.93,1079.86,279,3.17,2025-11-19T13:40:00,1071.93,STOP,-885.03,-1334.30
baseline,JINDALSTEL,2025-11-20,LONG,2025-11-20T10:10:00,1073.00,1069.00,1079.00,279,4.00,2025-11-20T11:20:00,1069.00,STOP,-1115.51,-1563.72
baseline,JINDALSTEL,2025-11-27,SHORT,2025-11-27T12:20:00,1039.30,1042.20,1034.96,288,2.90,2025-11-27T12:30:00,1034.96,TARGET,1250.85,802.81
baseline,JINDALSTEL,2025-12-01,SHORT,2025-12-01T11:00:00,1042.00,1045.27,1037.09,287,3.27,2025-12-01T11:20:00,1045.27,STOP,-938.70,-1387.98
baseline,JINDALSTEL,2025-12-02,SHORT,2025-12-02T11:10:00,1043.10,1046.09,1038.61,287,2.99,2025-12-02T12:50:00,1038.61,TARGET,1287.65,839.56
baseline,JINDALSTEL,2025-12-05,LONG,2025-12-05T13:30:00,1006.40,1002.54,1012.19,298,3.86,2025-12-05T14:50:00,1002.54,STOP,-1151.05,-1600.05
baseline,JINDALSTEL,2025-12-08,SHORT,2025-12-08T10:10:00,1001.80,1005.36,996.47,299,3.56,2025-12-08T10:40:00,1005.36,STOP,-1063.28,-1513.38
baseline,JINDALSTEL,2025-12-09,LONG,2025-12-09T11:40:00,1000.10,995.68,1006.73,299,4.42,2025-12-09T13:30:00,1004.40,TIME_STOP,1285.70,836.19
baseline,JINDALSTEL,2025-12-11,LONG,2025-12-11T10:40:00,1011.00,1007.34,1016.50,296,3.66,2025-12-11T11:00:00,1007.34,STOP,-1084.59,-1532.66
baseline,JINDALSTEL,2025-12-16,SHORT,2025-12-16T10:00:00,1016.20,1019.42,1011.38,295,3.22,2025-12-16T10:30:00,1011.38,TARGET,1422.94,974.34
baseline,JINDALSTEL,2025-12-19,SHORT,2025-12-19T11:10:00,982.80,986.42,977.37,305,3.62,2025-12-19T11:20:00,986.42,STOP,-1103.26,-1553.71
baseline,JINDALSTEL,2025-12-22,SHORT,2025-12-22T13:40:00,999.50,1002.02,995.72,300,2.52,2025-12-22T14:00:00,1002.02,STOP,-756.55,-1206.89
baseline,JINDALSTEL,2025-12-24,SHORT,2025-12-24T11:40:00,1001.20,1003.80,997.30,299,2.60,2025-12-24T12:10:00,1003.80,STOP,-777.51,-1227.13
baseline,JINDALSTEL,2025-12-29,SHORT,2025-12-29T13:20:00,992.90,996.49,987.52,302,3.59,2025-12-29T15:10:00,990.60,TIME_STOP,694.60,245.34
baseline,JINDALSTEL,2025-12-30,LONG,2025-12-30T10:30:00,1006.90,1003.16,1012.50,297,3.74,2025-12-30T10:30:00,1003.16,STOP,-1109.37,-1557.12
baseline,JINDALSTEL,2026-01-05,SHORT,2026-01-05T14:10:00,1077.20,1080.07,1072.90,278,2.87,2026-01-05T14:30:00,1080.07,STOP,-797.86,-1247.65
baseline,JINDALSTEL,2026-01-12,LONG,2026-01-12T12:40:00,1023.60,1018.66,1031.02,293,4.94,2026-01-12T13:50:00,1018.66,STOP,-1448.60,-1897.39
baseline,JINDALSTEL,2026-01-13,SHORT,2026-01-13T12:40:00,1021.90,1025.72,1016.17,293,3.82,2026-01-13T13:00:00,1016.17,TARGET,1678.05,1230.19
baseline,JINDALSTEL,2026-01-14,LONG,2026-01-14T10:20:00,1021.90,1018.05,1027.67,293,3.85,2026-01-14T10:20:00,1027.67,TARGET,1690.65,1240.25
baseline,JINDALSTEL,2026-01-20,SHORT,2026-01-20T10:30:00,1048.50,1053.17,1041.49,286,4.67,2026-01-20T10:40:00,1053.17,STOP,-1336.36,-1787.17
baseline,JINDALSTEL,2026-01-23,SHORT,2026-01-23T11:40:00,1063.60,1069.36,1054.96,282,5.76,2026-01-23T12:10:00,1069.36,STOP,-1623.49,-2074.61
baseline,JINDALSTEL,2026-01-27,LONG,2026-01-27T13:20:00,1074.60,1070.56,1080.66,279,4.04,2026-01-27T13:40:00,1070.56,STOP,-1126.66,-1575.53
baseline,JINDALSTEL,2026-02-05,LONG,2026-02-05T11:30:00,1175.30,1170.86,1181.96,255,4.44,2026-02-05T11:40:00,1181.96,TARGET,1697.43,1246.61
baseline,JINDALSTEL,2026-02-06,SHORT,2026-02-06T10:20:00,1167.30,1171.68,1160.72,257,4.38,2026-02-06T11:00:00,1171.68,STOP,-1126.84,-1577.68
baseline,JINDALSTEL,2026-02-11,LONG,2026-02-11T10:00:00,1193.50,1189.61,1199.33,251,3.89,2026-02-11T10:00:00,1189.61,STOP,-975.72,-1424.34
baseline,JINDALSTEL,2026-02-12,LONG,2026-02-12T11:20:00,1194.70,1191.01,1200.23,251,3.69,2026-02-12T12:40:00,1200.23,TARGET,1389.10,938.25
baseline,JINDALSTEL,2026-02-19,SHORT,2026-02-19T10:20:00,1215.20,1219.46,1208.81,246,4.26,2026-02-19T12:10:00,1214.80,TIME_STOP,98.40,-349.93
baseline,JINDALSTEL,2026-02-20,LONG,2026-02-20T10:40:00,1224.10,1218.79,1232.07,245,5.31,2026-02-20T12:30:00,1226.30,TIME_STOP,539.00,88.74
baseline,JINDALSTEL,2026-02-24,SHORT,2026-02-24T13:10:00,1217.70,1220.70,1213.20,246,3.00,2026-02-24T13:30:00,1213.20,TARGET,1107.65,659.15
baseline,JINDALSTEL,2026-02-27,SHORT,2026-02-27T10:20:00,1250.70,1255.36,1243.71,239,4.66,2026-02-27T12:00:00,1255.36,STOP,-1114.51,-1563.72
baseline,JINDALSTEL,2026-03-06,LONG,2026-03-06T10:20:00,1188.20,1182.50,1196.76,252,5.70,2026-03-06T12:10:00,1185.60,TIME_STOP,-655.20,-1103.85
baseline,JINDALSTEL,2026-03-12,LONG,2026-03-12T11:10:00,1194.80,1189.38,1202.93,251,5.42,2026-03-12T11:30:00,1202.93,TARGET,2041.22,1589.85
baseline,LT,2024-03-18,LONG,2024-03-18T10:30:00,3560.40,3534.35,3599.47,84,26.05,2024-03-18T10:40:00,3549.20,REVERSE,-940.80,-1388.70
baseline,LT,2024-03-20,SHORT,2024-03-20T10:20:00,3501.10,3511.21,3485.93,85,10.11,2024-03-20T11:00:00,3511.21,STOP,-859.65,-1306.69
baseline,LT,2024-04-02,SHORT,2024-04-02T11:10:00,3805.10,3818.42,3785.12,78,13.32,2024-04-02T11:40:00,3785.12,TARGET,1558.80,1114.77
baseline,LT,2024-04-04,LONG,2024-04-04T13:10:00,3784.15,3771.11,3803.72,79,13.04,2024-04-04T13:20:00,3803.72,TARGET,1545.80,1096.22
baseline,LT,2024-04-18,LONG,2024-04-18T12:20:00,3610.00,3597.81,3628.29,83,12.19,2024-04-18T12:40:00,3597.81,STOP,-1012.18,-1460.86
baseline,LT,2024-04-23,SHORT,2024-04-23T13:50:00,3594.00,3601.17,3583.25,83,7.17,2024-04-23T14:30:00,3601.17,STOP,-594.76,-1042.66
baseline,LT,2024-04-26,SHORT,2024-04-26T10:10:00,3626.00,3638.49,3607.27,82,12.49,2024-04-26T12:00:00,3621.40,TIME_STOP,377.20,-68.52
baseline,LT,2024-04-29,SHORT,2024-04-29T14:00:00,3618.05,3627.18,3604.35,82,9.13,2024-04-29T14:00:00,3627.18,STOP,-748.84,-1194.43
baseline,LT,2024-04-30,SHORT,2024-04-30T13:10:00,3633.15,3639.71,3623.32,82,6.56,2024-04-30T13:30:00,3639.71,STOP,-537.61,-984.89
baseline,LT,2024-05-07,LONG,2024-05-07T12:30:00,3486.65,3474.47,3504.92,86,12.18,2024-05-07T12:40:00,3474.47,STOP,-1047.46,-1496.45
baseline,LT,2024-05-08,LONG,2024-05-08T12:10:00,3451.05,3433.68,3477.11,86,17.37,2024-05-08T14:00:00,3469.85,TIME_STOP,1616.80,1170.40
baseline,LT,2024-05-13,LONG,2024-05-13T12:30:00,3294.10,3281.41,3313.14,91,12.69,2024-05-13T13:00:00,3313.14,TARGET,1732.66,1281.72
baseline,LT,2024-05-16,SHORT,2024-05-16T13:50:00,3391.00,3402.63,3373.55,88,11.63,2024-05-16T14:00:00,3402.63,STOP,-1023.77,-1472.15
baseline,LT,2024-05-22,LONG,2024-05-22T10:20:00,3463.00,3453.05,3477.92,86,9.95,2024-05-22T11:50:00,3453.05,STOP,-855.53,-1301.62
baseline,LT,2024-05-27,SHORT,2024-05-27T10:30:00,3617.75,3630.63,3598.43,82,12.88,2024-05-27T10:30:00,3630.63,STOP,-1056.26,-1502.03
baseline,LT,2024-05-28,SHORT,2024-05-28T11:30:00,3654.60,3665.18,3638.74,82,10.58,2024-05-28T13:00:00,3665.18,STOP,-867.21,-1317.38
baseline,LT,2024-05-29,LONG,2024-05-29T13:50:00,3646.55,3637.65,3659.90,82,8.90,2024-05-29T14:50:00,3637.65,STOP,-729.86,-1177.84
baseline,LT,2024-05-30,LONG,2024-05-30T13:10:00,3642.80,3633.97,3656.05,82,8.83,2024-05-30T13:20:00,3633.97,STOP,-724.39,-1171.91
baseline,LT,2024-06-04,SHORT,2024-06-04T11:10:00,3571.95,3611.42,3512.74,63,39.47,2024-06-04T11:10:00,3512.74,TARGET,3729.96,3395.21
baseline,LT,2024-06-05,LONG,2024-06-05T14:10:00,3376.30,3344.58,3423.88,78,31.72,2024-06-05T15:10:00,3423.88,TARGET,3711.25,3313.44
baseline,LT,2024-06-14,SHORT,2024-06-14T12:30:00,3686.70,3694.90,3674.39,81,8.20,2024-06-14T14:20:00,3681.50,TIME_STOP,421.20,-26.42
baseline,LT,2024-06-18,SHORT,2024-06-18T14:00:00,3690.90,3698.01,3680.23,81,7.11,2024-06-18T15:20:00,3691.45,EOD,-44.55,-493.03
baseline,LT,2024-06-24,LONG,2024-06-24T11:30:00,3553.80,3540.15,3574.28,84,13.65,2024-06-24T12:50:00,3540.15,STOP,-1146.98,-1593.90
baseline,LT,2024-06-25,LONG,2024-06-25T11:50:00,3552.05,3541.49,3567.89,84,10.56,2024-06-25T12:00:00,3567.89,TARGET,1330.80,882.24
baseline,LT,2024-07-04,SHORT,2024-07-04T11:10:00,3617.15,3626.13,3603.68,82,8.98,2024-07-04T12:10:00,3626.13,STOP,-736.21,-1181.67
baseline,LT,2024-07-08,LONG,2024-07-08T10:20:00,3617.00,3604.68,3635.48,82,12.32,2024-07-08T10:50:00,3604.68,STOP,-1010.06,-1454.19
baseline,LT,2024-07-10,SHORT,2024-07-10T10:10:00,3660.00,3669.87,3645.19,81,9.87,2024-07-10T10:10:00,3645.19,TARGET,1199.57,755.78
baseline,LT,2024-07-11,SHORT,2024-07-11T12:10:00,3641.55,3652.63,3624.94,82,11.08,2024-07-11T12:30:00,3624.94,TARGET,1362.42,915.53
baseline,LT,2024-07-12,LONG,2024-07-12T11:10:00,3657.75,3644.73,3677.27,82,13.02,2024-07-12T11:20:00,3644.73,STOP,-1067.32,-1516.42
baseline,LT,2024-07-18,LONG,2024-07-18T12:40:00,3650.50,3641.02,3664.72,82,9.48,2024-07-18T13:10:00,3664.72,TARGET,1166.41,716.53
baseline,LT,2024-07-19,SHORT,2024-07-19T10:10:00,3632.15,3643.07,3615.77,82,10.92,2024-07-19T11:30:00,3643.07,STOP,-895.62,-1343.04
baseline,LT,2024-07-22,LONG,2024-07-22T11:10:00,3637.80,3624.41,3657.88,82,13.39,2024-07-22T12:30:00,3624.41,STOP,-1097.65,-1544.28
baseline,LT,2024-07-23,SHORT,2024-07-23T12:10:00,3555.65,3580.23,3518.79,84,24.58,2024-07-23T12:20:00,3518.79,TARGET,3096.45,2650.76
baseline,LT,2024-08-01,SHORT,2024-08-01T12:10:00,3792.00,3801.49,3777.76,79,9.49,2024-08-01T12:40:00,3777.76,TARGET,1124.58,676.07
baseline,LT,2024-08-09,LONG,2024-08-09T10:10:00,3595.00,3582.12,3614.32,83,12.88,2024-08-09T11:40:00,3582.12,STOP,-1069.07,-1515.85
baseline,LT,2024-08-12,LONG,2024-08-12T11:10:00,3596.80,3587.08,3611.38,83,9.72,2024-08-12T11:40:00,3587.08,STOP,-806.69,-1253.88
baseline,LT,2024-08-13,SHORT,2024-08-13T12:40:00,3581.00,3587.56,3571.16,83,6.56,2024-08-13T13:00:00,3571.16,TARGET,817.10,371.88
baseline,LT,2024-08-16,LONG,2024-08-16T13:10:00,3563.95,3554.84,3577.62,84,9.11,2024-08-16T13:50:00,3577.62,TARGET,1148.41,698.49
baseline,LT,2024-08-19,SHORT,2024-08-19T10:40:00,3560.90,3569.03,3548.71,84,8.13,2024-08-19T10:50:00,3548.71,TARGET,1024.37,576.47
baseline,LT,2024-08-20,LONG,2024-08-20T10:00:00,3564.95,3557.68,3575.85,84,7.27,2024-08-20T10:20:00,3575.85,TARGET,915.46,465.59
baseline,LT,2024-08-23,SHORT,2024-08-23T12:40:00,3599.35,3605.30,3590.43,83,5.95,2024-08-23T13:20:00,3590.43,TARGET,740.61,293.05
baseline,LT,2024-08-28,SHORT,2024-08-28T10:30:00,3693.95,3703.56,3679.53,81,9.61,2024-08-28T11:40:00,3703.56,STOP,-778.71,-1228.11
baseline,LT,2024-08-29,LONG,2024-08-29T10:30:00,3704.05,3695.06,3717.54,80,8.99,2024-08-29T11:50:00,3695.06,STOP,-719.49,-1163.44
baseline,LT,2024-09-02,SHORT,2024-09-02T12:40:00,3683.65,3694.08,3668.00,81,10.43,2024-09-02T13:00:00,3668.00,TARGET,1267.61,820.99
baseline,LT,2024-09-03,LONG,2024-09-03T12:30:00,3683.75,3677.55,3693.05,81,6.20,2024-09-03T12:30:00,3693.05,TARGET,752.98,304.84
baseline,LT,2024-09-09,LONG,2024-09-09T10:10:00,3581.45,3570.05,3598.55,83,11.40,2024-09-09T10:20:00,3570.05,STOP,-946.05,-1391.23
baseline,LT,2024-09-19,SHORT,2024-09-19T10:40:00,3712.30,3723.36,3695.71,80,11.06,2024-09-19T11:10:00,3695.71,TARGET,1327.34,882.86
baseline,LT,2024-10-04,LONG,2024-10-04T12:20:00,3552.80,3538.51,3574.23,84,14.29,2024-10-04T12:20:00,3538.51,STOP,-1199.97,-1646.72
baseline,LT,2024-10-10,SHORT,2024-10-10T11:30:00,3507.60,3518.43,3491.36,85,10.83,2024-10-10T12:40:00,3491.36,TARGET,1380.68,934.50
baseline,LT,2024-10-11,LONG,2024-10-11T12:20:00,3488.15,3479.50,3501.12,86,8.65,2024-10-11T12:30:00,3479.50,STOP,-743.82,-1193.24
baseline,LT,2024-10-15,SHORT,2024-10-15T10:10:00,3534.10,3543.41,3520.14,84,9.31,2024-10-15T10:40:00,3543.41,STOP,-781.65,-1227.53
baseline,LT,2024-10-16,SHORT,2024-10-16T11:20:00,3539.65,3549.79,3524.44,84,10.14,2024-10-16T11:40:00,3524.44,TARGET,1278.05,833.01
baseline,LT,2024-11-04,SHORT,2024-11-04T10:10:00,3587.50,3603.65,3563.28,83,16.15,2024-11-04T11:00:00,3563.28,TARGET,2010.55,1565.42
baseline,LT,2024-11-05,LONG,2024-11-05T14:10:00,3565.00,3555.21,3579.68,84,9.79,2024-11-05T14:30:00,3579.68,TARGET,1233.17,783.06
baseline,LT,2024-11-11,LONG,2024-11-11T11:30:00,3660.10,3651.20,3673.45,81,8.90,2024-11-11T12:00:00,3651.20,STOP,-720.98,-1165.14
baseline,LT,2024-11-12,LONG,2024-11-12T12:00:00,3635.55,3624.29,3652.45,82,11.26,2024-11-12T12:50:00,3624.29,STOP,-923.67,-1370.15
baseline,LT,2024-11-22,SHORT,2024-11-22T10:00:00,3484.60,3498.56,3463.66,86,13.96,2024-11-22T10:00:00,3498.56,STOP,-1200.58,-1650.99
baseline,LT,2024-11-27,SHORT,2024-11-27T10:00:00,3703.35,3717.12,3682.69,81,13.77,2024-11-27T11:50:00,3695.90,TIME_STOP,603.45,153.95
baseline,LT,2024-12-10,SHORT,2024-12-10T10:50:00,3926.40,3937.12,3910.32,76,10.72,2024-12-10T11:00:00,3937.12,STOP,-814.65,-1262.87
baseline,LT,2024-12-11,LONG,2024-12-11T10:40:00,3931.05,3920.07,3947.52,76,10.98,2024-12-11T12:20:00,3920.07,STOP,-834.34,-1281.85
baseline,LT,2024-12-13,LONG,2024-12-13T13:40:00,3875.95,3859.72,3900.30,77,16.23,2024-12-13T15:20:00,3894.95,EOD,1463.00,1014.23
baseline,LT,2024-12-16,SHORT,2024-12-16T11:40:00,3869.65,3882.44,3850.46,77,12.79,2024-12-16T13:30:00,3875.00,TIME_STOP,-411.95,-859.20
baseline,LT,2024-12-24,LONG,2024-12-24T10:20:00,3664.10,3652.72,3681.17,81,11.38,2024-12-24T11:10:00,3652.72,STOP,-922.03,-1366.53
baseline,LT,2024-12-31,LONG,2024-12-31T12:10:00,3595.70,3583.18,3614.48,83,12.52,2024-12-31T14:00:00,3614.48,TARGET,1558.98,1110.15
baseline,LT,2025-01-03,SHORT,2025-01-03T10:20:00,3683.30,3694.63,3666.31,81,11.33,2025-01-03T11:00:00,3694.63,STOP,-917.67,-1365.88
baseline,LT,2025-01-07,LONG,2025-01-07T13:40:00,3630.90,3620.55,3646.43,82,10.35,2025-01-07T15:20:00,3646.43,TARGET,1273.25,825.69
baseline,LT,2025-01-08,SHORT,2025-01-08T10:50:00,3608.00,3620.02,3589.98,83,12.02,2025-01-08T12:40:00,3613.00,TIME_STOP,-415.00,-864.51
baseline,LT,2025-01-10,LONG,2025-01-10T12:00:00,3532.60,3518.76,3553.36,84,13.84,2025-01-10T13:50:00,3530.40,TIME_STOP,-184.80,-629.77
baseline,LT,2025-01-16,SHORT,2025-01-16T10:30:00,3486.10,3496.66,3470.26,86,10.56,2025-01-16T10:40:00,3496.66,STOP,-908.38,-1358.76
baseline,LT,2025-01-23,LONG,2025-01-23T12:30:00,3524.85,3513.63,3541.68,85,11.22,2025-01-23T13:30:00,3513.63,STOP,-953.98,-1402.68
baseline,LT,2025-01-24,LONG,2025-01-24T12:10:00,3503.85,3493.81,3518.92,85,10.04,2025-01-24T12:30:00,3493.81,STOP,-853.82,-1299.92
baseline,LT,2025-01-28,SHORT,2025-01-28T10:10:00,3440.10,3454.69,3418.21,87,14.59,2025-01-28T10:10:00,3418.21,TARGET,1904.50,1456.99
baseline,LT,2025-01-30,SHORT,2025-01-30T12:30:00,3420.80,3438.97,3393.54,87,18.17,2025-01-30T14:20:00,3425.05,TIME_STOP,-369.75,-816.44
baseline,LT,2025-02-01,SHORT,2025-02-01T12:10:00,3522.05,3548.03,3483.09,85,25.98,2025-02-01T12:20:00,3483.09,TARGET,3311.98,2865.40
baseline,LT,2025-02-05,SHORT,2025-02-05T12:50:00,3419.70,3430.18,3403.98,87,10.48,2025-02-05T14:10:00,3403.98,TARGET,1367.64,922.40
baseline,LT,2025-02-11,SHORT,2025-02-11T10:00:00,3305.00,3316.34,3288.00,90,11.34,2025-02-11T11:50:00,3300.00,TIME_STOP,450.00,4.16
baseline,LT,2025-02-12,LONG,2025-02-12T11:50:00,3278.95,3265.80,3298.68,91,13.15,2025-02-12T13:30:00,3298.68,TARGET,1795.22,1346.29
baseline,LT,2025-02-18,LONG,2025-02-18T12:50:00,3219.05,3211.27,3230.72,93,7.78,2025-02-18T13:40:00,3230.72,TARGET,1085.07,635.20
baseline,LT,2025-02-24,SHORT,2025-02-24T11:40:00,3302.00,3311.02,3288.47,90,9.02,2025-02-24T12:00:00,3288.47,TARGET,1217.91,773.06
baseline,LT,2025-03-03,SHORT,2025-03-03T11:50:00,3168.95,3180.43,3151.73,94,11.48,2025-03-03T12:10:00,3180.43,STOP,-1079.16,-1526.79
baseline,LT,2025-03-04,SHORT,2025-03-04T11:00:00,3194.85,3204.10,3180.97,93,9.25,2025-03-04T11:00:00,3199.95,REVERSE,-474.30,-920.34
baseline,LT,2025-03-07,SHORT,2025-03-07T12:30:00,3246.50,3255.08,3233.62,92,8.58,2025-03-07T12:30:00,3255.08,STOP,-789.68,-1238.29
baseline,LT,2025-03-17,SHORT,2025-03-17T11:10:00,3194.50,3204.21,3179.94,93,9.71,2025-03-17T12:20:00,3179.94,TARGET,1354.39,909.77
baseline,LT,2025-03-20,SHORT,2025-03-20T11:00:00,3301.25,3311.05,3286.55,90,9.80,2025-03-20T11:00:00,3303.05,REVERSE,-162.00,-607.79
baseline,LT,2025-03-25,SHORT,2025-03-25T11:30:00,3468.75,3479.65,3452.40,86,10.90,2025-03-25T11:50:00,3452.40,TARGET,1405.86,959.45
baseline,LT,2025-04-02,LONG,2025-04-02T11:20:00,3451.70,3440.44,3468.59,86,11.26,2025-04-02T11:30:00,3440.44,STOP,-968.26,-1412.80
baseline,LT,2025-04-09,SHORT,2025-04-09T10:00:00,3122.50,3142.46,3092.56,96,19.96,2025-04-09T11:50:00,3117.35,TIME_STOP,494.40,45.13
baseline,LT,2025-04-16,SHORT,2025-04-16T13:40:00,3235.90,3243.36,3224.71,92,7.46,2025-04-16T15:10:00,3224.71,TARGET,1029.83,584.04
baseline,LT,2025-04-17,LONG,2025-04-17T13:20:00,3220.50,3209.34,3237.24,93,11.16,2025-04-17T13:50:00,3237.24,TARGET,1556.64,1106.21
baseline,LT,2025-04-22,SHORT,2025-04-22T10:40:00,3269.60,3277.78,3257.33,91,8.18,2025-04-22T11:30:00,3257.33,TARGET,1116.64,671.18
baseline,LT,2025-04-24,SHORT,2025-04-24T11:50:00,3285.00,3292.47,3273.79,91,7.47,2025-04-24T12:30:00,3292.47,STOP,-679.95,-1128.86
baseline,LT,2025-04-25,SHORT,2025-04-25T10:10:00,3260.80,3272.92,3242.62,92,12.12,2025-04-25T10:10:00,3272.92,STOP,-1114.87,-1565.69
baseline,LT,2025-04-29,SHORT,2025-04-29T13:20:00,3333.00,3341.46,3320.31,90,8.46,2025-04-29T14:10:00,3320.31,TARGET,1142.26,693.16
baseline,LT,2025-04-30,LONG,2025-04-30T10:00:00,3351.20,3341.20,3366.20,89,10.00,2025-04-30T10:00:00,3341.20,STOP,-889.71,-1336.43
baseline,LT,2025-05-02,SHORT,2025-05-02T11:50:00,3336.10,3347.00,3319.76,89,10.90,2025-05-02T12:20:00,3347.00,STOP,-969.71,-1415.81
baseline,LT,2025-05-06,LONG,2025-05-06T12:50:00,3334.00,3325.34,3346.99,89,8.66,2025-05-06T13:00:00,3346.99,TARGET,1156.37,710.41
baseline,LT,2025-05-07,LONG,2025-05-07T12:50:00,3335.90,3325.78,3351.09,89,10.12,2025-05-07T13:00:00,3325.78,STOP,-901.03,-1345.70
baseline,LT,2025-05-14,SHORT,2025-05-14T14:10:00,3577.50,3585.96,3564.81,83,8.46,2025-05-14T15:20:00,3580.90,EOD,-282.20,-727.81
baseline,LT,2025-05-15,LONG,2025-05-15T13:20:00,3600.80,3588.23,3619.65,83,12.57,2025-05-15T13:40:00,3619.65,TARGET,1564.40,1114.93
baseline,LT,2025-05-16,SHORT,2025-05-16T12:20:00,3605.90,3615.58,3591.38,83,9.68,2025-05-16T12:30:00,3610.10,REVERSE,-348.60,-797.80
baseline,LT,2025-05-19,SHORT,2025-05-19T11:30:00,3600.80,3608.91,3588.63,83,8.11,2025-05-19T11:50:00,3608.91,STOP,-673.23,-1122.03
baseline,LT,2025-05-20,SHORT,2025-05-20T12:00:00,3596.30,3605.30,3582.80,83,9.00,2025-05-20T12:40:00,3605.30,STOP,-746.87,-1195.17
baseline,LT,2025-05-27,LONG,2025-05-27T11:50:00,3653.00,3639.81,3672.79,82,13.19,2025-05-27T12:20:00,3639.81,STOP,-1081.89,-1530.40
baseline,LT,2025-06-02,LONG,2025-06-02T12:40:00,3678.70,3669.13,3693.06,81,9.57,2025-06-02T13:40:00,3693.06,TARGET,1163.02,715.19
baseline,LT,2025-06-04,SHORT,2025-06-04T11:00:00,3633.20,3643.05,3618.43,82,9.85,2025-06-04T12:50:00,3622.00,TIME_STOP,918.40,472.21
baseline,LT,2025-06-05,LONG,2025-06-05T11:30:00,3640.10,3632.41,3651.64,82,7.69,2025-06-05T11:50:00,3651.64,TARGET,946.35,497.91
baseline,LT,2025-06-11,LONG,2025-06-11T11:00:00,3687.10,3679.70,3698.20,81,7.40,2025-06-11T11:00:00,3679.70,STOP,-599.35,-1046.88
baseline,LT,2025-06-12,SHORT,2025-06-12T10:10:00,3668.00,3676.19,3655.71,81,8.19,2025-06-12T10:30:00,3676.19,STOP,-663.50,-1109.66
baseline,LT,2025-06-18,SHORT,2025-06-18T11:10:00,3610.00,3617.02,3599.46,83,7.02,2025-06-18T11:30:00,3599.46,TARGET,874.51,425.72
baseline,LT,2025-06-24,SHORT,2025-06-24T13:50:00,3613.30,3626.98,3592.78,83,13.68,2025-06-24T15:20:00,3613.40,EOD,-8.30,-458.16
baseline,LT,2025-06-25,LONG,2025-06-25T13:50:00,3633.80,3625.14,3646.79,82,8.66,2025-06-25T13:50:00,3625.14,STOP,-710.09,-1156.51
baseline,LT,2025-07-03,LONG,2025-07-03T11:00:00,3621.00,3613.69,3631.97,82,7.31,2025-07-03T11:10:00,3613.69,STOP,-599.58,-1044.51
baseline,LT,2025-07-07,SHORT,2025-07-07T11:40:00,3589.20,3596.91,3577.64,83,7.71,2025-07-07T13:00:00,3592.50,REVERSE,-273.90,-720.96
baseline,LT,2025-07-10,LONG,2025-07-10T10:40:00,3585.30,3579.78,3593.57,83,5.52,2025-07-10T10:40:00,3579.78,STOP,-457.87,-903.90
baseline,LT,2025-07-15,LONG,2025-07-15T11:10:00,3514.80,3507.16,3526.26,85,7.64,2025-07-15T11:40:00,3507.16,STOP,-649.26,-1096.91
baseline,LT,2025-07-17,SHORT,2025-07-17T11:00:00,3490.00,3496.89,3479.66,85,6.89,2025-07-17T11:10:00,3479.66,TARGET,878.94,434.62
baseline,LT,2025-07-21,LONG,2025-07-21T10:20:00,3477.00,3469.24,3488.64,86,7.76,2025-07-21T10:30:00,3488.64,TARGET,1000.94,551.66
baseline,LT,2025-07-22,SHORT,2025-07-22T10:10:00,3484.40,3491.62,3473.57,86,7.22,2025-07-22T10:40:00,3473.57,TARGET,931.50,482.71
baseline,LT,2025-07-23,SHORT,2025-07-23T10:40:00,3463.20,3469.66,3453.51,86,6.46,2025-07-23T12:30:00,3463.00,TIME_STOP,17.20,-429.54
baseline,LT,2025-07-25,SHORT,2025-07-25T10:20:00,3456.50,3463.15,3446.52,86,6.65,2025-07-25T11:20:00,3463.15,STOP,-572.08,-1018.39
baseline,LT,2025-07-29,LONG,2025-07-29T11:20:00,3441.50,3431.01,3457.24,87,10.49,2025-07-29T11:40:00,3457.24,TARGET,1369.29,919.14
baseline,LT,2025-08-05,SHORT,2025-08-05T10:00:00,3614.40,3622.78,3601.84,83,8.38,2025-08-05T10:20:00,3622.78,STOP,-695.26,-1145.78
baseline,LT,2025-08-06,SHORT,2025-08-06T11:40:00,3629.90,3637.55,3618.43,82,7.65,2025-08-06T11:40:00,3637.55,STOP,-626.95,-1073.90
baseline,LT,2025-08-08,SHORT,2025-08-08T13:20:00,3629.20,3636.20,3618.70,82,7.00,2025-08-08T14:10:00,3618.70,TARGET,860.89,415.14
baseline,LT,2025-08-11,LONG,2025-08-11T10:40:00,3637.80,3628.71,3651.44,82,9.09,2025-08-11T11:40:00,3628.71,STOP,-745.65,-1192.54
baseline,LT,2025-08-13,LONG,2025-08-13T10:00:00,3698.30,3688.79,3712.56,81,9.51,2025-08-13T11:00:00,3712.56,TARGET,1155.02,704.81
baseline,LT,2025-08-14,LONG,2025-08-14T14:10:00,3682.00,3674.51,3693.24,81,7.49,2025-08-14T14:10:00,3674.51,STOP,-606.91,-1053.82
baseline,LT,2025-08-21,LONG,2025-08-21T10:00:00,3628.40,3620.12,3640.82,82,8.28,2025-08-21T10:20:00,3640.82,TARGET,1018.32,571.26
baseline,LT,2025-08-22,SHORT,2025-08-22T10:50:00,3614.50,3622.54,3602.44,82,8.04,2025-08-22T12:10:00,3602.44,TARGET,988.74,544.90
baseline,LT,2025-08-28,LONG,2025-08-28T11:20:00,3570.10,3560.97,3583.80,84,9.13,2025-08-28T12:20:00,3560.97,STOP,-767.27,-1216.52
baseline,LT,2025-09-01,SHORT,2025-09-01T10:30:00,3585.90,3594.98,3572.28,83,9.08,2025-09-01T10:50:00,3594.98,STOP,-753.66,-1200.67
baseline,LT,2025-09-04,SHORT,2025-09-04T12:30:00,3581.10,3590.13,3567.55,83,9.03,2025-09-04T12:40:00,3590.13,STOP,-749.79,-1196.20
baseline,LT,2025-09-05,SHORT,2025-09-05T10:20:00,3577.00,3586.97,3562.04,83,9.97,2025-09-05T12:10:00,3565.00,TIME_STOP,996.00,551.41
baseline,LT,2025-09-11,SHORT,2025-09-11T12:50:00,3535.60,3541.15,3527.27,84,5.55,2025-09-11T13:30:00,3541.15,STOP,-466.57,-912.40
baseline,LT,2025-09-19,SHORT,2025-09-19T12:30:00,3683.60,3689.91,3674.13,81,6.31,2025-09-19T14:20:00,3679.50,TIME_STOP,332.10,-115.21
baseline,LT,2025-09-23,LONG,2025-09-23T13:10:00,3647.70,3641.41,3657.14,82,6.29,2025-09-23T13:40:00,3657.14,TARGET,774.26,325.01
baseline,LT,2025-09-25,SHORT,2025-09-25T11:00:00,3677.00,3686.32,3663.02,81,9.32,2025-09-25T11:30:00,3686.32,STOP,-755.11,-1202.44
baseline,LT,2025-10-01,LONG,2025-10-01T13:00:00,3658.40,3648.85,3672.72,82,9.55,2025-10-01T14:50:00,3672.72,TARGET,1174.49,723.63
baseline,LT,2025-10-07,SHORT,2025-10-07T11:30:00,3730.40,3738.80,3717.80,80,8.40,2025-10-07T11:30:00,3738.80,STOP,-671.81,-1119.96
baseline,LT,2025-10-08,LONG,2025-10-08T10:10:00,3752.90,3742.29,3768.82,79,10.61,2025-10-08T11:00:00,3742.29,STOP,-838.23,-1282.32
baseline,LT,2025-10-14,SHORT,2025-10-14T10:10:00,3760.60,3769.81,3746.79,79,9.21,2025-10-14T10:20:00,3769.81,STOP,-727.57,-1173.75
baseline,LT,2025-10-17,SHORT,2025-10-17T12:40:00,3854.90,3861.69,3844.72,77,6.79,2025-10-17T13:00:00,3844.72,TARGET,784.07,339.42
baseline,LT,2025-10-21,LONG,2025-10-21T14:10:00,3890.50,3879.82,3906.52,77,10.68,2025-10-21T14:40:00,3885.00,EOD_FORCED,-423.50,-872.54
baseline,LT,2025-10-29,SHORT,2025-10-29T13:00:00,3943.40,3957.00,3923.00,76,13.60,2025-10-29T13:10:00,3923.00,TARGET,1550.08,1101.69
baseline,LT,2025-11-03,SHORT,2025-11-03T11:30:00,4022.20,4030.25,4010.12,74,8.05,2025-11-03T12:00:00,4010.12,TARGET,893.94,448.15
baseline,LT,2025-11-07,LONG,2025-11-07T13:50:00,3889.00,3877.85,3905.72,77,11.15,2025-11-07T14:00:00,3877.85,STOP,-858.42,-1306.95
baseline,LT,2025-11-11,SHORT,2025-11-11T10:20:00,3917.50,3926.26,3904.37,76,8.76,2025-11-11T10:40:00,3904.37,TARGET,998.25,552.40
baseline,LT,2025-11-12,SHORT,2025-11-12T14:00:00,3945.20,3952.53,3934.20,76,7.33,2025-11-12T14:00:00,3949.90,REVERSE,-357.20,-807.22
baseline,LT,2025-11-18,SHORT,2025-11-18T10:10:00,4005.60,4014.01,3992.98,74,8.41,2025-11-18T10:30:00,3992.98,TARGET,934.04,490.12
baseline,LT,2025-11-19,LONG,2025-11-19T11:50:00,4014.00,4005.37,4026.94,74,8.63,2025-11-19T12:50:00,4005.37,STOP,-638.42,-1083.50
baseline,LT,2025-11-24,SHORT,2025-11-24T10:00:00,4022.20,4030.89,4009.17,74,8.69,2025-11-24T11:40:00,4030.89,STOP,-642.71,-1089.66
baseline,LT,2025-11-25,LONG,2025-11-25T10:20:00,4027.70,4019.39,4040.16,74,8.31,2025-11-25T10:50:00,4019.39,STOP,-614.83,-1061.44
baseline,LT,2025-11-26,LONG,2025-11-26T10:20:00,4039.10,4026.71,4057.69,74,12.39,2025-11-26T10:50:00,4057.69,TARGET,1375.72,926.35
baseline,LT,2025-11-28,LONG,2025-11-28T10:20:00,4098.90,4089.12,4113.57,73,9.78,2025-11-28T11:00:00,4089.12,STOP,-713.90,-1162.19
baseline,LT,2025-12-01,SHORT,2025-12-01T11:20:00,4065.40,4074.84,4051.24,73,9.44,2025-12-01T11:30:00,4074.84,STOP,-689.13,-1134.80
baseline,LT,2025-12-02,SHORT,2025-12-02T10:00:00,4061.60,4070.71,4047.94,73,9.11,2025-12-02T11:50:00,4048.90,TIME_STOP,927.10,483.05
baseline,LT,2025-12-04,LONG,2025-12-04T10:00:00,3994.00,3984.17,4008.74,75,9.83,2025-12-04T10:40:00,4008.74,TARGET,1105.53,655.38
baseline,LT,2025-12-05,LONG,2025-12-05T10:10:00,4006.70,3996.78,4021.58,74,9.92,2025-12-05T10:20:00,3996.78,STOP,-734.13,-1178.32
baseline,LT,2025-12-08,SHORT,2025-12-08T10:10:00,4011.70,4020.52,3998.48,74,8.82,2025-12-08T12:00:00,4008.20,TIME_STOP,259.00,-186.10
baseline,LT,2025-12-09,LONG,2025-12-09T11:50:00,4000.00,3989.32,4016.02,75,10.68,2025-12-09T12:10:00,4016.02,TARGET,1201.35,750.45
baseline,LT,2025-12-10,SHORT,2025-12-10T14:10:00,3997.50,4005.70,3985.19,75,8.20,2025-12-10T14:50:00,3985.19,TARGET,922.88,473.85
baseline,LT,2025-12-11,LONG,2025-12-11T12:10:00,4006.00,3997.65,4018.52,74,8.35,2025-12-11T12:30:00,3997.65,STOP,-617.55,-1061.75
baseline,LT,2025-12-17,SHORT,2025-12-17T10:20:00,4056.50,4064.26,4044.86,73,7.76,2025-12-17T10:40:00,4044.86,TARGET,849.72,406.17
baseline,LT,2025-12-18,LONG,2025-12-18T12:30:00,4049.90,4042.07,4061.65,74,7.83,2025-12-18T12:40:00,4061.65,TARGET,869.68,419.48
baseline,LT,2025-12-22,SHORT,2025-12-22T11:30:00,4072.20,4078.71,4062.44,73,6.51,2025-12-22T11:30:00,4078.71,STOP,-474.87,-921.13
baseline,LT,2025-12-29,SHORT,2025-12-29T13:20:00,4047.00,4051.98,4039.52,74,4.98,2025-12-29T13:40:00,4039.52,TARGET,553.16,104.36
baseline,LT,2025-12-30,LONG,2025-12-30T11:40:00,4045.10,4038.14,4055.54,74,6.96,2025-12-30T12:30:00,4055.54,TARGET,772.61,323.02
baseline,LT,2026-01-05,SHORT,2026-01-05T13:10:00,4165.20,4172.29,4154.56,72,7.09,2026-01-05T13:30:00,4154.56,TARGET,766.16,316.89
baseline,LT,2026-01-06,LONG,2026-01-06T10:20:00,4182.00,4171.82,4197.27,71,10.18,2026-01-06T10:20:00,4171.82,STOP,-722.86,-1167.70
baseline,LT,2026-01-07,LONG,2026-01-07T13:30:00,4143.30,4135.40,4155.14,72,7.90,2026-01-07T15:20:00,4155.14,TARGET,852.73,404.61
baseline,LT,2026-01-12,LONG,2026-01-12T13:50:00,4002.80,3990.67,4021.00,74,12.13,2026-01-12T14:50:00,4021.00,TARGET,1346.84,901.52
baseline,LT,2026-01-14,LONG,2026-01-14T12:10:00,3902.30,3889.61,3921.33,76,12.69,2026-01-14T12:10:00,3889.61,STOP,-964.18,-1408.32
baseline,LT,2026-01-19,LONG,2026-01-19T13:50:00,3849.50,3839.23,3864.91,77,10.27,2026-01-19T14:10:00,3864.91,TARGET,1186.70,741.20
baseline,LT,2026-01-20,SHORT,2026-01-20T10:50:00,3851.50,3862.14,3835.54,77,10.64,2026-01-20T11:10:00,3835.54,TARGET,1229.13,785.20
baseline,LT,2026-01-22,SHORT,2026-01-22T11:10:00,3761.00,3772.78,3743.34,79,11.78,2026-01-22T11:30:00,3772.78,STOP,-930.29,-1376.67
baseline,LT,2026-01-23,SHORT,2026-01-23T10:30:00,3772.00,3783.43,3754.85,79,11.43,2026-01-23T11:30:00,3754.85,TARGET,1354.82,908.85
baseline,LT,2026-01-30,SHORT,2026-01-30T11:50:00,3916.90,3927.56,3900.91,76,10.66,2026-01-30T13:40:00,3916.80,TIME_STOP,7.60,-438.92
baseline,LT,2026-02-02,LONG,2026-02-02T13:20:00,3917.80,3904.04,3938.43,76,13.76,2026-02-02T13:20:00,3904.04,STOP,-1045.45,-1491.29
baseline,LT,2026-02-05,LONG,2026-02-05T13:10:00,4071.90,4063.22,4084.92,73,8.68,2026-02-05T14:10:00,4063.22,STOP,-633.50,-1078.90
baseline,LT,2026-02-06,SHORT,2026-02-06T11:10:00,4062.50,4071.86,4048.46,73,9.36,2026-02-06T12:10:00,4048.46,TARGET,1024.89,580.82
baseline,LT,2026-02-13,LONG,2026-02-13T11:40:00,4184.90,4174.27,4200.85,71,10.63,2026-02-13T13:30:00,4190.90,TIME_STOP,426.00,-20.01
baseline,LT,2026-02-16,LONG,2026-02-16T13:30:00,4178.00,4170.83,4188.75,71,7.17,2026-02-16T14:10:00,4170.83,STOP,-508.80,-953.37
baseline,LT,2026-02-19,SHORT,2026-02-19T12:10:00,4297.40,4307.55,4282.17,69,10.15,2026-02-19T13:10:00,4307.55,STOP,-700.37,-1145.68
baseline,LT,2026-02-24,SHORT,2026-02-24T10:20:00,4385.10,4397.93,4365.86,68,12.83,2026-02-24T11:50:00,4365.86,TARGET,1308.53,862.23
baseline,LT,2026-02-26,LONG,2026-02-26T10:10:00,4331.10,4316.32,4353.26,69,14.78,2026-02-26T11:00:00,4316.32,STOP,-1019.53,-1467.03
baseline,LT,2026-02-27,LONG,2026-02-27T14:00:00,4292.70,4284.60,4304.85,69,8.10,2026-02-27T14:30:00,4284.60,STOP,-558.89,-1002.76
baseline,LT,2026-03-11,SHORT,2026-03-11T11:40:00,3868.40,3879.55,3851.67,77,11.15,2026-03-11T13:10:00,3851.67,TARGET,1288.26,842.42
baseline,ADANIPORTS,2024-03-18,LONG,2024-03-18T10:30:00,1250.35,1232.10,1277.73,136,18.25,2024-03-18T12:20:00,1255.75,TIME_STOP,734.40,478.78
baseline,ADANIPORTS,2024-03-19,SHORT,2024-03-19T10:40:00,1251.25,1258.40,1240.52,239,7.15,2024-03-19T11:40:00,1240.52,TARGET,2563.89,2117.24
baseline,ADANIPORTS,2024-03-20,LONG,2024-03-20T13:10:00,1244.85,1239.53,1252.83,240,5.32,2024-03-20T15:00:00,1248.65,TIME_STOP,912.00,463.17
baseline,ADANIPORTS,2024-03-28,LONG,2024-03-28T12:40:00,1332.85,1328.34,1339.62,225,4.51,2024-03-28T14:00:00,1339.62,TARGET,1523.32,1072.34
baseline,ADANIPORTS,2024-04-03,SHORT,2024-04-03T11:00:00,1393.40,1398.54,1385.69,215,5.14,2024-04-03T12:10:00,1398.54,STOP,-1105.31,-1555.51
baseline,ADANIPORTS,2024-04-04,SHORT,2024-04-04T10:00:00,1393.50,1398.35,1386.23,215,4.85,2024-04-04T10:50:00,1386.23,TARGET,1562.57,1114.34
baseline,ADANIPORTS,2024-04-05,LONG,2024-04-05T12:40:00,1374.60,1370.41,1380.88,218,4.19,2024-04-05T14:00:00,1380.88,TARGET,1369.43,918.91
baseline,ADANIPORTS,2024-04-10,LONG,2024-04-10T13:20:00,1354.95,1351.71,1359.82,221,3.24,2024-04-10T14:00:00,1351.71,STOP,-717.13,-1165.75
baseline,ADANIPORTS,2024-04-12,LONG,2024-04-12T10:10:00,1355.20,1351.53,1360.71,221,3.67,2024-04-12T10:20:00,1351.53,STOP,-811.96,-1260.60
baseline,ADANIPORTS,2024-04-18,LONG,2024-04-18T10:00:00,1330.35,1325.46,1337.69,225,4.89,2024-04-18T10:10:00,1325.46,STOP,-1100.58,-1548.75
baseline,ADANIPORTS,2024-04-19,LONG,2024-04-19T13:10:00,1309.40,1303.71,1317.94,229,5.69,2024-04-19T13:20:00,1303.71,STOP,-1303.18,-1751.98
baseline,ADANIPORTS,2024-04-25,LONG,2024-04-25T13:40:00,1326.00,1323.16,1330.26,226,2.84,2024-04-25T14:00:00,1330.26,TARGET,963.35,513.11
baseline,ADANIPORTS,2024-04-26,SHORT,2024-04-26T13:10:00,1325.40,1328.72,1320.43,226,3.32,2024-04-26T13:10:00,1328.72,STOP,-749.56,-1199.43
baseline,ADANIPORTS,2024-05-03,SHORT,2024-05-03T11:30:00,1322.00,1328.13,1312.80,226,6.13,2024-05-03T13:20:00,1318.95,TIME_STOP,689.30,241.66
baseline,ADANIPORTS,2024-05-07,SHORT,2024-05-07T10:30:00,1283.20,1289.34,1273.99,233,6.14,2024-05-07T10:50:00,1273.99,TARGET,2147.08,1700.21
baseline,ADANIPORTS,2024-05-08,SHORT,2024-05-08T11:10:00,1282.05,1287.83,1273.37,234,5.78,2024-05-08T11:20:00,1287.83,STOP,-1353.54,-1804.56
baseline,ADANIPORTS,2024-05-13,LONG,2024-05-13T10:30:00,1266.75,1259.22,1278.05,236,7.53,2024-05-13T11:30:00,1278.05,TARGET,2667.30,2216.87
baseline,ADANIPORTS,2024-05-16,SHORT,2024-05-16T11:40:00,1338.55,1345.14,1328.67,224,6.59,2024-05-16T11:40:00,1343.00,REVERSE,-996.80,-1447.30
baseline,ADANIPORTS,2024-05-17,SHORT,2024-05-17T10:00:00,1328.85,1336.75,1317.00,225,7.90,2024-05-17T10:20:00,1336.75,STOP,-1777.13,-2226.95
baseline,ADANIPORTS,2024-05-22,SHORT,2024-05-22T10:50:00,1373.30,1379.83,1363.50,218,6.53,2024-05-22T12:00:00,1379.83,STOP,-1423.75,-1873.89
baseline,ADANIPORTS,2024-05-23,SHORT,2024-05-23T11:00:00,1373.90,1379.44,1365.59,218,5.54,2024-05-23T11:10:00,1379.44,STOP,-1207.62,-1657.79
baseline,ADANIPORTS,2024-05-29,LONG,2024-05-29T12:10:00,1413.60,1407.79,1422.32,212,5.81,2024-05-29T13:10:00,1422.32,TARGET,1848.01,1397.10
baseline,ADANIPORTS,2024-05-31,SHORT,2024-05-31T10:30:00,1394.80,1402.45,1383.33,215,7.65,2024-05-31T10:50:00,1402.45,STOP,-1644.44,-2095.49
baseline,ADANIPORTS,2024-06-04,SHORT,2024-06-04T11:10:00,1346.35,1371.11,1309.20,100,24.76,2024-06-04T11:20:00,1309.20,TARGET,3714.62,3515.46
baseline,ADANIPORTS,2024-06-05,LONG,2024-06-05T12:30:00,1287.05,1257.51,1331.36,84,29.54,2024-06-05T14:20:00,1313.00,TIME_STOP,2179.80,2016.00
baseline,ADANIPORTS,2024-06-12,SHORT,2024-06-12T13:50:00,1398.55,1402.70,1392.32,214,4.15,2024-06-12T14:20:00,1392.32,TARGET,1332.20,884.26
baseline,ADANIPORTS,2024-06-13,LONG,2024-06-13T10:00:00,1401.05,1395.68,1409.11,214,5.37,2024-06-13T11:00:00,1397.05,REVERSE,-856.00,-1305.10
baseline,ADANIPORTS,2024-07-01,LONG,2024-07-01T10:10:00,1488.60,1482.64,1497.54,201,5.96,2024-07-01T10:10:00,1482.64,STOP,-1197.44,-1645.36
baseline,ADANIPORTS,2024-07-02,LONG,2024-07-02T10:50:00,1488.00,1482.94,1495.60,201,5.06,2024-07-02T11:00:00,1482.94,STOP,-1017.96,-1465.83
baseline,ADANIPORTS,2024-07-09,SHORT,2024-07-09T12:40:00,1481.15,1485.20,1475.07,202,4.05,2024-07-09T13:00:00,1485.20,STOP,-818.53,-1267.93
baseline,ADANIPORTS,2024-07-10,SHORT,2024-07-10T10:30:00,1470.80,1475.81,1463.28,203,5.01,2024-07-10T10:40:00,1463.28,TARGET,1526.89,1080.18
baseline,ADANIPORTS,2024-07-11,SHORT,2024-07-11T12:10:00,1478.30,1482.64,1471.79,202,4.34,2024-07-11T12:10:00,1482.64,STOP,-877.29,-1325.87
baseline,ADANIPORTS,2024-07-16,SHORT,2024-07-16T13:00:00,1496.00,1499.20,1491.20,200,3.20,2024-07-16T14:10:00,1499.20,STOP,-640.62,-1089.90
baseline,ADANIPORTS,2024-07-18,LONG,2024-07-18T13:40:00,1494.70,1490.18,1501.47,200,4.52,2024-07-18T14:20:00,1501.47,TARGET,1354.82,905.40
baseline,ADANIPORTS,2024-07-19,SHORT,2024-07-19T10:20:00,1484.90,1490.71,1476.18,202,5.81,2024-07-19T10:20:00,1490.71,STOP,-1173.99,-1624.79
baseline,ADANIPORTS,2024-07-23,SHORT,2024-07-23T12:40:00,1443.30,1454.71,1426.18,207,11.41,2024-07-23T12:40:00,1454.71,STOP,-2362.73,-2812.65
baseline,ADANIPORTS,2024-07-24,SHORT,2024-07-24T11:40:00,1492.50,1499.59,1481.86,201,7.09,2024-07-24T13:30:00,1481.86,TARGET,2138.33,1689.94
baseline,ADANIPORTS,2024-07-25,LONG,2024-07-25T10:50:00,1496.85,1490.48,1506.40,200,6.37,2024-07-25T11:20:00,1490.48,STOP,-1273.24,-1721.34
baseline,ADANIPORTS,2024-08-01,SHORT,2024-08-01T12:40:00,1572.00,1577.56,1563.66,190,5.56,2024-08-01T12:50:00,1577.56,STOP,-1056.06,-1504.87
baseline,ADANIPORTS,2024-08-02,LONG,2024-08-02T11:20:00,1588.95,1578.50,1604.62,188,10.45,2024-08-02T13:10:00,1594.35,TIME_STOP,1015.20,566.35
baseline,ADANIPORTS,2024-08-07,LONG,2024-08-07T10:10:00,1529.00,1519.94,1542.60,196,9.06,2024-08-07T10:40:00,1542.60,TARGET,2664.72,2213.19
baseline,ADANIPORTS,2024-08-08,SHORT,2024-08-08T13:30:00,1531.35,1537.81,1521.66,195,6.46,2024-08-08T15:00:00,1521.66,TARGET,1889.14,1442.63
baseline,ADANIPORTS,2024-08-09,LONG,2024-08-09T13:30:00,1529.95,1525.82,1536.15,196,4.13,2024-08-09T14:10:00,1536.15,TARGET,1214.43,763.72
baseline,ADANIPORTS,2024-08-16,LONG,2024-08-16T13:40:00,1480.30,1475.62,1487.32,202,4.68,2024-08-16T13:50:00,1487.32,TARGET,1417.79,968.19
baseline,ADANIPORTS,2024-08-20,SHORT,2024-08-20T11:50:00,1490.20,1494.07,1484.39,201,3.87,2024-08-20T12:20:00,1494.07,STOP,-778.50,-1228.38
baseline,ADANIPORTS,2024-08-27,LONG,2024-08-27T10:00:00,1491.75,1487.88,1497.56,201,3.87,2024-08-27T10:10:00,1487.88,STOP,-778.10,-1227.28
baseline,ADANIPORTS,2024-08-28,LONG,2024-08-28T11:30:00,1485.30,1482.36,1489.71,201,2.94,2024-08-28T12:30:00,1482.36,STOP,-591.04,-1038.41
baseline,ADANIPORTS,2024-08-29,LONG,2024-08-29T13:10:00,1475.95,1471.08,1483.26,203,4.87,2024-08-29T13:20:00,1471.08,STOP,-988.70,-1437.39
baseline,ADANIPORTS,2024-09-03,SHORT,2024-09-03T11:10:00,1486.00,1489.24,1481.13,201,3.24,2024-09-03T13:00:00,1488.20,TIME_STOP,-442.20,-890.56
baseline,ADANIPORTS,2024-09-05,LONG,2024-09-05T14:10:00,1468.65,1465.99,1472.64,204,2.66,2024-09-05T14:10:00,1468.35,REVERSE,-61.20,-510.56
baseline,ADANIPORTS,2024-09-11,SHORT,2024-09-11T13:10:00,1447.35,1450.78,1442.20,207,3.43,2024-09-11T13:40:00,1442.20,TARGET,1066.11,617.51
baseline,ADANIPORTS,2024-09-12,LONG,2024-09-12T10:00:00,1458.00,1451.63,1467.56,205,6.37,2024-09-12T10:10:00,1467.56,TARGET,1960.30,1510.50
baseline,ADANIPORTS,2024-09-13,SHORT,2024-09-13T11:50:00,1453.00,1457.75,1445.87,206,4.75,2024-09-13T13:40:00,1453.95,TIME_STOP,-195.70,-644.82
baseline,ADANIPORTS,2024-09-16,SHORT,2024-09-16T10:30:00,1452.70,1456.38,1447.18,206,3.68,2024-09-16T10:30:00,1456.38,STOP,-757.81,-1207.26
baseline,ADANIPORTS,2024-09-18,SHORT,2024-09-18T12:00:00,1429.00,1432.87,1423.20,209,3.87,2024-09-18T12:50:00,1423.20,TARGET,1211.73,764.65
baseline,ADANIPORTS,2024-09-19,SHORT,2024-09-19T10:20:00,1420.95,1425.90,1413.53,211,4.95,2024-09-19T11:10:00,1413.53,TARGET,1566.67,1118.11
baseline,ADANIPORTS,2024-09-25,SHORT,2024-09-25T10:00:00,1446.50,1451.05,1439.68,207,4.55,2024-09-25T11:20:00,1451.05,STOP,-941.26,-1391.10
baseline,ADANIPORTS,2024-09-27,SHORT,2024-09-27T14:10:00,1460.95,1464.84,1455.12,205,3.89,2024-09-27T14:10:00,1455.12,TARGET,1194.68,746.33
baseline,ADANIPORTS,2024-09-30,LONG,2024-09-30T11:40:00,1461.75,1455.42,1471.24,205,6.33,2024-09-30T12:20:00,1455.42,STOP,-1296.84,-1745.36
baseline,ADANIPORTS,2024-10-03,SHORT,2024-10-03T11:30:00,1445.30,1450.29,1437.81,207,4.99,2024-10-03T11:40:00,1437.81,TARGET,1550.14,1102.54
baseline,ADANIPORTS,2024-10-04,LONG,2024-10-04T11:20:00,1431.40,1424.30,1442.04,209,7.10,2024-10-04T12:00:00,1442.04,TARGET,2224.35,1773.94
baseline,ADANIPORTS,2024-10-08,LONG,2024-10-08T10:10:00,1382.70,1373.67,1396.25,216,9.03,2024-10-08T11:30:00,1396.25,TARGET,2926.61,2476.42
baseline,ADANIPORTS,2024-10-11,SHORT,2024-10-11T11:30:00,1412.20,1416.89,1405.16,212,4.69,2024-10-11T13:20:00,1411.30,TIME_STOP,190.80,-258.14
baseline,ADANIPORTS,2024-10-14,SHORT,2024-10-14T11:30:00,1410.00,1413.84,1404.24,212,3.84,2024-10-14T13:20:00,1409.00,TIME_STOP,212.00,-236.22
baseline,ADANIPORTS,2024-10-18,LONG,2024-10-18T12:10:00,1402.15,1396.79,1410.18,213,5.36,2024-10-18T12:40:00,1410.18,TARGET,1711.19,1261.92
baseline,ADANIPORTS,2024-10-24,LONG,2024-10-24T11:00:00,1349.15,1343.17,1358.11,222,5.98,2024-10-24T11:50:00,1358.11,TARGET,1989.89,1539.13
baseline,ADANIPORTS,2024-10-28,LONG,2024-10-28T11:30:00,1352.20,1344.87,1363.20,221,7.33,2024-10-28T13:20:00,1362.15,TIME_STOP,2198.95,1749.05
baseline,ADANIPORTS,2024-10-29,SHORT,2024-10-29T10:00:00,1336.60,1343.68,1325.98,224,7.08,2024-10-29T10:20:00,1343.68,STOP,-1585.93,-2036.22
baseline,ADANIPORTS,2024-11-07,SHORT,2024-11-07T10:20:00,1355.80,1362.25,1346.12,221,6.45,2024-11-07T11:00:00,1362.25,STOP,-1425.53,-1876.04
baseline,ADANIPORTS,2024-11-08,LONG,2024-11-08T13:20:00,1359.35,1355.20,1365.57,220,4.15,2024-11-08T13:30:00,1355.20,STOP,-912.78,-1360.68
baseline,ADANIPORTS,2024-11-11,LONG,2024-11-11T11:30:00,1355.60,1350.53,1363.21,221,5.07,2024-11-11T12:00:00,1350.53,STOP,-1121.52,-1570.06
baseline,ADANIPORTS,2024-11-12,LONG,2024-11-12T12:00:00,1349.85,1345.54,1356.31,222,4.31,2024-11-12T12:10:00,1345.54,STOP,-955.94,-1404.72
baseline,ADANIPORTS,2024-11-22,LONG,2024-11-22T11:50:00,1131.60,1115.94,1155.09,159,15.66,2024-11-22T13:00:00,1155.09,TARGET,3735.15,3462.46
baseline,ADANIPORTS,2024-11-27,LONG,2024-11-27T12:10:00,1164.20,1151.87,1182.69,202,12.33,2024-11-27T12:50:00,1182.69,TARGET,3734.59,3379.04
baseline,ADANIPORTS,2024-11-28,SHORT,2024-11-28T12:20:00,1194.50,1204.53,1179.45,249,10.03,2024-11-28T12:40:00,1179.45,TARGET,3747.45,3304.12
baseline,ADANIPORTS,2024-11-29,LONG,2024-11-29T12:50:00,1195.50,1188.24,1206.39,250,7.26,2024-11-29T12:50:00,1188.24,STOP,-1814.83,-2261.78
baseline,ADANIPORTS,2024-12-05,SHORT,2024-12-05T10:10:00,1264.85,1272.74,1253.02,237,7.89,2024-12-05T12:00:00,1262.25,TIME_STOP,616.20,167.01
baseline,ADANIPORTS,2024-12-06,SHORT,2024-12-06T11:10:00,1270.45,1276.41,1261.51,236,5.96,2024-12-06T13:00:00,1265.80,TIME_STOP,1097.40,648.48
baseline,ADANIPORTS,2024-12-09,LONG,2024-12-09T12:00:00,1267.00,1262.95,1273.07,236,4.05,2024-12-09T12:10:00,1273.07,TARGET,1433.37,983.78
baseline,ADANIPORTS,2024-12-13,SHORT,2024-12-13T10:50:00,1235.40,1240.58,1227.63,242,5.18,2024-12-13T11:10:00,1240.58,STOP,-1253.43,-1702.82
baseline,ADANIPORTS,2024-12-16,SHORT,2024-12-16T10:30:00,1244.05,1248.44,1237.46,241,4.39,2024-12-16T10:40:00,1248.44,STOP,-1059.15,-1509.67
baseline,ADANIPORTS,2024-12-17,LONG,2024-12-17T10:00:00,1246.90,1243.04,1252.70,240,3.86,2024-12-17T10:40:00,1252.70,TARGET,1391.18,941.25
baseline,ADANIPORTS,2024-12-24,LONG,2024-12-24T10:10:00,1195.45,1190.70,1202.58,250,4.75,2024-12-24T10:40:00,1202.58,TARGET,1782.56,1332.93
baseline,ADANIPORTS,2024-12-30,SHORT,2024-12-30T12:00:00,1238.55,1244.13,1230.18,242,5.58,2024-12-30T12:10:00,1244.13,STOP,-1350.70,-1801.30
baseline,ADANIPORTS,2024-12-31,LONG,2024-12-31T13:00:00,1228.95,1223.76,1236.73,244,5.19,2024-12-31T13:00:00,1223.76,STOP,-1266.10,-1714.94
baseline,ADANIPORTS,2025-01-01,SHORT,2025-01-01T10:00:00,1211.00,1216.63,1202.56,247,5.63,2025-01-01T10:40:00,1216.63,STOP,-1389.40,-1839.11
baseline,ADANIPORTS,2025-01-02,LONG,2025-01-02T14:00:00,1221.60,1217.74,1227.39,245,3.86,2025-01-02T15:00:00,1227.39,TARGET,1419.16,969.15
baseline,ADANIPORTS,2025-01-03,SHORT,2025-01-03T11:00:00,1216.15,1220.78,1209.20,246,4.63,2025-01-03T11:00:00,1220.78,STOP,-1139.62,-1589.23
baseline,ADANIPORTS,2025-01-07,LONG,2025-01-07T10:50:00,1178.40,1172.48,1187.28,254,5.92,2025-01-07T10:50:00,1172.48,STOP,-1503.72,-1951.56
baseline,ADANIPORTS,2025-01-14,LONG,2025-01-14T11:30:00,1125.05,1117.10,1136.97,266,7.95,2025-01-14T13:00:00,1117.10,STOP,-2114.35,-2561.66
baseline,ADANIPORTS,2025-01-15,SHORT,2025-01-15T13:40:00,1121.40,1125.52,1115.22,267,4.12,2025-01-15T15:00:00,1125.52,STOP,-1100.61,-1550.55
baseline,ADANIPORTS,2025-01-20,LONG,2025-01-20T11:50:00,1164.70,1160.19,1171.47,257,4.51,2025-01-20T12:00:00,1160.19,STOP,-1159.66,-1607.78
baseline,ADANIPORTS,2025-01-23,LONG,2025-01-23T10:10:00,1105.15,1100.01,1112.86,271,5.14,2025-01-23T11:40:00,1112.86,TARGET,2089.49,1638.68
baseline,ADANIPORTS,2025-01-24,SHORT,2025-01-24T10:00:00,1095.15,1099.49,1088.64,273,4.34,2025-01-24T10:20:00,1088.64,TARGET,1778.52,1331.39
baseline,ADANIPORTS,2025-01-28,LONG,2025-01-28T12:20:00,1082.55,1076.96,1090.94,277,5.59,2025-01-28T12:30:00,1076.96,STOP,-1548.58,-1997.22
baseline,ADANIPORTS,2025-01-30,SHORT,2025-01-30T13:40:00,1038.65,1050.57,1020.78,209,11.92,2025-01-30T13:40:00,1050.57,STOP,-2490.25,-2817.73
baseline,ADANIPORTS,2025-01-31,LONG,2025-01-31T10:10:00,1091.25,1080.36,1107.58,229,10.89,2025-01-31T11:00:00,1107.58,TARGET,3739.36,3361.71
baseline,ADANIPORTS,2025-02-01,SHORT,2025-02-01T12:20:00,1094.65,1103.03,1082.09,274,8.38,2025-02-01T12:20:00,1103.03,STOP,-2294.91,-2746.53
baseline,ADANIPORTS,2025-02-03,LONG,2025-02-03T13:20:00,1085.30,1078.87,1094.94,276,6.43,2025-02-03T15:10:00,1085.05,TIME_STOP,-69.00,-518.26
baseline,ADANIPORTS,2025-02-07,SHORT,2025-02-07T13:50:00,1149.55,1155.15,1141.15,260,5.60,2025-02-07T14:10:00,1141.15,TARGET,2182.70,1736.01
baseline,ADANIPORTS,2025-02-11,SHORT,2025-02-11T11:50:00,1132.15,1139.10,1121.72,264,6.95,2025-02-11T13:10:00,1121.72,TARGET,2753.91,2307.64
baseline,ADANIPORTS,2025-02-12,LONG,2025-02-12T12:10:00,1137.85,1129.36,1150.58,263,8.49,2025-02-12T14:00:00,1131.90,TIME_STOP,-1564.85,-2012.56
baseline,ADANIPORTS,2025-02-13,SHORT,2025-02-13T13:50:00,1130.65,1136.18,1122.35,265,5.53,2025-02-13T14:10:00,1122.35,TARGET,2198.24,1750.46
baseline,ADANIPORTS,2025-02-18,LONG,2025-02-18T13:40:00,1076.00,1071.35,1082.98,278,4.65,2025-02-18T14:30:00,1082.98,TARGET,1940.23,1490.08
baseline,ADANIPORTS,2025-02-19,SHORT,2025-02-19T13:40:00,1082.65,1086.92,1076.25,277,4.27,2025-02-19T14:00:00,1084.80,REVERSE,-595.55,-1045.84
baseline,ADANIPORTS,2025-02-21,SHORT,2025-02-21T10:20:00,1093.30,1099.18,1084.47,274,5.88,2025-02-21T11:00:00,1099.18,STOP,-1612.32,-2062.88
baseline,ADANIPORTS,2025-02-27,LONG,2025-02-27T12:50:00,1080.40,1076.92,1085.62,277,3.48,2025-02-27T14:10:00,1076.92,STOP,-964.18,-1412.37
baseline,ADANIPORTS,2025-02-28,LONG,2025-02-28T11:20:00,1076.80,1072.00,1084.00,278,4.80,2025-02-28T12:10:00,1074.35,REVERSE,-681.10,-1129.61
baseline,ADANIPORTS,2025-03-04,LONG,2025-03-04T11:20:00,1058.90,1054.15,1066.02,283,4.75,2025-03-04T11:30:00,1054.15,STOP,-1344.18,-1792.67
baseline,ADANIPORTS,2025-03-12,LONG,2025-03-12T10:00:00,1153.65,1148.87,1160.81,260,4.78,2025-03-12T10:00:00,1148.87,STOP,-1241.92,-1690.91
baseline,ADANIPORTS,2025-03-13,LONG,2025-03-13T10:10:00,1130.00,1123.96,1139.06,265,6.04,2025-03-13T10:30:00,1139.06,TARGET,2401.52,1950.54
baseline,ADANIPORTS,2025-03-17,SHORT,2025-03-17T12:50:00,1128.00,1132.53,1121.21,265,4.53,2025-03-17T13:20:00,1132.53,STOP,-1200.23,-1649.51
baseline,ADANIPORTS,2025-03-20,SHORT,2025-03-20T10:10:00,1167.70,1172.02,1161.21,256,4.32,2025-03-20T10:20:00,1161.21,TARGET,1660.52,1213.37
baseline,ADANIPORTS,2025-03-27,LONG,2025-03-27T13:00:00,1186.95,1183.30,1192.43,252,3.65,2025-03-27T14:10:00,1192.43,TARGET,1380.42,930.72
baseline,ADANIPORTS,2025-03-28,SHORT,2025-03-28T12:40:00,1184.15,1189.59,1175.98,253,5.44,2025-03-28T14:00:00,1175.98,TARGET,2066.13,1618.30
baseline,ADANIPORTS,2025-04-01,SHORT,2025-04-01T11:20:00,1178.95,1185.98,1168.40,254,7.03,2025-04-01T13:10:00,1176.15,TIME_STOP,711.20,262.55
baseline,ADANIPORTS,2025-04-02,LONG,2025-04-02T10:50:00,1183.50,1177.42,1192.62,253,6.08,2025-04-02T12:20:00,1192.62,TARGET,2307.85,1856.98
baseline,ADANIPORTS,2025-04-04,SHORT,2025-04-04T10:00:00,1172.40,1178.32,1163.52,255,5.92,2025-04-04T10:20:00,1163.52,TARGET,2265.42,1818.68
baseline,ADANIPORTS,2025-04-09,SHORT,2025-04-09T10:00:00,1116.20,1123.72,1104.92,268,7.52,2025-04-09T11:20:00,1123.72,STOP,-2015.42,-2465.64
baseline,ADANIPORTS,2025-04-21,LONG,2025-04-21T14:00:00,1246.20,1241.30,1253.55,240,4.90,2025-04-21T14:00:00,1241.30,STOP,-1175.69,-1623.44
baseline,ADANIPORTS,2025-04-23,LONG,2025-04-23T13:00:00,1238.50,1234.37,1244.70,242,4.13,2025-04-23T14:50:00,1238.70,TIME_STOP,48.40,-401.21
baseline,ADANIPORTS,2025-04-24,SHORT,2025-04-24T13:10:00,1239.40,1242.25,1235.13,242,2.85,2025-04-24T13:10:00,1235.13,TARGET,1033.89,584.76
baseline,ADANIPORTS,2025-04-28,LONG,2025-04-28T10:50:00,1204.50,1198.68,1213.22,249,5.82,2025-04-28T11:10:00,1213.22,TARGET,2172.39,1720.88
baseline,ADANIPORTS,2025-05-08,SHORT,2025-05-08T14:00:00,1343.90,1348.93,1336.36,223,5.03,2025-05-08T14:50:00,1336.36,TARGET,1681.72,1233.45
baseline,ADANIPORTS,2025-05-22,SHORT,2025-05-22T10:20:00,1383.30,1389.59,1373.86,216,6.29,2025-05-22T11:10:00,1373.86,TARGET,2039.27,1592.61
baseline,ADANIPORTS,2025-05-27,LONG,2025-05-27T11:30:00,1407.90,1403.21,1414.94,213,4.69,2025-05-27T11:30:00,1414.94,TARGET,1499.19,1048.25
baseline,ADANIPORTS,2025-06-04,LONG,2025-06-04T13:00:00,1435.10,1431.25,1440.88,209,3.85,2025-06-04T13:00:00,1440.88,TARGET,1208.08,757.27
baseline,ADANIPORTS,2025-06-12,LONG,2025-06-12T13:00:00,1461.30,1457.42,1467.13,205,3.88,2025-06-12T13:00:00,1457.42,STOP,-796.25,-1245.00
baseline,ADANIPORTS,2025-06-17,SHORT,2025-06-17T11:40:00,1398.90,1402.70,1393.20,214,3.80,2025-06-17T12:00:00,1393.20,TARGET,1220.60,772.47
baseline,ADANIPORTS,2025-06-20,LONG,2025-06-20T11:00:00,1347.50,1343.04,1354.19,222,4.46,2025-06-20T11:00:00,1354.19,TARGET,1485.46,1035.63
baseline,ADANIPORTS,2025-07-01,SHORT,2025-07-01T14:10:00,1444.00,1447.45,1438.83,207,3.45,2025-07-01T14:40:00,1447.45,STOP,-713.92,-1162.82
baseline,ADANIPORTS,2025-07-02,SHORT,2025-07-02T10:10:00,1445.50,1449.80,1439.05,207,4.30,2025-07-02T11:00:00,1449.80,STOP,-890.40,-1339.90
baseline,ADANIPORTS,2025-07-03,LONG,2025-07-03T10:40:00,1448.40,1444.82,1453.78,207,3.58,2025-07-03T11:10:00,1444.82,STOP,-741.83,-1191.00
baseline,ADANIPORTS,2025-07-07,LONG,2025-07-07T13:00:00,1432.20,1428.88,1437.18,209,3.32,2025-07-07T13:00:00,1428.88,STOP,-693.31,-1141.78
baseline,ADANIPORTS,2025-07-10,SHORT,2025-07-10T11:10:00,1441.80,1444.83,1437.25,208,3.03,2025-07-10T11:40:00,1437.25,TARGET,945.41,496.27
baseline,ADANIPORTS,2025-07-11,SHORT,2025-07-11T10:30:00,1437.80,1441.32,1432.53,208,3.52,2025-07-11T11:00:00,1432.53,TARGET,1097.08,649.31
baseline,ADANIPORTS,2025-07-14,LONG,2025-07-14T10:50:00,1439.70,1435.30,1446.30,208,4.40,2025-07-14T11:20:00,1435.30,STOP,-914.86,-1363.36
baseline,ADANIPORTS,2025-07-15,LONG,2025-07-15T10:50:00,1436.60,1432.91,1442.14,208,3.69,2025-07-15T11:10:00,1442.14,TARGET,1151.53,702.45
baseline,ADANIPORTS,2025-07-18,SHORT,2025-07-18T10:00:00,1450.30,1454.26,1444.36,206,3.96,2025-07-18T10:10:00,1444.36,TARGET,1224.36,777.13
baseline,ADANIPORTS,2025-07-21,LONG,2025-07-21T11:20:00,1442.20,1438.12,1448.32,208,4.08,2025-07-21T13:10:00,1446.10,TIME_STOP,811.20,360.63
baseline,ADANIPORTS,2025-07-22,SHORT,2025-07-22T10:30:00,1441.60,1445.21,1436.19,208,3.61,2025-07-22T10:50:00,1445.21,STOP,-750.30,-1200.64
baseline,ADANIPORTS,2025-07-29,LONG,2025-07-29T12:50:00,1384.00,1380.67,1389.00,216,3.33,2025-07-29T13:10:00,1389.00,TARGET,1080.04,630.82
baseline,ADANIPORTS,2025-07-30,SHORT,2025-07-30T14:10:00,1394.00,1396.46,1390.31,215,2.46,2025-07-30T15:20:00,1396.30,EOD,-494.50,-944.44
baseline,ADANIPORTS,2025-07-31,LONG,2025-07-31T13:10:00,1393.00,1389.12,1398.82,215,3.88,2025-07-31T13:50:00,1389.12,STOP,-834.30,-1282.92
baseline,ADANIPORTS,2025-08-04,LONG,2025-08-04T13:40:00,1375.00,1370.91,1381.13,218,4.09,2025-08-04T13:50:00,1381.13,TARGET,1336.84,886.21
baseline,ADANIPORTS,2025-08-05,SHORT,2025-08-05T10:10:00,1371.80,1377.59,1363.11,218,5.79,2025-08-05T11:20:00,1377.59,STOP,-1262.25,-1711.78
baseline,ADANIPORTS,2025-08-06,LONG,2025-08-06T13:20:00,1370.50,1364.44,1379.59,218,6.06,2025-08-06T14:40:00,1364.44,STOP,-1320.72,-1767.88
baseline,ADANIPORTS,2025-08-08,SHORT,2025-08-08T10:40:00,1327.50,1333.99,1317.76,225,6.49,2025-08-08T11:20:00,1333.99,STOP,-1460.52,-1909.64
baseline,ADANIPORTS,2025-08-11,LONG,2025-08-11T11:10:00,1332.40,1327.12,1340.32,225,5.28,2025-08-11T11:40:00,1327.12,STOP,-1188.02,-1636.81
baseline,ADANIPORTS,2025-08-12,SHORT,2025-08-12T11:50:00,1335.50,1339.92,1328.87,224,4.42,2025-08-12T12:20:00,1339.92,STOP,-989.46,-1438.93
baseline,ADANIPORTS,2025-08-21,SHORT,2025-08-21T11:40:00,1366.80,1370.22,1361.67,219,3.42,2025-08-21T12:30:00,1361.67,TARGET,1123.95,675.80
baseline,ADANIPORTS,2025-08-28,LONG,2025-08-28T10:40:00,1323.50,1318.89,1330.42,226,4.61,2025-08-28T11:00:00,1330.42,TARGET,1563.71,1113.87
baseline,ADANIPORTS,2025-08-29,LONG,2025-08-29T12:00:00,1318.70,1314.43,1325.11,227,4.27,2025-08-29T13:50:00,1314.43,STOP,-970.19,-1418.48
baseline,ADANIPORTS,2025-09-03,SHORT,2025-09-03T12:00:00,1332.70,1335.59,1328.37,225,2.89,2025-09-03T12:10:00,1335.59,STOP,-650.05,-1100.32
baseline,ADANIPORTS,2025-09-04,SHORT,2025-09-04T11:30:00,1327.60,1332.18,1320.73,225,4.58,2025-09-04T12:00:00,1332.18,STOP,-1031.18,-1480.02
baseline,ADANIPORTS,2025-09-11,SHORT,2025-09-11T13:40:00,1395.00,1399.67,1388.00,215,4.67,2025-09-11T15:20:00,1392.70,EOD,494.50,44.98
baseline,ADANIPORTS,2025-09-12,LONG,2025-09-12T10:10:00,1398.50,1394.59,1404.37,214,3.91,2025-09-12T11:10:00,1404.37,TARGET,1255.14,805.28
baseline,ADANIPORTS,2025-09-15,SHORT,2025-09-15T12:40:00,1398.00,1400.97,1393.55,214,2.97,2025-09-15T13:20:00,1400.97,STOP,-634.72,-1083.95
baseline,ADANIPORTS,2025-09-17,LONG,2025-09-17T12:00:00,1405.60,1402.84,1409.75,213,2.76,2025-09-17T13:10:00,1409.75,TARGET,883.36,433.61
baseline,ADANIPORTS,2025-09-23,LONG,2025-09-23T13:20:00,1445.60,1440.34,1453.50,207,5.26,2025-09-23T15:10:00,1442.90,TIME_STOP,-558.90,-1007.34
baseline,ADANIPORTS,2025-09-24,LONG,2025-09-24T12:20:00,1450.50,1445.21,1458.43,206,5.29,2025-09-24T12:20:00,1445.21,STOP,-1088.95,-1536.34
baseline,ADANIPORTS,2025-09-30,LONG,2025-09-30T10:00:00,1397.00,1392.43,1403.86,214,4.57,2025-09-30T11:50:00,1397.80,TIME_STOP,171.20,-277.37
baseline,ADANIPORTS,2025-10-01,SHORT,2025-10-01T11:10:00,1394.70,1398.46,1389.06,215,3.76,2025-10-01T11:20:00,1398.46,STOP,-808.30,-1258.70
baseline,ADANIPORTS,2025-10-07,SHORT,2025-10-07T12:00:00,1403.60,1407.38,1397.93,213,3.78,2025-10-07T12:10:00,1407.38,STOP,-804.66,-1253.71
baseline,ADANIPORTS,2025-10-08,LONG,2025-10-08T13:50:00,1400.70,1396.65,1406.78,214,4.05,2025-10-08T14:10:00,1396.65,STOP,-867.08,-1316.06
baseline,ADANIPORTS,2025-10-09,LONG,2025-10-09T13:40:00,1396.80,1393.87,1401.19,214,2.93,2025-10-09T14:10:00,1393.87,STOP,-626.11,-1074.01
baseline,ADANIPORTS,2025-10-13,LONG,2025-10-13T10:30:00,1411.40,1407.04,1417.93,212,4.36,2025-10-13T10:50:00,1417.93,TARGET,1385.21,935.34
baseline,ADANIPORTS,2025-10-14,SHORT,2025-10-14T11:30:00,1423.30,1427.54,1416.94,210,4.24,2025-10-14T11:50:00,1427.54,STOP,-890.90,-1339.91
baseline,ADANIPORTS,2025-10-17,SHORT,2025-10-17T10:20:00,1474.60,1478.67,1468.50,203,4.07,2025-10-17T10:40:00,1478.67,STOP,-825.46,-1275.09
baseline,ADANIPORTS,2025-10-23,SHORT,2025-10-23T10:00:00,1472.10,1476.77,1465.09,203,4.67,2025-10-23T10:00:00,1476.77,STOP,-948.67,-1397.63
baseline,ADANIPORTS,2025-10-30,SHORT,2025-10-30T14:00:00,1454.40,1457.31,1450.04,206,2.91,2025-10-30T14:20:00,1457.31,STOP,-598.50,-1048.36
baseline,ADANIPORTS,2025-10-31,LONG,2025-10-31T13:10:00,1456.30,1452.56,1461.90,206,3.74,2025-10-31T14:00:00,1452.56,STOP,-769.73,-1219.15
baseline,ADANIPORTS,2025-11-03,LONG,2025-11-03T13:40:00,1452.80,1449.08,1458.38,206,3.72,2025-11-03T14:10:00,1449.08,STOP,-766.11,-1214.45
baseline,ADANIPORTS,2025-11-04,LONG,2025-11-04T11:40:00,1447.00,1443.66,1452.01,207,3.34,2025-11-04T13:00:00,1452.01,TARGET,1037.06,586.99
baseline,ADANIPORTS,2025-11-06,SHORT,2025-11-06T12:50:00,1448.00,1453.56,1439.65,207,5.56,2025-11-06T12:50:00,1452.90,REVERSE,-1014.30,-1464.66
baseline,ADANIPORTS,2025-11-07,LONG,2025-11-07T11:20:00,1450.50,1444.72,1459.17,206,5.78,2025-11-07T11:20:00,1459.17,TARGET,1785.58,1336.04
baseline,ADANIPORTS,2025-11-10,LONG,2025-11-10T10:30:00,1453.50,1448.76,1460.62,206,4.74,2025-11-10T12:20:00,1451.00,TIME_STOP,-515.00,-963.75
baseline,ADANIPORTS,2025-11-11,LONG,2025-11-11T13:30:00,1447.10,1444.24,1451.39,207,2.86,2025-11-11T13:30:00,1451.39,TARGET,888.43,438.44
baseline,ADANIPORTS,2025-11-14,SHORT,2025-11-14T14:10:00,1507.60,1511.66,1501.51,198,4.06,2025-11-14T15:00:00,1511.66,STOP,-804.50,-1252.86
baseline,ADANIPORTS,2025-11-17,SHORT,2025-11-17T10:50:00,1506.50,1510.59,1500.36,199,4.09,2025-11-17T12:30:00,1510.59,STOP,-814.02,-1264.32
baseline,ADANIPORTS,2025-11-18,SHORT,2025-11-18T10:10:00,1506.10,1509.70,1500.70,199,3.60,2025-11-18T10:30:00,1500.70,TARGET,1074.47,625.70
baseline,ADANIPORTS,2025-11-25,SHORT,2025-11-25T11:10:00,1478.50,1482.01,1473.24,202,3.51,2025-11-25T13:00:00,1482.01,STOP,-708.31,-1156.83
baseline,ADANIPORTS,2025-11-27,LONG,2025-11-27T11:10:00,1509.90,1506.59,1514.87,198,3.31,2025-11-27T11:50:00,1506.59,STOP,-655.59,-1103.54
baseline,ADANIPORTS,2025-12-01,SHORT,2025-12-01T13:30:00,1529.00,1533.45,1522.33,196,4.45,2025-12-01T15:20:00,1533.45,STOP,-872.05,-1322.23
baseline,ADANIPORTS,2025-12-04,LONG,2025-12-04T10:10:00,1504.90,1500.53,1511.45,199,4.37,2025-12-04T10:30:00,1500.53,STOP,-869.37,-1317.94
baseline,ADANIPORTS,2025-12-05,SHORT,2025-12-05T10:00:00,1495.70,1499.83,1489.51,200,4.13,2025-12-05T10:00:00,1499.83,STOP,-825.01,-1274.34
baseline,ADANIPORTS,2025-12-08,SHORT,2025-12-08T10:00:00,1500.10,1503.96,1494.32,199,3.86,2025-12-08T10:10:00,1494.32,TARGET,1151.05,704.14
baseline,ADANIPORTS,2025-12-09,LONG,2025-12-09T12:00:00,1487.50,1482.76,1494.61,201,4.74,2025-12-09T12:20:00,1494.61,TARGET,1429.58,980.03
baseline,ADANIPORTS,2025-12-11,LONG,2025-12-11T10:50:00,1506.90,1502.11,1514.09,199,4.79,2025-12-11T11:00:00,1502.11,STOP,-953.50,-1402.60
baseline,ADANIPORTS,2025-12-18,LONG,2025-12-18T12:00:00,1490.20,1486.62,1495.57,201,3.58,2025-12-18T13:50:00,1491.40,TIME_STOP,241.20,-208.28
baseline,ADANIPORTS,2025-12-24,LONG,2025-12-24T12:20:00,1506.90,1504.05,1511.18,199,2.85,2025-12-24T13:30:00,1504.05,STOP,-567.73,-1017.11
baseline,ADANIPORTS,2025-12-30,LONG,2025-12-30T11:00:00,1466.70,1463.34,1471.74,204,3.36,2025-12-30T11:10:00,1463.34,STOP,-685.40,-1133.69
baseline,ADANIPORTS,2026-01-05,LONG,2026-01-05T12:50:00,1488.90,1486.07,1493.15,201,2.83,2026-01-05T12:50:00,1493.15,TARGET,853.36,403.81
baseline,ADANIPORTS,2026-01-12,LONG,2026-01-12T13:20:00,1435.60,1429.47,1444.80,208,6.13,2026-01-12T15:00:00,1444.80,TARGET,1913.90,1464.55
baseline,ADANIPORTS,2026-01-13,SHORT,2026-01-13T12:10:00,1431.60,1436.49,1424.26,209,4.89,2026-01-13T14:00:00,1424.60,TIME_STOP,1463.00,1015.29
baseline,ADANIPORTS,2026-01-14,LONG,2026-01-14T11:00:00,1434.80,1430.49,1441.26,209,4.31,2026-01-14T12:50:00,1435.90,TIME_STOP,229.90,-220.08
baseline,ADANIPORTS,2026-01-21,LONG,2026-01-21T13:00:00,1389.40,1382.94,1399.10,215,6.46,2026-01-21T13:30:00,1382.94,STOP,-1389.95,-1836.99
baseline,ADANIPORTS,2026-01-23,SHORT,2026-01-23T10:00:00,1393.00,1398.41,1384.89,215,5.41,2026-01-23T10:10:00,1398.41,STOP,-1162.60,-1612.71
baseline,ADANIPORTS,2026-01-27,LONG,2026-01-27T10:40:00,1367.50,1355.91,1384.89,215,11.59,2026-01-27T10:40:00,1355.91,STOP,-2492.73,-2931.88
baseline,ADANIPORTS,2026-02-02,LONG,2026-02-02T14:10:00,1393.60,1387.62,1402.58,215,5.98,2026-02-02T15:00:00,1402.58,TARGET,1929.67,1478.79
baseline,ADANIPORTS,2026-02-06,SHORT,2026-02-06T10:20:00,1556.70,1562.65,1547.78,192,5.95,2026-02-06T10:50:00,1547.78,TARGET,1713.05,1266.00
baseline,ADANIPORTS,2026-02-11,LONG,2026-02-11T13:50:00,1554.40,1550.81,1559.79,193,3.59,2026-02-11T14:40:00,1550.81,STOP,-693.01,-1142.49
baseline,ADANIPORTS,2026-02-12,SHORT,2026-02-12T10:00:00,1545.50,1549.16,1540.01,194,3.66,2026-02-12T11:10:00,1540.01,TARGET,1065.71,616.76
baseline,ADANIPORTS,2026-02-16,LONG,2026-02-16T12:10:00,1532.60,1526.76,1541.35,195,5.84,2026-02-16T12:10:00,1541.35,TARGET,1707.21,1257.65
baseline,ADANIPORTS,2026-02-20,LONG,2026-02-20T12:50:00,1524.40,1519.71,1531.44,196,4.69,2026-02-20T13:10:00,1519.71,STOP,-920.16,-1367.64
baseline,ADANIPORTS,2026-02-24,SHORT,2026-02-24T10:30:00,1540.60,1545.58,1533.13,194,4.98,2026-02-24T11:20:00,1545.58,STOP,-966.26,-1415.30
baseline,ADANIPORTS,2026-02-26,LONG,2026-02-26T11:30:00,1548.40,1543.14,1556.30,193,5.26,2026-02-26T11:50:00,1543.14,STOP,-1016.09,-1463.59
baseline,ADANIPORTS,2026-02-27,LONG,2026-02-27T14:10:00,1541.00,1537.66,1546.01,194,3.34,2026-02-27T14:30:00,1537.66,STOP,-648.44,-1096.38
baseline,ADANIPORTS,2026-03-10,SHORT,2026-03-10T11:40:00,1423.20,1430.00,1413.00,210,6.80,2026-03-10T13:30:00,1425.60,TIME_STOP,-504.00,-952.69
baseline,ADANIPORTS,2026-03-11,SHORT,2026-03-11T13:10:00,1427.40,1433.49,1418.26,210,6.09,2026-03-11T14:10:00,1418.26,TARGET,1918.43,1470.24
vwap,INDUSINDBK,2024-03-20,LONG,2024-03-20T12:10:00,1450.20,1442.65,1461.52,206,7.55,2024-03-20T13:10:00,1461.52,TARGET,2332.92,1883.06
vwap,INDUSINDBK,2024-04-01,SHORT,2024-04-01T13:10:00,1552.65,1557.31,1545.66,193,4.66,2024-04-01T14:20:00,1545.66,TARGET,1348.64,900.16
vwap,INDUSINDBK,2024-04-02,SHORT,2024-04-02T14:10:00,1556.15,1559.97,1550.42,192,3.82,2024-04-02T14:20:00,1559.97,STOP,-733.15,-1181.87
vwap,INDUSINDBK,2024-04-04,LONG,2024-04-04T13:40:00,1539.50,1534.51,1546.99,194,4.99,2024-04-04T14:50:00,1546.99,TARGET,1453.16,1004.07
vwap,INDUSINDBK,2024-04-05,SHORT,2024-04-05T12:50:00,1534.85,1538.95,1528.70,195,4.10,2024-04-05T13:20:00,1536.20,REVERSE,-263.25,-712.39
vwap,INDUSINDBK,2024-04-09,SHORT,2024-04-09T14:00:00,1548.25,1552.98,1541.16,193,4.73,2024-04-09T14:20:00,1552.98,STOP,-912.37,-1361.27
vwap,INDUSINDBK,2024-04-10,SHORT,2024-04-10T14:10:00,1554.55,1557.90,1549.52,192,3.35,2024-04-10T14:40:00,1557.90,STOP,-643.23,-1091.42
vwap,INDUSINDBK,2024-04-12,LONG,2024-04-12T11:00:00,1559.55,1554.75,1566.75,192,4.80,2024-04-12T12:20:00,1554.75,STOP,-921.56,-1370.02
vwap,INDUSINDBK,2024-04-19,LONG,2024-04-19T13:10:00,1484.90,1478.25,1494.88,202,6.65,2024-04-19T13:40:00,1478.25,STOP,-1343.51,-1792.43
vwap,INDUSINDBK,2024-04-22,SHORT,2024-04-22T13:00:00,1479.75,1485.17,1471.62,202,5.42,2024-04-22T14:00:00,1471.62,TARGET,1642.58,1195.45
vwap,INDUSINDBK,2024-04-23,LONG,2024-04-23T13:00:00,1481.95,1478.35,1487.35,202,3.60,2024-04-23T13:10:00,1478.35,STOP,-727.75,-1176.24
vwap,INDUSINDBK,2024-04-25,LONG,2024-04-25T10:10:00,1483.50,1479.48,1489.53,202,4.02,2024-04-25T10:20:00,1489.53,TARGET,1219.04,768.63
vwap,INDUSINDBK,2024-04-26,SHORT,2024-04-26T10:30:00,1478.00,1485.27,1467.10,202,7.27,2024-04-26T11:10:00,1467.10,TARGET,2202.04,1755.86
vwap,INDUSINDBK,2024-04-29,LONG,2024-04-29T10:20:00,1476.00,1469.64,1485.54,203,6.36,2024-04-29T12:10:00,1485.54,TARGET,1936.13,1485.24
vwap,INDUSINDBK,2024-05-03,SHORT,2024-05-03T11:10:00,1504.00,1510.16,1494.77,199,6.16,2024-05-03T11:30:00,1494.77,TARGET,1837.32,1389.76
vwap,INDUSINDBK,2024-05-06,SHORT,2024-05-06T13:10:00,1493.00,1497.96,1485.55,200,4.96,2024-05-06T14:20:00,1497.96,STOP,-992.86,-1441.51
vwap,INDUSINDBK,2024-05-09,SHORT,2024-05-09T10:40:00,1433.80,1439.28,1425.58,209,5.48,2024-05-09T11:10:00,1425.58,TARGET,1717.03,1268.82
vwap,INDUSINDBK,2024-05-15,SHORT,2024-05-15T11:40:00,1414.15,1418.76,1407.24,212,4.61,2024-05-15T13:30:00,1414.60,TIME_STOP,-95.40,-545.17
vwap,INDUSINDBK,2024-05-17,LONG,2024-05-17T11:10:00,1407.40,1402.08,1415.39,213,5.32,2024-05-17T12:30:00,1406.40,EOD_FORCED,-213.00,-662.50
vwap,INDUSINDBK,2024-05-24,SHORT,2024-05-24T10:40:00,1428.15,1433.88,1419.55,210,5.73,2024-05-24T11:00:00,1433.88,STOP,-1203.62,-1654.39
vwap,INDUSINDBK,2024-05-28,SHORT,2024-05-28T10:10:00,1459.55,1465.82,1450.14,205,6.27,2024-05-28T10:20:00,1465.82,STOP,-1286.01,-1735.79
vwap,INDUSINDBK,2024-05-29,LONG,2024-05-29T13:00:00,1454.85,1450.42,1461.49,206,4.43,2024-05-29T14:30:00,1450.42,STOP,-912.08,-1360.95
vwap,INDUSINDBK,2024-05-30,SHORT,2024-05-30T11:50:00,1456.05,1461.00,1448.62,206,4.95,2024-05-30T12:30:00,1461.00,STOP,-1020.17,-1470.85
vwap,INDUSINDBK,2024-05-31,LONG,2024-05-31T13:40:00,1457.35,1452.97,1463.92,205,4.38,2024-05-31T14:30:00,1452.97,STOP,-897.23,-1344.69
vwap,INDUSINDBK,2024-06-04,SHORT,2024-06-04T11:10:00,1399.35,1415.55,1375.04,154,16.20,2024-06-04T11:20:00,1415.55,STOP,-2495.40,-2820.52
vwap,INDUSINDBK,2024-06-05,LONG,2024-06-05T11:30:00,1431.00,1416.20,1453.20,168,14.80,2024-06-05T12:40:00,1453.20,TARGET,3728.97,3365.56
vwap,INDUSINDBK,2024-06-06,SHORT,2024-06-06T13:10:00,1475.65,1483.05,1464.55,203,7.40,2024-06-06T13:30:00,1483.05,STOP,-1501.77,-1952.23
vwap,INDUSINDBK,2024-06-07,LONG,2024-06-07T11:30:00,1486.25,1480.14,1495.42,201,6.11,2024-06-07T11:50:00,1495.42,TARGET,1843.44,1393.96
vwap,INDUSINDBK,2024-06-14,SHORT,2024-06-14T14:10:00,1503.30,1506.93,1497.85,199,3.63,2024-06-14T14:10:00,1497.85,TARGET,1083.67,635.74
vwap,INDUSINDBK,2024-06-18,SHORT,2024-06-18T10:00:00,1503.60,1509.13,1495.30,199,5.53,2024-06-18T10:00:00,1508.25,REVERSE,-925.35,-1374.87
vwap,INDUSINDBK,2024-06-21,SHORT,2024-06-21T12:50:00,1523.80,1527.78,1517.82,196,3.98,2024-06-21T12:50:00,1527.78,STOP,-781.02,-1229.61
vwap,INDUSINDBK,2024-06-25,LONG,2024-06-25T13:50:00,1496.05,1491.71,1502.56,200,4.34,2024-06-25T14:20:00,1491.71,STOP,-868.15,-1316.31
vwap,INDUSINDBK,2024-06-26,LONG,2024-06-26T10:10:00,1497.30,1491.22,1506.42,200,6.08,2024-06-26T11:20:00,1506.42,TARGET,1823.44,1372.88
vwap,INDUSINDBK,2024-07-03,LONG,2024-07-03T10:00:00,1441.35,1435.99,1449.39,208,5.36,2024-07-03T10:00:00,1435.99,STOP,-1114.90,-1563.77
vwap,INDUSINDBK,2024-07-04,SHORT,2024-07-04T10:30:00,1439.70,1444.31,1432.79,208,4.61,2024-07-04T12:20:00,1442.45,TIME_STOP,-572.00,-1021.62
vwap,INDUSINDBK,2024-07-09,SHORT,2024-07-09T10:10:00,1432.65,1437.43,1425.48,209,4.78,2024-07-09T12:00:00,1432.00,TIME_STOP,135.85,-313.18
vwap,INDUSINDBK,2024-07-11,LONG,2024-07-11T14:10:00,1426.35,1423.23,1431.03,210,3.12,2024-07-11T14:10:00,1423.23,STOP,-655.46,-1104.27
vwap,INDUSINDBK,2024-07-16,SHORT,2024-07-16T10:00:00,1436.65,1440.68,1430.60,208,4.03,2024-07-16T10:30:00,1440.68,STOP,-838.76,-1287.62
vwap,INDUSINDBK,2024-07-19,SHORT,2024-07-19T10:00:00,1445.80,1450.19,1439.21,207,4.39,2024-07-19T10:50:00,1439.21,TARGET,1363.28,915.38
vwap,INDUSINDBK,2024-07-23,SHORT,2024-07-23T10:10:00,1419.20,1423.43,1412.85,211,4.23,2024-07-23T10:20:00,1423.43,STOP,-892.55,-1342.40
vwap,INDUSINDBK,2024-07-26,LONG,2024-07-26T10:20:00,1389.75,1384.38,1397.81,215,5.37,2024-07-26T12:10:00,1394.00,TIME_STOP,913.75,464.87
vwap,INDUSINDBK,2024-07-31,LONG,2024-07-31T12:00:00,1426.50,1422.59,1432.36,210,3.91,2024-07-31T13:40:00,1422.59,STOP,-821.02,-1269.75
vwap,INDUSINDBK,2024-08-01,SHORT,2024-08-01T14:10:00,1426.60,1429.28,1422.58,210,2.68,2024-08-01T14:10:00,1422.58,TARGET,843.31,394.57
vwap,INDUSINDBK,2024-08-07,SHORT,2024-08-07T10:20:00,1372.00,1377.80,1363.30,218,5.80,2024-08-07T11:10:00,1363.30,TARGET,1897.51,1450.29
vwap,INDUSINDBK,2024-08-08,LONG,2024-08-08T13:10:00,1348.05,1343.41,1355.01,222,4.64,2024-08-08T13:50:00,1355.01,TARGET,1545.53,1095.47
vwap,INDUSINDBK,2024-08-09,SHORT,2024-08-09T11:00:00,1346.05,1350.50,1339.38,222,4.45,2024-08-09T11:10:00,1348.35,REVERSE,-510.60,-959.22
vwap,INDUSINDBK,2024-08-12,LONG,2024-08-12T11:00:00,1351.05,1346.59,1357.74,222,4.46,2024-08-12T12:50:00,1353.70,TIME_STOP,588.30,137.96
vwap,INDUSINDBK,2024-08-13,SHORT,2024-08-13T13:00:00,1349.00,1353.36,1342.47,222,4.36,2024-08-13T14:50:00,1350.70,TIME_STOP,-377.40,-826.90
vwap,INDUSINDBK,2024-08-16,LONG,2024-08-16T12:50:00,1352.55,1348.37,1358.82,221,4.18,2024-08-16T13:30:00,1358.82,TARGET,1385.85,936.44
vwap,INDUSINDBK,2024-08-19,SHORT,2024-08-19T12:40:00,1355.60,1359.59,1349.62,221,3.99,2024-08-19T14:30:00,1350.40,TIME_STOP,1149.20,700.68
vwap,INDUSINDBK,2024-08-21,LONG,2024-08-21T12:00:00,1380.50,1376.54,1386.44,217,3.96,2024-08-21T13:20:00,1376.54,STOP,-859.64,-1308.35
vwap,INDUSINDBK,2024-08-23,SHORT,2024-08-23T11:10:00,1380.05,1384.14,1373.92,217,4.09,2024-08-23T11:20:00,1381.95,REVERSE,-412.30,-861.82
vwap,INDUSINDBK,2024-09-04,LONG,2024-09-04T14:00:00,1436.30,1433.39,1440.66,208,2.91,2024-09-04T14:50:00,1433.39,STOP,-604.39,-1052.06
vwap,INDUSINDBK,2024-09-05,SHORT,2024-09-05T11:10:00,1432.50,1436.07,1427.14,209,3.57,2024-09-05T11:20:00,1436.07,STOP,-746.31,-1195.96
vwap,INDUSINDBK,2024-09-09,LONG,2024-09-09T11:10:00,1417.50,1412.52,1424.97,211,4.98,2024-09-09T12:20:00,1412.52,STOP,-1051.48,-1499.33
vwap,INDUSINDBK,2024-09-11,SHORT,2024-09-11T12:20:00,1430.80,1434.65,1425.02,209,3.85,2024-09-11T12:50:00,1425.02,TARGET,1207.89,760.24
vwap,INDUSINDBK,2024-09-12,LONG,2024-09-12T12:00:00,1427.30,1423.62,1432.83,210,3.68,2024-09-12T12:40:00,1432.83,TARGET,1160.36,709.89
vwap,INDUSINDBK,2024-09-17,SHORT,2024-09-17T10:10:00,1463.00,1466.88,1457.18,205,3.88,2024-09-17T10:30:00,1466.88,STOP,-795.49,-1245.96
vwap,INDUSINDBK,2024-09-19,SHORT,2024-09-19T12:40:00,1480.40,1485.84,1472.24,202,5.44,2024-09-19T12:50:00,1485.84,STOP,-1098.60,-1547.99
vwap,INDUSINDBK,2024-09-20,LONG,2024-09-20T11:00:00,1487.50,1482.37,1495.19,201,5.13,2024-09-20T12:50:00,1489.85,TIME_STOP,472.35,23.51
vwap,INDUSINDBK,2024-09-26,SHORT,2024-09-26T11:50:00,1438.45,1441.95,1433.19,208,3.50,2024-09-26T12:00:00,1441.95,STOP,-728.99,-1178.33
vwap,INDUSINDBK,2024-10-04,LONG,2024-10-04T11:00:00,1408.60,1403.05,1416.92,212,5.55,2024-10-04T11:30:00,1403.05,STOP,-1175.59,-1622.64
vwap,INDUSINDBK,2024-10-08,LONG,2024-10-08T11:20:00,1364.95,1357.46,1376.19,219,7.49,2024-10-08T12:10:00,1357.46,STOP,-1641.37,-2088.53
vwap,INDUSINDBK,2024-10-10,LONG,2024-10-10T14:10:00,1356.00,1352.45,1361.33,221,3.55,2024-10-10T15:20:00,1358.00,EOD,442.00,-7.85
vwap,INDUSINDBK,2024-10-11,SHORT,2024-10-11T11:20:00,1347.35,1351.77,1340.73,222,4.42,2024-10-11T12:50:00,1340.73,TARGET,1470.35,1022.79
vwap,INDUSINDBK,2024-10-15,SHORT,2024-10-15T10:40:00,1356.00,1359.33,1351.00,221,3.33,2024-10-15T10:40:00,1359.33,STOP,-735.98,-1186.04
vwap,INDUSINDBK,2024-10-18,LONG,2024-10-18T13:30:00,1344.20,1340.38,1349.93,223,3.82,2024-10-18T14:10:00,1349.93,TARGET,1277.32,826.72
vwap,INDUSINDBK,2024-10-23,LONG,2024-10-23T12:40:00,1283.05,1278.80,1289.43,233,4.25,2024-10-23T14:10:00,1278.80,STOP,-990.71,-1438.40
vwap,INDUSINDBK,2024-10-31,SHORT,2024-10-31T12:30:00,1053.80,1057.62,1048.07,284,3.82,2024-10-31T12:40:00,1048.07,TARGET,1626.19,1178.49
vwap,INDUSINDBK,2024-11-06,SHORT,2024-11-06T10:30:00,1072.50,1077.12,1065.57,279,4.62,2024-11-06T12:20:00,1070.30,TIME_STOP,613.80,165.42
vwap,INDUSINDBK,2024-11-08,LONG,2024-11-08T14:00:00,1056.65,1053.62,1061.20,283,3.03,2024-11-08T14:00:00,1053.62,STOP,-857.82,-1305.73
vwap,INDUSINDBK,2024-11-11,LONG,2024-11-11T11:20:00,1058.85,1054.62,1065.20,283,4.23,2024-11-11T12:50:00,1065.20,TARGET,1795.70,1344.87
vwap,INDUSINDBK,2024-11-12,LONG,2024-11-12T10:50:00,1061.45,1057.50,1067.37,282,3.95,2024-11-12T12:40:00,1057.50,STOP,-1113.55,-1561.71
vwap,INDUSINDBK,2024-11-13,SHORT,2024-11-13T10:20:00,1054.20,1058.64,1047.54,284,4.44,2024-11-13T11:20:00,1047.54,TARGET,1891.97,1444.30
vwap,INDUSINDBK,2024-11-19,LONG,2024-11-19T11:10:00,1029.95,1025.68,1036.36,291,4.27,2024-11-19T11:40:00,1025.68,STOP,-1243.98,-1692.62
vwap,INDUSINDBK,2024-11-25,SHORT,2024-11-25T12:50:00,1001.70,1005.55,995.93,299,3.85,2024-11-25T14:40:00,1002.05,TIME_STOP,-104.65,-553.99
vwap,INDUSINDBK,2024-11-27,LONG,2024-11-27T12:40:00,1003.00,1000.00,1007.50,299,3.00,2024-11-27T13:10:00,1007.50,TARGET,1344.44,893.58
vwap,INDUSINDBK,2024-11-28,SHORT,2024-11-28T11:10:00,1000.40,1003.97,995.05,299,3.57,2024-11-28T11:20:00,995.05,TARGET,1600.42,1152.95
vwap,INDUSINDBK,2024-12-05,SHORT,2024-12-05T10:00:00,994.95,998.12,990.19,301,3.17,2024-12-05T11:50:00,993.85,TIME_STOP,331.10,-117.87
vwap,INDUSINDBK,2024-12-10,LONG,2024-12-10T10:10:00,986.30,984.07,989.65,304,2.23,2024-12-10T10:10:00,984.07,STOP,-678.99,-1128.23
vwap,INDUSINDBK,2024-12-11,SHORT,2024-12-11T10:20:00,982.35,984.55,979.04,305,2.20,2024-12-11T11:30:00,984.55,STOP,-672.13,-1122.06
vwap,INDUSINDBK,2024-12-13,LONG,2024-12-13T13:10:00,986.20,982.11,992.34,304,4.09,2024-12-13T15:00:00,985.30,TIME_STOP,-273.60,-723.10
vwap,INDUSINDBK,2024-12-17,SHORT,2024-12-17T10:10:00,992.85,995.36,989.08,302,2.51,2024-12-17T10:20:00,989.08,TARGET,1138.99,690.09
vwap,INDUSINDBK,2024-12-19,LONG,2024-12-19T12:40:00,961.70,958.44,966.59,311,3.26,2024-12-19T14:10:00,959.55,REVERSE,-668.65,-1116.78
vwap,INDUSINDBK,2024-12-26,LONG,2024-12-26T10:10:00,939.00,935.93,943.60,319,3.07,2024-12-26T10:10:00,935.93,STOP,-978.94,-1427.52
vwap,INDUSINDBK,2024-12-30,LONG,2024-12-30T10:20:00,958.00,954.65,963.02,313,3.35,2024-12-30T11:20:00,963.02,TARGET,1571.55,1120.59
vwap,INDUSINDBK,2025-01-07,LONG,2025-01-07T10:40:00,978.70,973.62,986.32,306,5.08,2025-01-07T11:20:00,986.32,TARGET,2332.70,1881.73
vwap,INDUSINDBK,2025-01-09,SHORT,2025-01-09T10:50:00,978.40,982.57,972.15,306,4.17,2025-01-09T11:00:00,972.15,TARGET,1913.93,1466.28
vwap,INDUSINDBK,2025-01-14,SHORT,2025-01-14T13:30:00,960.10,963.58,954.87,312,3.48,2025-01-14T14:00:00,963.58,STOP,-1087.16,-1537.30
vwap,INDUSINDBK,2025-01-15,SHORT,2025-01-15T13:30:00,963.65,966.96,958.69,311,3.31,2025-01-15T13:50:00,958.69,TARGET,1542.32,1093.94
vwap,INDUSINDBK,2025-01-20,LONG,2025-01-20T11:10:00,971.55,966.49,979.14,308,5.06,2025-01-20T11:30:00,979.14,TARGET,2338.53,1887.92
vwap,INDUSINDBK,2025-01-28,LONG,2025-01-28T11:10:00,945.85,940.38,954.05,317,5.47,2025-01-28T11:50:00,940.38,STOP,-1733.10,-2181.55
vwap,INDUSINDBK,2025-02-03,LONG,2025-02-03T10:30:00,1016.20,1009.28,1026.58,295,6.92,2025-02-03T12:20:00,1015.25,TIME_STOP,-280.25,-729.71
vwap,INDUSINDBK,2025-02-10,SHORT,2025-02-10T10:20:00,1064.50,1069.41,1057.14,281,4.91,2025-02-10T10:20:00,1069.41,STOP,-1379.18,-1828.91
vwap,INDUSINDBK,2025-02-11,SHORT,2025-02-11T10:00:00,1067.20,1071.20,1061.20,281,4.00,2025-02-11T10:30:00,1061.20,TARGET,1687.29,1238.73
vwap,INDUSINDBK,2025-02-12,LONG,2025-02-12T13:20:00,1046.10,1040.68,1054.23,286,5.42,2025-02-12T13:40:00,1040.68,STOP,-1549.77,-1997.38
vwap,INDUSINDBK,2025-02-13,LONG,2025-02-13T10:10:00,1043.70,1037.78,1052.57,287,5.92,2025-02-13T11:30:00,1052.57,TARGET,2547.00,2095.78
vwap,INDUSINDBK,2025-02-17,LONG,2025-02-17T13:00:00,1043.00,1038.55,1049.68,287,4.45,2025-02-17T13:40:00,1049.68,TARGET,1916.00,1465.55
vwap,INDUSINDBK,2025-02-19,LONG,2025-02-19T10:20:00,1037.35,1033.01,1043.86,289,4.34,2025-02-19T10:50:00,1033.01,STOP,-1254.06,-1702.81
vwap,INDUSINDBK,2025-02-21,SHORT,2025-02-21T11:30:00,1042.50,1046.16,1037.01,287,3.66,2025-02-21T12:30:00,1046.16,STOP,-1050.94,-1500.53
vwap,INDUSINDBK,2025-02-25,SHORT,2025-02-25T13:40:00,1033.20,1035.88,1029.19,290,2.68,2025-02-25T14:00:00,1029.19,TARGET,1164.03,715.46
vwap,INDUSINDBK,2025-03-03,LONG,2025-03-03T13:40:00,972.95,967.26,981.49,308,5.69,2025-03-03T14:50:00,981.49,TARGET,2630.65,2179.18
vwap,INDUSINDBK,2025-03-04,SHORT,2025-03-04T13:10:00,982.65,986.80,976.43,305,4.15,2025-03-04T13:50:00,986.80,STOP,-1264.66,-1715.18
vwap,INDUSINDBK,2025-03-05,SHORT,2025-03-05T10:30:00,982.20,985.93,976.61,305,3.73,2025-03-05T11:50:00,985.93,STOP,-1137.20,-1587.41
vwap,INDUSINDBK,2025-03-12,LONG,2025-03-12T13:40:00,695.15,687.47,706.66,325,7.68,2025-03-12T13:50:00,687.47,STOP,-2494.79,-2831.80
vwap,INDUSINDBK,2025-03-17,SHORT,2025-03-17T12:50:00,683.45,687.74,677.01,438,4.29,2025-03-17T14:40:00,680.50,TIME_STOP,1292.10,844.04
vwap,INDUSINDBK,2025-03-19,LONG,2025-03-19T10:00:00,692.15,687.84,698.61,433,4.31,2025-03-19T10:30:00,698.61,TARGET,2797.70,2346.05
vwap,INDUSINDBK,2025-03-20,SHORT,2025-03-20T11:00:00,689.50,692.28,685.33,435,2.78,2025-03-20T12:50:00,688.25,TIME_STOP,543.75,94.26
vwap,INDUSINDBK,2025-03-24,SHORT,2025-03-24T11:40:00,676.05,678.73,672.03,443,2.68,2025-03-24T13:10:00,672.03,TARGET,1779.37,1331.47
vwap,INDUSINDBK,2025-03-28,SHORT,2025-03-28T12:10:00,660.80,664.14,655.79,453,3.34,2025-03-28T12:20:00,655.79,TARGET,2271.01,1823.70
vwap,INDUSINDBK,2025-04-04,SHORT,2025-04-04T10:00:00,685.30,689.75,678.63,437,4.45,2025-04-04T11:50:00,680.20,TIME_STOP,2228.70,1781.16
vwap,INDUSINDBK,2025-04-09,SHORT,2025-04-09T10:20:00,673.60,677.75,667.37,445,4.15,2025-04-09T11:30:00,677.75,STOP,-1847.91,-2298.92
vwap,INDUSINDBK,2025-04-23,LONG,2025-04-23T13:10:00,799.60,795.99,805.02,375,3.61,2025-04-23T14:20:00,795.99,STOP,-1354.01,-1802.77
vwap,INDUSINDBK,2025-04-25,LONG,2025-04-25T13:10:00,822.60,818.21,829.19,364,4.39,2025-04-25T15:00:00,822.90,TIME_STOP,109.20,-340.02
vwap,INDUSINDBK,2025-04-29,SHORT,2025-04-29T12:10:00,832.05,836.00,826.13,360,3.95,2025-04-29T12:40:00,836.00,STOP,-1421.41,-1871.78
vwap,INDUSINDBK,2025-04-30,LONG,2025-04-30T13:10:00,836.95,832.17,844.13,358,4.78,2025-04-30T13:20:00,832.17,STOP,-1712.54,-2160.69
vwap,INDUSINDBK,2025-05-07,LONG,2025-05-07T14:10:00,830.45,826.49,836.39,361,3.96,2025-05-07T15:10:00,836.39,TARGET,2143.54,1692.25
vwap,INDUSINDBK,2025-05-08,SHORT,2025-05-08T10:50:00,827.10,831.62,820.32,362,4.52,2025-05-08T12:40:00,825.75,TIME_STOP,488.70,39.95
vwap,INDUSINDBK,2025-05-12,SHORT,2025-05-12T10:40:00,816.85,821.07,810.53,367,4.22,2025-05-12T11:30:00,810.53,TARGET,2321.10,1873.16
vwap,INDUSINDBK,2025-05-15,LONG,2025-05-15T13:40:00,777.65,774.76,781.99,385,2.89,2025-05-15T15:00:00,781.99,TARGET,1669.89,1219.54
vwap,INDUSINDBK,2025-05-20,SHORT,2025-05-20T13:10:00,785.65,788.39,781.54,381,2.74,2025-05-20T14:00:00,788.39,STOP,-1042.98,-1492.76
vwap,INDUSINDBK,2025-05-22,LONG,2025-05-22T10:30:00,793.00,785.15,804.78,318,7.85,2025-05-22T10:40:00,785.15,STOP,-2497.71,-2874.10
vwap,INDUSINDBK,2025-05-28,SHORT,2025-05-28T10:00:00,813.15,816.44,808.21,368,3.29,2025-05-28T11:00:00,816.44,STOP,-1211.91,-1661.68
vwap,INDUSINDBK,2025-05-30,SHORT,2025-05-30T13:40:00,813.25,815.41,810.00,368,2.16,2025-05-30T13:50:00,815.41,STOP,-796.23,-1245.74
vwap,INDUSINDBK,2025-06-02,SHORT,2025-06-02T11:30:00,813.20,815.90,809.15,368,2.70,2025-06-02T13:20:00,810.80,TIME_STOP,883.20,434.98
vwap,INDUSINDBK,2025-06-04,LONG,2025-06-04T10:30:00,807.35,804.78,811.20,371,2.57,2025-06-04T11:10:00,811.20,TARGET,1429.07,978.70
vwap,INDUSINDBK,2025-06-05,SHORT,2025-06-05T10:40:00,806.90,809.14,803.55,371,2.24,2025-06-05T12:30:00,805.60,TIME_STOP,482.30,33.62
vwap,INDUSINDBK,2025-06-11,LONG,2025-06-11T11:20:00,845.85,843.39,849.54,354,2.46,2025-06-11T12:10:00,849.54,TARGET,1306.64,856.52
vwap,INDUSINDBK,2025-06-16,LONG,2025-06-16T12:40:00,821.20,818.32,825.52,365,2.88,2025-06-16T14:30:00,823.90,TIME_STOP,985.50,535.15
vwap,INDUSINDBK,2025-06-19,SHORT,2025-06-19T11:00:00,841.40,844.59,836.61,356,3.19,2025-06-19T12:50:00,838.85,TIME_STOP,907.80,459.17
vwap,INDUSINDBK,2025-06-20,LONG,2025-06-20T11:00:00,842.75,839.98,846.91,355,2.77,2025-06-20T12:30:00,839.98,STOP,-983.72,-1431.74
vwap,INDUSINDBK,2025-06-23,LONG,2025-06-23T13:10:00,840.35,836.73,845.78,356,3.62,2025-06-23T15:00:00,840.60,TIME_STOP,89.00,-359.81
vwap,INDUSINDBK,2025-06-24,SHORT,2025-06-24T10:10:00,833.05,837.69,826.09,360,4.64,2025-06-24T11:40:00,837.69,STOP,-1669.48,-2120.58
vwap,INDUSINDBK,2025-06-25,LONG,2025-06-25T11:50:00,834.30,831.45,838.58,359,2.85,2025-06-25T12:10:00,831.45,STOP,-1023.76,-1472.27
vwap,INDUSINDBK,2025-06-26,LONG,2025-06-26T12:20:00,833.05,830.16,837.39,360,2.89,2025-06-26T12:50:00,830.16,STOP,-1041.83,-1490.90
vwap,INDUSINDBK,2025-07-03,LONG,2025-07-03T10:30:00,862.00,858.33,867.51,348,3.67,2025-07-03T11:00:00,859.35,REVERSE,-922.20,-1371.47
vwap,INDUSINDBK,2025-07-07,SHORT,2025-07-07T13:00:00,853.75,856.25,850.00,351,2.50,2025-07-07T14:50:00,852.65,TIME_STOP,386.10,-63.11
vwap,INDUSINDBK,2025-07-10,LONG,2025-07-10T12:10:00,849.75,847.27,853.48,353,2.48,2025-07-10T12:10:00,847.27,STOP,-877.05,-1326.33
vwap,INDUSINDBK,2025-07-17,SHORT,2025-07-17T10:20:00,876.00,879.83,870.26,342,3.83,2025-07-17T10:40:00,870.26,TARGET,1962.52,1514.60
vwap,INDUSINDBK,2025-07-18,LONG,2025-07-18T11:30:00,870.45,867.70,874.58,344,2.75,2025-07-18T11:40:00,874.58,TARGET,1419.63,969.41
vwap,INDUSINDBK,2025-07-22,SHORT,2025-07-22T11:00:00,848.65,854.29,840.19,353,5.64,2025-07-22T12:50:00,846.00,TIME_STOP,935.45,486.79
vwap,INDUSINDBK,2025-07-23,LONG,2025-07-23T12:20:00,847.70,844.99,851.76,353,2.71,2025-07-23T12:40:00,851.76,TARGET,1432.48,982.55
vwap,INDUSINDBK,2025-07-30,SHORT,2025-07-30T11:10:00,802.95,806.59,797.49,373,3.64,2025-07-30T13:00:00,797.49,TARGET,2036.72,1589.00
vwap,INDUSINDBK,2025-07-31,LONG,2025-07-31T12:40:00,800.50,797.80,804.56,374,2.70,2025-07-31T14:10:00,804.56,TARGET,1516.99,1066.77
vwap,INDUSINDBK,2025-08-04,LONG,2025-08-04T13:50:00,797.05,794.51,800.87,376,2.54,2025-08-04T14:30:00,800.87,TARGET,1435.36,984.75
vwap,INDUSINDBK,2025-08-06,SHORT,2025-08-06T10:00:00,812.00,815.65,806.53,369,3.65,2025-08-06T10:10:00,806.53,TARGET,2019.49,1571.57
vwap,INDUSINDBK,2025-08-08,SHORT,2025-08-08T10:30:00,795.10,798.03,790.70,377,2.93,2025-08-08T12:20:00,793.40,TIME_STOP,640.90,191.75
vwap,INDUSINDBK,2025-08-12,SHORT,2025-08-12T14:00:00,785.60,787.74,782.38,381,2.14,2025-08-12T14:10:00,782.38,TARGET,1225.20,777.15
vwap,INDUSINDBK,2025-08-14,SHORT,2025-08-14T11:20:00,773.05,775.13,769.93,388,2.08,2025-08-14T13:10:00,769.93,TARGET,1211.12,762.11
vwap,INDUSINDBK,2025-08-19,LONG,2025-08-19T11:50:00,788.80,786.65,792.03,380,2.15,2025-08-19T13:30:00,786.65,STOP,-817.87,-1266.87
vwap,INDUSINDBK,2025-08-22,LONG,2025-08-22T11:10:00,771.25,769.29,774.19,388,1.96,2025-08-22T11:20:00,769.29,STOP,-761.67,-1209.97
vwap,INDUSINDBK,2025-09-01,LONG,2025-09-01T10:00:00,750.65,748.48,753.91,399,2.17,2025-09-01T10:10:00,748.48,STOP,-867.06,-1315.67
vwap,INDUSINDBK,2025-09-04,SHORT,2025-09-04T11:10:00,760.75,762.87,757.57,394,2.12,2025-09-04T13:00:00,760.20,TIME_STOP,216.70,-232.74
vwap,INDUSINDBK,2025-09-05,LONG,2025-09-05T14:10:00,758.05,756.03,761.08,395,2.02,2025-09-05T14:10:00,756.03,STOP,-799.06,-1247.61
vwap,INDUSINDBK,2025-09-08,SHORT,2025-09-08T10:40:00,753.50,755.79,750.06,398,2.29,2025-09-08T10:50:00,750.06,TARGET,1368.63,919.81
vwap,INDUSINDBK,2025-09-11,SHORT,2025-09-11T13:50:00,749.05,750.36,747.09,400,1.31,2025-09-11T14:40:00,750.36,STOP,-522.68,-972.50
vwap,INDUSINDBK,2025-09-16,LONG,2025-09-16T10:50:00,741.65,739.84,744.36,404,1.81,2025-09-16T11:10:00,744.36,TARGET,1096.56,646.30
vwap,INDUSINDBK,2025-09-17,SHORT,2025-09-17T10:00:00,740.90,742.63,738.31,404,1.73,2025-09-17T10:00:00,742.63,STOP,-696.96,-1146.46
vwap,INDUSINDBK,2025-09-19,LONG,2025-09-19T12:40:00,740.65,739.14,742.91,405,1.51,2025-09-19T12:50:00,739.14,STOP,-609.87,-1059.36
vwap,INDUSINDBK,2025-09-22,SHORT,2025-09-22T12:40:00,741.25,742.99,738.64,404,1.74,2025-09-22T13:00:00,742.99,STOP,-702.25,-1151.97
vwap,INDUSINDBK,2025-09-23,LONG,2025-09-23T12:00:00,740.50,738.16,744.01,405,2.34,2025-09-23T12:10:00,744.01,TARGET,1423.41,972.49
vwap,INDUSINDBK,2025-09-24,SHORT,2025-09-24T12:10:00,746.05,748.44,742.47,402,2.39,2025-09-24T13:50:00,742.47,TARGET,1438.26,989.47
vwap,INDUSINDBK,2025-09-30,LONG,2025-09-30T12:50:00,729.45,726.68,733.60,411,2.77,2025-09-30T13:50:00,733.60,TARGET,1705.38,1254.40
vwap,INDUSINDBK,2025-10-01,SHORT,2025-10-01T10:50:00,727.05,730.05,722.55,412,3.00,2025-10-01T11:10:00,730.05,STOP,-1235.24,-1685.48
vwap,INDUSINDBK,2025-10-06,SHORT,2025-10-06T11:30:00,745.30,748.83,740.01,402,3.53,2025-10-06T12:30:00,740.01,TARGET,2126.28,1678.46
vwap,INDUSINDBK,2025-10-08,SHORT,2025-10-08T10:50:00,745.80,748.16,742.26,402,2.36,2025-10-08T10:50:00,748.16,STOP,-950.00,-1400.43
vwap,INDUSINDBK,2025-10-09,LONG,2025-10-09T10:00:00,748.00,745.23,752.16,401,2.77,2025-10-09T10:10:00,745.23,STOP,-1111.67,-1560.76
vwap,INDUSINDBK,2025-10-13,SHORT,2025-10-13T11:50:00,760.00,762.44,756.33,394,2.44,2025-10-13T11:50:00,762.44,STOP,-963.28,-1413.16
vwap,INDUSINDBK,2025-10-17,LONG,2025-10-17T10:30:00,742.00,739.72,745.42,404,2.28,2025-10-17T10:50:00,745.42,TARGET,1379.66,928.98
vwap,INDUSINDBK,2025-10-30,SHORT,2025-10-30T14:00:00,800.10,802.37,796.70,374,2.27,2025-10-30T15:20:00,802.37,STOP,-848.13,-1297.62
vwap,INDUSINDBK,2025-10-31,LONG,2025-10-31T12:00:00,805.10,802.46,809.05,372,2.64,2025-10-31T12:20:00,802.46,STOP,-980.24,-1428.75
vwap,INDUSINDBK,2025-11-03,LONG,2025-11-03T11:00:00,798.70,795.51,803.48,375,3.19,2025-11-03T12:50:00,799.90,TIME_STOP,450.00,0.39
vwap,INDUSINDBK,2025-11-07,LONG,2025-11-07T11:00:00,789.15,786.18,793.60,380,2.97,2025-11-07T11:10:00,786.18,STOP,-1127.30,-1576.27
vwap,INDUSINDBK,2025-11-14,SHORT,2025-11-14T12:30:00,858.25,862.43,851.99,349,4.18,2025-11-14T13:00:00,851.99,TARGET,2186.21,1738.56
vwap,INDUSINDBK,2025-11-17,LONG,2025-11-17T12:10:00,852.80,849.04,858.44,351,3.76,2025-11-17T13:10:00,858.44,TARGET,1978.77,1528.29
vwap,INDUSINDBK,2025-11-18,LONG,2025-11-18T12:20:00,853.50,851.29,856.81,351,2.21,2025-11-18T12:50:00,851.29,STOP,-774.52,-1223.31
vwap,INDUSINDBK,2025-11-25,LONG,2025-11-25T14:10:00,840.00,837.62,843.56,357,2.38,2025-11-25T15:20:00,840.10,EOD,35.70,-414.15
vwap,INDUSINDBK,2025-11-27,LONG,2025-11-27T10:50:00,854.65,851.78,858.95,351,2.87,2025-11-27T11:00:00,851.78,STOP,-1006.21,-1455.43
vwap,INDUSINDBK,2025-11-28,SHORT,2025-11-28T12:20:00,855.25,857.52,851.84,350,2.27,2025-11-28T13:20:00,851.84,TARGET,1192.93,744.81
vwap,INDUSINDBK,2025-12-01,SHORT,2025-12-01T10:10:00,855.00,856.89,852.17,350,1.89,2025-12-01T10:10:00,856.89,STOP,-661.11,-1110.48
vwap,INDUSINDBK,2025-12-03,SHORT,2025-12-03T10:10:00,844.30,847.39,839.66,355,3.09,2025-12-03T11:00:00,847.39,STOP,-1097.75,-1548.16
vwap,INDUSINDBK,2025-12-05,LONG,2025-12-05T12:50:00,865.00,861.57,870.15,346,3.43,2025-12-05T13:10:00,870.15,TARGET,1781.94,1331.67
vwap,INDUSINDBK,2025-12-08,SHORT,2025-12-08T10:20:00,862.35,865.04,858.31,347,2.69,2025-12-08T10:30:00,858.31,TARGET,1400.73,952.92
vwap,INDUSINDBK,2025-12-09,LONG,2025-12-09T12:10:00,847.00,843.70,851.95,354,3.30,2025-12-09T12:40:00,843.70,STOP,-1167.09,-1615.97
vwap,INDUSINDBK,2025-12-10,SHORT,2025-12-10T11:00:00,840.25,843.43,835.48,357,3.18,2025-12-10T11:10:00,835.48,TARGET,1703.47,1254.79
vwap,INDUSINDBK,2025-12-11,LONG,2025-12-11T12:10:00,841.35,838.10,846.22,356,3.25,2025-12-11T13:10:00,838.10,STOP,-1156.79,-1605.20
vwap,INDUSINDBK,2025-12-16,SHORT,2025-12-16T11:40:00,843.25,845.96,839.19,355,2.71,2025-12-16T12:20:00,845.96,STOP,-960.56,-1410.31
vwap,INDUSINDBK,2025-12-18,LONG,2025-12-18T10:40:00,840.20,836.96,845.06,357,3.24,2025-12-18T12:30:00,839.60,TIME_STOP,-214.20,-663.97
vwap,INDUSINDBK,2025-12-19,LONG,2025-12-19T12:30:00,836.90,835.07,839.64,358,1.83,2025-12-19T12:40:00,839.64,TARGET,982.60,532.45
vwap,INDUSINDBK,2025-12-26,LONG,2025-12-26T10:10:00,857.95,854.92,862.50,349,3.03,2025-12-26T10:10:00,854.92,STOP,-1058.29,-1506.63
vwap,INDUSINDBK,2026-01-05,SHORT,2026-01-05T13:50:00,900.20,902.96,896.05,333,2.76,2026-01-05T14:00:00,896.05,TARGET,1381.04,932.43
vwap,INDUSINDBK,2026-01-06,LONG,2026-01-06T10:10:00,911.65,906.83,918.87,329,4.82,2026-01-06T10:50:00,918.87,TARGET,2377.01,1925.33
vwap,INDUSINDBK,2026-01-07,SHORT,2026-01-07T10:00:00,909.70,914.04,903.19,329,4.34,2026-01-07T11:00:00,903.19,TARGET,2141.53,1694.20
vwap,INDUSINDBK,2026-01-12,LONG,2026-01-12T10:10:00,890.85,887.23,896.28,336,3.62,2026-01-12T10:20:00,887.23,STOP,-1216.55,-1664.63
vwap,INDUSINDBK,2026-01-13,SHORT,2026-01-13T13:40:00,900.15,903.13,895.68,333,2.98,2026-01-13T13:40:00,901.65,REVERSE,-499.50,-949.50
vwap,INDUSINDBK,2026-01-19,SHORT,2026-01-19T13:40:00,944.35,947.98,938.91,317,3.63,2026-01-19T14:40:00,947.98,STOP,-1149.24,-1599.14
vwap,INDUSINDBK,2026-01-22,SHORT,2026-01-22T10:10:00,899.60,904.43,892.36,333,4.83,2026-01-22T10:20:00,904.43,STOP,-1608.32,-2058.88
vwap,INDUSINDBK,2026-01-23,SHORT,2026-01-23T13:20:00,903.15,906.37,898.32,332,3.22,2026-01-23T13:30:00,898.32,TARGET,1603.56,1155.00
vwap,INDUSINDBK,2026-01-28,LONG,2026-01-28T11:30:00,892.10,888.06,898.16,336,4.04,2026-01-28T11:50:00,898.16,TARGET,2036.94,1585.80
vwap,INDUSINDBK,2026-01-30,LONG,2026-01-30T11:10:00,901.60,898.34,906.49,332,3.26,2026-01-30T11:20:00,898.34,STOP,-1082.94,-1531.12
vwap,INDUSINDBK,2026-02-04,SHORT,2026-02-04T12:00:00,923.80,926.79,919.32,324,2.99,2026-02-04T13:10:00,926.79,STOP,-968.60,-1418.29
vwap,INDUSINDBK,2026-02-06,SHORT,2026-02-06T10:00:00,903.05,906.43,897.98,332,3.38,2026-02-06T10:30:00,897.98,TARGET,1682.98,1234.52
vwap,INDUSINDBK,2026-02-11,SHORT,2026-02-11T10:30:00,919.45,922.50,914.87,326,3.05,2026-02-11T10:50:00,922.50,STOP,-994.92,-1445.28
vwap,INDUSINDBK,2026-02-13,LONG,2026-02-13T13:30:00,920.20,917.04,924.94,326,3.16,2026-02-13T14:40:00,924.94,TARGET,1546.10,1094.96
vwap,INDUSINDBK,2026-02-16,SHORT,2026-02-16T10:10:00,918.05,922.02,912.09,326,3.97,2026-02-16T10:10:00,919.95,REVERSE,-619.40,-1068.79
vwap,INDUSINDBK,2026-02-20,SHORT,2026-02-20T11:50:00,933.50,937.54,927.44,321,4.04,2026-02-20T13:00:00,927.44,TARGET,1944.22,1496.19
vwap,INDUSINDBK,2026-02-24,LONG,2026-02-24T10:10:00,922.60,919.12,927.82,325,3.48,2026-02-24T11:30:00,927.82,TARGET,1697.01,1245.97
vwap,INDUSINDBK,2026-03-11,SHORT,2026-03-11T11:10:00,894.10,898.39,887.66,335,4.29,2026-03-11T11:20:00,887.66,TARGET,2156.32,1708.65
vwap,PNB,2024-03-18,LONG,2024-03-18T13:30:00,115.60,114.81,116.79,2595,0.79,2024-03-18T15:20:00,116.79,TARGET,3093.13,2640.84
vwap,PNB,2024-03-19,SHORT,2024-03-19T10:30:00,114.58,115.27,113.54,2618,0.69,2024-03-19T10:30:00,115.27,STOP,-1811.79,-2263.11
vwap,PNB,2024-03-20,LONG,2024-03-20T13:50:00,113.90,113.27,114.85,2633,0.63,2024-03-20T13:50:00,113.27,STOP,-1665.03,-2113.63
vwap,PNB,2024-03-27,SHORT,2024-03-27T13:30:00,120.51,120.84,120.01,2489,0.33,2024-03-27T14:40:00,120.01,TARGET,1233.56,784.57
vwap,PNB,2024-03-28,LONG,2024-03-28T11:00:00,120.51,120.04,121.22,2489,0.47,2024-03-28T12:20:00,120.04,STOP,-1170.80,-1619.85
vwap,PNB,2024-04-03,LONG,2024-04-03T12:30:00,122.89,122.51,123.46,2441,0.38,2024-04-03T12:30:00,123.46,TARGET,1390.21,939.21
vwap,PNB,2024-04-10,LONG,2024-04-10T10:50:00,129.84,129.30,130.64,2310,0.54,2024-04-10T11:10:00,130.64,TARGET,1854.34,1403.06
vwap,PNB,2024-04-12,SHORT,2024-04-12T13:30:00,131.83,132.43,130.93,2275,0.60,2024-04-12T15:00:00,130.93,TARGET,2044.58,1596.25
vwap,PNB,2024-04-15,LONG,2024-04-15T13:30:00,130.71,129.96,131.84,2295,0.75,2024-04-15T13:40:00,129.96,STOP,-1723.70,-2172.38
vwap,PNB,2024-04-29,LONG,2024-04-29T12:40:00,132.56,132.06,133.31,2263,0.50,2024-04-29T12:50:00,133.31,TARGET,1687.11,1235.87
vwap,PNB,2024-04-30,SHORT,2024-04-30T11:40:00,132.95,133.49,132.14,2256,0.54,2024-04-30T12:30:00,133.49,STOP,-1220.85,-1671.67
vwap,PNB,2024-05-03,SHORT,2024-05-03T10:10:00,133.63,134.50,132.33,2245,0.87,2024-05-03T11:30:00,132.33,TARGET,2916.50,2468.69
vwap,PNB,2024-05-08,LONG,2024-05-08T11:50:00,119.92,119.33,120.81,2501,0.59,2024-05-08T12:20:00,120.81,TARGET,2229.53,1777.98
vwap,PNB,2024-05-09,SHORT,2024-05-09T14:00:00,120.90,121.57,119.89,2481,0.67,2024-05-09T14:00:00,119.89,TARGET,2508.68,2060.63
vwap,PNB,2024-05-13,LONG,2024-05-13T14:00:00,119.63,118.87,120.77,2507,0.76,2024-05-13T15:20:00,119.73,EOD,250.70,-199.36
vwap,PNB,2024-05-15,SHORT,2024-05-15T13:20:00,121.72,122.13,121.10,2464,0.41,2024-05-15T13:30:00,122.13,STOP,-1021.98,-1472.62
vwap,PNB,2024-05-16,SHORT,2024-05-16T11:10:00,121.58,122.08,120.84,2467,0.50,2024-05-16T11:10:00,120.84,TARGET,1835.98,1387.45
vwap,PNB,2024-05-22,LONG,2024-05-22T14:10:00,122.99,122.60,123.57,2439,0.39,2024-05-22T14:20:00,122.60,STOP,-948.24,-1397.49
vwap,PNB,2024-05-24,LONG,2024-05-24T12:30:00,123.37,122.95,124.00,2431,0.42,2024-05-24T14:20:00,123.37,TIME_STOP,0.00,-449.87
vwap,PNB,2024-05-27,SHORT,2024-05-27T10:20:00,123.18,123.72,122.37,2435,0.54,2024-05-27T10:20:00,123.57,REVERSE,-949.65,-1400.28
vwap,PNB,2024-05-28,SHORT,2024-05-28T11:40:00,124.25,124.86,123.33,2414,0.61,2024-05-28T12:40:00,123.33,TARGET,2225.44,1777.20
vwap,PNB,2024-05-29,LONG,2024-05-29T10:00:00,126.48,125.84,127.45,2371,0.64,2024-05-29T10:00:00,125.84,STOP,-1526.63,-1975.31
vwap,PNB,2024-05-30,LONG,2024-05-30T11:00:00,125.46,124.93,126.25,2391,0.53,2024-05-30T11:10:00,124.93,STOP,-1259.44,-1708.46
vwap,PNB,2024-05-31,LONG,2024-05-31T13:30:00,124.78,124.27,125.54,2404,0.51,2024-05-31T13:40:00,125.54,TARGET,1825.94,1374.61
vwap,PNB,2024-06-04,SHORT,2024-06-04T10:50:00,122.06,123.53,119.86,1701,1.47,2024-06-04T11:10:00,119.86,TARGET,3748.78,3440.15
vwap,PNB,2024-06-05,LONG,2024-06-05T12:30:00,113.90,112.13,116.56,1409,1.77,2024-06-05T14:00:00,116.56,TARGET,3749.25,3505.72
vwap,PNB,2024-06-13,SHORT,2024-06-13T11:20:00,123.37,123.75,122.81,2431,0.38,2024-06-13T13:10:00,123.21,TIME_STOP,388.96,-60.62
vwap,PNB,2024-06-14,LONG,2024-06-14T10:00:00,123.67,123.27,124.28,2425,0.40,2024-06-14T10:00:00,124.28,TARGET,1468.14,1017.19
vwap,PNB,2024-06-18,SHORT,2024-06-18T13:30:00,125.21,125.48,124.81,2395,0.27,2024-06-18T14:10:00,124.81,TARGET,962.03,512.93
vwap,PNB,2024-06-20,SHORT,2024-06-20T12:10:00,124.89,125.20,124.42,2402,0.31,2024-06-20T14:00:00,124.42,TARGET,1134.34,685.21
vwap,PNB,2024-06-24,LONG,2024-06-24T12:00:00,122.74,122.17,123.59,2444,0.57,2024-06-24T12:40:00,122.17,STOP,-1390.76,-1839.68
vwap,PNB,2024-06-26,LONG,2024-06-26T11:10:00,121.54,121.07,122.24,2468,0.47,2024-06-26T11:40:00,122.24,TARGET,1735.88,1284.63
vwap,PNB,2024-07-02,LONG,2024-07-02T11:10:00,119.42,119.05,119.97,2512,0.37,2024-07-02T11:30:00,119.05,STOP,-926.28,-1375.56
vwap,PNB,2024-07-03,LONG,2024-07-03T12:40:00,117.86,117.46,118.47,2545,0.40,2024-07-03T12:50:00,117.67,REVERSE,-483.55,-933.12
vwap,PNB,2024-07-04,SHORT,2024-07-04T10:50:00,117.42,117.87,116.74,2554,0.45,2024-07-04T11:30:00,117.87,STOP,-1159.31,-1610.02
vwap,PNB,2024-07-08,SHORT,2024-07-08T12:30:00,118.52,118.94,117.89,2531,0.42,2024-07-08T14:20:00,117.89,TARGET,1596.71,1147.94
vwap,PNB,2024-07-15,LONG,2024-07-15T10:40:00,115.61,115.23,116.18,2594,0.38,2024-07-15T11:10:00,116.18,TARGET,1485.00,1034.05
vwap,PNB,2024-07-16,SHORT,2024-07-16T13:10:00,116.95,117.29,116.44,2565,0.34,2024-07-16T13:30:00,116.44,TARGET,1308.39,859.40
vwap,PNB,2024-07-22,LONG,2024-07-22T10:40:00,114.53,113.91,115.46,2619,0.62,2024-07-22T12:30:00,114.70,TIME_STOP,445.23,-5.04
vwap,PNB,2024-07-23,SHORT,2024-07-23T12:30:00,112.97,113.55,112.11,2655,0.58,2024-07-23T12:30:00,113.55,STOP,-1528.39,-1979.44
vwap,PNB,2024-07-24,SHORT,2024-07-24T11:20:00,113.62,114.30,112.59,2640,0.68,2024-07-24T12:20:00,112.59,TARGET,2710.65,2262.75
vwap,PNB,2024-07-25,LONG,2024-07-25T11:00:00,114.05,113.49,114.88,2630,0.56,2024-07-25T12:50:00,114.12,TIME_STOP,184.10,-265.97
vwap,PNB,2024-07-31,SHORT,2024-07-31T10:10:00,120.71,121.14,120.06,2485,0.43,2024-07-31T10:50:00,121.14,STOP,-1070.05,-1520.80
vwap,PNB,2024-08-01,SHORT,2024-08-01T11:30:00,120.45,120.91,119.76,2490,0.46,2024-08-01T12:10:00,119.76,TARGET,1720.77,1272.18
vwap,PNB,2024-08-08,SHORT,2024-08-08T11:00:00,111.37,111.85,110.65,2693,0.48,2024-08-08T11:10:00,111.85,STOP,-1286.48,-1737.33
vwap,PNB,2024-08-09,LONG,2024-08-09T13:40:00,112.10,111.82,112.52,2676,0.28,2024-08-09T13:40:00,112.52,TARGET,1127.63,676.82
vwap,PNB,2024-08-12,LONG,2024-08-12T10:50:00,112.38,111.92,113.08,2669,0.46,2024-08-12T11:30:00,111.92,STOP,-1237.06,-1686.04
vwap,PNB,2024-08-13,LONG,2024-08-13T11:00:00,112.15,111.76,112.73,2674,0.39,2024-08-13T12:20:00,111.76,STOP,-1038.55,-1487.60
vwap,PNB,2024-08-21,SHORT,2024-08-21T11:20:00,112.78,113.17,112.19,2660,0.39,2024-08-21T11:30:00,113.17,STOP,-1037.84,-1488.61
vwap,PNB,2024-08-29,LONG,2024-08-29T13:00:00,112.03,111.80,112.37,2677,0.23,2024-08-29T13:30:00,111.80,STOP,-606.43,-1055.84
vwap,PNB,2024-09-03,SHORT,2024-09-03T11:00:00,112.71,113.03,112.23,2661,0.32,2024-09-03T12:40:00,113.03,STOP,-854.94,-1305.46
vwap,PNB,2024-09-05,LONG,2024-09-05T12:50:00,110.01,109.73,110.43,2727,0.28,2024-09-05T13:30:00,110.43,TARGET,1135.92,685.07
vwap,PNB,2024-09-11,SHORT,2024-09-11T11:30:00,106.56,106.95,105.98,2815,0.39,2024-09-11T12:10:00,105.98,TARGET,1641.90,1193.19
vwap,PNB,2024-09-12,LONG,2024-09-12T13:50:00,104.98,104.63,105.51,2857,0.35,2024-09-12T14:30:00,105.51,TARGET,1502.97,1051.95
vwap,PNB,2024-09-16,SHORT,2024-09-16T11:40:00,107.64,108.02,107.07,2787,0.38,2024-09-16T13:30:00,107.65,TIME_STOP,-27.87,-477.88
vwap,PNB,2024-09-18,LONG,2024-09-18T12:20:00,106.02,105.66,106.55,2829,0.36,2024-09-18T12:40:00,106.55,TARGET,1508.70,1057.68
vwap,PNB,2024-09-19,SHORT,2024-09-19T10:00:00,105.28,105.81,104.48,2849,0.53,2024-09-19T11:20:00,104.48,TARGET,2281.82,1833.62
vwap,PNB,2024-09-20,SHORT,2024-09-20T13:50:00,104.62,105.00,104.06,2867,0.38,2024-09-20T13:50:00,105.00,STOP,-1077.28,-1528.01
vwap,PNB,2024-09-26,LONG,2024-09-26T10:30:00,103.29,102.94,103.81,2904,0.35,2024-09-26T10:40:00,103.81,TARGET,1507.20,1056.13
vwap,PNB,2024-09-30,SHORT,2024-09-30T10:30:00,104.92,105.36,104.26,2859,0.44,2024-09-30T10:40:00,105.36,STOP,-1249.59,-1700.48
vwap,PNB,2024-10-04,LONG,2024-10-04T10:10:00,102.96,102.34,103.90,2913,0.62,2024-10-04T10:10:00,102.34,STOP,-1820.04,-2268.56
vwap,PNB,2024-10-07,SHORT,2024-10-07T10:00:00,102.36,102.94,101.49,2930,0.58,2024-10-07T10:30:00,101.49,TARGET,2559.52,2111.56
vwap,PNB,2024-10-08,LONG,2024-10-08T14:00:00,99.55,99.10,100.23,3013,0.45,2024-10-08T14:40:00,99.18,REVERSE,-1114.81,-1563.89
vwap,PNB,2024-10-10,SHORT,2024-10-10T14:10:00,100.53,100.83,100.09,2984,0.30,2024-10-10T15:20:00,100.83,STOP,-884.74,-1335.38
vwap,PNB,2024-10-11,SHORT,2024-10-11T11:10:00,100.78,101.12,100.27,2976,0.34,2024-10-11T12:20:00,101.12,STOP,-1004.50,-1455.14
vwap,PNB,2024-10-15,SHORT,2024-10-15T10:20:00,102.00,102.23,101.66,2941,0.23,2024-10-15T10:40:00,102.11,REVERSE,-323.51,-773.73
vwap,PNB,2024-10-16,SHORT,2024-10-16T12:00:00,101.93,102.12,101.64,2943,0.19,2024-10-16T13:20:00,101.64,TARGET,847.89,398.56
vwap,PNB,2024-10-23,LONG,2024-10-23T12:40:00,94.32,93.64,95.34,3180,0.68,2024-10-23T12:40:00,93.64,STOP,-2156.63,-2604.92
vwap,PNB,2024-10-28,LONG,2024-10-28T10:40:00,96.41,95.73,97.43,3111,0.68,2024-10-28T12:30:00,96.32,TIME_STOP,-279.99,-729.68
vwap,PNB,2024-10-29,SHORT,2024-10-29T10:50:00,95.16,96.01,93.88,2929,0.85,2024-10-29T12:40:00,94.83,TIME_STOP,966.57,549.21
vwap,PNB,2024-10-31,LONG,2024-10-31T10:00:00,97.31,96.95,97.85,3082,0.36,2024-10-31T10:10:00,97.07,REVERSE,-739.68,-1188.99
vwap,PNB,2024-11-11,LONG,2024-11-11T12:00:00,102.04,101.56,102.76,2940,0.48,2024-11-11T13:00:00,102.76,TARGET,2104.58,1653.00
vwap,PNB,2024-11-12,SHORT,2024-11-12T10:00:00,101.56,101.98,100.93,2953,0.42,2024-11-12T10:00:00,101.98,STOP,-1231.28,-1682.07
vwap,PNB,2024-11-29,SHORT,2024-11-29T11:00:00,102.03,102.44,101.42,2940,0.41,2024-11-29T11:30:00,101.42,TARGET,1807.14,1358.55
vwap,PNB,2024-12-06,SHORT,2024-12-06T10:20:00,104.90,105.39,104.16,2859,0.49,2024-12-06T10:20:00,105.39,STOP,-1407.09,-1858.01
vwap,PNB,2024-12-09,SHORT,2024-12-09T10:00:00,106.42,106.85,105.78,2819,0.43,2024-12-09T10:50:00,105.78,TARGET,1811.21,1362.58
vwap,PNB,2024-12-10,LONG,2024-12-10T10:10:00,106.27,105.93,106.79,2822,0.34,2024-12-10T10:30:00,105.93,STOP,-971.24,-1420.36
vwap,PNB,2024-12-11,SHORT,2024-12-11T12:50:00,106.29,106.57,105.87,2822,0.28,2024-12-11T13:40:00,105.87,TARGET,1189.03,740.00
vwap,PNB,2024-12-13,LONG,2024-12-13T14:00:00,104.06,103.64,104.69,2882,0.42,2024-12-13T15:10:00,104.69,TARGET,1820.68,1369.46
vwap,PNB,2024-12-17,SHORT,2024-12-17T10:20:00,104.83,105.11,104.42,2861,0.28,2024-12-17T10:50:00,105.11,STOP,-789.08,-1239.55
vwap,PNB,2024-12-19,LONG,2024-12-19T11:50:00,101.01,100.44,101.86,2970,0.57,2024-12-19T13:20:00,100.44,STOP,-1680.92,-2129.65
vwap,PNB,2024-12-24,LONG,2024-12-24T10:40:00,99.10,98.79,99.57,3027,0.31,2024-12-24T10:40:00,98.90,REVERSE,-605.40,-1054.91
vwap,PNB,2024-12-27,SHORT,2024-12-27T12:20:00,99.22,99.51,98.78,3023,0.29,2024-12-27T14:00:00,99.51,STOP,-879.94,-1330.51
vwap,PNB,2024-12-30,LONG,2024-12-30T10:50:00,99.53,99.15,100.10,3014,0.38,2024-12-30T11:00:00,99.15,STOP,-1144.41,-1593.53
vwap,PNB,2024-12-31,LONG,2024-12-31T10:40:00,99.37,98.85,100.14,3019,0.52,2024-12-31T11:30:00,98.85,STOP,-1559.16,-2007.99
vwap,PNB,2025-01-02,SHORT,2025-01-02T10:00:00,99.55,99.82,99.14,3013,0.27,2025-01-02T10:20:00,99.14,TARGET,1229.42,780.42
vwap,PNB,2025-01-09,LONG,2025-01-09T14:00:00,99.13,98.81,99.61,3026,0.32,2025-01-09T15:20:00,99.03,EOD,-302.60,-752.32
vwap,PNB,2025-01-15,SHORT,2025-01-15T13:40:00,95.23,95.63,94.63,3150,0.40,2025-01-15T14:50:00,95.63,STOP,-1262.85,-1713.76
vwap,PNB,2025-01-23,LONG,2025-01-23T10:10:00,95.53,94.97,96.37,3140,0.56,2025-01-23T10:40:00,96.37,TARGET,2636.88,2184.95
vwap,PNB,2025-01-24,SHORT,2025-01-24T10:00:00,95.00,95.48,94.29,3157,0.48,2025-01-24T10:30:00,95.48,STOP,-1503.89,-1954.89
vwap,PNB,2025-01-27,LONG,2025-01-27T13:40:00,94.32,93.88,94.98,3180,0.44,2025-01-27T13:50:00,93.88,STOP,-1409.14,-1857.99
vwap,PNB,2025-01-28,LONG,2025-01-28T12:00:00,94.03,93.52,94.79,3190,0.51,2025-01-28T12:50:00,94.79,TARGET,2427.08,1975.33
vwap,PNB,2025-01-31,LONG,2025-01-31T10:10:00,94.47,94.08,95.06,3175,0.39,2025-01-31T10:20:00,95.06,TARGET,1863.82,1412.51
vwap,PNB,2025-02-01,SHORT,2025-02-01T12:20:00,97.08,97.72,96.12,3090,0.64,2025-02-01T12:20:00,97.72,STOP,-1981.22,-2432.67
vwap,PNB,2025-02-04,SHORT,2025-02-04T13:00:00,96.17,96.55,95.61,3119,0.38,2025-02-04T13:00:00,96.55,STOP,-1172.12,-1622.93
vwap,PNB,2025-02-12,LONG,2025-02-12T12:10:00,93.18,92.61,94.03,3219,0.57,2025-02-12T14:00:00,92.61,STOP,-1822.06,-2270.62
vwap,PNB,2025-02-13,SHORT,2025-02-13T13:20:00,92.66,93.00,92.16,3237,0.34,2025-02-13T13:20:00,93.00,STOP,-1085.80,-1536.52
vwap,PNB,2025-02-21,SHORT,2025-02-21T10:30:00,91.89,92.26,91.33,3264,0.37,2025-02-21T11:40:00,92.26,STOP,-1219.01,-1669.82
vwap,PNB,2025-02-24,LONG,2025-02-24T13:00:00,91.50,91.15,92.02,3278,0.35,2025-02-24T13:30:00,91.15,STOP,-1143.44,-1592.49
vwap,PNB,2025-03-03,LONG,2025-03-03T13:20:00,85.38,84.95,86.02,3513,0.43,2025-03-03T13:30:00,84.95,STOP,-1500.78,-1949.56
vwap,PNB,2025-03-04,SHORT,2025-03-04T12:30:00,84.85,85.23,84.28,3535,0.38,2025-03-04T14:20:00,85.23,STOP,-1344.14,-1795.06
vwap,PNB,2025-03-07,SHORT,2025-03-07T12:30:00,88.26,88.53,87.86,3399,0.27,2025-03-07T12:30:00,88.53,STOP,-911.21,-1361.88
vwap,PNB,2025-03-13,LONG,2025-03-13T10:00:00,84.86,84.50,85.40,3535,0.36,2025-03-13T11:50:00,84.95,TIME_STOP,318.15,-132.06
vwap,PNB,2025-03-17,LONG,2025-03-17T14:00:00,84.89,84.63,85.28,3533,0.26,2025-03-17T15:20:00,85.08,EOD,671.27,220.89
vwap,PNB,2025-03-25,SHORT,2025-03-25T10:50:00,92.27,92.63,91.72,3251,0.36,2025-03-25T11:20:00,91.72,TARGET,1778.72,1330.10
vwap,PNB,2025-03-27,LONG,2025-03-27T10:20:00,92.31,91.87,92.96,3249,0.44,2025-03-27T12:00:00,91.87,STOP,-1416.45,-1865.26
vwap,PNB,2025-03-28,SHORT,2025-03-28T13:20:00,93.08,93.43,92.55,3223,0.35,2025-03-28T14:20:00,93.43,STOP,-1131.79,-1582.64
vwap,PNB,2025-04-01,SHORT,2025-04-01T11:20:00,93.27,93.68,92.66,3216,0.41,2025-04-01T11:30:00,93.68,STOP,-1311.21,-1762.13
vwap,PNB,2025-04-02,LONG,2025-04-02T11:10:00,93.98,93.52,94.66,3192,0.46,2025-04-02T13:00:00,94.12,TIME_STOP,446.88,-3.43
vwap,PNB,2025-04-04,SHORT,2025-04-04T13:20:00,94.11,94.53,93.48,3187,0.42,2025-04-04T14:40:00,93.48,TARGET,2020.96,1572.58
vwap,PNB,2025-04-09,SHORT,2025-04-09T10:30:00,93.25,93.71,92.57,3217,0.46,2025-04-09T10:40:00,92.57,TARGET,2198.83,1750.50
vwap,PNB,2025-04-24,SHORT,2025-04-24T14:10:00,99.97,100.18,99.65,3000,0.21,2025-04-24T14:30:00,100.18,STOP,-630.09,-1080.43
vwap,PNB,2025-05-02,LONG,2025-05-02T10:20:00,98.48,98.13,99.00,3046,0.35,2025-05-02T10:50:00,98.13,STOP,-1052.34,-1501.51
vwap,PNB,2025-05-07,LONG,2025-05-07T11:40:00,93.85,93.31,94.67,3196,0.54,2025-05-07T12:40:00,93.31,STOP,-1736.77,-2185.38
vwap,PNB,2025-05-09,LONG,2025-05-09T13:00:00,89.47,89.03,90.14,3353,0.44,2025-05-09T13:10:00,89.03,STOP,-1490.75,-1939.62
vwap,PNB,2025-05-20,SHORT,2025-05-20T13:10:00,98.20,98.50,97.75,3054,0.30,2025-05-20T13:30:00,98.50,STOP,-913.84,-1364.38
vwap,PNB,2025-05-22,SHORT,2025-05-22T11:10:00,97.98,98.35,97.42,3061,0.37,2025-05-22T13:00:00,97.42,TARGET,1708.14,1259.55
vwap,PNB,2025-05-23,LONG,2025-05-23T11:50:00,97.63,97.31,98.11,3072,0.32,2025-05-23T13:40:00,97.64,TIME_STOP,30.72,-419.18
vwap,PNB,2025-05-26,SHORT,2025-05-26T11:40:00,97.58,97.83,97.21,3074,0.25,2025-05-26T13:10:00,97.83,STOP,-767.39,-1217.91
vwap,PNB,2025-05-27,SHORT,2025-05-27T10:00:00,97.57,97.84,97.16,3074,0.27,2025-05-27T10:30:00,97.84,STOP,-841.85,-1292.38
vwap,PNB,2025-05-28,SHORT,2025-05-28T14:00:00,98.97,99.15,98.69,3031,0.18,2025-05-28T14:10:00,99.15,STOP,-559.61,-1010.00
vwap,PNB,2025-05-30,SHORT,2025-05-30T10:00:00,98.85,99.11,98.47,3034,0.26,2025-05-30T10:40:00,98.47,TARGET,1166.26,717.27
vwap,PNB,2025-06-03,SHORT,2025-06-03T12:30:00,105.03,105.39,104.49,2856,0.36,2025-06-03T12:40:00,105.39,STOP,-1032.05,-1482.77
vwap,PNB,2025-06-10,SHORT,2025-06-10T10:10:00,108.46,108.80,107.94,2765,0.34,2025-06-10T10:20:00,108.80,STOP,-949.74,-1400.29
vwap,PNB,2025-06-16,LONG,2025-06-16T12:40:00,103.38,103.05,103.87,2901,0.33,2025-06-16T14:10:00,103.87,TARGET,1427.53,976.60
vwap,PNB,2025-06-17,SHORT,2025-06-17T12:30:00,103.70,104.00,103.26,2892,0.30,2025-06-17T12:50:00,103.26,TARGET,1285.77,836.89
vwap,PNB,2025-06-25,LONG,2025-06-25T10:30:00,106.09,105.82,106.50,2827,0.27,2025-06-25T11:50:00,105.82,STOP,-774.64,-1223.93
vwap,PNB,2025-06-26,SHORT,2025-06-26T10:00:00,105.60,105.83,105.26,2840,0.23,2025-06-26T10:10:00,105.83,STOP,-647.50,-1097.84
vwap,PNB,2025-07-09,SHORT,2025-07-09T10:10:00,111.65,111.95,111.20,2686,0.30,2025-07-09T10:50:00,111.95,STOP,-811.63,-1262.08
vwap,PNB,2025-07-11,LONG,2025-07-11T13:00:00,110.08,109.76,110.55,2725,0.32,2025-07-11T13:00:00,110.55,TARGET,1292.42,841.50
vwap,PNB,2025-07-14,SHORT,2025-07-14T12:40:00,110.46,110.80,109.96,2715,0.34,2025-07-14T14:30:00,110.55,TIME_STOP,-244.35,-694.38
vwap,PNB,2025-07-17,SHORT,2025-07-17T13:40:00,113.33,113.62,112.90,2647,0.29,2025-07-17T13:50:00,113.62,STOP,-754.78,-1205.32
vwap,PNB,2025-07-18,SHORT,2025-07-18T13:00:00,113.43,113.72,113.00,2644,0.29,2025-07-18T14:50:00,113.47,TIME_STOP,-105.76,-555.70
vwap,PNB,2025-07-21,LONG,2025-07-21T13:20:00,113.19,112.91,113.61,2650,0.28,2025-07-21T13:50:00,112.91,STOP,-744.42,-1193.79
vwap,PNB,2025-07-25,SHORT,2025-07-25T11:30:00,109.35,109.70,108.82,2743,0.35,2025-07-25T11:50:00,108.82,TARGET,1453.41,1004.58
vwap,PNB,2025-07-28,LONG,2025-07-28T10:40:00,109.08,108.73,109.61,2750,0.35,2025-07-28T10:40:00,108.73,STOP,-974.93,-1424.16
vwap,PNB,2025-07-29,LONG,2025-07-29T13:00:00,107.93,107.57,108.46,2779,0.36,2025-07-29T13:20:00,108.46,TARGET,1479.93,1028.91
vwap,PNB,2025-07-30,SHORT,2025-07-30T14:00:00,107.90,108.48,107.02,2780,0.58,2025-07-30T14:00:00,108.48,STOP,-1624.66,-2075.82
vwap,PNB,2025-08-05,SHORT,2025-08-05T10:30:00,104.20,104.50,103.74,2879,0.30,2025-08-05T10:40:00,104.50,STOP,-875.76,-1326.41
vwap,PNB,2025-08-06,LONG,2025-08-06T13:10:00,104.45,104.05,105.04,2872,0.40,2025-08-06T13:50:00,104.05,STOP,-1138.62,-1587.74
vwap,PNB,2025-08-07,SHORT,2025-08-07T11:30:00,103.62,103.94,103.13,2895,0.32,2025-08-07T13:10:00,103.13,TARGET,1408.09,959.18
vwap,PNB,2025-08-13,SHORT,2025-08-13T12:10:00,106.31,106.58,105.91,2821,0.27,2025-08-13T12:10:00,106.58,STOP,-753.06,-1203.48
vwap,PNB,2025-08-19,LONG,2025-08-19T10:30:00,107.30,106.99,107.76,2795,0.31,2025-08-19T12:20:00,107.39,TIME_STOP,251.55,-198.49
vwap,PNB,2025-08-20,SHORT,2025-08-20T11:40:00,107.39,107.60,107.07,2793,0.21,2025-08-20T11:50:00,107.07,TARGET,897.69,448.45
vwap,PNB,2025-08-21,LONG,2025-08-21T10:20:00,107.54,107.36,107.80,2789,0.18,2025-08-21T10:30:00,107.80,TARGET,735.68,285.24
vwap,PNB,2025-08-29,LONG,2025-08-29T11:40:00,102.15,101.78,102.71,2936,0.37,2025-08-29T12:00:00,101.78,STOP,-1092.12,-1541.17
vwap,PNB,2025-09-01,LONG,2025-09-01T10:00:00,101.94,101.63,102.40,2942,0.31,2025-09-01T10:10:00,101.63,STOP,-898.77,-1347.96
vwap,PNB,2025-09-04,SHORT,2025-09-04T11:30:00,103.61,103.88,103.20,2895,0.27,2025-09-04T11:30:00,103.88,STOP,-794.29,-1244.81
vwap,PNB,2025-09-05,LONG,2025-09-05T14:10:00,103.88,103.60,104.30,2887,0.28,2025-09-05T14:10:00,103.60,STOP,-809.16,-1258.41
vwap,PNB,2025-09-09,LONG,2025-09-09T11:40:00,104.52,104.25,104.92,2870,0.27,2025-09-09T11:50:00,104.25,STOP,-773.55,-1222.93
vwap,PNB,2025-09-12,SHORT,2025-09-12T11:40:00,107.47,107.72,107.10,2791,0.25,2025-09-12T12:50:00,107.10,TARGET,1043.77,594.63
vwap,PNB,2025-09-16,SHORT,2025-09-16T13:20:00,108.31,108.54,107.96,2769,0.23,2025-09-16T15:10:00,108.44,TIME_STOP,-359.97,-810.11
vwap,PNB,2025-09-17,LONG,2025-09-17T10:30:00,108.87,108.63,109.22,2755,0.24,2025-09-17T10:30:00,109.22,TARGET,977.29,526.65
vwap,PNB,2025-09-23,LONG,2025-09-23T12:40:00,113.90,113.56,114.42,2633,0.34,2025-09-23T13:10:00,113.56,STOP,-906.02,-1355.19
vwap,PNB,2025-09-24,LONG,2025-09-24T10:10:00,114.07,113.70,114.63,2629,0.37,2025-09-24T10:30:00,113.70,STOP,-977.31,-1426.41
vwap,PNB,2025-09-25,LONG,2025-09-25T11:40:00,112.04,111.67,112.59,2677,0.37,2025-09-25T11:50:00,111.67,STOP,-977.91,-1427.07
vwap,PNB,2025-10-01,SHORT,2025-10-01T11:00:00,111.95,112.46,111.19,2679,0.51,2025-10-01T12:40:00,112.46,STOP,-1355.56,-1806.44
vwap,PNB,2025-10-07,SHORT,2025-10-07T11:50:00,114.42,114.75,113.93,2621,0.33,2025-10-07T12:10:00,114.72,REVERSE,-786.30,-1236.73
vwap,PNB,2025-10-08,LONG,2025-10-08T14:00:00,113.77,113.44,114.27,2636,0.33,2025-10-08T14:30:00,113.44,STOP,-876.33,-1325.52
vwap,PNB,2025-10-13,LONG,2025-10-13T13:20:00,116.94,116.64,117.39,2565,0.30,2025-10-13T14:30:00,117.39,TARGET,1160.22,709.42
vwap,PNB,2025-10-16,SHORT,2025-10-16T13:00:00,116.73,117.03,116.28,2570,0.30,2025-10-16T13:10:00,117.03,STOP,-774.83,-1225.40
vwap,PNB,2025-10-30,LONG,2025-10-30T11:10:00,121.17,120.77,121.77,2475,0.40,2025-10-30T11:20:00,121.77,TARGET,1487.79,1036.83
vwap,PNB,2025-11-04,LONG,2025-11-04T13:50:00,123.51,123.15,124.05,2428,0.36,2025-11-04T14:00:00,123.15,STOP,-870.38,-1319.55
vwap,PNB,2025-11-06,SHORT,2025-11-06T10:10:00,122.50,122.88,121.92,2448,0.38,2025-11-06T10:20:00,121.92,TARGET,1411.93,963.17
vwap,PNB,2025-11-07,LONG,2025-11-07T12:20:00,120.95,120.55,121.56,2480,0.40,2025-11-07T12:40:00,121.56,TARGET,1505.75,1054.68
vwap,PNB,2025-11-10,SHORT,2025-11-10T11:10:00,121.77,122.12,121.25,2463,0.35,2025-11-10T11:20:00,121.99,REVERSE,-541.86,-992.15
vwap,PNB,2025-11-11,LONG,2025-11-11T13:20:00,121.70,121.43,122.10,2465,0.27,2025-11-11T13:50:00,122.10,TARGET,980.32,529.60
vwap,PNB,2025-11-19,LONG,2025-11-19T12:30:00,122.85,122.54,123.31,2442,0.31,2025-11-19T12:30:00,123.31,TARGET,1127.69,676.84
vwap,PNB,2025-11-20,SHORT,2025-11-20T14:00:00,124.42,124.68,124.04,2411,0.26,2025-11-20T14:30:00,124.04,TARGET,922.86,473.59
vwap,PNB,2025-11-25,LONG,2025-11-25T12:20:00,122.64,122.30,123.15,2446,0.34,2025-11-25T12:30:00,122.30,STOP,-828.83,-1278.17
vwap,PNB,2025-11-27,SHORT,2025-11-27T11:30:00,124.54,124.88,124.04,2408,0.34,2025-11-27T11:50:00,124.04,TARGET,1210.47,761.54
vwap,PNB,2025-11-28,SHORT,2025-11-28T10:20:00,124.20,124.53,123.70,2415,0.33,2025-11-28T10:50:00,124.53,STOP,-802.03,-1252.55
vwap,PNB,2025-12-05,LONG,2025-12-05T10:10:00,120.56,120.13,121.20,2488,0.43,2025-12-05T10:20:00,121.20,TARGET,1593.70,1142.57
vwap,PNB,2025-12-08,SHORT,2025-12-08T10:10:00,119.77,120.18,119.16,2504,0.41,2025-12-08T10:50:00,119.16,TARGET,1533.07,1084.36
vwap,PNB,2025-12-09,LONG,2025-12-09T11:50:00,117.27,116.87,117.86,2558,0.40,2025-12-09T13:30:00,117.86,TARGET,1516.70,1065.60
vwap,PNB,2025-12-10,SHORT,2025-12-10T11:50:00,117.37,117.72,116.85,2556,0.35,2025-12-10T12:10:00,117.72,STOP,-890.53,-1341.19
vwap,PNB,2025-12-11,LONG,2025-12-11T11:20:00,117.45,117.05,118.04,2554,0.40,2025-12-11T12:10:00,118.04,TARGET,1518.66,1067.57
vwap,PNB,2025-12-12,SHORT,2025-12-12T10:50:00,117.10,117.41,116.63,2561,0.31,2025-12-12T11:50:00,117.41,STOP,-805.08,-1255.52
vwap,PNB,2025-12-16,SHORT,2025-12-16T11:40:00,117.27,117.56,116.83,2558,0.29,2025-12-16T12:50:00,116.83,TARGET,1126.36,677.24
vwap,PNB,2025-12-18,SHORT,2025-12-18T10:00:00,117.89,118.25,117.34,2544,0.36,2025-12-18T10:10:00,118.25,STOP,-925.86,-1376.42
vwap,PNB,2025-12-19,SHORT,2025-12-19T11:50:00,118.91,119.23,118.44,2522,0.32,2025-12-19T12:10:00,119.23,STOP,-797.54,-1247.98
vwap,PNB,2025-12-29,LONG,2025-12-29T12:10:00,120.79,120.34,121.46,2483,0.45,2025-12-29T12:30:00,120.34,STOP,-1113.74,-1562.79
vwap,PNB,2025-12-30,LONG,2025-12-30T10:20:00,120.41,120.01,121.01,2491,0.40,2025-12-30T10:20:00,121.01,TARGET,1489.04,1038.01
vwap,PNB,2026-01-05,SHORT,2026-01-05T13:30:00,125.50,125.87,124.94,2390,0.37,2026-01-05T13:50:00,124.94,TARGET,1327.00,878.08
vwap,PNB,2026-01-06,LONG,2026-01-06T12:00:00,125.71,125.30,126.32,2386,0.41,2026-01-06T13:50:00,125.48,TIME_STOP,-548.78,-998.28
vwap,PNB,2026-01-07,SHORT,2026-01-07T13:30:00,125.38,125.68,124.93,2392,0.30,2026-01-07T14:50:00,125.68,STOP,-714.56,-1164.96
vwap,PNB,2026-01-12,LONG,2026-01-12T13:20:00,123.05,122.53,123.83,2438,0.52,2026-01-12T14:00:00,122.53,STOP,-1270.44,-1719.48
vwap,PNB,2026-01-13,SHORT,2026-01-13T13:20:00,122.86,123.27,122.24,2441,0.41,2026-01-13T13:50:00,123.27,STOP,-1012.54,-1463.15
vwap,PNB,2026-01-19,SHORT,2026-01-19T14:10:00,125.57,126.75,123.80,2120,1.18,2026-01-19T14:10:00,126.75,STOP,-2499.42,-2900.61
vwap,PNB,2026-01-30,LONG,2026-01-30T10:00:00,125.12,124.56,125.96,2397,0.56,2026-01-30T10:00:00,124.60,REVERSE,-1246.44,-1695.37
vwap,PNB,2026-02-04,SHORT,2026-02-04T11:40:00,123.19,123.56,122.63,2435,0.37,2026-02-04T12:10:00,123.56,STOP,-910.04,-1360.67
vwap,PNB,2026-02-05,SHORT,2026-02-05T12:50:00,123.80,124.18,123.24,2423,0.38,2026-02-05T14:40:00,123.77,TIME_STOP,72.69,-377.21
vwap,PNB,2026-02-11,LONG,2026-02-11T13:20:00,122.85,122.50,123.37,2442,0.35,2026-02-11T14:00:00,123.37,TARGET,1267.26,816.31
vwap,PNB,2026-02-16,LONG,2026-02-16T12:30:00,118.99,118.66,119.49,2521,0.33,2026-02-16T12:40:00,119.49,TARGET,1253.23,802.33
vwap,PNB,2026-02-19,SHORT,2026-02-19T11:50:00,127.17,127.55,126.60,2359,0.38,2026-02-19T13:40:00,126.90,TIME_STOP,636.93,187.42
vwap,PNB,2026-02-23,SHORT,2026-02-23T13:40:00,130.26,130.70,129.60,2303,0.44,2026-02-23T15:20:00,130.18,EOD,184.24,-265.60
vwap,PNB,2026-02-24,LONG,2026-02-24T10:20:00,131.32,130.84,132.04,2284,0.48,2026-02-24T11:30:00,132.04,TARGET,1645.66,1194.52
vwap,PNB,2026-02-26,SHORT,2026-02-26T11:20:00,130.49,130.95,129.80,2299,0.46,2026-02-26T12:30:00,129.80,TARGET,1587.41,1138.61
vwap,PNB,2026-03-11,SHORT,2026-03-11T12:00:00,116.57,116.96,115.98,2573,0.39,2026-03-11T12:20:00,116.96,STOP,-1008.41,-1459.07
vwap,PNB,2026-03-12,LONG,2026-03-12T11:20:00,116.95,116.35,117.86,2565,0.60,2026-03-12T11:20:00,116.35,STOP,-1550.13,-1998.94
vwap,BANKBARODA,2024-03-19,SHORT,2024-03-19T10:00:00,237.95,239.20,236.07,1260,1.25,2024-03-19T10:10:00,236.07,TARGET,2363.00,1915.05
vwap,BANKBARODA,2024-03-20,LONG,2024-03-20T13:20:00,234.81,233.42,236.89,1277,1.39,2024-03-20T14:20:00,233.42,STOP,-1773.61,-2222.06
vwap,BANKBARODA,2024-03-27,SHORT,2024-03-27T10:00:00,244.67,245.58,243.31,1226,0.91,2024-03-27T10:30:00,245.58,STOP,-1114.90,-1565.68
vwap,BANKBARODA,2024-03-28,LONG,2024-03-28T10:00:00,245.15,244.08,246.76,1223,1.07,2024-03-28T10:50:00,246.76,TARGET,1965.21,1514.00
vwap,BANKBARODA,2024-04-03,LONG,2024-04-03T14:00:00,253.22,252.50,254.29,1184,0.72,2024-04-03T14:00:00,254.29,TARGET,1272.46,821.79
vwap,BANKBARODA,2024-04-04,SHORT,2024-04-04T11:30:00,253.85,255.11,251.96,1181,1.26,2024-04-04T13:20:00,253.46,TIME_STOP,460.59,11.24
vwap,BANKBARODA,2024-04-05,LONG,2024-04-05T11:20:00,253.90,252.90,255.41,1181,1.00,2024-04-05T11:40:00,252.90,STOP,-1185.70,-1634.60
vwap,BANKBARODA,2024-04-09,LONG,2024-04-09T10:10:00,253.22,252.10,254.90,1184,1.12,2024-04-09T10:20:00,252.10,STOP,-1322.53,-1771.26
vwap,BANKBARODA,2024-04-10,LONG,2024-04-10T10:20:00,251.29,250.39,252.65,1193,0.90,2024-04-10T10:40:00,252.65,TARGET,1617.39,1166.49
vwap,BANKBARODA,2024-04-12,SHORT,2024-04-12T13:30:00,253.66,254.51,252.39,1182,0.85,2024-04-12T14:10:00,252.39,TARGET,1500.98,1052.37
vwap,BANKBARODA,2024-04-18,LONG,2024-04-18T12:40:00,246.41,245.36,247.99,1217,1.05,2024-04-18T13:30:00,245.36,STOP,-1281.68,-1730.54
vwap,BANKBARODA,2024-04-25,LONG,2024-04-25T10:10:00,247.76,246.88,249.08,1210,0.88,2024-04-25T10:10:00,249.08,TARGET,1597.26,1146.38
vwap,BANKBARODA,2024-04-29,LONG,2024-04-29T11:50:00,253.66,252.67,255.14,1182,0.99,2024-04-29T12:40:00,255.14,TARGET,1750.72,1299.66
vwap,BANKBARODA,2024-05-03,SHORT,2024-05-03T11:50:00,260.62,261.87,258.74,1151,1.25,2024-05-03T12:40:00,261.87,STOP,-1444.09,-1895.13
vwap,BANKBARODA,2024-05-09,SHORT,2024-05-09T13:00:00,247.62,249.00,245.55,1211,1.38,2024-05-09T13:50:00,249.00,STOP,-1668.23,-2119.28
vwap,BANKBARODA,2024-05-13,LONG,2024-05-13T12:50:00,244.04,242.25,246.72,1229,1.79,2024-05-13T13:30:00,242.25,STOP,-2199.50,-2647.74
vwap,BANKBARODA,2024-05-14,SHORT,2024-05-14T10:10:00,242.64,244.29,240.16,1236,1.65,2024-05-14T12:00:00,242.88,TIME_STOP,-296.64,-746.72
vwap,BANKBARODA,2024-05-16,SHORT,2024-05-16T11:00:00,246.99,247.99,245.49,1214,1.00,2024-05-16T11:10:00,245.49,TARGET,1815.85,1367.44
vwap,BANKBARODA,2024-05-17,SHORT,2024-05-17T12:10:00,245.34,246.35,243.82,1222,1.01,2024-05-17T12:30:00,245.20,EOD_FORCED,171.08,-278.50
vwap,BANKBARODA,2024-05-21,LONG,2024-05-21T10:30:00,248.49,247.30,250.27,1207,1.19,2024-05-21T10:50:00,247.30,STOP,-1436.07,-1884.89
vwap,BANKBARODA,2024-05-22,SHORT,2024-05-22T11:10:00,248.10,249.23,246.41,1209,1.13,2024-05-22T13:00:00,247.57,TIME_STOP,640.77,191.32
vwap,BANKBARODA,2024-05-27,LONG,2024-05-27T12:40:00,254.04,253.10,255.45,1180,0.94,2024-05-27T14:00:00,255.45,TARGET,1668.84,1217.94
vwap,BANKBARODA,2024-05-28,SHORT,2024-05-28T10:10:00,252.93,254.05,251.25,1186,1.12,2024-05-28T11:30:00,251.25,TARGET,1990.73,1542.26
vwap,BANKBARODA,2024-05-30,LONG,2024-05-30T13:40:00,247.52,246.79,248.61,1212,0.73,2024-05-30T13:50:00,248.61,TARGET,1319.77,868.79
vwap,BANKBARODA,2024-05-31,LONG,2024-05-31T13:30:00,247.86,247.02,249.12,1210,0.84,2024-05-31T13:50:00,249.12,TARGET,1523.90,1072.89
vwap,BANKBARODA,2024-06-04,SHORT,2024-06-04T11:30:00,240.90,244.99,234.77,611,4.09,2024-06-04T11:40:00,234.77,TARGET,3747.12,3529.15
vwap,BANKBARODA,2024-06-05,LONG,2024-06-05T13:00:00,236.11,232.79,241.09,752,3.32,2024-06-05T14:10:00,241.09,TARGET,3748.26,3479.11
vwap,BANKBARODA,2024-06-12,LONG,2024-06-12T10:10:00,260.62,259.52,262.27,1151,1.10,2024-06-12T10:30:00,262.27,TARGET,1903.64,1452.25
vwap,BANKBARODA,2024-06-13,SHORT,2024-06-13T13:50:00,265.40,266.14,264.29,1130,0.74,2024-06-13T15:10:00,266.14,STOP,-834.08,-1284.56
vwap,BANKBARODA,2024-06-14,LONG,2024-06-14T10:10:00,266.13,265.30,267.38,1127,0.83,2024-06-14T11:10:00,267.38,TARGET,1404.94,954.00
vwap,BANKBARODA,2024-06-20,LONG,2024-06-20T13:30:00,268.79,268.02,269.94,1116,0.77,2024-06-20T13:30:00,268.40,REVERSE,-435.24,-884.87
vwap,BANKBARODA,2024-06-24,LONG,2024-06-24T12:10:00,264.15,262.91,266.01,1135,1.24,2024-06-24T14:00:00,264.87,TIME_STOP,817.20,366.87
vwap,BANKBARODA,2024-06-25,SHORT,2024-06-25T12:00:00,264.10,264.88,262.92,1135,0.78,2024-06-25T12:20:00,262.92,TARGET,1334.25,885.62
vwap,BANKBARODA,2024-06-26,SHORT,2024-06-26T13:40:00,264.00,264.81,262.78,1136,0.81,2024-06-26T14:10:00,264.81,STOP,-921.25,-1371.80
vwap,BANKBARODA,2024-07-03,LONG,2024-07-03T11:00:00,258.25,257.11,259.97,1161,1.14,2024-07-03T11:00:00,257.62,REVERSE,-731.43,-1180.62
vwap,BANKBARODA,2024-07-04,SHORT,2024-07-04T10:40:00,257.04,258.11,255.44,1167,1.07,2024-07-04T11:30:00,258.11,STOP,-1247.26,-1698.14
vwap,BANKBARODA,2024-07-09,LONG,2024-07-09T12:00:00,255.16,254.30,256.45,1175,0.86,2024-07-09T12:20:00,254.30,STOP,-1007.60,-1456.57
vwap,BANKBARODA,2024-07-11,SHORT,2024-07-11T10:30:00,248.34,249.23,247.00,1208,0.89,2024-07-11T12:20:00,247.62,TIME_STOP,869.76,420.42
vwap,BANKBARODA,2024-07-12,SHORT,2024-07-12T12:00:00,247.71,248.49,246.54,1211,0.78,2024-07-12T12:40:00,246.54,TARGET,1413.14,964.23
vwap,BANKBARODA,2024-07-15,LONG,2024-07-15T11:30:00,246.17,245.20,247.63,1218,0.97,2024-07-15T12:00:00,245.20,STOP,-1182.63,-1631.50
vwap,BANKBARODA,2024-07-22,LONG,2024-07-22T10:20:00,246.02,244.65,248.08,1219,1.37,2024-07-22T12:10:00,247.04,TIME_STOP,1243.38,792.60
vwap,BANKBARODA,2024-07-26,LONG,2024-07-26T11:20:00,238.77,237.85,240.15,1256,0.92,2024-07-26T13:10:00,239.25,TIME_STOP,602.88,152.59
vwap,BANKBARODA,2024-08-01,SHORT,2024-08-01T11:20:00,244.67,245.85,242.89,1226,1.18,2024-08-01T12:30:00,242.89,TARGET,2176.73,1728.41
vwap,BANKBARODA,2024-08-12,SHORT,2024-08-12T13:20:00,236.74,237.54,235.53,1267,0.80,2024-08-12T14:30:00,237.54,STOP,-1018.40,-1469.09
vwap,BANKBARODA,2024-08-13,LONG,2024-08-13T11:00:00,237.61,236.75,238.91,1262,0.86,2024-08-13T12:00:00,236.75,STOP,-1089.57,-1538.55
vwap,BANKBARODA,2024-08-16,LONG,2024-08-16T14:00:00,234.57,234.01,235.41,1278,0.56,2024-08-16T14:40:00,235.41,TARGET,1075.73,625.25
vwap,BANKBARODA,2024-08-21,SHORT,2024-08-21T11:20:00,243.94,244.67,242.84,1229,0.73,2024-08-21T11:30:00,244.67,STOP,-898.61,-1348.99
vwap,BANKBARODA,2024-08-23,SHORT,2024-08-23T13:50:00,244.81,245.35,244.00,1225,0.54,2024-08-23T15:00:00,244.00,TARGET,993.01,543.92
vwap,BANKBARODA,2024-08-27,LONG,2024-08-27T11:20:00,243.56,242.94,244.49,1231,0.62,2024-08-27T11:40:00,242.94,STOP,-766.66,-1215.81
vwap,BANKBARODA,2024-08-28,LONG,2024-08-28T13:10:00,242.54,242.08,243.23,1236,0.46,2024-08-28T13:10:00,242.08,STOP,-564.74,-1013.98
vwap,BANKBARODA,2024-08-29,LONG,2024-08-29T13:00:00,241.77,241.26,242.54,1240,0.51,2024-08-29T13:50:00,241.26,STOP,-636.30,-1085.52
vwap,BANKBARODA,2024-09-02,SHORT,2024-09-02T10:00:00,240.85,241.62,239.69,1245,0.77,2024-09-02T11:30:00,241.62,STOP,-963.07,-1413.58
vwap,BANKBARODA,2024-09-03,SHORT,2024-09-03T13:10:00,243.60,244.19,242.71,1231,0.59,2024-09-03T14:50:00,242.71,TARGET,1090.59,641.60
vwap,BANKBARODA,2024-09-05,LONG,2024-09-05T13:50:00,235.82,235.25,236.68,1272,0.57,2024-09-05T15:20:00,235.58,EOD,-305.28,-755.00
vwap,BANKBARODA,2024-09-11,SHORT,2024-09-11T12:30:00,227.90,228.62,226.82,1316,0.72,2024-09-11T13:40:00,226.82,TARGET,1421.26,972.45
vwap,BANKBARODA,2024-09-12,LONG,2024-09-12T12:10:00,227.27,226.50,228.43,1320,0.77,2024-09-12T12:40:00,228.43,TARGET,1525.20,1074.06
vwap,BANKBARODA,2024-09-17,LONG,2024-09-17T12:20:00,231.62,231.02,232.52,1295,0.60,2024-09-17T12:40:00,232.52,TARGET,1166.22,715.43
vwap,BANKBARODA,2024-09-18,LONG,2024-09-18T10:00:00,232.20,231.59,233.12,1291,0.61,2024-09-18T10:10:00,231.59,STOP,-793.46,-1242.52
vwap,BANKBARODA,2024-09-20,SHORT,2024-09-20T14:00:00,228.57,229.31,227.46,1312,0.74,2024-09-20T15:10:00,227.46,TARGET,1456.78,1008.05
vwap,BANKBARODA,2024-09-25,LONG,2024-09-25T14:10:00,234.81,234.15,235.80,1277,0.66,2024-09-25T14:30:00,234.15,STOP,-842.77,-1291.92
vwap,BANKBARODA,2024-10-04,LONG,2024-10-04T10:00:00,242.11,240.44,244.62,1239,1.67,2024-10-04T11:20:00,244.62,TARGET,3106.16,2653.87
vwap,BANKBARODA,2024-10-08,LONG,2024-10-08T10:40:00,237.62,235.79,240.36,1262,1.83,2024-10-08T11:50:00,240.36,TARGET,3460.29,3007.88
vwap,BANKBARODA,2024-10-10,SHORT,2024-10-10T13:50:00,239.66,240.44,238.50,1251,0.78,2024-10-10T15:00:00,238.50,TARGET,1456.18,1007.55
vwap,BANKBARODA,2024-10-14,SHORT,2024-10-14T12:30:00,234.95,235.60,233.98,1276,0.65,2024-10-14T12:50:00,235.60,STOP,-826.65,-1276.97
vwap,BANKBARODA,2024-10-15,SHORT,2024-10-15T13:00:00,235.97,236.56,235.09,1271,0.59,2024-10-15T13:00:00,235.09,TARGET,1123.47,674.43
vwap,BANKBARODA,2024-10-16,SHORT,2024-10-16T10:50:00,235.29,235.95,234.31,1275,0.66,2024-10-16T11:30:00,235.95,STOP,-835.30,-1285.92
vwap,BANKBARODA,2024-10-18,LONG,2024-10-18T11:40:00,235.87,234.96,237.23,1271,0.91,2024-10-18T12:30:00,237.23,TARGET,1728.62,1277.63
vwap,BANKBARODA,2024-10-21,SHORT,2024-10-21T12:30:00,238.12,239.05,236.72,1259,0.93,2024-10-21T13:00:00,236.72,TARGET,1763.55,1315.18
vwap,BANKBARODA,2024-10-23,LONG,2024-10-23T13:50:00,228.30,227.11,230.08,1314,1.19,2024-10-23T14:40:00,230.08,TARGET,2341.88,1890.15
vwap,BANKBARODA,2024-10-29,LONG,2024-10-29T12:10:00,243.07,242.03,244.63,1234,1.04,2024-10-29T14:00:00,244.63,TARGET,1927.73,1476.36
vwap,BANKBARODA,2024-11-04,SHORT,2024-11-04T11:00:00,240.85,241.96,239.19,1245,1.11,2024-11-04T12:50:00,240.61,TIME_STOP,298.80,-150.76
vwap,BANKBARODA,2024-11-11,LONG,2024-11-11T11:30:00,250.13,248.76,252.19,1199,1.37,2024-11-11T13:20:00,250.03,TIME_STOP,-119.90,-569.67
vwap,BANKBARODA,2024-11-12,SHORT,2024-11-12T10:30:00,249.16,250.25,247.52,1204,1.09,2024-11-12T12:10:00,247.52,TARGET,1969.49,1520.99
vwap,BANKBARODA,2024-11-19,LONG,2024-11-19T10:10:00,236.74,235.70,238.29,1267,1.04,2024-11-19T11:40:00,235.70,STOP,-1311.72,-1760.66
vwap,BANKBARODA,2024-11-27,SHORT,2024-11-27T10:50:00,237.47,238.37,236.13,1263,0.90,2024-11-27T11:30:00,238.37,STOP,-1132.43,-1583.17
vwap,BANKBARODA,2024-11-28,LONG,2024-11-28T10:00:00,239.93,238.99,241.34,1250,0.94,2024-11-28T10:20:00,241.34,TARGET,1757.22,1306.04
vwap,BANKBARODA,2024-11-29,SHORT,2024-11-29T10:50:00,238.72,239.80,237.10,1256,1.08,2024-11-29T11:40:00,237.10,TARGET,2037.55,1589.33
vwap,BANKBARODA,2024-12-09,LONG,2024-12-09T11:50:00,255.31,254.46,256.58,1175,0.85,2024-12-09T12:30:00,254.46,STOP,-996.65,-1445.89
vwap,BANKBARODA,2024-12-11,SHORT,2024-12-11T13:50:00,254.04,254.61,253.18,1180,0.57,2024-12-11T14:00:00,253.18,TARGET,1012.85,563.96
vwap,BANKBARODA,2024-12-13,LONG,2024-12-13T14:00:00,248.92,247.97,250.34,1205,0.95,2024-12-13T15:20:00,249.40,EOD,578.40,128.04
vwap,BANKBARODA,2024-12-17,SHORT,2024-12-17T10:10:00,248.73,249.46,247.63,1206,0.73,2024-12-17T10:50:00,249.46,STOP,-880.42,-1331.04
vwap,BANKBARODA,2024-12-23,LONG,2024-12-23T13:20:00,237.91,236.92,239.39,1260,0.99,2024-12-23T15:10:00,238.19,TIME_STOP,352.80,-97.11
vwap,BANKBARODA,2024-12-24,SHORT,2024-12-24T11:40:00,236.61,237.47,235.33,1267,0.86,2024-12-24T12:30:00,235.33,TARGET,1626.61,1178.15
vwap,BANKBARODA,2024-12-27,SHORT,2024-12-27T12:20:00,237.52,238.24,236.45,1263,0.72,2024-12-27T13:50:00,238.24,STOP,-903.40,-1354.06
vwap,BANKBARODA,2024-12-30,LONG,2024-12-30T12:00:00,238.96,238.12,240.22,1255,0.84,2024-12-30T12:00:00,238.12,STOP,-1050.33,-1499.39
vwap,BANKBARODA,2025-01-01,LONG,2025-01-01T11:00:00,233.27,232.43,234.53,1286,0.84,2025-01-01T11:40:00,232.43,STOP,-1080.23,-1529.40
vwap,BANKBARODA,2025-01-02,LONG,2025-01-02T13:50:00,232.49,231.66,233.73,1290,0.83,2025-01-02T13:50:00,231.66,STOP,-1066.82,-1515.88
vwap,BANKBARODA,2025-01-07,LONG,2025-01-07T10:30:00,223.58,222.23,225.60,1341,1.35,2025-01-07T12:20:00,224.17,TIME_STOP,791.19,340.87
vwap,BANKBARODA,2025-01-08,SHORT,2025-01-08T10:50:00,222.97,223.89,221.59,1345,0.92,2025-01-08T12:40:00,223.51,TIME_STOP,-726.30,-1176.69
vwap,BANKBARODA,2025-01-09,SHORT,2025-01-09T11:10:00,222.58,223.49,221.22,1347,0.91,2025-01-09T11:40:00,223.49,STOP,-1224.49,-1675.13
vwap,BANKBARODA,2025-01-15,SHORT,2025-01-15T13:20:00,215.88,216.67,214.69,1389,0.79,2025-01-15T13:50:00,214.69,TARGET,1648.34,1199.79
vwap,BANKBARODA,2025-01-23,LONG,2025-01-23T10:20:00,220.63,219.56,222.23,1359,1.07,2025-01-23T11:20:00,219.56,STOP,-1449.67,-1898.33
vwap,BANKBARODA,2025-01-24,LONG,2025-01-24T11:50:00,221.60,220.68,222.98,1353,0.92,2025-01-24T12:10:00,220.68,STOP,-1243.24,-1692.05
vwap,BANKBARODA,2025-01-28,LONG,2025-01-28T12:10:00,216.01,214.73,217.93,1388,1.28,2025-01-28T12:30:00,214.73,STOP,-1772.02,-2220.42
vwap,BANKBARODA,2025-01-30,SHORT,2025-01-30T13:40:00,215.47,216.16,214.43,1392,0.69,2025-01-30T14:20:00,216.16,STOP,-962.54,-1413.17
vwap,BANKBARODA,2025-02-01,LONG,2025-02-01T10:30:00,208.05,207.25,209.25,1441,0.80,2025-02-01T11:10:00,207.25,STOP,-1149.89,-1598.72
vwap,BANKBARODA,2025-02-07,SHORT,2025-02-07T10:10:00,210.32,211.10,209.16,1426,0.78,2025-02-07T10:10:00,211.10,STOP,-1105.75,-1556.46
vwap,BANKBARODA,2025-02-12,LONG,2025-02-12T11:50:00,204.95,203.79,206.69,1463,1.16,2025-02-12T13:10:00,206.69,TARGET,2544.29,2092.62
vwap,BANKBARODA,2025-02-13,SHORT,2025-02-13T12:20:00,204.97,205.66,203.94,1463,0.69,2025-02-13T13:30:00,203.94,TARGET,1509.86,1061.18
vwap,BANKBARODA,2025-02-18,LONG,2025-02-18T12:40:00,198.99,198.15,200.25,1507,0.84,2025-02-18T12:40:00,198.15,STOP,-1264.05,-1712.91
vwap,BANKBARODA,2025-02-21,SHORT,2025-02-21T10:30:00,204.12,204.98,202.83,1469,0.86,2025-02-21T12:20:00,203.66,TIME_STOP,675.74,226.47
vwap,BANKBARODA,2025-02-25,SHORT,2025-02-25T10:20:00,200.68,201.37,199.64,1494,0.69,2025-02-25T10:30:00,199.64,TARGET,1554.24,1105.68
vwap,BANKBARODA,2025-03-12,LONG,2025-03-12T10:00:00,197.61,196.78,198.86,1518,0.83,2025-03-12T10:20:00,196.78,STOP,-1266.09,-1715.10
vwap,BANKBARODA,2025-03-17,SHORT,2025-03-17T10:20:00,197.89,198.61,196.82,1515,0.72,2025-03-17T11:00:00,198.61,STOP,-1084.88,-1535.40
vwap,BANKBARODA,2025-03-21,SHORT,2025-03-21T14:10:00,208.73,209.17,208.06,1437,0.44,2025-03-21T14:10:00,209.17,STOP,-637.59,-1087.98
vwap,BANKBARODA,2025-03-25,SHORT,2025-03-25T11:00:00,214.41,215.35,213.00,1399,0.94,2025-03-25T12:30:00,215.35,STOP,-1312.22,-1763.14
vwap,BANKBARODA,2025-03-28,SHORT,2025-03-28T12:40:00,220.54,221.46,219.15,1360,0.92,2025-03-28T14:30:00,220.64,TIME_STOP,-136.00,-586.00
vwap,BANKBARODA,2025-04-01,SHORT,2025-04-01T11:10:00,220.25,221.26,218.74,1362,1.01,2025-04-01T11:20:00,221.26,STOP,-1374.80,-1825.80
vwap,BANKBARODA,2025-04-02,SHORT,2025-04-02T10:00:00,219.34,220.53,217.56,1367,1.19,2025-04-02T10:50:00,220.53,STOP,-1622.40,-2073.37
vwap,BANKBARODA,2025-04-09,SHORT,2025-04-09T10:20:00,224.19,225.25,222.60,1338,1.06,2025-04-09T10:20:00,225.25,STOP,-1422.44,-1873.45
vwap,BANKBARODA,2025-04-24,SHORT,2025-04-24T14:10:00,243.52,244.13,242.60,1231,0.61,2025-04-24T14:20:00,244.13,STOP,-755.54,-1205.76
vwap,BANKBARODA,2025-05-06,SHORT,2025-05-06T10:00:00,237.85,238.97,236.18,1261,1.12,2025-05-06T10:40:00,238.97,STOP,-1408.01,-1858.96
vwap,BANKBARODA,2025-05-09,LONG,2025-05-09T13:00:00,211.98,210.99,213.46,1415,0.99,2025-05-09T13:10:00,210.99,STOP,-1400.24,-1849.12
vwap,BANKBARODA,2025-05-20,SHORT,2025-05-20T12:10:00,231.78,232.54,230.64,1294,0.76,2025-05-20T12:20:00,232.54,STOP,-982.26,-1432.88
vwap,BANKBARODA,2025-05-22,SHORT,2025-05-22T14:10:00,231.01,231.82,229.80,1298,0.81,2025-05-22T14:40:00,231.82,STOP,-1049.35,-1499.92
vwap,BANKBARODA,2025-05-26,SHORT,2025-05-26T10:50:00,233.42,234.09,232.42,1285,0.67,2025-05-26T12:40:00,232.84,TIME_STOP,745.30,295.94
vwap,BANKBARODA,2025-05-27,LONG,2025-05-27T12:30:00,233.41,232.73,234.43,1285,0.68,2025-05-27T14:00:00,232.73,STOP,-870.18,-1319.43
vwap,BANKBARODA,2025-06-03,SHORT,2025-06-03T11:50:00,244.81,245.64,243.56,1225,0.83,2025-06-03T12:10:00,243.56,TARGET,1532.76,1084.07
vwap,BANKBARODA,2025-06-04,LONG,2025-06-04T11:00:00,245.92,245.12,247.12,1219,0.80,2025-06-04T12:50:00,245.59,TIME_STOP,-402.27,-851.63
vwap,BANKBARODA,2025-06-10,SHORT,2025-06-10T10:10:00,247.33,248.01,246.32,1212,0.68,2025-06-10T10:20:00,248.01,STOP,-819.40,-1269.66
vwap,BANKBARODA,2025-06-16,LONG,2025-06-16T12:20:00,239.27,238.37,240.62,1253,0.90,2025-06-16T12:20:00,238.37,STOP,-1130.88,-1579.74
vwap,BANKBARODA,2025-06-17,SHORT,2025-06-17T11:40:00,239.32,240.01,238.28,1253,0.69,2025-06-17T12:50:00,238.28,TARGET,1304.45,855.63
vwap,BANKBARODA,2025-06-18,LONG,2025-06-18T10:20:00,239.15,238.51,240.10,1254,0.64,2025-06-18T10:30:00,238.60,REVERSE,-689.70,-1139.02
vwap,BANKBARODA,2025-06-20,LONG,2025-06-20T10:50:00,234.56,233.70,235.85,1278,0.86,2025-06-20T11:10:00,235.85,TARGET,1652.20,1201.31
vwap,BANKBARODA,2025-06-23,LONG,2025-06-23T11:40:00,234.61,233.77,235.87,1278,0.84,2025-06-23T13:30:00,235.00,TIME_STOP,498.42,48.30
vwap,BANKBARODA,2025-07-02,SHORT,2025-07-02T10:00:00,243.43,244.43,241.94,1232,1.00,2025-07-02T11:20:00,244.43,STOP,-1227.06,-1677.84
vwap,BANKBARODA,2025-07-07,SHORT,2025-07-07T13:30:00,241.62,242.23,240.71,1241,0.61,2025-07-07T14:50:00,240.71,TARGET,1131.79,682.87
vwap,BANKBARODA,2025-07-11,LONG,2025-07-11T13:10:00,239.00,238.20,240.19,1255,0.80,2025-07-11T13:10:00,238.20,STOP,-999.39,-1448.56
vwap,BANKBARODA,2025-07-18,SHORT,2025-07-18T10:30:00,245.46,246.19,244.36,1222,0.73,2025-07-18T11:30:00,246.19,STOP,-893.45,-1344.05
vwap,BANKBARODA,2025-07-21,LONG,2025-07-21T13:00:00,245.00,244.25,246.13,1224,0.75,2025-07-21T13:50:00,244.25,STOP,-920.22,-1369.35
vwap,BANKBARODA,2025-07-23,LONG,2025-07-23T12:30:00,241.10,240.45,242.07,1244,0.65,2025-07-23T14:20:00,241.77,TIME_STOP,833.48,382.96
vwap,BANKBARODA,2025-07-25,SHORT,2025-07-25T13:10:00,243.79,244.63,242.52,1230,0.84,2025-07-25T14:50:00,242.52,TARGET,1558.34,1109.72
vwap,BANKBARODA,2025-07-28,SHORT,2025-07-28T10:00:00,242.30,243.80,240.05,1238,1.50,2025-07-28T10:10:00,243.80,STOP,-1857.92,-2309.26
vwap,BANKBARODA,2025-07-29,LONG,2025-07-29T10:40:00,241.82,240.80,243.36,1240,1.02,2025-07-29T11:10:00,241.15,REVERSE,-830.80,-1279.96
vwap,BANKBARODA,2025-07-30,LONG,2025-07-30T12:10:00,242.50,241.82,243.52,1237,0.68,2025-07-30T13:30:00,241.82,STOP,-839.89,-1289.22
vwap,BANKBARODA,2025-07-31,LONG,2025-07-31T12:50:00,240.38,239.58,241.59,1248,0.80,2025-07-31T14:20:00,239.58,STOP,-1003.13,-1452.37
vwap,BANKBARODA,2025-08-04,LONG,2025-08-04T13:00:00,238.86,238.11,239.98,1255,0.75,2025-08-04T13:20:00,239.98,TARGET,1405.16,954.45
vwap,BANKBARODA,2025-08-05,SHORT,2025-08-05T14:10:00,240.17,240.76,239.29,1249,0.59,2025-08-05T14:40:00,240.76,STOP,-734.40,-1184.91
vwap,BANKBARODA,2025-08-06,SHORT,2025-08-06T11:00:00,240.05,240.87,238.83,1249,0.82,2025-08-06T12:20:00,240.87,STOP,-1018.91,-1469.41
vwap,BANKBARODA,2025-08-07,SHORT,2025-08-07T10:40:00,240.74,241.48,239.64,1246,0.74,2025-08-07T11:00:00,241.48,STOP,-917.68,-1368.31
vwap,BANKBARODA,2025-08-08,SHORT,2025-08-08T12:10:00,239.71,240.38,238.71,1251,0.67,2025-08-08T12:30:00,240.38,STOP,-833.42,-1283.86
vwap,BANKBARODA,2025-08-12,SHORT,2025-08-12T13:30:00,242.86,243.41,242.04,1235,0.55,2025-08-12T13:50:00,243.41,STOP,-675.95,-1126.36
vwap,BANKBARODA,2025-08-13,SHORT,2025-08-13T10:50:00,242.98,243.56,242.11,1234,0.58,2025-08-13T11:50:00,242.11,TARGET,1072.11,623.16
vwap,BANKBARODA,2025-08-14,LONG,2025-08-14T10:30:00,243.11,242.50,244.02,1234,0.61,2025-08-14T11:50:00,242.50,STOP,-749.98,-1199.42
vwap,BANKBARODA,2025-08-18,SHORT,2025-08-18T12:30:00,242.59,243.24,241.61,1236,0.65,2025-08-18T14:20:00,241.61,TARGET,1209.54,760.69
vwap,BANKBARODA,2025-08-19,LONG,2025-08-19T10:30:00,244.00,243.35,244.97,1229,0.65,2025-08-19T12:10:00,244.97,TARGET,1195.91,745.20
vwap,BANKBARODA,2025-08-20,SHORT,2025-08-20T12:30:00,245.56,246.15,244.68,1221,0.59,2025-08-20T13:00:00,244.68,TARGET,1076.89,627.96
vwap,BANKBARODA,2025-08-21,LONG,2025-08-21T10:10:00,246.01,245.56,246.69,1219,0.45,2025-08-21T10:30:00,246.69,TARGET,825.93,375.48
vwap,BANKBARODA,2025-08-29,LONG,2025-08-29T13:10:00,233.50,232.88,234.43,1284,0.62,2025-08-29T14:00:00,232.88,STOP,-793.28,-1242.41
vwap,BANKBARODA,2025-09-04,SHORT,2025-09-04T11:00:00,236.99,237.64,236.01,1265,0.65,2025-09-04T11:20:00,236.01,TARGET,1234.52,785.75
vwap,BANKBARODA,2025-09-08,SHORT,2025-09-08T14:10:00,234.95,235.49,234.14,1276,0.54,2025-09-08T14:30:00,235.49,STOP,-690.02,-1140.23
vwap,BANKBARODA,2025-09-12,SHORT,2025-09-12T10:30:00,238.27,238.80,237.47,1259,0.53,2025-09-12T11:00:00,237.47,TARGET,1006.45,557.23
vwap,BANKBARODA,2025-09-15,SHORT,2025-09-15T13:00:00,237.64,238.14,236.90,1262,0.50,2025-09-15T13:20:00,238.14,STOP,-626.51,-1076.84
vwap,BANKBARODA,2025-09-22,SHORT,2025-09-22T14:10:00,252.14,252.67,251.34,1189,0.53,2025-09-22T14:20:00,252.67,STOP,-635.17,-1085.34
vwap,BANKBARODA,2025-09-23,LONG,2025-09-23T12:40:00,253.07,252.31,254.21,1185,0.76,2025-09-23T13:40:00,254.21,TARGET,1345.33,894.49
vwap,BANKBARODA,2025-09-25,LONG,2025-09-25T10:20:00,255.62,254.74,256.94,1173,0.88,2025-09-25T10:40:00,254.74,STOP,-1028.47,-1477.47
vwap,BANKBARODA,2025-09-29,LONG,2025-09-29T13:40:00,253.06,252.27,254.25,1185,0.79,2025-09-29T14:20:00,254.25,TARGET,1405.54,954.67
vwap,BANKBARODA,2025-10-01,SHORT,2025-10-01T10:50:00,256.50,257.66,254.76,1169,1.16,2025-10-01T11:40:00,257.66,STOP,-1352.41,-1803.19
vwap,BANKBARODA,2025-10-08,LONG,2025-10-08T13:40:00,261.70,260.91,262.88,1146,0.79,2025-10-08T13:50:00,262.88,TARGET,1355.43,904.55
vwap,BANKBARODA,2025-10-13,LONG,2025-10-13T10:30:00,267.70,266.88,268.93,1120,0.82,2025-10-13T11:00:00,266.88,STOP,-916.31,-1365.36
vwap,BANKBARODA,2025-10-15,LONG,2025-10-15T10:10:00,266.35,265.49,267.64,1126,0.86,2025-10-15T10:50:00,267.64,TARGET,1453.41,1002.45
vwap,BANKBARODA,2025-10-30,LONG,2025-10-30T10:30:00,276.35,275.33,277.88,1085,1.02,2025-10-30T10:30:00,275.33,STOP,-1105.98,-1554.91
vwap,BANKBARODA,2025-11-04,SHORT,2025-11-04T10:50:00,289.10,290.19,287.46,1037,1.09,2025-11-04T12:40:00,287.46,TARGET,1697.84,1249.42
vwap,BANKBARODA,2025-11-06,LONG,2025-11-06T10:00:00,289.50,288.32,291.27,1036,1.18,2025-11-06T10:00:00,288.32,STOP,-1223.89,-1672.85
vwap,BANKBARODA,2025-11-07,LONG,2025-11-07T11:30:00,287.45,286.36,289.09,1043,1.09,2025-11-07T13:00:00,289.09,TARGET,1712.25,1261.25
vwap,BANKBARODA,2025-11-10,SHORT,2025-11-10T10:30:00,287.65,288.62,286.19,1042,0.97,2025-11-10T12:20:00,286.75,TIME_STOP,937.80,488.91
vwap,BANKBARODA,2025-11-11,LONG,2025-11-11T14:00:00,285.40,284.67,286.49,1051,0.73,2025-11-11T14:10:00,284.67,STOP,-762.13,-1211.50
vwap,BANKBARODA,2025-11-12,SHORT,2025-11-12T12:10:00,285.30,286.15,284.02,1051,0.85,2025-11-12T12:20:00,286.15,STOP,-898.60,-1349.05
vwap,BANKBARODA,2025-11-17,SHORT,2025-11-17T14:10:00,288.35,289.04,287.31,1040,0.69,2025-11-17T15:20:00,287.80,EOD,572.00,122.60
vwap,BANKBARODA,2025-11-18,LONG,2025-11-18T11:00:00,289.00,288.20,290.20,1038,0.80,2025-11-18T11:50:00,288.20,STOP,-827.09,-1276.45
vwap,BANKBARODA,2025-11-19,SHORT,2025-11-19T10:00:00,287.70,288.41,286.63,1042,0.71,2025-11-19T10:00:00,288.41,STOP,-741.17,-1191.40
vwap,BANKBARODA,2025-11-20,SHORT,2025-11-20T11:30:00,291.20,291.90,290.15,1030,0.70,2025-11-20T12:30:00,290.15,TARGET,1078.35,629.25
vwap,BANKBARODA,2025-11-25,LONG,2025-11-25T11:00:00,283.90,283.10,285.10,1056,0.80,2025-11-25T12:00:00,285.10,TARGET,1262.39,811.74
vwap,BANKBARODA,2025-12-04,LONG,2025-12-04T11:20:00,288.40,287.35,289.98,1040,1.05,2025-12-04T11:30:00,287.65,REVERSE,-780.00,-1229.32
vwap,BANKBARODA,2025-12-05,LONG,2025-12-05T10:20:00,289.40,288.33,291.00,1036,1.07,2025-12-05T10:30:00,288.33,STOP,-1104.63,-1553.53
vwap,BANKBARODA,2025-12-08,SHORT,2025-12-08T10:10:00,288.50,289.56,286.91,1039,1.06,2025-12-08T11:20:00,286.91,TARGET,1651.92,1203.53
vwap,BANKBARODA,2025-12-09,LONG,2025-12-09T11:10:00,286.80,285.65,288.53,1046,1.15,2025-12-09T13:00:00,288.10,TIME_STOP,1359.80,908.79
vwap,BANKBARODA,2025-12-10,SHORT,2025-12-10T11:30:00,287.25,288.08,286.00,1044,0.83,2025-12-10T12:30:00,286.00,TARGET,1306.85,857.99
vwap,BANKBARODA,2025-12-12,LONG,2025-12-12T10:00:00,285.75,284.92,287.00,1049,0.83,2025-12-12T10:00:00,284.92,STOP,-874.90,-1323.87
vwap,BANKBARODA,2025-12-29,LONG,2025-12-29T12:10:00,289.90,289.32,290.76,1034,0.58,2025-12-29T12:30:00,289.32,STOP,-595.45,-1044.64
vwap,BANKBARODA,2025-12-30,LONG,2025-12-30T10:40:00,289.70,288.83,291.01,1035,0.87,2025-12-30T10:50:00,288.83,STOP,-904.06,-1353.15
vwap,BANKBARODA,2026-01-05,SHORT,2026-01-05T14:00:00,305.10,306.17,303.50,983,1.07,2026-01-05T14:10:00,306.17,STOP,-1047.84,-1498.49
vwap,BANKBARODA,2026-01-06,LONG,2026-01-06T11:20:00,306.90,305.95,308.33,977,0.95,2026-01-06T11:20:00,305.95,STOP,-928.77,-1377.83
vwap,BANKBARODA,2026-01-07,LONG,2026-01-07T10:00:00,306.90,305.82,308.53,977,1.08,2026-01-07T11:20:00,308.53,TARGET,1588.09,1137.13
vwap,BANKBARODA,2026-01-12,LONG,2026-01-12T13:20:00,300.85,299.55,302.80,997,1.30,2026-01-12T15:10:00,301.85,TIME_STOP,997.00,546.33
vwap,BANKBARODA,2026-01-13,SHORT,2026-01-13T12:00:00,300.20,301.20,298.69,999,1.00,2026-01-13T12:30:00,301.20,STOP,-1002.48,-1453.08
vwap,BANKBARODA,2026-01-20,SHORT,2026-01-20T10:00:00,304.00,305.41,301.88,986,1.41,2026-01-20T11:50:00,304.90,TIME_STOP,-887.40,-1337.68
vwap,BANKBARODA,2026-01-21,LONG,2026-01-21T10:00:00,304.20,302.93,306.11,986,1.27,2026-01-21T10:30:00,302.93,STOP,-1252.39,-1701.36
vwap,BANKBARODA,2026-01-27,LONG,2026-01-27T12:10:00,299.20,298.14,300.79,1002,1.06,2026-01-27T12:30:00,298.14,STOP,-1062.84,-1511.74
vwap,BANKBARODA,2026-01-29,SHORT,2026-01-29T12:20:00,302.75,303.76,301.24,990,1.01,2026-01-29T12:30:00,303.76,STOP,-998.93,-1449.26
vwap,BANKBARODA,2026-02-05,SHORT,2026-02-05T12:30:00,289.20,290.15,287.78,1037,0.95,2026-02-05T12:50:00,290.15,STOP,-984.26,-1434.85
vwap,BANKBARODA,2026-02-11,LONG,2026-02-11T11:40:00,291.00,289.99,292.51,1030,1.01,2026-02-11T12:00:00,289.99,STOP,-1037.39,-1486.20
vwap,BANKBARODA,2026-02-12,SHORT,2026-02-12T11:40:00,289.45,290.23,288.28,1036,0.78,2026-02-12T11:50:00,290.23,STOP,-811.44,-1261.86
vwap,BANKBARODA,2026-02-16,LONG,2026-02-16T10:10:00,287.00,286.06,288.42,1045,0.94,2026-02-16T11:20:00,288.42,TARGET,1479.06,1028.08
vwap,BANKBARODA,2026-02-19,SHORT,2026-02-19T12:20:00,303.50,304.35,302.22,988,0.85,2026-02-19T12:20:00,304.35,STOP,-841.56,-1291.98
vwap,BANKBARODA,2026-02-24,LONG,2026-02-24T11:30:00,313.75,312.49,315.64,956,1.26,2026-02-24T11:50:00,312.49,STOP,-1205.38,-1654.39
vwap,BANKBARODA,2026-03-11,SHORT,2026-03-11T11:20:00,291.95,293.01,290.36,1027,1.06,2026-03-11T11:40:00,290.36,TARGET,1629.44,1180.92
vwap,BANKBARODA,2026-03-12,LONG,2026-03-12T12:40:00,289.90,288.70,291.70,1034,1.20,2026-03-12T13:20:00,291.70,TARGET,1860.37,1409.34
vwap,WIPRO,2024-03-28,LONG,2024-03-28T10:20:00,228.35,227.57,229.52,1313,0.78,2024-03-28T12:10:00,228.95,TIME_STOP,787.80,337.47
vwap,WIPRO,2024-04-03,LONG,2024-04-03T10:30:00,231.70,230.99,232.77,1294,0.71,2024-04-03T11:20:00,232.77,TARGET,1380.16,929.39
vwap,WIPRO,2024-04-04,LONG,2024-04-04T12:00:00,231.70,230.89,232.92,1294,0.81,2024-04-04T12:20:00,230.89,STOP,-1050.42,-1499.36
vwap,WIPRO,2024-04-05,SHORT,2024-04-05T11:30:00,231.70,232.47,230.55,1294,0.77,2024-04-05T13:20:00,231.50,TIME_STOP,258.80,-190.74
vwap,WIPRO,2024-04-10,LONG,2024-04-10T13:00:00,227.85,227.31,228.66,1316,0.54,2024-04-10T13:40:00,228.66,TARGET,1066.85,616.27
vwap,WIPRO,2024-04-12,SHORT,2024-04-12T10:00:00,227.50,228.27,226.35,1318,0.77,2024-04-12T10:30:00,228.27,STOP,-1012.50,-1463.02
vwap,WIPRO,2024-04-19,LONG,2024-04-19T13:20:00,213.55,212.74,214.76,1404,0.81,2024-04-19T13:40:00,214.76,TARGET,1697.14,1246.13
vwap,WIPRO,2024-04-23,SHORT,2024-04-23T11:50:00,220.00,220.61,219.08,1363,0.61,2024-04-23T12:00:00,220.61,STOP,-834.42,-1284.83
vwap,WIPRO,2024-04-30,SHORT,2024-04-30T11:10:00,221.10,221.62,220.31,1356,0.52,2024-04-30T11:30:00,221.62,STOP,-710.53,-1160.78
vwap,WIPRO,2024-05-07,SHORT,2024-05-07T10:30:00,218.50,219.14,217.54,1372,0.64,2024-05-07T10:50:00,217.54,TARGET,1314.60,865.92
vwap,WIPRO,2024-05-09,LONG,2024-05-09T12:20:00,221.75,221.00,222.88,1352,0.75,2024-05-09T12:40:00,221.00,STOP,-1019.66,-1468.61
vwap,WIPRO,2024-05-15,SHORT,2024-05-15T10:50:00,217.55,218.23,216.54,1378,0.68,2024-05-15T10:50:00,218.23,STOP,-930.27,-1380.65
vwap,WIPRO,2024-05-16,SHORT,2024-05-16T13:20:00,219.60,220.40,218.40,1366,0.80,2024-05-16T13:40:00,218.40,TARGET,1636.59,1187.86
vwap,WIPRO,2024-05-21,SHORT,2024-05-21T10:50:00,220.40,220.95,219.57,1361,0.55,2024-05-21T11:00:00,220.80,REVERSE,-544.40,-994.75
vwap,WIPRO,2024-05-24,SHORT,2024-05-24T14:00:00,222.60,223.14,221.79,1347,0.54,2024-05-24T15:00:00,221.79,TARGET,1097.35,648.41
vwap,WIPRO,2024-05-28,LONG,2024-05-28T11:00:00,217.90,217.34,218.74,1376,0.56,2024-05-28T11:40:00,217.34,STOP,-774.38,-1223.54
vwap,WIPRO,2024-05-31,LONG,2024-05-31T12:40:00,210.85,210.16,211.88,1422,0.69,2024-05-31T13:00:00,210.16,STOP,-976.09,-1425.10
vwap,WIPRO,2024-06-04,LONG,2024-06-04T10:20:00,211.35,209.96,213.44,1419,1.39,2024-06-04T10:50:00,209.96,STOP,-1976.67,-2425.05
vwap,WIPRO,2024-06-10,SHORT,2024-06-10T10:00:00,227.30,228.40,225.66,1319,1.10,2024-06-10T11:00:00,228.40,STOP,-1445.05,-1895.85
vwap,WIPRO,2024-06-21,SHORT,2024-06-21T13:00:00,235.35,236.22,234.05,1274,0.87,2024-06-21T14:00:00,236.22,STOP,-1102.87,-1553.45
vwap,WIPRO,2024-06-25,LONG,2024-06-25T10:50:00,235.80,235.22,236.67,1272,0.58,2024-06-25T12:40:00,235.70,TIME_STOP,-127.20,-577.01
vwap,WIPRO,2024-07-09,SHORT,2024-07-09T10:40:00,257.00,257.86,255.70,1167,0.86,2024-07-09T10:50:00,257.86,STOP,-1009.10,-1459.73
vwap,WIPRO,2024-07-10,SHORT,2024-07-10T10:10:00,257.60,258.27,256.60,1164,0.67,2024-07-10T10:10:00,256.60,TARGET,1163.77,714.87
vwap,WIPRO,2024-07-11,SHORT,2024-07-11T10:30:00,255.05,256.02,253.60,1176,0.97,2024-07-11T11:10:00,253.60,TARGET,1703.94,1255.31
vwap,WIPRO,2024-07-15,SHORT,2024-07-15T14:10:00,267.25,267.93,266.24,1122,0.68,2024-07-15T14:10:00,266.24,TARGET,1136.06,687.13
vwap,WIPRO,2024-07-16,LONG,2024-07-16T13:10:00,267.55,266.90,268.52,1121,0.65,2024-07-16T15:00:00,267.95,TIME_STOP,448.40,-1.82
vwap,WIPRO,2024-07-19,SHORT,2024-07-19T11:00:00,268.55,270.02,266.35,1117,1.47,2024-07-19T12:50:00,268.75,TIME_STOP,-223.40,-673.52
vwap,WIPRO,2024-07-24,SHORT,2024-07-24T13:00:00,239.65,240.45,238.45,1251,0.80,2024-07-24T14:50:00,239.55,TIME_STOP,125.10,-324.51
vwap,WIPRO,2024-07-25,LONG,2024-07-25T11:20:00,240.40,239.52,241.72,1247,0.88,2024-07-25T11:20:00,239.52,STOP,-1101.17,-1550.01
vwap,WIPRO,2024-07-30,SHORT,2024-07-30T13:40:00,249.05,249.65,248.15,1204,0.60,2024-07-30T14:40:00,249.65,STOP,-718.86,-1169.18
vwap,WIPRO,2024-07-31,LONG,2024-07-31T10:30:00,250.25,249.53,251.33,1198,0.72,2024-07-31T11:00:00,249.53,STOP,-858.59,-1307.65
vwap,WIPRO,2024-08-01,SHORT,2024-08-01T12:50:00,249.55,250.22,248.55,1202,0.67,2024-08-01T13:30:00,248.55,TARGET,1206.98,757.94
vwap,WIPRO,2024-08-09,SHORT,2024-08-09T13:00:00,234.25,234.83,233.39,1280,0.58,2024-08-09T14:00:00,234.83,STOP,-736.41,-1186.72
vwap,WIPRO,2024-08-12,LONG,2024-08-12T11:30:00,235.50,234.76,236.61,1273,0.74,2024-08-12T11:40:00,234.76,STOP,-944.44,-1393.42
vwap,WIPRO,2024-08-13,LONG,2024-08-13T11:00:00,234.75,234.07,235.78,1277,0.68,2024-08-13T12:50:00,234.70,TIME_STOP,-63.85,-513.47
vwap,WIPRO,2024-08-20,SHORT,2024-08-20T13:00:00,249.65,250.29,248.69,1201,0.64,2024-08-20T13:50:00,250.29,STOP,-772.47,-1222.80
vwap,WIPRO,2024-08-21,SHORT,2024-08-21T12:10:00,250.05,250.60,249.22,1199,0.55,2024-08-21T12:50:00,249.22,TARGET,996.82,547.85
vwap,WIPRO,2024-08-27,SHORT,2024-08-27T10:00:00,248.85,249.48,247.90,1205,0.63,2024-08-27T10:10:00,247.90,TARGET,1146.78,697.84
vwap,WIPRO,2024-09-02,SHORT,2024-09-02T10:20:00,256.00,256.93,254.61,1171,0.93,2024-09-02T10:30:00,256.93,STOP,-1086.65,-1537.12
vwap,WIPRO,2024-09-03,LONG,2024-09-03T10:10:00,258.10,257.14,259.54,1162,0.96,2024-09-03T10:10:00,257.14,STOP,-1112.35,-1561.38
vwap,WIPRO,2024-09-05,LONG,2024-09-05T10:30:00,250.05,249.35,251.10,1199,0.70,2024-09-05T10:30:00,249.35,STOP,-839.07,-1288.16
vwap,WIPRO,2024-09-06,SHORT,2024-09-06T11:00:00,250.20,251.13,248.81,1199,0.93,2024-09-06T11:20:00,251.13,STOP,-1111.38,-1562.20
vwap,WIPRO,2024-09-10,LONG,2024-09-10T12:00:00,247.35,246.63,248.42,1212,0.72,2024-09-10T12:20:00,248.42,TARGET,1301.33,850.67
vwap,WIPRO,2024-09-11,SHORT,2024-09-11T10:40:00,249.15,249.87,248.07,1204,0.72,2024-09-11T11:10:00,249.87,STOP,-869.64,-1320.26
vwap,WIPRO,2024-09-12,LONG,2024-09-12T11:00:00,249.25,248.29,250.70,1203,0.96,2024-09-12T12:50:00,249.95,TIME_STOP,842.10,391.70
vwap,WIPRO,2024-09-17,LONG,2024-09-17T11:40:00,264.20,263.35,265.47,1135,0.85,2024-09-17T13:30:00,264.10,TIME_STOP,-113.50,-563.22
vwap,WIPRO,2024-09-19,SHORT,2024-09-19T10:20:00,256.10,257.70,253.70,1171,1.60,2024-09-19T11:10:00,257.70,STOP,-1871.48,-2322.73
vwap,WIPRO,2024-09-20,LONG,2024-09-20T12:00:00,255.60,254.64,257.04,1173,0.96,2024-09-20T13:40:00,254.64,STOP,-1125.81,-1574.70
vwap,WIPRO,2024-09-24,LONG,2024-09-24T12:30:00,256.30,255.39,257.67,1170,0.91,2024-09-24T14:20:00,257.67,TARGET,1601.46,1150.45
vwap,WIPRO,2024-09-25,SHORT,2024-09-25T10:30:00,255.10,256.10,253.61,1176,1.00,2024-09-25T12:20:00,254.25,TIME_STOP,999.60,550.35
vwap,WIPRO,2024-09-27,SHORT,2024-09-27T13:00:00,259.90,260.90,258.39,1154,1.00,2024-09-27T14:50:00,259.30,TIME_STOP,692.40,243.03
vwap,WIPRO,2024-09-30,LONG,2024-09-30T13:40:00,259.60,258.85,260.72,1155,0.75,2024-09-30T14:10:00,258.85,STOP,-862.22,-1311.34
vwap,WIPRO,2024-10-04,LONG,2024-10-04T10:00:00,256.05,254.93,257.73,1171,1.12,2024-10-04T10:30:00,257.73,TARGET,1972.90,1521.67
vwap,WIPRO,2024-10-07,SHORT,2024-10-07T10:50:00,254.65,255.78,252.96,1178,1.13,2024-10-07T11:00:00,252.96,TARGET,1992.19,1543.72
vwap,WIPRO,2024-10-10,SHORT,2024-10-10T13:30:00,252.45,253.29,251.19,1188,0.84,2024-10-10T13:30:00,251.19,TARGET,1493.22,1044.48
vwap,WIPRO,2024-10-11,SHORT,2024-10-11T10:50:00,252.45,253.58,250.76,1188,1.13,2024-10-11T12:20:00,250.76,TARGET,2005.85,1557.49
vwap,WIPRO,2024-10-15,SHORT,2024-10-15T10:40:00,258.25,259.41,256.51,1161,1.16,2024-10-15T10:50:00,259.41,STOP,-1349.64,-1800.39
vwap,WIPRO,2024-10-21,SHORT,2024-10-21T12:50:00,263.15,264.19,261.59,1140,1.04,2024-10-21T14:00:00,264.19,STOP,-1186.90,-1637.78
vwap,WIPRO,2024-10-22,LONG,2024-10-22T10:10:00,265.00,263.95,266.57,1132,1.05,2024-10-22T10:10:00,263.95,STOP,-1184.64,-1633.72
vwap,WIPRO,2024-10-23,LONG,2024-10-23T10:40:00,263.25,262.06,265.03,1139,1.19,2024-10-23T12:30:00,263.45,TIME_STOP,227.80,-222.13
vwap,WIPRO,2024-10-28,LONG,2024-10-28T10:40:00,264.20,263.30,265.54,1135,0.90,2024-10-28T10:50:00,265.54,TARGET,1525.11,1074.17
vwap,WIPRO,2024-10-29,SHORT,2024-10-29T10:50:00,265.25,266.24,263.77,1131,0.99,2024-10-29T11:40:00,266.24,STOP,-1116.33,-1567.16
vwap,WIPRO,2024-11-07,SHORT,2024-11-07T10:50:00,266.15,267.34,264.37,1127,1.19,2024-11-07T11:00:00,267.34,STOP,-1338.68,-1789.61
vwap,WIPRO,2024-11-11,LONG,2024-11-11T10:10:00,274.50,273.46,276.06,1092,1.04,2024-11-11T10:50:00,276.06,TARGET,1699.03,1248.12
vwap,WIPRO,2024-11-12,LONG,2024-11-12T10:00:00,276.20,275.16,277.76,1086,1.04,2024-11-12T10:40:00,275.16,STOP,-1133.04,-1582.12
vwap,WIPRO,2024-11-14,SHORT,2024-11-14T11:30:00,270.75,271.76,269.24,1108,1.01,2024-11-14T13:20:00,270.60,TIME_STOP,166.20,-283.66
vwap,WIPRO,2024-11-19,LONG,2024-11-19T13:20:00,271.25,270.47,272.42,1105,0.78,2024-11-19T14:20:00,270.47,STOP,-862.23,-1311.18
vwap,WIPRO,2024-11-29,LONG,2024-11-29T10:20:00,275.10,274.01,276.73,1090,1.09,2024-11-29T10:30:00,276.73,TARGET,1781.57,1330.44
vwap,WIPRO,2024-12-03,SHORT,2024-12-03T12:50:00,278.10,278.84,276.99,1078,0.74,2024-12-03T12:50:00,276.99,TARGET,1194.55,745.76
vwap,WIPRO,2024-12-06,SHORT,2024-12-06T12:30:00,283.80,284.68,282.48,1057,0.88,2024-12-06T14:20:00,284.15,TIME_STOP,-369.95,-820.19
vwap,WIPRO,2024-12-09,SHORT,2024-12-09T10:40:00,283.50,284.38,282.18,1058,0.88,2024-12-09T11:40:00,284.38,STOP,-933.15,-1383.76
vwap,WIPRO,2024-12-11,LONG,2024-12-11T11:30:00,294.45,293.48,295.90,1018,0.97,2024-12-11T13:00:00,295.90,TARGET,1476.46,1025.73
vwap,WIPRO,2024-12-13,LONG,2024-12-13T12:30:00,295.20,294.08,296.88,1016,1.12,2024-12-13T13:00:00,296.88,TARGET,1703.17,1252.01
vwap,WIPRO,2024-12-16,SHORT,2024-12-16T11:10:00,294.75,295.67,293.37,1017,0.92,2024-12-16T13:00:00,294.25,TIME_STOP,508.50,59.24
vwap,WIPRO,2024-12-17,SHORT,2024-12-17T10:50:00,294.60,295.59,293.12,1018,0.99,2024-12-17T12:10:00,295.59,STOP,-1004.56,-1455.17
vwap,WIPRO,2024-12-19,LONG,2024-12-19T13:20:00,297.05,295.82,298.90,1009,1.23,2024-12-19T14:00:00,298.90,TARGET,1865.18,1414.20
vwap,WIPRO,2024-12-24,LONG,2024-12-24T10:50:00,294.20,293.12,295.83,1019,1.08,2024-12-24T10:50:00,293.85,REVERSE,-356.65,-806.07
vwap,WIPRO,2024-12-26,LONG,2024-12-26T10:40:00,292.55,291.62,293.95,1025,0.93,2024-12-26T10:50:00,291.62,STOP,-953.41,-1402.49
vwap,WIPRO,2024-12-31,LONG,2024-12-31T13:50:00,288.25,287.28,289.70,1040,0.97,2024-12-31T15:20:00,288.65,EOD,416.00,-33.98
vwap,WIPRO,2025-01-01,SHORT,2025-01-01T10:00:00,286.65,287.68,285.10,1046,1.03,2025-01-01T10:50:00,287.68,STOP,-1079.11,-1529.67
vwap,WIPRO,2025-01-02,LONG,2025-01-02T11:10:00,288.80,287.62,290.56,1038,1.18,2025-01-02T11:50:00,287.62,STOP,-1219.65,-1668.40
vwap,WIPRO,2025-01-03,SHORT,2025-01-03T10:00:00,286.15,287.16,284.64,1048,1.01,2025-01-03T10:30:00,284.64,TARGET,1587.23,1138.59
vwap,WIPRO,2025-01-07,SHORT,2025-01-07T10:10:00,278.70,279.99,276.76,1076,1.29,2025-01-07T10:10:00,279.99,STOP,-1392.47,-1843.34
vwap,WIPRO,2025-01-08,LONG,2025-01-08T14:00:00,280.25,279.41,281.51,1070,0.84,2025-01-08T14:00:00,279.41,STOP,-900.69,-1349.82
vwap,WIPRO,2025-01-09,SHORT,2025-01-09T12:20:00,280.45,281.49,278.89,1069,1.04,2025-01-09T13:10:00,278.89,TARGET,1664.74,1216.29
vwap,WIPRO,2025-01-16,SHORT,2025-01-16T10:00:00,277.45,278.51,275.86,1081,1.06,2025-01-16T10:00:00,278.51,STOP,-1146.10,-1596.85
vwap,WIPRO,2025-01-28,LONG,2025-01-28T12:00:00,297.25,295.91,299.27,1009,1.34,2025-01-28T12:10:00,295.91,STOP,-1355.91,-1804.78
vwap,WIPRO,2025-01-30,SHORT,2025-01-30T13:40:00,299.75,300.73,298.28,1000,0.98,2025-01-30T14:00:00,298.28,TARGET,1474.90,1026.38
vwap,WIPRO,2025-01-31,SHORT,2025-01-31T13:20:00,302.20,303.27,300.59,992,1.07,2025-01-31T14:00:00,303.27,STOP,-1062.93,-1513.40
vwap,WIPRO,2025-02-03,LONG,2025-02-03T10:30:00,300.55,298.99,302.90,998,1.56,2025-02-03T12:20:00,301.80,TIME_STOP,1247.50,796.64
vwap,WIPRO,2025-02-05,SHORT,2025-02-05T12:10:00,307.70,308.71,306.19,974,1.01,2025-02-05T14:00:00,308.71,STOP,-981.13,-1431.42
vwap,WIPRO,2025-02-07,LONG,2025-02-07T10:50:00,309.10,307.96,310.81,970,1.14,2025-02-07T12:40:00,310.81,TARGET,1658.44,1207.46
vwap,WIPRO,2025-02-13,LONG,2025-02-13T10:20:00,305.05,303.94,306.72,983,1.11,2025-02-13T10:30:00,303.94,STOP,-1095.10,-1544.07
vwap,WIPRO,2025-02-20,LONG,2025-02-20T12:50:00,305.45,304.67,306.62,982,0.78,2025-02-20T13:00:00,304.67,STOP,-767.08,-1216.44
vwap,WIPRO,2025-02-27,SHORT,2025-02-27T13:20:00,284.95,285.81,283.67,1052,0.86,2025-02-27T14:20:00,285.81,STOP,-900.25,-1350.58
vwap,WIPRO,2025-03-03,LONG,2025-03-03T10:10:00,275.70,274.32,277.77,1088,1.38,2025-03-03T12:00:00,275.70,TIME_STOP,0.00,-449.94
vwap,WIPRO,2025-03-06,SHORT,2025-03-06T11:10:00,277.25,278.27,275.73,1082,1.02,2025-03-06T11:10:00,278.20,REVERSE,-1027.90,-1478.65
vwap,WIPRO,2025-03-07,SHORT,2025-03-07T11:50:00,277.60,278.44,276.34,1080,0.84,2025-03-07T12:00:00,276.34,TARGET,1359.26,910.57
vwap,WIPRO,2025-03-13,SHORT,2025-03-13T11:40:00,258.70,259.72,257.17,1159,1.02,2025-03-13T13:30:00,258.25,TIME_STOP,521.55,72.19
vwap,WIPRO,2025-03-19,LONG,2025-03-19T10:40:00,255.10,253.91,256.89,1176,1.19,2025-03-19T11:30:00,253.91,STOP,-1400.57,-1849.51
vwap,WIPRO,2025-03-21,LONG,2025-03-21T12:30:00,261.90,260.72,263.66,1145,1.18,2025-03-21T13:10:00,260.72,STOP,-1346.61,-1795.41
vwap,WIPRO,2025-03-24,LONG,2025-03-24T10:30:00,260.25,259.19,261.83,1152,1.06,2025-03-24T12:20:00,261.40,TIME_STOP,1324.80,874.09
vwap,WIPRO,2025-03-27,LONG,2025-03-27T11:50:00,265.25,264.25,266.75,1131,1.00,2025-03-27T12:50:00,264.25,STOP,-1132.18,-1581.33
vwap,WIPRO,2025-04-24,SHORT,2025-04-24T14:00:00,236.40,237.07,235.40,1269,0.67,2025-04-24T15:10:00,237.07,STOP,-846.89,-1297.51
vwap,WIPRO,2025-04-25,LONG,2025-04-25T13:30:00,235.80,234.79,237.31,1272,1.01,2025-04-25T15:10:00,234.79,STOP,-1278.47,-1727.42
vwap,WIPRO,2025-04-29,SHORT,2025-04-29T12:30:00,234.30,234.98,233.28,1280,0.68,2025-04-29T12:40:00,234.98,STOP,-870.47,-1320.98
vwap,WIPRO,2025-04-30,SHORT,2025-04-30T11:50:00,235.10,235.78,234.07,1276,0.68,2025-04-30T12:40:00,234.07,TARGET,1309.46,860.46
vwap,WIPRO,2025-05-02,SHORT,2025-05-02T12:40:00,235.20,236.04,233.94,1275,0.84,2025-05-02T13:30:00,236.04,STOP,-1069.03,-1519.66
vwap,WIPRO,2025-05-06,SHORT,2025-05-06T13:10:00,236.35,237.02,235.35,1269,0.67,2025-05-06T13:30:00,237.02,STOP,-846.63,-1297.15
vwap,WIPRO,2025-05-07,LONG,2025-05-07T12:10:00,236.60,235.80,237.80,1267,0.80,2025-05-07T14:00:00,237.60,TIME_STOP,1267.00,816.39
vwap,WIPRO,2025-05-08,SHORT,2025-05-08T11:10:00,236.40,237.10,235.35,1269,0.70,2025-05-08T13:00:00,235.85,TIME_STOP,697.95,248.49
vwap,WIPRO,2025-05-09,LONG,2025-05-09T11:40:00,236.70,235.68,238.23,1267,1.02,2025-05-09T11:40:00,235.68,STOP,-1292.67,-1741.55
vwap,WIPRO,2025-05-14,SHORT,2025-05-14T10:30:00,246.20,247.23,244.65,1218,1.03,2025-05-14T12:20:00,245.70,TIME_STOP,609.00,159.65
vwap,WIPRO,2025-05-15,SHORT,2025-05-15T10:00:00,245.30,246.06,244.16,1222,0.76,2025-05-15T10:40:00,246.06,STOP,-925.05,-1375.38
vwap,WIPRO,2025-05-16,SHORT,2025-05-16T11:40:00,247.65,248.34,246.62,1211,0.69,2025-05-16T13:00:00,248.34,STOP,-831.86,-1282.34
vwap,WIPRO,2025-05-27,LONG,2025-05-27T12:00:00,243.65,243.07,244.52,1231,0.58,2025-05-27T12:20:00,243.07,STOP,-715.06,-1164.43
vwap,WIPRO,2025-06-13,LONG,2025-06-13T10:50:00,254.40,253.26,256.12,1179,1.14,2025-06-13T12:40:00,254.15,TIME_STOP,-294.75,-744.44
vwap,WIPRO,2025-06-16,LONG,2025-06-16T11:00:00,254.65,253.73,256.03,1178,0.92,2025-06-16T12:10:00,253.73,STOP,-1079.84,-1529.00
vwap,WIPRO,2025-06-18,SHORT,2025-06-18T10:30:00,256.05,256.88,254.81,1171,0.83,2025-06-18T12:00:00,254.81,TARGET,1455.22,1006.56
vwap,WIPRO,2025-06-23,LONG,2025-06-23T14:10:00,257.60,257.03,258.45,1164,0.57,2025-06-23T14:10:00,257.03,STOP,-663.34,-1112.61
vwap,WIPRO,2025-06-24,SHORT,2025-06-24T14:10:00,258.80,259.47,257.80,1159,0.67,2025-06-24T15:20:00,258.30,EOD,579.50,130.01
vwap,WIPRO,2025-06-25,LONG,2025-06-25T10:00:00,260.85,260.07,262.02,1150,0.78,2025-06-25T11:50:00,261.25,TIME_STOP,460.00,9.69
vwap,WIPRO,2025-06-26,SHORT,2025-06-26T12:50:00,262.10,262.69,261.21,1144,0.59,2025-06-26T12:50:00,261.21,TARGET,1012.92,563.91
vwap,WIPRO,2025-07-02,SHORT,2025-07-02T13:30:00,258.15,258.86,257.09,1162,0.71,2025-07-02T14:10:00,258.86,STOP,-824.98,-1275.55
vwap,WIPRO,2025-07-07,SHORT,2025-07-07T10:20:00,262.15,262.85,261.10,1144,0.70,2025-07-07T11:10:00,262.85,STOP,-802.71,-1253.17
vwap,WIPRO,2025-07-15,SHORT,2025-07-15T10:00:00,247.00,247.76,245.87,1214,0.76,2025-07-15T10:30:00,247.76,STOP,-917.19,-1367.67
vwap,WIPRO,2025-07-23,LONG,2025-07-23T12:30:00,254.00,253.43,254.86,1181,0.57,2025-07-23T13:10:00,253.43,STOP,-673.52,-1122.97
vwap,WIPRO,2025-07-25,SHORT,2025-07-25T10:10:00,251.80,252.53,250.70,1191,0.73,2025-07-25T10:30:00,250.70,TARGET,1312.14,863.28
vwap,WIPRO,2025-07-29,LONG,2025-07-29T13:30:00,243.80,243.25,244.63,1230,0.55,2025-07-29T13:50:00,244.63,TARGET,1017.85,567.28
vwap,WIPRO,2025-07-30,SHORT,2025-07-30T10:30:00,243.55,244.28,242.45,1231,0.73,2025-07-30T10:30:00,244.28,STOP,-899.97,-1350.36
vwap,WIPRO,2025-07-31,LONG,2025-07-31T13:10:00,243.05,242.52,243.85,1234,0.53,2025-07-31T14:30:00,242.52,STOP,-659.46,-1108.85
vwap,WIPRO,2025-08-04,LONG,2025-08-04T14:10:00,239.75,239.07,240.78,1251,0.68,2025-08-04T15:20:00,239.95,EOD,250.20,-199.88
vwap,WIPRO,2025-08-05,SHORT,2025-08-05T10:20:00,238.85,239.53,237.82,1256,0.68,2025-08-05T11:00:00,239.53,STOP,-859.15,-1309.79
vwap,WIPRO,2025-08-08,SHORT,2025-08-08T11:00:00,234.20,234.80,233.29,1280,0.60,2025-08-08T12:50:00,234.80,STOP,-773.20,-1223.44
vwap,WIPRO,2025-08-11,LONG,2025-08-11T11:10:00,234.60,234.03,235.45,1278,0.57,2025-08-11T13:00:00,234.90,TIME_STOP,383.40,-66.62
vwap,WIPRO,2025-08-12,SHORT,2025-08-12T14:00:00,236.45,236.95,235.71,1268,0.50,2025-08-12T14:50:00,235.71,TARGET,942.77,493.74
vwap,WIPRO,2025-08-13,LONG,2025-08-13T13:20:00,235.85,235.35,236.60,1271,0.50,2025-08-13T13:30:00,235.35,STOP,-634.27,-1083.44
vwap,WIPRO,2025-08-18,SHORT,2025-08-18T12:00:00,239.90,240.57,238.90,1250,0.67,2025-08-18T12:10:00,238.90,TARGET,1249.13,800.25
vwap,WIPRO,2025-08-19,LONG,2025-08-19T11:20:00,240.10,239.55,240.92,1249,0.55,2025-08-19T12:00:00,240.92,TARGET,1021.90,571.30
vwap,WIPRO,2025-08-21,SHORT,2025-08-21T10:10:00,244.15,244.83,243.13,1228,0.68,2025-08-21T10:30:00,244.83,STOP,-831.09,-1281.44
vwap,WIPRO,2025-08-22,LONG,2025-08-22T13:00:00,243.55,242.82,244.64,1231,0.73,2025-08-22T14:10:00,243.15,REVERSE,-492.40,-941.75
vwap,WIPRO,2025-08-28,LONG,2025-08-28T13:40:00,244.95,244.39,245.79,1224,0.56,2025-08-28T15:20:00,244.39,STOP,-686.32,-1135.54
vwap,WIPRO,2025-08-29,SHORT,2025-08-29T10:20:00,244.05,244.90,242.78,1229,0.85,2025-08-29T10:40:00,244.90,STOP,-1041.50,-1492.19
vwap,WIPRO,2025-09-01,SHORT,2025-09-01T13:20:00,244.30,244.85,243.48,1227,0.55,2025-09-01T15:10:00,244.15,TIME_STOP,184.05,-265.45
vwap,WIPRO,2025-09-03,SHORT,2025-09-03T10:50:00,243.45,243.95,242.70,1232,0.50,2025-09-03T12:20:00,243.95,STOP,-620.04,-1070.40
vwap,WIPRO,2025-09-12,SHORT,2025-09-12T10:00:00,244.90,245.64,243.79,1224,0.74,2025-09-12T10:50:00,245.64,STOP,-906.60,-1356.91
vwap,WIPRO,2025-09-15,LONG,2025-09-15T13:30:00,244.90,244.54,245.44,1224,0.36,2025-09-15T13:40:00,244.54,STOP,-441.06,-890.37
vwap,WIPRO,2025-09-19,SHORT,2025-09-19T13:20:00,248.70,249.18,247.98,1206,0.48,2025-09-19T15:00:00,249.18,STOP,-580.89,-1031.22
vwap,WIPRO,2025-09-23,LONG,2025-09-23T13:10:00,244.45,243.90,245.28,1227,0.55,2025-09-23T14:40:00,243.90,STOP,-680.95,-1130.35
vwap,WIPRO,2025-09-29,LONG,2025-09-29T14:10:00,234.70,234.09,235.61,1278,0.61,2025-09-29T14:30:00,234.09,STOP,-775.56,-1224.90
vwap,WIPRO,2025-10-01,LONG,2025-10-01T13:00:00,233.65,233.12,234.44,1283,0.53,2025-10-01T14:10:00,234.44,TARGET,1018.28,567.86
vwap,WIPRO,2025-10-03,LONG,2025-10-03T13:10:00,234.35,233.83,235.14,1280,0.52,2025-10-03T14:40:00,235.14,TARGET,1005.17,554.47
vwap,WIPRO,2025-10-08,SHORT,2025-10-08T12:20:00,237.25,237.86,236.33,1264,0.61,2025-10-08T13:00:00,237.86,STOP,-775.20,-1225.61
vwap,WIPRO,2025-10-16,SHORT,2025-10-16T10:40:00,242.85,243.58,241.76,1235,0.73,2025-10-16T10:50:00,243.58,STOP,-895.60,-1346.16
vwap,WIPRO,2025-10-27,LONG,2025-10-27T10:00:00,239.35,238.77,240.22,1253,0.58,2025-10-27T10:00:00,238.77,STOP,-724.26,-1173.58
vwap,WIPRO,2025-10-31,SHORT,2025-10-31T11:50:00,235.70,236.08,235.14,1272,0.38,2025-10-31T13:30:00,235.14,TARGET,716.41,267.23
vwap,WIPRO,2025-11-10,LONG,2025-11-10T10:00:00,231.90,231.44,232.59,1293,0.46,2025-11-10T10:20:00,232.59,TARGET,886.65,436.21
vwap,WIPRO,2025-11-11,LONG,2025-11-11T12:40:00,234.25,233.74,235.01,1280,0.51,2025-11-11T13:00:00,235.01,TARGET,971.56,521.07
vwap,WIPRO,2025-11-17,SHORT,2025-11-17T11:00:00,237.05,237.68,236.10,1265,0.63,2025-11-17T12:30:00,237.68,STOP,-799.62,-1250.02
vwap,WIPRO,2025-11-19,LONG,2025-11-19T10:20:00,237.00,236.46,237.82,1265,0.54,2025-11-19T10:30:00,237.82,TARGET,1031.85,581.37
vwap,WIPRO,2025-11-27,SHORT,2025-11-27T12:10:00,242.85,243.42,241.99,1235,0.57,2025-11-27T13:10:00,241.99,TARGET,1056.48,607.39
vwap,WIPRO,2025-11-28,SHORT,2025-11-28T13:30:00,242.50,243.08,241.63,1237,0.58,2025-11-28T13:30:00,243.08,STOP,-719.65,-1170.15
vwap,WIPRO,2025-12-01,SHORT,2025-12-01T11:30:00,243.15,243.66,242.38,1233,0.51,2025-12-01T12:00:00,243.66,STOP,-632.41,-1082.59
vwap,WIPRO,2025-12-02,SHORT,2025-12-02T10:10:00,243.45,244.03,242.58,1232,0.58,2025-12-02T12:00:00,243.85,TIME_STOP,-492.80,-943.07
vwap,WIPRO,2025-12-08,SHORT,2025-12-08T13:40:00,253.45,254.11,252.46,1183,0.66,2025-12-08T14:00:00,254.11,STOP,-783.48,-1233.82
vwap,WIPRO,2025-12-10,SHORT,2025-12-10T11:50:00,251.80,252.49,250.76,1191,0.69,2025-12-10T12:20:00,252.49,STOP,-825.62,-1276.08
vwap,WIPRO,2025-12-11,SHORT,2025-12-11T10:00:00,251.65,252.34,250.61,1192,0.69,2025-12-11T10:10:00,252.34,STOP,-826.94,-1277.51
vwap,WIPRO,2025-12-12,LONG,2025-12-12T11:30:00,252.55,252.00,253.37,1187,0.55,2025-12-12T13:00:00,253.37,TARGET,976.64,526.25
vwap,WIPRO,2025-12-16,SHORT,2025-12-16T13:10:00,253.50,253.91,252.88,1183,0.41,2025-12-16T13:40:00,253.70,REVERSE,-236.60,-686.61
vwap,WIPRO,2026-01-06,LONG,2026-01-06T10:10:00,258.60,257.86,259.72,1160,0.74,2026-01-06T10:20:00,257.86,STOP,-863.69,-1313.01
vwap,WIPRO,2026-01-12,LONG,2026-01-12T12:50:00,257.45,256.56,258.78,1165,0.89,2026-01-12T14:30:00,256.56,STOP,-1035.63,-1484.75
vwap,WIPRO,2026-01-13,SHORT,2026-01-13T10:00:00,256.10,257.07,254.65,1171,0.97,2026-01-13T10:00:00,256.60,REVERSE,-585.50,-1035.78
vwap,WIPRO,2026-01-22,SHORT,2026-01-22T13:20:00,234.05,234.58,233.25,1281,0.53,2026-01-22T13:20:00,233.25,TARGET,1018.48,569.51
vwap,WIPRO,2026-01-23,SHORT,2026-01-23T11:40:00,233.55,234.18,232.61,1284,0.63,2026-01-23T12:40:00,234.18,STOP,-808.43,-1258.86
vwap,WIPRO,2026-01-27,LONG,2026-01-27T12:00:00,234.30,233.53,235.46,1280,0.77,2026-01-27T12:20:00,233.53,STOP,-991.02,-1440.14
vwap,WIPRO,2026-01-29,SHORT,2026-01-29T10:50:00,235.90,236.53,234.96,1271,0.63,2026-01-29T11:10:00,236.53,STOP,-797.16,-1247.51
vwap,WIPRO,2026-02-03,SHORT,2026-02-03T13:20:00,243.80,244.94,242.10,1230,1.14,2026-02-03T15:10:00,242.57,TIME_STOP,1512.90,1064.22
vwap,WIPRO,2026-02-05,LONG,2026-02-05T10:20:00,234.72,233.96,235.87,1278,0.76,2026-02-05T10:50:00,233.96,STOP,-976.78,-1426.00
vwap,WIPRO,2026-02-10,LONG,2026-02-10T10:30:00,232.15,231.38,233.31,1292,0.77,2026-02-10T12:20:00,232.09,TIME_STOP,-77.52,-527.37
vwap,WIPRO,2026-02-11,SHORT,2026-02-11T10:10:00,231.11,231.69,230.24,1298,0.58,2026-02-11T12:00:00,230.77,TIME_STOP,441.32,-8.32
vwap,WIPRO,2026-02-18,SHORT,2026-02-18T10:10:00,210.88,211.82,209.46,1422,0.94,2026-02-18T10:40:00,211.82,STOP,-1341.93,-1792.74
vwap,WIPRO,2026-02-19,SHORT,2026-02-19T12:50:00,211.94,212.49,211.11,1415,0.55,2026-02-19T13:10:00,212.49,STOP,-784.90,-1235.33
vwap,WIPRO,2026-02-26,SHORT,2026-02-26T12:00:00,200.54,201.23,199.51,1495,0.69,2026-02-26T13:00:00,199.51,TARGET,1544.73,1096.17
vwap,WIPRO,2026-03-06,SHORT,2026-03-06T12:40:00,196.34,196.88,195.53,1527,0.54,2026-03-06T14:30:00,196.26,TIME_STOP,122.16,-327.47
vwap,WIPRO,2026-03-09,LONG,2026-03-09T11:40:00,196.65,195.80,197.93,1525,0.85,2026-03-09T13:30:00,197.13,TIME_STOP,732.00,281.61
vwap,WIPRO,2026-03-12,LONG,2026-03-12T11:50:00,202.79,201.96,204.04,1479,0.83,2026-03-12T12:20:00,201.96,STOP,-1231.62,-1680.59
vwap,HCLTECH,2024-03-18,LONG,2024-03-18T12:00:00,1661.60,1655.50,1670.75,180,6.10,2024-03-18T12:20:00,1655.50,STOP,-1098.52,-1546.32
vwap,HCLTECH,2024-03-21,SHORT,2024-03-21T12:20:00,1584.00,1590.36,1574.46,189,6.36,2024-03-21T12:20:00,1590.36,STOP,-1202.55,-1652.51
vwap,HCLTECH,2024-03-26,SHORT,2024-03-26T11:20:00,1559.35,1565.92,1549.49,192,6.57,2024-03-26T11:30:00,1563.00,REVERSE,-700.80,-1150.42
vwap,HCLTECH,2024-03-28,LONG,2024-03-28T13:30:00,1559.90,1555.21,1566.94,192,4.69,2024-03-28T13:30:00,1555.21,STOP,-900.77,-1349.34
vwap,HCLTECH,2024-04-03,LONG,2024-04-03T10:30:00,1553.80,1548.18,1562.22,193,5.62,2024-04-03T10:40:00,1548.18,STOP,-1083.83,-1532.84
vwap,HCLTECH,2024-04-04,LONG,2024-04-04T12:50:00,1540.00,1535.26,1547.10,194,4.74,2024-04-04T13:40:00,1547.10,TARGET,1378.30,929.13
vwap,HCLTECH,2024-04-05,LONG,2024-04-05T14:00:00,1541.40,1537.89,1546.66,194,3.51,2024-04-05T15:00:00,1546.66,TARGET,1020.63,571.31
vwap,HCLTECH,2024-04-09,SHORT,2024-04-09T12:40:00,1537.50,1541.74,1531.14,195,4.24,2024-04-09T12:40:00,1541.74,STOP,-826.83,-1277.17
vwap,HCLTECH,2024-04-10,LONG,2024-04-10T10:30:00,1546.80,1542.37,1553.44,193,4.43,2024-04-10T12:20:00,1546.25,TIME_STOP,-106.15,-553.87
vwap,HCLTECH,2024-04-22,SHORT,2024-04-22T14:00:00,1456.60,1460.58,1450.64,205,3.98,2024-04-22T14:50:00,1460.58,STOP,-814.89,-1263.41
vwap,HCLTECH,2024-04-26,SHORT,2024-04-26T13:40:00,1507.50,1512.60,1499.85,199,5.10,2024-04-26T14:10:00,1499.85,TARGET,1521.53,1072.69
vwap,HCLTECH,2024-05-13,LONG,2024-05-13T14:10:00,1316.00,1312.85,1320.72,227,3.15,2024-05-13T15:00:00,1312.85,STOP,-713.93,-1161.49
vwap,HCLTECH,2024-05-14,SHORT,2024-05-14T10:20:00,1311.45,1315.05,1306.06,228,3.60,2024-05-14T11:10:00,1315.05,STOP,-819.72,-1268.85
vwap,HCLTECH,2024-05-16,SHORT,2024-05-16T13:20:00,1332.35,1337.69,1324.34,225,5.34,2024-05-16T14:00:00,1337.69,STOP,-1200.80,-1651.37
vwap,HCLTECH,2024-05-21,LONG,2024-05-21T13:40:00,1339.50,1335.52,1345.48,223,3.98,2024-05-21T14:00:00,1345.48,TARGET,1332.63,883.57
vwap,HCLTECH,2024-05-23,LONG,2024-05-23T10:00:00,1345.75,1342.32,1350.89,222,3.43,2024-05-23T10:20:00,1342.32,STOP,-760.91,-1208.48
vwap,HCLTECH,2024-05-24,SHORT,2024-05-24T10:40:00,1348.90,1353.00,1342.76,222,4.10,2024-05-24T10:50:00,1353.00,STOP,-909.33,-1359.19
vwap,HCLTECH,2024-05-27,LONG,2024-05-27T11:40:00,1350.05,1346.91,1354.76,222,3.14,2024-05-27T12:10:00,1354.76,TARGET,1046.03,595.68
vwap,HCLTECH,2024-05-28,SHORT,2024-05-28T10:10:00,1349.80,1353.73,1343.90,222,3.93,2024-05-28T10:20:00,1353.73,STOP,-873.03,-1323.17
vwap,HCLTECH,2024-05-29,SHORT,2024-05-29T11:30:00,1356.00,1359.12,1351.31,221,3.12,2024-05-29T12:50:00,1359.12,STOP,-690.33,-1140.37
vwap,HCLTECH,2024-05-31,LONG,2024-05-31T12:00:00,1335.90,1331.19,1342.97,224,4.71,2024-05-31T13:00:00,1331.19,STOP,-1055.98,-1504.05
vwap,HCLTECH,2024-06-10,SHORT,2024-06-10T10:00:00,1404.35,1411.92,1393.00,213,7.57,2024-06-10T11:20:00,1411.92,STOP,-1611.54,-2061.44
vwap,HCLTECH,2024-06-13,SHORT,2024-06-13T12:50:00,1442.50,1446.38,1436.68,207,3.88,2024-06-13T14:40:00,1445.35,TIME_STOP,-589.95,-1038.29
vwap,HCLTECH,2024-06-14,LONG,2024-06-14T14:00:00,1436.85,1434.04,1441.06,208,2.81,2024-06-14T14:40:00,1434.04,STOP,-583.74,-1031.60
vwap,HCLTECH,2024-06-18,SHORT,2024-06-18T10:00:00,1430.95,1434.76,1425.24,209,3.81,2024-06-18T11:50:00,1433.20,TIME_STOP,-470.25,-919.21
vwap,HCLTECH,2024-06-20,SHORT,2024-06-20T10:10:00,1431.05,1434.80,1425.43,209,3.75,2024-06-20T10:20:00,1434.80,STOP,-783.35,-1232.57
vwap,HCLTECH,2024-06-21,SHORT,2024-06-21T13:10:00,1448.30,1453.64,1440.29,207,5.34,2024-06-21T14:00:00,1453.64,STOP,-1105.98,-1556.50
vwap,HCLTECH,2024-06-25,LONG,2024-06-25T11:20:00,1442.30,1438.92,1447.37,208,3.38,2024-06-25T12:30:00,1438.92,STOP,-702.80,-1152.27
vwap,HCLTECH,2024-06-26,SHORT,2024-06-26T13:00:00,1440.60,1443.36,1436.46,208,2.76,2024-06-26T13:30:00,1443.36,STOP,-574.40,-1024.30
vwap,HCLTECH,2024-07-03,LONG,2024-07-03T12:50:00,1485.00,1481.19,1490.72,202,3.81,2024-07-03T14:40:00,1483.85,TIME_STOP,-232.30,-682.08
vwap,HCLTECH,2024-07-08,SHORT,2024-07-08T10:10:00,1512.10,1517.36,1504.20,198,5.26,2024-07-08T12:00:00,1511.75,TIME_STOP,69.30,-379.74
vwap,HCLTECH,2024-07-09,SHORT,2024-07-09T13:50:00,1529.05,1534.33,1521.14,196,5.28,2024-07-09T15:20:00,1532.65,EOD,-705.60,-1155.67
vwap,HCLTECH,2024-07-12,LONG,2024-07-12T10:10:00,1520.25,1514.37,1529.07,197,5.88,2024-07-12T10:40:00,1529.07,TARGET,1737.15,1286.61
vwap,HCLTECH,2024-07-15,SHORT,2024-07-15T13:50:00,1574.40,1580.41,1565.39,190,6.01,2024-07-15T14:20:00,1580.41,STOP,-1141.38,-1590.94
vwap,HCLTECH,2024-07-16,LONG,2024-07-16T12:00:00,1576.50,1570.88,1584.93,190,5.62,2024-07-16T12:30:00,1570.88,STOP,-1067.82,-1516.32
vwap,HCLTECH,2024-07-18,LONG,2024-07-18T10:50:00,1575.55,1569.79,1584.20,190,5.76,2024-07-18T11:30:00,1569.79,STOP,-1095.33,-1543.54
vwap,HCLTECH,2024-07-19,SHORT,2024-07-19T13:50:00,1592.85,1597.76,1585.49,188,4.91,2024-07-19T15:20:00,1597.76,STOP,-922.28,-1372.16
vwap,HCLTECH,2024-07-23,LONG,2024-07-23T12:10:00,1577.55,1573.11,1584.22,190,4.44,2024-07-23T12:20:00,1573.11,STOP,-844.34,-1293.31
vwap,HCLTECH,2024-07-24,SHORT,2024-07-24T13:50:00,1579.90,1584.72,1572.66,189,4.82,2024-07-24T14:20:00,1584.72,STOP,-911.90,-1360.48
vwap,HCLTECH,2024-07-25,LONG,2024-07-25T10:10:00,1592.95,1586.62,1602.44,188,6.33,2024-07-25T10:40:00,1586.62,STOP,-1189.29,-1637.61
vwap,HCLTECH,2024-07-30,SHORT,2024-07-30T11:00:00,1621.05,1625.72,1614.05,185,4.67,2024-07-30T12:30:00,1625.72,STOP,-863.39,-1313.88
vwap,HCLTECH,2024-08-01,SHORT,2024-08-01T13:30:00,1641.60,1645.22,1636.17,182,3.62,2024-08-01T15:20:00,1639.70,TIME_STOP,345.80,-102.10
vwap,HCLTECH,2024-08-08,LONG,2024-08-08T12:30:00,1597.00,1590.97,1606.05,187,6.03,2024-08-08T12:50:00,1590.97,STOP,-1128.19,-1575.30
vwap,HCLTECH,2024-08-12,LONG,2024-08-12T11:40:00,1595.25,1590.51,1602.36,188,4.74,2024-08-12T13:30:00,1599.15,TIME_STOP,733.20,282.79
vwap,HCLTECH,2024-08-13,LONG,2024-08-13T10:10:00,1598.25,1592.55,1606.80,187,5.70,2024-08-13T11:10:00,1606.80,TARGET,1598.45,1148.94
vwap,HCLTECH,2024-08-20,SHORT,2024-08-20T12:20:00,1674.55,1678.82,1668.14,179,4.27,2024-08-20T13:00:00,1678.82,STOP,-765.21,-1215.40
vwap,HCLTECH,2024-08-21,SHORT,2024-08-21T12:00:00,1676.55,1680.28,1670.95,178,3.73,2024-08-21T13:50:00,1677.00,TIME_STOP,-80.10,-527.80
vwap,HCLTECH,2024-08-28,LONG,2024-08-28T10:50:00,1724.15,1717.00,1734.88,173,7.15,2024-08-28T11:40:00,1734.88,TARGET,1855.64,1406.83
vwap,HCLTECH,2024-08-29,LONG,2024-08-29T10:20:00,1738.80,1732.03,1748.95,172,6.77,2024-08-29T12:10:00,1743.00,TIME_STOP,722.40,273.25
vwap,HCLTECH,2024-09-06,SHORT,2024-09-06T10:10:00,1766.25,1773.04,1756.06,169,6.79,2024-09-06T10:10:00,1756.06,TARGET,1721.33,1274.88
vwap,HCLTECH,2024-09-09,LONG,2024-09-09T10:40:00,1760.00,1753.55,1769.68,170,6.45,2024-09-09T12:30:00,1758.40,TIME_STOP,-272.00,-720.60
vwap,HCLTECH,2024-09-10,LONG,2024-09-10T10:50:00,1758.60,1753.32,1766.52,170,5.28,2024-09-10T11:40:00,1766.52,TARGET,1345.70,896.25
vwap,HCLTECH,2024-09-12,SHORT,2024-09-12T11:00:00,1782.10,1788.35,1772.72,168,6.25,2024-09-12T12:50:00,1780.30,TIME_STOP,302.40,-146.46
vwap,HCLTECH,2024-09-16,SHORT,2024-09-16T13:20:00,1812.30,1816.17,1806.49,165,3.87,2024-09-16T15:10:00,1812.45,TIME_STOP,-24.75,-473.31
vwap,HCLTECH,2024-09-17,LONG,2024-09-17T10:20:00,1816.00,1811.39,1822.92,165,4.61,2024-09-17T12:10:00,1822.00,TIME_STOP,990.00,539.80
vwap,HCLTECH,2024-09-20,LONG,2024-09-20T10:00:00,1752.90,1745.10,1764.61,171,7.80,2024-09-20T10:10:00,1745.10,STOP,-1334.62,-1783.23
vwap,HCLTECH,2024-09-25,SHORT,2024-09-25T12:10:00,1759.80,1765.87,1750.70,170,6.07,2024-09-25T13:20:00,1765.87,STOP,-1031.13,-1480.65
vwap,HCLTECH,2024-09-26,SHORT,2024-09-26T14:10:00,1787.20,1792.59,1779.12,167,5.39,2024-09-26T14:40:00,1792.59,STOP,-899.68,-1348.05
vwap,HCLTECH,2024-09-30,SHORT,2024-09-30T13:30:00,1810.85,1814.76,1804.98,165,3.91,2024-09-30T14:20:00,1804.98,TARGET,968.58,521.12
vwap,HCLTECH,2024-10-04,LONG,2024-10-04T10:10:00,1791.80,1784.74,1802.39,167,7.06,2024-10-04T10:10:00,1784.74,STOP,-1179.26,-1627.22
vwap,HCLTECH,2024-10-07,SHORT,2024-10-07T10:50:00,1777.65,1784.93,1766.73,168,7.28,2024-10-07T12:40:00,1774.05,TIME_STOP,604.80,157.29
vwap,HCLTECH,2024-10-08,LONG,2024-10-08T11:50:00,1773.55,1767.35,1782.85,169,6.20,2024-10-08T12:40:00,1767.35,STOP,-1047.81,-1496.62
vwap,HCLTECH,2024-10-10,SHORT,2024-10-10T14:10:00,1807.55,1815.29,1795.94,165,7.74,2024-10-10T15:20:00,1815.29,STOP,-1277.51,-1725.84
vwap,HCLTECH,2024-10-16,SHORT,2024-10-16T11:50:00,1856.60,1862.23,1848.15,161,5.63,2024-10-16T12:00:00,1862.23,STOP,-906.88,-1355.93
vwap,HCLTECH,2024-10-21,SHORT,2024-10-21T12:20:00,1854.55,1859.74,1846.77,161,5.19,2024-10-21T13:50:00,1846.77,TARGET,1252.91,805.98
vwap,HCLTECH,2024-10-23,LONG,2024-10-23T10:40:00,1847.25,1840.16,1857.89,162,7.09,2024-10-23T11:40:00,1857.89,TARGET,1723.21,1273.04
vwap,HCLTECH,2024-10-24,SHORT,2024-10-24T10:40:00,1838.70,1844.66,1829.77,163,5.96,2024-10-24T11:00:00,1844.66,STOP,-970.90,-1421.19
vwap,HCLTECH,2024-10-29,SHORT,2024-10-29T10:10:00,1863.85,1869.86,1854.84,160,6.01,2024-10-29T10:40:00,1854.84,TARGET,1442.18,995.93
vwap,HCLTECH,2024-10-30,SHORT,2024-10-30T10:10:00,1858.40,1864.58,1849.13,161,6.18,2024-10-30T10:20:00,1864.58,STOP,-995.18,-1444.73
vwap,HCLTECH,2024-11-07,SHORT,2024-11-07T10:30:00,1821.15,1828.61,1809.96,164,7.46,2024-11-07T11:00:00,1828.61,STOP,-1223.16,-1672.08
vwap,HCLTECH,2024-11-08,SHORT,2024-11-08T14:00:00,1834.95,1839.40,1828.28,163,4.45,2024-11-08T14:20:00,1839.40,STOP,-725.08,-1174.27
vwap,HCLTECH,2024-11-14,SHORT,2024-11-14T10:40:00,1857.35,1864.17,1847.11,161,6.82,2024-11-14T10:40:00,1864.17,STOP,-1098.81,-1548.19
vwap,HCLTECH,2024-11-19,LONG,2024-11-19T11:40:00,1861.40,1855.68,1869.98,161,5.72,2024-11-19T12:20:00,1855.68,STOP,-920.75,-1369.59
vwap,HCLTECH,2024-11-25,SHORT,2024-11-25T13:20:00,1882.55,1888.71,1873.31,159,6.16,2024-11-25T14:00:00,1888.71,STOP,-979.24,-1428.97
vwap,HCLTECH,2024-11-29,LONG,2024-11-29T10:40:00,1871.00,1862.62,1883.57,160,8.38,2024-11-29T10:50:00,1862.62,STOP,-1340.41,-1788.45
vwap,HCLTECH,2024-12-02,LONG,2024-12-02T10:30:00,1860.45,1854.25,1869.75,161,6.20,2024-12-02T10:40:00,1854.25,STOP,-998.70,-1447.25
vwap,HCLTECH,2024-12-09,SHORT,2024-12-09T10:00:00,1915.10,1921.00,1906.25,156,5.90,2024-12-09T10:30:00,1906.25,TARGET,1380.63,933.53
vwap,HCLTECH,2024-12-13,SHORT,2024-12-13T10:30:00,1917.00,1922.47,1908.80,156,5.47,2024-12-13T10:30:00,1922.47,STOP,-852.96,-1302.17
vwap,HCLTECH,2024-12-16,SHORT,2024-12-16T12:10:00,1958.80,1964.29,1950.56,153,5.49,2024-12-16T13:40:00,1950.56,TARGET,1260.44,811.84
vwap,HCLTECH,2024-12-24,LONG,2024-12-24T10:30:00,1918.95,1913.17,1927.61,156,5.78,2024-12-24T10:40:00,1913.17,STOP,-901.05,-1349.41
vwap,HCLTECH,2024-12-27,LONG,2024-12-27T10:50:00,1899.45,1893.89,1907.78,157,5.56,2024-12-27T11:30:00,1893.89,STOP,-872.24,-1318.90
vwap,HCLTECH,2024-12-30,LONG,2024-12-30T11:10:00,1893.90,1888.29,1902.31,158,5.61,2024-12-30T11:30:00,1902.31,TARGET,1328.40,878.55
vwap,HCLTECH,2024-12-31,LONG,2024-12-31T11:40:00,1906.75,1896.43,1922.23,157,10.32,2024-12-31T13:30:00,1913.85,TIME_STOP,1114.70,664.82
vwap,HCLTECH,2025-01-01,SHORT,2025-01-01T13:30:00,1920.05,1925.23,1912.28,156,5.18,2025-01-01T14:50:00,1912.28,TARGET,1211.61,763.23
vwap,HCLTECH,2025-01-03,SHORT,2025-01-03T11:40:00,1953.70,1960.66,1943.26,153,6.96,2025-01-03T11:40:00,1960.66,STOP,-1064.87,-1514.04
vwap,HCLTECH,2025-01-06,SHORT,2025-01-06T11:00:00,1947.00,1953.83,1936.76,154,6.83,2025-01-06T11:40:00,1936.76,TARGET,1577.45,1128.87
vwap,HCLTECH,2025-01-07,SHORT,2025-01-07T10:10:00,1933.10,1942.26,1919.36,155,9.16,2025-01-07T10:10:00,1942.26,STOP,-1419.99,-1870.50
vwap,HCLTECH,2025-01-08,LONG,2025-01-08T13:50:00,1919.90,1913.67,1929.25,156,6.23,2025-01-08T14:40:00,1929.25,TARGET,1458.60,1008.24
vwap,HCLTECH,2025-01-20,LONG,2025-01-20T10:50:00,1784.50,1776.74,1796.13,168,7.76,2025-01-20T12:00:00,1780.60,REVERSE,-655.20,-1104.40
vwap,HCLTECH,2025-01-23,SHORT,2025-01-23T11:10:00,1809.45,1816.13,1799.42,165,6.68,2025-01-23T12:00:00,1816.13,STOP,-1102.77,-1551.44
vwap,HCLTECH,2025-01-24,LONG,2025-01-24T11:50:00,1824.05,1817.28,1834.20,164,6.77,2025-01-24T12:00:00,1817.28,STOP,-1109.97,-1557.86
vwap,HCLTECH,2025-01-30,SHORT,2025-01-30T14:00:00,1708.55,1713.70,1700.83,175,5.15,2025-01-30T14:10:00,1700.83,TARGET,1351.33,903.84
vwap,HCLTECH,2025-01-31,SHORT,2025-01-31T12:20:00,1716.95,1722.27,1708.97,174,5.32,2025-01-31T13:10:00,1722.27,STOP,-925.75,-1374.57
vwap,HCLTECH,2025-02-01,SHORT,2025-02-01T10:00:00,1717.05,1721.98,1709.66,174,4.93,2025-02-01T10:40:00,1709.66,TARGET,1286.19,839.00
vwap,HCLTECH,2025-02-03,LONG,2025-02-03T13:40:00,1690.00,1684.26,1698.60,177,5.74,2025-02-03T13:50:00,1687.90,REVERSE,-371.70,-820.12
vwap,HCLTECH,2025-02-05,SHORT,2025-02-05T11:50:00,1714.05,1720.41,1704.52,175,6.36,2025-02-05T13:40:00,1714.20,TIME_STOP,-26.25,-476.21
vwap,HCLTECH,2025-02-07,LONG,2025-02-07T11:00:00,1719.55,1714.11,1727.71,174,5.44,2025-02-07T12:20:00,1727.71,TARGET,1419.49,969.63
vwap,HCLTECH,2025-02-10,SHORT,2025-02-10T10:40:00,1718.75,1723.78,1711.21,174,5.03,2025-02-10T10:50:00,1723.78,STOP,-874.39,-1323.64
vwap,HCLTECH,2025-02-11,SHORT,2025-02-11T13:10:00,1725.55,1730.04,1718.82,173,4.49,2025-02-11T13:10:00,1718.82,TARGET,1165.13,718.23
vwap,HCLTECH,2025-02-12,SHORT,2025-02-12T10:10:00,1723.45,1730.01,1713.61,174,6.56,2025-02-12T10:40:00,1713.61,TARGET,1711.57,1263.03
vwap,HCLTECH,2025-02-13,LONG,2025-02-13T10:20:00,1722.80,1716.75,1731.88,174,6.05,2025-02-13T10:30:00,1716.75,STOP,-1053.33,-1502.19
vwap,HCLTECH,2025-02-18,SHORT,2025-02-18T12:30:00,1709.10,1713.08,1703.14,175,3.98,2025-02-18T13:50:00,1713.08,STOP,-695.81,-1144.97
vwap,HCLTECH,2025-02-19,SHORT,2025-02-19T12:50:00,1715.50,1720.03,1708.71,174,4.53,2025-02-19T13:30:00,1708.71,TARGET,1181.47,734.61
vwap,HCLTECH,2025-02-21,LONG,2025-02-21T12:10:00,1697.65,1692.88,1704.80,176,4.77,2025-02-21T14:00:00,1697.95,TIME_STOP,52.80,-395.42
vwap,HCLTECH,2025-03-03,SHORT,2025-03-03T12:30:00,1579.15,1583.67,1572.37,189,4.52,2025-03-03T14:20:00,1573.25,TIME_STOP,1115.10,668.25
vwap,HCLTECH,2025-03-13,SHORT,2025-03-13T12:30:00,1531.05,1536.34,1523.11,195,5.29,2025-03-13T12:50:00,1536.34,STOP,-1032.15,-1480.76
vwap,HCLTECH,2025-03-17,LONG,2025-03-17T14:10:00,1534.95,1530.95,1540.96,195,4.00,2025-03-17T14:50:00,1540.96,TARGET,1171.27,721.41
vwap,HCLTECH,2025-03-19,SHORT,2025-03-19T11:30:00,1530.45,1535.19,1523.34,196,4.74,2025-03-19T13:20:00,1535.19,STOP,-928.46,-1379.11
vwap,HCLTECH,2025-03-21,LONG,2025-03-21T11:00:00,1578.00,1569.64,1590.54,190,8.36,2025-03-21T12:10:00,1590.54,TARGET,2381.93,1930.42
vwap,HCLTECH,2025-03-24,LONG,2025-03-24T11:30:00,1578.55,1572.23,1588.02,190,6.32,2025-03-24T12:50:00,1588.02,TARGET,1799.96,1348.73
vwap,HCLTECH,2025-03-27,LONG,2025-03-27T10:00:00,1633.85,1627.27,1643.72,183,6.58,2025-03-27T11:20:00,1627.27,STOP,-1203.93,-1651.52
vwap,HCLTECH,2025-04-16,SHORT,2025-04-16T13:50:00,1415.00,1419.08,1408.88,212,4.08,2025-04-16T14:00:00,1419.08,STOP,-865.30,-1315.92
vwap,HCLTECH,2025-04-17,LONG,2025-04-17T12:30:00,1417.20,1410.88,1426.68,211,6.32,2025-04-17T12:40:00,1426.68,TARGET,1999.99,1549.95
vwap,HCLTECH,2025-04-22,SHORT,2025-04-22T10:20:00,1473.80,1481.67,1461.99,203,7.87,2025-04-22T11:40:00,1481.67,STOP,-1598.05,-2048.02
vwap,HCLTECH,2025-04-24,SHORT,2025-04-24T13:50:00,1585.60,1589.66,1579.51,189,4.06,2025-04-24T14:30:00,1579.51,TARGET,1150.35,701.70
vwap,HCLTECH,2025-04-25,SHORT,2025-04-25T10:10:00,1574.30,1582.32,1562.27,190,8.02,2025-04-25T10:10:00,1582.32,STOP,-1524.30,-1974.12
vwap,HCLTECH,2025-04-29,LONG,2025-04-29T10:20:00,1555.30,1549.97,1563.29,192,5.33,2025-04-29T11:10:00,1563.29,TARGET,1533.65,1084.57
vwap,HCLTECH,2025-04-30,SHORT,2025-04-30T13:10:00,1566.40,1571.36,1558.96,191,4.96,2025-04-30T13:30:00,1571.36,STOP,-947.23,-1396.72
vwap,HCLTECH,2025-05-02,LONG,2025-05-02T10:10:00,1578.10,1570.73,1589.15,190,7.37,2025-05-02T10:30:00,1570.73,STOP,-1399.42,-1848.13
vwap,HCLTECH,2025-05-06,SHORT,2025-05-06T10:00:00,1567.20,1573.07,1558.39,191,5.87,2025-05-06T10:20:00,1573.07,STOP,-1121.65,-1571.50
vwap,HCLTECH,2025-05-15,SHORT,2025-05-15T10:10:00,1630.50,1636.56,1621.41,183,6.06,2025-05-15T10:10:00,1636.56,STOP,-1108.98,-1557.38
vwap,HCLTECH,2025-05-16,SHORT,2025-05-16T10:50:00,1664.10,1671.00,1653.75,180,6.90,2025-05-16T11:00:00,1671.00,STOP,-1242.40,-1692.64
vwap,HCLTECH,2025-05-20,SHORT,2025-05-20T13:00:00,1647.00,1651.54,1640.19,182,4.54,2025-05-20T14:40:00,1640.19,TARGET,1239.46,790.76
vwap,HCLTECH,2025-05-22,LONG,2025-05-22T14:10:00,1637.70,1633.55,1643.92,183,4.15,2025-05-22T14:20:00,1633.55,STOP,-758.87,-1207.85
vwap,HCLTECH,2025-05-28,LONG,2025-05-28T13:30:00,1655.10,1651.68,1660.22,181,3.42,2025-05-28T14:00:00,1651.68,STOP,-618.23,-1067.13
vwap,HCLTECH,2025-05-30,SHORT,2025-05-30T10:00:00,1652.30,1657.16,1645.00,181,4.86,2025-05-30T10:00:00,1655.60,REVERSE,-597.30,-1046.35
vwap,HCLTECH,2025-06-03,LONG,2025-06-03T11:40:00,1634.90,1628.78,1644.08,183,6.12,2025-06-03T12:50:00,1628.78,STOP,-1119.98,-1567.92
vwap,HCLTECH,2025-06-04,LONG,2025-06-04T10:10:00,1632.60,1628.19,1639.21,183,4.41,2025-06-04T10:30:00,1639.21,TARGET,1209.94,760.89
vwap,HCLTECH,2025-06-05,LONG,2025-06-05T11:20:00,1636.80,1633.09,1642.37,183,3.71,2025-06-05T11:50:00,1633.09,STOP,-678.96,-1127.75
vwap,HCLTECH,2025-06-12,SHORT,2025-06-12T14:10:00,1700.30,1705.56,1692.41,176,5.26,2025-06-12T15:20:00,1705.56,STOP,-925.55,-1375.12
vwap,HCLTECH,2025-06-13,LONG,2025-06-13T12:00:00,1703.10,1697.27,1711.84,176,5.83,2025-06-13T13:10:00,1697.27,STOP,-1025.87,-1474.72
vwap,HCLTECH,2025-06-18,SHORT,2025-06-18T10:20:00,1728.00,1733.23,1720.15,173,5.23,2025-06-18T10:30:00,1720.15,TARGET,1357.22,909.82
vwap,HCLTECH,2025-06-24,SHORT,2025-06-24T13:30:00,1709.20,1714.75,1700.88,175,5.55,2025-06-24T13:40:00,1700.88,TARGET,1456.80,1009.22
vwap,HCLTECH,2025-06-25,LONG,2025-06-25T10:20:00,1710.60,1704.33,1720.00,175,6.27,2025-06-25T12:10:00,1710.60,TIME_STOP,0.00,-449.03
vwap,HCLTECH,2025-06-26,SHORT,2025-06-26T13:00:00,1705.80,1710.50,1698.74,175,4.70,2025-06-26T13:00:00,1710.50,STOP,-823.25,-1271.64
vwap,HCLTECH,2025-06-27,SHORT,2025-06-27T13:00:00,1724.90,1729.71,1717.68,173,4.81,2025-06-27T13:40:00,1717.68,TARGET,1248.62,801.95
vwap,HCLTECH,2025-07-01,SHORT,2025-07-01T12:20:00,1721.80,1726.57,1714.64,174,4.77,2025-07-01T13:30:00,1714.64,TARGET,1245.47,797.02
vwap,HCLTECH,2025-07-02,SHORT,2025-07-02T11:00:00,1716.80,1721.46,1709.81,174,4.66,2025-07-02T12:10:00,1721.46,STOP,-810.46,-1259.15
vwap,HCLTECH,2025-07-03,SHORT,2025-07-03T13:30:00,1717.10,1721.15,1711.03,174,4.05,2025-07-03T13:40:00,1721.15,STOP,-704.03,-1152.72
vwap,HCLTECH,2025-07-04,LONG,2025-07-04T11:40:00,1718.70,1714.69,1724.71,174,4.01,2025-07-04T13:30:00,1720.20,TIME_STOP,261.00,-187.78
vwap,HCLTECH,2025-07-07,LONG,2025-07-07T13:50:00,1716.00,1712.97,1720.55,174,3.03,2025-07-07T13:50:00,1712.97,STOP,-527.44,-974.92
vwap,HCLTECH,2025-07-18,LONG,2025-07-18T13:30:00,1545.00,1541.22,1550.67,194,3.78,2025-07-18T15:20:00,1548.20,TIME_STOP,620.80,170.74
vwap,HCLTECH,2025-07-22,LONG,2025-07-22T11:00:00,1536.30,1533.21,1540.93,195,3.09,2025-07-22T11:50:00,1533.21,STOP,-602.08,-1051.00
vwap,HCLTECH,2025-07-23,LONG,2025-07-23T12:00:00,1526.60,1523.75,1530.88,196,2.85,2025-07-23T12:20:00,1530.88,TARGET,838.68,389.23
vwap,HCLTECH,2025-07-29,LONG,2025-07-29T14:10:00,1473.80,1470.91,1478.13,203,2.89,2025-07-29T14:10:00,1470.91,STOP,-586.48,-1034.81
vwap,HCLTECH,2025-07-30,SHORT,2025-07-30T14:10:00,1471.60,1474.24,1467.64,203,2.64,2025-07-30T14:30:00,1474.24,STOP,-536.04,-984.54
vwap,HCLTECH,2025-07-31,LONG,2025-07-31T11:50:00,1476.80,1473.38,1481.93,203,3.42,2025-07-31T12:00:00,1473.38,STOP,-693.98,-1143.14
vwap,HCLTECH,2025-08-04,LONG,2025-08-04T13:30:00,1465.60,1462.05,1470.93,204,3.55,2025-08-04T13:30:00,1462.05,STOP,-725.07,-1173.00
vwap,HCLTECH,2025-08-07,LONG,2025-08-07T12:50:00,1463.80,1460.77,1468.34,204,3.03,2025-08-07T13:20:00,1460.77,STOP,-617.23,-1064.69
vwap,HCLTECH,2025-08-08,SHORT,2025-08-08T10:50:00,1462.90,1466.43,1457.60,205,3.53,2025-08-08T10:50:00,1466.43,STOP,-724.00,-1174.38
vwap,HCLTECH,2025-08-11,LONG,2025-08-11T10:30:00,1476.40,1472.62,1482.06,203,3.78,2025-08-11T10:50:00,1482.06,TARGET,1149.98,699.56
vwap,HCLTECH,2025-08-13,LONG,2025-08-13T13:00:00,1500.70,1497.19,1505.96,199,3.51,2025-08-13T14:40:00,1505.96,TARGET,1046.73,597.99
vwap,HCLTECH,2025-08-14,SHORT,2025-08-14T10:30:00,1500.00,1503.22,1495.16,200,3.22,2025-08-14T10:30:00,1503.22,STOP,-644.71,-1095.20
vwap,HCLTECH,2025-08-19,LONG,2025-08-19T13:10:00,1480.40,1477.74,1484.38,202,2.66,2025-08-19T13:50:00,1477.74,STOP,-536.63,-984.79
vwap,HCLTECH,2025-08-20,LONG,2025-08-20T11:20:00,1479.10,1473.80,1487.05,202,5.30,2025-08-20T13:00:00,1487.05,TARGET,1605.23,1155.86
vwap,HCLTECH,2025-08-29,LONG,2025-08-29T11:20:00,1460.90,1456.04,1468.19,205,4.86,2025-08-29T13:10:00,1460.00,TIME_STOP,-184.50,-633.59
vwap,HCLTECH,2025-09-01,SHORT,2025-09-01T14:00:00,1461.60,1465.02,1456.47,205,3.42,2025-09-01T14:40:00,1465.02,STOP,-701.26,-1151.22
vwap,HCLTECH,2025-09-03,SHORT,2025-09-03T10:10:00,1462.00,1465.71,1456.43,205,3.71,2025-09-03T10:50:00,1456.43,TARGET,1140.99,692.28
vwap,HCLTECH,2025-09-04,SHORT,2025-09-04T10:50:00,1457.80,1460.44,1453.84,205,2.64,2025-09-04T10:50:00,1453.84,TARGET,812.72,365.06
vwap,HCLTECH,2025-09-09,LONG,2025-09-09T10:00:00,1421.30,1416.34,1428.74,211,4.96,2025-09-09T11:50:00,1424.90,TIME_STOP,759.60,309.19
vwap,HCLTECH,2025-09-15,LONG,2025-09-15T13:10:00,1462.50,1459.92,1466.37,205,2.58,2025-09-15T14:10:00,1466.37,TARGET,793.80,343.48
vwap,HCLTECH,2025-09-23,LONG,2025-09-23T14:10:00,1436.00,1433.08,1440.38,208,2.92,2025-09-23T14:20:00,1433.08,STOP,-606.92,-1054.49
vwap,HCLTECH,2025-09-24,LONG,2025-09-24T10:20:00,1438.00,1433.50,1444.75,208,4.50,2025-09-24T12:10:00,1441.10,TIME_STOP,644.80,195.66
vwap,HCLTECH,2025-09-30,LONG,2025-09-30T10:40:00,1396.80,1393.25,1402.12,214,3.55,2025-09-30T11:10:00,1402.12,TARGET,1138.98,689.75
vwap,HCLTECH,2025-10-03,SHORT,2025-10-03T10:50:00,1386.80,1390.39,1381.41,216,3.59,2025-10-03T12:40:00,1383.60,TIME_STOP,691.20,242.40
vwap,HCLTECH,2025-10-13,SHORT,2025-10-13T10:20:00,1487.40,1492.09,1480.36,201,4.69,2025-10-13T11:20:00,1480.36,TARGET,1414.80,967.41
vwap,HCLTECH,2025-10-29,LONG,2025-10-29T10:40:00,1546.30,1542.16,1552.50,194,4.14,2025-10-29T10:50:00,1542.16,STOP,-802.35,-1251.73
vwap,HCLTECH,2025-10-30,SHORT,2025-10-30T10:00:00,1542.10,1545.65,1536.77,194,3.55,2025-10-30T10:20:00,1545.65,STOP,-689.28,-1138.55
vwap,HCLTECH,2025-10-31,SHORT,2025-10-31T11:10:00,1545.60,1549.17,1540.25,194,3.57,2025-10-31T11:30:00,1549.17,STOP,-692.57,-1142.86
vwap,HCLTECH,2025-11-06,LONG,2025-11-06T13:00:00,1530.60,1527.19,1535.71,196,3.41,2025-11-06T13:20:00,1527.19,STOP,-667.72,-1117.22
vwap,HCLTECH,2025-11-14,SHORT,2025-11-14T10:40:00,1588.60,1592.40,1582.89,188,3.80,2025-11-14T10:50:00,1592.40,STOP,-715.31,-1163.83
vwap,HCLTECH,2025-11-18,SHORT,2025-11-18T10:00:00,1592.60,1596.15,1587.27,188,3.55,2025-11-18T11:40:00,1596.15,STOP,-667.88,-1117.50
vwap,HCLTECH,2025-11-20,SHORT,2025-11-20T12:20:00,1653.60,1657.51,1647.73,181,3.91,2025-11-20T14:10:00,1650.10,TIME_STOP,633.50,185.02
vwap,HCLTECH,2025-11-27,SHORT,2025-11-27T13:50:00,1619.20,1623.08,1613.38,185,3.88,2025-11-27T14:00:00,1623.08,STOP,-717.99,-1167.86
vwap,HCLTECH,2025-12-02,SHORT,2025-12-02T10:20:00,1632.00,1636.32,1625.52,183,4.32,2025-12-02T11:30:00,1625.52,TARGET,1186.18,739.09
vwap,HCLTECH,2025-12-03,SHORT,2025-12-03T10:00:00,1633.00,1637.48,1626.28,183,4.48,2025-12-03T10:20:00,1637.48,STOP,-819.52,-1268.39
vwap,HCLTECH,2025-12-08,SHORT,2025-12-08T14:00:00,1684.80,1688.82,1678.77,178,4.02,2025-12-08T14:30:00,1678.77,TARGET,1072.73,623.69
vwap,HCLTECH,2025-12-10,LONG,2025-12-10T14:00:00,1665.10,1662.22,1669.42,180,2.88,2025-12-10T14:00:00,1663.20,REVERSE,-342.00,-791.32
vwap,HCLTECH,2025-12-11,SHORT,2025-12-11T10:00:00,1653.20,1658.28,1645.58,181,5.08,2025-12-11T10:10:00,1658.28,STOP,-919.06,-1368.59
vwap,HCLTECH,2025-12-12,SHORT,2025-12-12T10:30:00,1662.00,1665.98,1656.03,180,3.98,2025-12-12T11:10:00,1665.98,STOP,-716.90,-1166.18
vwap,HCLTECH,2025-12-16,SHORT,2025-12-16T10:20:00,1667.00,1671.39,1660.42,179,4.39,2025-12-16T10:40:00,1660.42,TARGET,1177.81,731.10
vwap,HCLTECH,2025-12-17,SHORT,2025-12-17T12:10:00,1649.20,1652.65,1644.03,181,3.45,2025-12-17T12:30:00,1652.65,STOP,-624.24,-1072.47
vwap,HCLTECH,2025-12-19,SHORT,2025-12-19T10:10:00,1649.00,1654.13,1641.30,181,5.13,2025-12-19T10:10:00,1641.30,TARGET,1392.80,946.14
vwap,HCLTECH,2026-01-01,LONG,2026-01-01T10:40:00,1629.00,1624.45,1635.82,184,4.55,2026-01-01T11:00:00,1635.82,TARGET,1254.76,804.22
vwap,HCLTECH,2026-01-02,LONG,2026-01-02T11:30:00,1640.70,1636.61,1646.84,182,4.09,2026-01-02T12:10:00,1636.61,STOP,-745.19,-1192.54
vwap,HCLTECH,2026-01-12,SHORT,2026-01-12T10:20:00,1650.80,1657.60,1640.60,181,6.80,2026-01-12T12:10:00,1655.00,TIME_STOP,-760.20,-1208.96
vwap,HCLTECH,2026-01-13,LONG,2026-01-13T11:20:00,1669.70,1657.67,1687.74,179,12.03,2026-01-13T13:00:00,1657.67,STOP,-2152.86,-2599.56
vwap,HCLTECH,2026-01-14,SHORT,2026-01-14T10:10:00,1658.50,1665.49,1648.02,180,6.99,2026-01-14T11:00:00,1665.49,STOP,-1257.69,-1706.43
vwap,HCLTECH,2026-01-20,SHORT,2026-01-20T10:10:00,1692.80,1697.95,1685.08,177,5.15,2026-01-20T10:20:00,1697.95,STOP,-911.49,-1361.61
vwap,HCLTECH,2026-01-21,LONG,2026-01-21T13:30:00,1683.20,1678.58,1690.14,178,4.62,2026-01-21T13:30:00,1679.10,REVERSE,-729.80,-1178.67
vwap,HCLTECH,2026-01-27,SHORT,2026-01-27T11:20:00,1702.80,1708.76,1693.86,176,5.96,2026-01-27T11:20:00,1708.76,STOP,-1049.47,-1499.79
vwap,HCLTECH,2026-01-28,SHORT,2026-01-28T12:50:00,1712.70,1717.71,1705.19,175,5.01,2026-01-28T14:20:00,1717.71,STOP,-876.16,-1326.40
vwap,HCLTECH,2026-01-29,LONG,2026-01-29T13:20:00,1720.00,1715.42,1726.88,174,4.58,2026-01-29T15:10:00,1720.80,TIME_STOP,139.20,-309.82
vwap,HCLTECH,2026-02-05,LONG,2026-02-05T10:30:00,1629.20,1622.03,1639.96,184,7.17,2026-02-05T10:50:00,1622.03,STOP,-1319.82,-1768.49
vwap,HCLTECH,2026-02-10,LONG,2026-02-10T10:10:00,1598.20,1593.30,1605.55,187,4.90,2026-02-10T10:10:00,1593.30,STOP,-916.42,-1364.02
vwap,HCLTECH,2026-02-13,LONG,2026-02-13T13:00:00,1465.20,1456.08,1478.88,204,9.12,2026-02-13T13:50:00,1456.08,STOP,-1861.07,-2308.03
vwap,HCLTECH,2026-02-16,SHORT,2026-02-16T11:00:00,1454.10,1460.82,1444.03,206,6.72,2026-02-16T12:50:00,1452.30,TIME_STOP,370.80,-78.24
vwap,HCLTECH,2026-02-18,SHORT,2026-02-18T10:50:00,1452.80,1460.01,1441.98,206,7.21,2026-02-18T11:00:00,1460.01,STOP,-1485.63,-1935.66
vwap,HCLTECH,2026-02-19,SHORT,2026-02-19T12:10:00,1466.90,1472.85,1457.98,204,5.95,2026-02-19T14:00:00,1459.00,TIME_STOP,1611.60,1163.94
vwap,HCLTECH,2026-02-26,SHORT,2026-02-26T14:10:00,1371.40,1376.64,1363.55,218,5.24,2026-02-26T14:40:00,1376.64,STOP,-1141.37,-1590.67
vwap,HCLTECH,2026-03-04,SHORT,2026-03-04T10:40:00,1365.80,1372.45,1355.83,219,6.65,2026-03-04T12:30:00,1364.30,TIME_STOP,328.50,-119.92
vwap,HCLTECH,2026-03-06,SHORT,2026-03-06T10:10:00,1366.60,1372.33,1358.01,219,5.73,2026-03-06T10:20:00,1369.40,REVERSE,-613.20,-1062.59
vwap,HCLTECH,2026-03-09,LONG,2026-03-09T11:30:00,1369.80,1363.81,1378.78,219,5.99,2026-03-09T11:50:00,1363.81,STOP,-1311.62,-1760.62
vwap,HCLTECH,2026-03-10,LONG,2026-03-10T13:20:00,1355.70,1351.83,1361.51,221,3.87,2026-03-10T14:50:00,1361.51,TARGET,1284.19,833.81
vwap,HCLTECH,2026-03-11,SHORT,2026-03-11T10:20:00,1349.30,1353.77,1342.60,222,4.47,2026-03-11T10:20:00,1353.77,STOP,-992.01,-1442.07
vwap,HCLTECH,2026-03-12,LONG,2026-03-12T11:20:00,1361.30,1356.23,1368.90,220,5.07,2026-03-12T11:20:00,1356.23,STOP,-1115.05,-1563.45
vwap,MARUTI,2024-03-18,LONG,2024-03-18T10:00:00,11429.00,11358.08,11535.38,26,70.92,2024-03-18T11:50:00,11453.10,TIME_STOP,626.60,180.40
vwap,MARUTI,2024-03-19,SHORT,2024-03-19T14:10:00,11528.30,11562.56,11476.91,26,34.26,2024-03-19T14:30:00,11562.56,STOP,-890.82,-1341.09
vwap,MARUTI,2024-03-21,SHORT,2024-03-21T10:00:00,11890.00,11932.06,11826.92,25,42.06,2024-03-21T10:00:00,11932.06,STOP,-1051.39,-1498.06
vwap,MARUTI,2024-03-26,SHORT,2024-03-26T10:40:00,12197.50,12247.05,12123.17,24,49.55,2024-03-26T11:20:00,12237.50,REVERSE,-960.00,-1399.83
vwap,MARUTI,2024-03-28,LONG,2024-03-28T11:20:00,12607.40,12557.37,12682.44,23,50.03,2024-03-28T12:20:00,12557.37,STOP,-1150.67,-1584.77
vwap,MARUTI,2024-04-01,SHORT,2024-04-01T10:50:00,12595.00,12635.46,12534.31,23,40.46,2024-04-01T12:40:00,12577.10,TIME_STOP,411.70,-22.52
vwap,MARUTI,2024-04-02,LONG,2024-04-02T11:00:00,12599.20,12559.72,12658.41,23,39.48,2024-04-02T11:00:00,12559.72,STOP,-907.95,-1341.94
vwap,MARUTI,2024-04-04,LONG,2024-04-04T13:20:00,12462.25,12427.87,12513.82,24,34.38,2024-04-04T14:00:00,12513.82,TARGET,1237.71,788.14
vwap,MARUTI,2024-04-05,SHORT,2024-04-05T11:30:00,12458.25,12494.64,12403.67,24,36.39,2024-04-05T12:20:00,12403.67,TARGET,1309.91,862.39
vwap,MARUTI,2024-04-10,SHORT,2024-04-10T11:20:00,12807.40,12845.58,12750.13,23,38.18,2024-04-10T11:50:00,12750.13,TARGET,1317.18,876.31
vwap,MARUTI,2024-04-15,LONG,2024-04-15T14:10:00,12342.50,12303.56,12400.92,24,38.94,2024-04-15T14:30:00,12400.92,TARGET,1402.01,956.63
vwap,MARUTI,2024-04-19,LONG,2024-04-19T12:20:00,12489.90,12426.05,12585.68,24,63.85,2024-04-19T13:50:00,12585.68,TARGET,2298.62,1847.26
vwap,MARUTI,2024-04-25,SHORT,2024-04-25T10:00:00,12825.00,12870.46,12756.81,23,45.46,2024-04-25T10:50:00,12756.81,TARGET,1568.35,1127.06
vwap,MARUTI,2024-04-26,SHORT,2024-04-26T11:50:00,12846.95,12899.69,12767.84,23,52.74,2024-04-26T12:30:00,12767.84,TARGET,1819.52,1377.66
vwap,MARUTI,2024-05-06,LONG,2024-05-06T11:10:00,12585.10,12539.04,12654.18,23,46.06,2024-05-06T11:40:00,12539.04,STOP,-1059.29,-1492.68
vwap,MARUTI,2024-05-09,SHORT,2024-05-09T13:00:00,12469.40,12515.58,12400.14,24,46.18,2024-05-09T13:40:00,12515.58,STOP,-1108.23,-1557.96
vwap,MARUTI,2024-05-13,LONG,2024-05-13T11:00:00,12563.00,12509.12,12643.82,23,53.88,2024-05-13T12:50:00,12564.95,TIME_STOP,44.85,-388.61
vwap,MARUTI,2024-05-15,SHORT,2024-05-15T10:20:00,12749.85,12778.63,12706.68,23,28.78,2024-05-15T10:50:00,12706.68,TARGET,992.89,553.76
vwap,MARUTI,2024-05-17,LONG,2024-05-17T10:50:00,12494.20,12435.69,12581.96,24,58.51,2024-05-17T12:30:00,12526.30,EOD_FORCED,770.40,320.03
vwap,MARUTI,2024-05-21,SHORT,2024-05-21T13:20:00,12554.95,12590.44,12501.72,23,35.49,2024-05-21T14:00:00,12501.72,TARGET,1224.24,792.02
vwap,MARUTI,2024-05-22,LONG,2024-05-22T11:40:00,12536.00,12501.87,12587.19,23,34.13,2024-05-22T13:30:00,12556.15,TIME_STOP,463.45,30.61
vwap,MARUTI,2024-05-27,LONG,2024-05-27T12:50:00,12959.05,12925.67,13009.12,23,33.38,2024-05-27T13:20:00,12925.67,STOP,-767.68,-1214.19
vwap,MARUTI,2024-05-28,LONG,2024-05-28T11:20:00,12973.00,12936.58,13027.64,23,36.42,2024-05-28T11:30:00,12936.58,STOP,-837.76,-1284.70
vwap,MARUTI,2024-06-05,LONG,2024-06-05T10:00:00,12370.00,12238.23,12567.66,18,131.77,2024-06-05T10:10:00,12567.66,TARGET,3557.86,3221.20
vwap,MARUTI,2024-06-10,SHORT,2024-06-10T11:50:00,12739.95,12777.88,12683.05,23,37.93,2024-06-10T12:30:00,12683.05,TARGET,1308.73,870.18
vwap,MARUTI,2024-06-13,SHORT,2024-06-13T10:00:00,12817.00,12852.88,12763.17,23,35.88,2024-06-13T10:00:00,12852.88,STOP,-825.33,-1268.13
vwap,MARUTI,2024-06-14,LONG,2024-06-14T11:50:00,12842.85,12820.19,12876.83,23,22.66,2024-06-14T11:50:00,12876.83,TARGET,781.65,337.99
vwap,MARUTI,2024-06-21,LONG,2024-06-21T12:10:00,12220.80,12171.53,12294.71,24,49.27,2024-06-21T12:40:00,12171.53,STOP,-1182.51,-1621.57
vwap,MARUTI,2024-06-24,LONG,2024-06-24T10:30:00,12255.00,12204.97,12330.05,24,50.03,2024-06-24T11:10:00,12204.97,STOP,-1200.76,-1641.04
vwap,MARUTI,2024-06-25,SHORT,2024-06-25T10:40:00,12133.75,12167.52,12083.09,24,33.77,2024-06-25T10:50:00,12167.52,STOP,-810.55,-1247.97
vwap,MARUTI,2024-06-26,LONG,2024-06-26T10:30:00,12150.00,12121.11,12193.34,24,28.89,2024-06-26T10:30:00,12193.34,TARGET,1040.19,602.01
vwap,MARUTI,2024-07-01,SHORT,2024-07-01T11:00:00,12095.95,12134.52,12038.10,24,38.57,2024-07-01T12:50:00,12077.45,TIME_STOP,444.00,8.88
vwap,MARUTI,2024-07-03,LONG,2024-07-03T11:10:00,12050.00,12018.62,12097.07,24,31.38,2024-07-03T12:30:00,12097.07,TARGET,1129.77,695.12
vwap,MARUTI,2024-07-04,SHORT,2024-07-04T12:20:00,12098.20,12121.23,12063.65,24,23.03,2024-07-04T12:20:00,12121.23,STOP,-552.78,-988.73
vwap,MARUTI,2024-07-10,SHORT,2024-07-10T14:10:00,12856.45,12923.43,12755.98,23,66.98,2024-07-10T14:50:00,12755.98,TARGET,2310.82,1869.00
vwap,MARUTI,2024-07-16,SHORT,2024-07-16T10:30:00,12644.00,12690.72,12573.92,23,46.72,2024-07-16T11:10:00,12690.72,STOP,-1074.50,-1511.53
vwap,MARUTI,2024-07-18,LONG,2024-07-18T14:00:00,12625.90,12593.37,12674.69,23,32.53,2024-07-18T14:10:00,12674.69,TARGET,1122.27,685.84
vwap,MARUTI,2024-07-19,SHORT,2024-07-19T11:50:00,12596.80,12637.47,12535.79,23,40.67,2024-07-19T12:40:00,12535.79,TARGET,1403.15,969.62
vwap,MARUTI,2024-07-22,LONG,2024-07-22T10:50:00,12596.45,12555.11,12658.46,23,41.34,2024-07-22T11:20:00,12555.11,STOP,-950.80,-1384.67
vwap,MARUTI,2024-07-23,SHORT,2024-07-23T12:30:00,12455.95,12508.08,12377.76,24,52.13,2024-07-23T12:30:00,12377.76,TARGET,1876.67,1429.67
vwap,MARUTI,2024-07-26,LONG,2024-07-26T10:10:00,12594.95,12552.94,12657.96,23,42.01,2024-07-26T10:10:00,12552.94,STOP,-966.17,-1399.97
vwap,MARUTI,2024-08-01,SHORT,2024-08-01T14:00:00,13186.85,13251.61,13089.70,22,64.76,2024-08-01T14:10:00,13228.00,REVERSE,-905.30,-1341.15
vwap,MARUTI,2024-08-07,LONG,2024-08-07T10:10:00,12375.00,12316.90,12462.15,24,58.10,2024-08-07T11:30:00,12316.90,STOP,-1394.42,-1838.88
vwap,MARUTI,2024-08-08,SHORT,2024-08-08T10:20:00,12261.00,12301.22,12200.66,24,40.22,2024-08-08T10:30:00,12301.22,STOP,-965.39,-1407.51
vwap,MARUTI,2024-08-09,SHORT,2024-08-09T11:20:00,12234.55,12269.00,12182.87,24,34.45,2024-08-09T13:00:00,12255.00,REVERSE,-490.80,-931.61
vwap,MARUTI,2024-08-12,LONG,2024-08-12T10:00:00,12261.35,12226.21,12314.06,24,35.14,2024-08-12T10:10:00,12314.06,TARGET,1264.92,822.56
vwap,MARUTI,2024-08-13,SHORT,2024-08-13T10:40:00,12245.00,12285.41,12184.39,24,40.41,2024-08-13T11:10:00,12285.41,STOP,-969.82,-1411.36
vwap,MARUTI,2024-08-16,SHORT,2024-08-16T10:20:00,12184.00,12230.38,12114.43,24,46.38,2024-08-16T10:30:00,12114.43,TARGET,1669.57,1232.20
vwap,MARUTI,2024-08-19,SHORT,2024-08-19T10:40:00,12177.55,12207.68,12132.36,24,30.13,2024-08-19T12:30:00,12161.65,TIME_STOP,381.60,-56.51
vwap,MARUTI,2024-08-20,LONG,2024-08-20T10:00:00,12195.80,12174.11,12228.34,24,21.69,2024-08-20T10:10:00,12228.34,TARGET,780.88,341.25
vwap,MARUTI,2024-08-21,LONG,2024-08-21T14:00:00,12228.85,12214.07,12251.02,24,14.78,2024-08-21T15:00:00,12214.07,STOP,-354.73,-794.70
vwap,MARUTI,2024-08-26,LONG,2024-08-26T13:00:00,12304.00,12281.66,12337.51,24,22.34,2024-08-26T14:30:00,12281.66,STOP,-536.11,-978.65
vwap,MARUTI,2024-08-27,LONG,2024-08-27T10:20:00,12366.40,12337.16,12410.26,24,29.24,2024-08-27T10:20:00,12337.16,STOP,-701.81,-1146.47
vwap,MARUTI,2024-08-28,SHORT,2024-08-28T10:20:00,12420.00,12455.77,12366.35,24,35.77,2024-08-28T11:00:00,12366.35,TARGET,1287.55,841.40
vwap,MARUTI,2024-08-29,LONG,2024-08-29T13:40:00,12363.80,12343.76,12393.86,24,20.04,2024-08-29T14:20:00,12343.76,STOP,-481.04,-925.77
vwap,MARUTI,2024-09-02,SHORT,2024-09-02T12:40:00,12391.85,12425.42,12341.49,24,33.57,2024-09-02T14:30:00,12425.42,STOP,-805.74,-1252.46
vwap,MARUTI,2024-09-03,LONG,2024-09-03T10:50:00,12418.20,12393.61,12455.09,24,24.59,2024-09-03T11:30:00,12455.09,TARGET,885.26,437.54
vwap,MARUTI,2024-09-10,LONG,2024-09-10T11:30:00,12146.95,12123.79,12181.69,24,23.16,2024-09-10T12:00:00,12181.69,TARGET,833.68,395.76
vwap,MARUTI,2024-09-12,LONG,2024-09-12T13:00:00,12238.55,12212.35,12277.85,24,26.20,2024-09-12T14:00:00,12277.85,TARGET,943.30,502.00
vwap,MARUTI,2024-09-13,SHORT,2024-09-13T13:10:00,12301.50,12323.50,12268.51,24,22.00,2024-09-13T13:20:00,12323.50,STOP,-527.88,-971.13
vwap,MARUTI,2024-09-16,SHORT,2024-09-16T10:50:00,12306.15,12329.92,12270.50,24,23.77,2024-09-16T12:40:00,12290.00,TIME_STOP,387.60,-55.13
vwap,MARUTI,2024-09-18,SHORT,2024-09-18T13:10:00,12211.00,12234.84,12175.25,24,23.84,2024-09-18T13:40:00,12175.25,TARGET,858.08,419.13
vwap,MARUTI,2024-09-25,SHORT,2024-09-25T10:30:00,12646.80,12684.36,12590.46,23,37.56,2024-09-25T11:40:00,12684.36,STOP,-863.91,-1300.87
vwap,MARUTI,2024-09-30,SHORT,2024-09-30T11:20:00,13391.05,13437.31,13321.66,22,46.26,2024-09-30T12:40:00,13321.66,TARGET,1526.60,1085.84
vwap,MARUTI,2024-10-04,LONG,2024-10-04T11:00:00,12835.85,12766.59,12939.74,23,69.26,2024-10-04T11:10:00,12766.59,STOP,-1592.92,-2034.56
vwap,MARUTI,2024-10-08,LONG,2024-10-08T10:00:00,12514.05,12464.80,12587.93,23,49.25,2024-10-08T10:10:00,12464.80,STOP,-1132.82,-1563.71
vwap,MARUTI,2024-10-11,SHORT,2024-10-11T12:50:00,12860.55,12893.37,12811.31,23,32.82,2024-10-11T13:40:00,12811.31,TARGET,1132.42,689.58
vwap,MARUTI,2024-10-21,LONG,2024-10-21T11:10:00,12193.90,12137.67,12278.25,24,56.23,2024-10-21T11:10:00,12137.67,STOP,-1349.53,-1787.50
vwap,MARUTI,2024-10-22,SHORT,2024-10-22T10:10:00,12102.45,12156.59,12021.24,24,54.14,2024-10-22T10:10:00,12021.24,TARGET,1948.96,1514.74
vwap,MARUTI,2024-10-23,LONG,2024-10-23T11:00:00,12079.00,12024.38,12160.93,24,54.62,2024-10-23T12:50:00,12024.38,STOP,-1310.93,-1744.79
vwap,MARUTI,2024-11-07,LONG,2024-11-07T14:00:00,11299.95,11270.44,11344.21,26,29.51,2024-11-07T15:20:00,11287.65,EOD,-319.80,-760.26
vwap,MARUTI,2024-11-08,LONG,2024-11-08T12:40:00,11302.95,11267.79,11355.68,26,35.16,2024-11-08T13:40:00,11267.79,STOP,-914.06,-1354.19
vwap,MARUTI,2024-11-14,LONG,2024-11-14T14:10:00,11000.05,10965.43,11051.98,27,34.62,2024-11-14T15:20:00,10993.50,EOD,-176.85,-622.22
vwap,MARUTI,2024-11-22,LONG,2024-11-22T12:20:00,10945.00,10912.17,10994.25,27,32.83,2024-11-22T13:10:00,10994.25,TARGET,1329.80,885.53
vwap,MARUTI,2024-11-27,LONG,2024-11-27T12:30:00,11082.40,11047.19,11135.21,27,35.21,2024-11-27T14:20:00,11056.60,TIME_STOP,-696.60,-1144.91
vwap,MARUTI,2024-11-29,LONG,2024-11-29T10:50:00,11010.50,10973.04,11066.68,27,37.46,2024-11-29T11:20:00,11066.68,TARGET,1516.96,1069.90
vwap,MARUTI,2024-12-03,SHORT,2024-12-03T12:20:00,11221.95,11248.65,11181.90,26,26.70,2024-12-03T12:30:00,11248.65,STOP,-694.28,-1132.46
vwap,MARUTI,2024-12-06,SHORT,2024-12-06T12:00:00,11145.00,11179.42,11093.37,26,34.42,2024-12-06T12:00:00,11179.42,STOP,-894.84,-1330.17
vwap,MARUTI,2024-12-13,LONG,2024-12-13T12:50:00,11185.00,11146.63,11242.55,26,38.37,2024-12-13T13:00:00,11242.55,TARGET,1496.28,1058.94
vwap,MARUTI,2024-12-19,LONG,2024-12-19T11:50:00,11018.05,10987.09,11064.49,27,30.96,2024-12-19T12:30:00,10987.09,STOP,-835.85,-1281.45
vwap,MARUTI,2024-12-24,LONG,2024-12-24T10:40:00,10880.40,10850.51,10925.23,27,29.89,2024-12-24T10:50:00,10850.51,STOP,-807.01,-1247.07
vwap,MARUTI,2024-12-31,LONG,2024-12-31T14:00:00,10842.45,10818.49,10878.39,27,23.96,2024-12-31T14:10:00,10878.39,TARGET,970.36,530.51
vwap,MARUTI,2025-01-01,SHORT,2025-01-01T10:00:00,10809.75,10835.38,10771.30,27,25.63,2025-01-01T10:10:00,10835.38,STOP,-692.02,-1130.34
vwap,MARUTI,2025-01-07,LONG,2025-01-07T11:30:00,11799.00,11757.56,11861.16,25,41.44,2025-01-07T12:10:00,11757.56,STOP,-1035.99,-1477.68
vwap,MARUTI,2025-01-09,LONG,2025-01-09T12:50:00,11797.25,11766.60,11843.23,25,30.65,2025-01-09T14:10:00,11766.60,STOP,-766.27,-1208.10
vwap,MARUTI,2025-01-15,SHORT,2025-01-15T14:00:00,11904.70,11947.83,11840.00,25,43.13,2025-01-15T15:20:00,11947.83,STOP,-1078.32,-1525.56
vwap,MARUTI,2025-01-17,SHORT,2025-01-17T11:20:00,12023.70,12057.11,11973.58,24,33.41,2025-01-17T11:30:00,12057.11,STOP,-801.90,-1235.36
vwap,MARUTI,2025-01-20,LONG,2025-01-20T12:30:00,12090.00,12055.37,12141.95,24,34.63,2025-01-20T13:30:00,12055.37,STOP,-831.14,-1265.76
vwap,MARUTI,2025-01-22,LONG,2025-01-22T12:40:00,12072.00,12035.61,12126.59,24,36.39,2025-01-22T12:40:00,12035.61,STOP,-873.41,-1307.35
vwap,MARUTI,2025-01-24,LONG,2025-01-24T12:00:00,12086.90,12049.96,12142.31,24,36.94,2025-01-24T12:10:00,12049.96,STOP,-886.56,-1321.03
vwap,MARUTI,2025-01-27,LONG,2025-01-27T12:10:00,12031.40,11997.35,12082.48,24,34.05,2025-01-27T12:10:00,11997.35,STOP,-817.29,-1249.81
vwap,MARUTI,2025-01-28,LONG,2025-01-28T13:00:00,12008.95,11980.62,12051.44,24,28.33,2025-01-28T13:00:00,12051.44,TARGET,1019.78,586.70
vwap,MARUTI,2025-01-30,SHORT,2025-01-30T10:20:00,11997.40,12048.25,11921.12,25,50.85,2025-01-30T12:10:00,12005.40,TIME_STOP,-200.00,-650.05
vwap,MARUTI,2025-02-04,SHORT,2025-02-04T10:20:00,13072.80,13118.66,13004.01,22,45.86,2025-02-04T10:40:00,13004.01,TARGET,1513.45,1083.18
vwap,MARUTI,2025-02-05,LONG,2025-02-05T14:10:00,13105.25,13076.86,13147.83,22,28.39,2025-02-05T14:40:00,13076.86,STOP,-624.50,-1056.50
vwap,MARUTI,2025-02-07,LONG,2025-02-07T11:40:00,13078.20,13049.01,13121.99,22,29.19,2025-02-07T12:00:00,13049.01,STOP,-642.22,-1073.32
vwap,MARUTI,2025-02-11,LONG,2025-02-11T10:00:00,12991.95,12958.68,13041.85,23,33.27,2025-02-11T10:00:00,12958.68,STOP,-765.21,-1212.86
vwap,MARUTI,2025-02-13,LONG,2025-02-13T11:50:00,12715.20,12682.63,12764.06,23,32.57,2025-02-13T12:00:00,12682.63,STOP,-749.11,-1187.22
vwap,MARUTI,2025-02-17,LONG,2025-02-17T12:10:00,12685.05,12654.18,12731.35,23,30.87,2025-02-17T14:00:00,12693.10,TIME_STOP,185.15,-252.62
vwap,MARUTI,2025-02-21,LONG,2025-02-21T13:50:00,12371.70,12338.19,12421.96,24,33.51,2025-02-21T14:40:00,12338.19,STOP,-804.21,-1248.98
vwap,MARUTI,2025-02-24,SHORT,2025-02-24T11:20:00,12325.95,12363.57,12269.52,24,37.62,2025-02-24T12:40:00,12363.57,STOP,-902.84,-1347.25
vwap,MARUTI,2025-02-27,SHORT,2025-02-27T10:10:00,12417.40,12452.69,12364.46,24,35.29,2025-02-27T11:40:00,12364.46,TARGET,1270.53,824.46
vwap,MARUTI,2025-03-05,LONG,2025-03-05T11:10:00,11680.00,11651.91,11722.14,25,28.09,2025-03-05T11:40:00,11722.14,TARGET,1053.56,614.77
vwap,MARUTI,2025-03-06,LONG,2025-03-06T13:20:00,11632.15,11597.01,11684.86,25,35.14,2025-03-06T15:10:00,11667.25,TIME_STOP,877.50,440.64
vwap,MARUTI,2025-03-07,SHORT,2025-03-07T12:30:00,11621.65,11653.01,11574.61,25,31.36,2025-03-07T12:40:00,11653.01,STOP,-783.95,-1220.35
vwap,MARUTI,2025-03-11,LONG,2025-03-11T13:50:00,11619.90,11590.01,11664.73,25,29.89,2025-03-11T14:20:00,11664.73,TARGET,1120.86,684.28
vwap,MARUTI,2025-03-12,SHORT,2025-03-12T10:50:00,11606.35,11638.54,11558.06,25,32.19,2025-03-12T11:00:00,11638.54,STOP,-804.78,-1240.62
vwap,MARUTI,2025-03-13,SHORT,2025-03-13T11:50:00,11600.00,11632.98,11550.53,25,32.98,2025-03-13T12:50:00,11632.98,STOP,-824.52,-1260.13
vwap,MARUTI,2025-03-17,LONG,2025-03-17T10:00:00,11703.65,11665.08,11761.51,25,38.57,2025-03-17T10:00:00,11665.08,STOP,-964.26,-1402.42
vwap,MARUTI,2025-03-19,SHORT,2025-03-19T14:00:00,11561.25,11585.02,11525.60,25,23.77,2025-03-19T14:00:00,11585.02,STOP,-594.23,-1028.22
vwap,MARUTI,2025-03-21,SHORT,2025-03-21T14:10:00,11776.55,11810.13,11726.18,25,33.58,2025-03-21T15:00:00,11726.18,TARGET,1259.18,818.51
vwap,MARUTI,2025-03-24,LONG,2025-03-24T11:00:00,11828.00,11790.42,11884.37,25,37.58,2025-03-24T11:50:00,11884.37,TARGET,1409.16,964.55
vwap,MARUTI,2025-03-25,SHORT,2025-03-25T11:50:00,11908.00,11949.71,11845.44,25,41.71,2025-03-25T13:40:00,11934.00,TIME_STOP,-650.00,-1097.04
vwap,MARUTI,2025-04-17,LONG,2025-04-17T12:10:00,11650.00,11618.84,11696.75,25,31.16,2025-04-17T14:00:00,11696.75,TARGET,1168.67,730.91
vwap,MARUTI,2025-04-21,LONG,2025-04-21T10:50:00,11745.00,11710.86,11796.20,25,34.14,2025-04-21T10:50:00,11710.86,STOP,-853.39,-1293.19
vwap,MARUTI,2025-04-22,SHORT,2025-04-22T10:10:00,11647.00,11680.08,11597.38,25,33.08,2025-04-22T11:40:00,11680.08,STOP,-827.04,-1264.42
vwap,MARUTI,2025-04-25,SHORT,2025-04-25T10:10:00,11843.00,11893.08,11767.88,25,50.08,2025-04-25T12:00:00,11830.00,TIME_STOP,325.00,-118.87
vwap,MARUTI,2025-04-28,LONG,2025-04-28T12:00:00,11750.00,11685.03,11847.45,25,64.97,2025-04-28T12:30:00,11847.45,TARGET,2436.20,1993.74
vwap,MARUTI,2025-04-29,SHORT,2025-04-29T10:40:00,11780.00,11823.54,11714.70,25,43.54,2025-04-29T10:40:00,11823.54,STOP,-1088.39,-1530.95
vwap,MARUTI,2025-05-16,SHORT,2025-05-16T14:10:00,12925.00,12953.21,12882.68,23,28.21,2025-05-16T14:40:00,12953.21,STOP,-648.87,-1095.27
vwap,MARUTI,2025-05-19,SHORT,2025-05-19T11:00:00,12948.00,12976.67,12904.99,23,28.67,2025-05-19T11:10:00,12976.67,STOP,-659.42,-1106.62
vwap,MARUTI,2025-05-23,LONG,2025-05-23T11:20:00,12485.00,12458.16,12525.26,24,26.84,2025-05-23T11:30:00,12458.16,STOP,-644.22,-1093.19
vwap,MARUTI,2025-05-26,SHORT,2025-05-26T11:00:00,12452.00,12482.05,12406.93,24,30.05,2025-05-26T11:20:00,12482.05,STOP,-721.17,-1169.98
vwap,MARUTI,2025-05-27,LONG,2025-05-27T11:50:00,12441.00,12401.87,12499.69,24,39.13,2025-05-27T12:00:00,12401.87,STOP,-939.02,-1386.19
vwap,MARUTI,2025-05-30,SHORT,2025-05-30T11:30:00,12316.00,12347.21,12269.18,24,31.21,2025-05-30T11:40:00,12269.18,TARGET,1123.65,681.11
vwap,MARUTI,2025-06-02,LONG,2025-06-02T12:40:00,12280.00,12246.17,12330.74,24,33.83,2025-06-02T13:00:00,12246.17,STOP,-811.84,-1253.32
vwap,MARUTI,2025-06-04,LONG,2025-06-04T10:10:00,12188.00,12153.12,12240.32,24,34.88,2025-06-04T10:30:00,12240.32,TARGET,1255.74,816.03
vwap,MARUTI,2025-06-05,SHORT,2025-06-05T10:20:00,12062.00,12101.48,12002.78,24,39.48,2025-06-05T10:20:00,12101.48,STOP,-947.47,-1382.41
vwap,MARUTI,2025-06-10,SHORT,2025-06-10T11:50:00,12553.00,12578.20,12515.20,23,25.20,2025-06-10T12:00:00,12578.20,STOP,-579.67,-1013.18
vwap,MARUTI,2025-06-13,LONG,2025-06-13T12:20:00,12361.00,12326.03,12413.46,24,34.97,2025-06-13T13:00:00,12413.46,TARGET,1258.96,813.02
vwap,MARUTI,2025-06-17,LONG,2025-06-17T10:30:00,12537.00,12512.41,12573.88,23,24.59,2025-06-17T10:40:00,12573.88,TARGET,848.19,415.03
vwap,MARUTI,2025-06-20,SHORT,2025-06-20T10:50:00,12783.00,12811.42,12740.38,23,28.42,2025-06-20T11:20:00,12740.38,TARGET,980.37,540.09
vwap,MARUTI,2025-06-24,SHORT,2025-06-24T13:10:00,12714.00,12747.08,12664.39,23,33.08,2025-06-24T13:20:00,12664.39,TARGET,1141.11,703.34
vwap,MARUTI,2025-06-25,LONG,2025-06-25T10:50:00,12712.00,12678.23,12762.66,23,33.77,2025-06-25T11:20:00,12762.66,TARGET,1165.11,725.68
vwap,MARUTI,2025-06-26,SHORT,2025-06-26T11:10:00,12728.00,12759.45,12680.83,23,31.45,2025-06-26T12:30:00,12759.45,STOP,-723.34,-1163.00
vwap,MARUTI,2025-06-27,LONG,2025-06-27T13:00:00,12734.00,12708.62,12772.08,23,25.38,2025-06-27T13:00:00,12708.62,STOP,-583.84,-1022.73
vwap,MARUTI,2025-07-09,LONG,2025-07-09T12:00:00,12527.00,12503.27,12562.60,23,23.73,2025-07-09T12:30:00,12503.27,STOP,-545.83,-977.61
vwap,MARUTI,2025-07-10,LONG,2025-07-10T10:20:00,12588.00,12551.75,12642.38,23,36.25,2025-07-10T10:40:00,12642.38,TARGET,1250.73,815.50
vwap,MARUTI,2025-07-11,SHORT,2025-07-11T10:30:00,12564.00,12597.22,12514.17,23,33.22,2025-07-11T12:20:00,12562.00,TIME_STOP,46.00,-387.42
vwap,MARUTI,2025-07-14,SHORT,2025-07-14T10:40:00,12506.00,12539.44,12455.83,23,33.44,2025-07-14T11:40:00,12455.83,TARGET,1153.85,723.25
vwap,MARUTI,2025-07-15,SHORT,2025-07-15T14:00:00,12525.00,12546.49,12492.77,23,21.49,2025-07-15T15:20:00,12546.49,STOP,-494.19,-926.68
vwap,MARUTI,2025-07-17,SHORT,2025-07-17T13:20:00,12543.00,12563.06,12512.91,23,20.06,2025-07-17T13:50:00,12512.91,TARGET,692.15,259.94
vwap,MARUTI,2025-07-22,LONG,2025-07-22T11:30:00,12398.00,12376.41,12430.38,24,21.59,2025-07-22T12:20:00,12430.38,TARGET,777.10,330.19
vwap,MARUTI,2025-07-28,SHORT,2025-07-28T11:40:00,12429.00,12465.51,12374.23,24,36.51,2025-07-28T12:50:00,12374.23,TARGET,1314.45,867.99
vwap,MARUTI,2025-07-29,LONG,2025-07-29T13:00:00,12377.00,12346.32,12423.02,24,30.68,2025-07-29T14:10:00,12423.02,TARGET,1104.52,658.12
vwap,MARUTI,2025-07-31,SHORT,2025-07-31T10:00:00,12500.00,12536.65,12445.03,24,36.65,2025-07-31T11:10:00,12536.65,STOP,-879.54,-1330.20
vwap,MARUTI,2025-08-06,SHORT,2025-08-06T13:00:00,12508.00,12531.33,12473.00,23,23.33,2025-08-06T14:50:00,12510.00,TIME_STOP,-46.00,-477.56
vwap,MARUTI,2025-08-11,LONG,2025-08-11T13:40:00,12600.00,12574.71,12637.93,23,25.29,2025-08-11T13:50:00,12574.71,STOP,-581.60,-1015.86
vwap,MARUTI,2025-08-13,LONG,2025-08-13T10:10:00,12875.00,12832.27,12939.09,23,42.73,2025-08-13T10:50:00,12832.27,STOP,-982.76,-1426.21
vwap,MARUTI,2025-08-14,SHORT,2025-08-14T11:30:00,12834.00,12863.08,12790.39,23,29.08,2025-08-14T12:30:00,12863.08,STOP,-668.76,-1112.03
vwap,MARUTI,2025-08-20,SHORT,2025-08-20T14:00:00,14223.00,14242.25,14194.12,21,19.25,2025-08-20T14:10:00,14242.25,STOP,-404.31,-852.63
vwap,MARUTI,2025-08-21,LONG,2025-08-21T12:30:00,14255.00,14231.78,14289.84,21,23.22,2025-08-21T13:30:00,14231.78,STOP,-487.70,-936.37
vwap,MARUTI,2025-08-29,SHORT,2025-08-29T11:10:00,14716.00,14755.30,14657.06,20,39.30,2025-08-29T11:30:00,14755.30,STOP,-785.92,-1227.99
vwap,MARUTI,2025-09-01,LONG,2025-09-01T12:10:00,14791.00,14758.38,14839.93,20,32.62,2025-09-01T12:10:00,14758.38,STOP,-652.40,-1095.64
vwap,MARUTI,2025-09-03,SHORT,2025-09-03T10:10:00,14773.00,14812.76,14713.36,20,39.76,2025-09-03T11:30:00,14812.76,STOP,-795.22,-1239.01
vwap,MARUTI,2025-09-04,SHORT,2025-09-04T10:50:00,14822.00,14882.67,14730.99,20,60.67,2025-09-04T12:40:00,14800.00,TIME_STOP,440.00,-4.33
vwap,MARUTI,2025-09-05,LONG,2025-09-05T10:10:00,14866.00,14823.21,14930.18,20,42.79,2025-09-05T11:20:00,14823.21,STOP,-855.72,-1301.06
vwap,MARUTI,2025-09-15,SHORT,2025-09-15T12:00:00,15306.00,15326.30,15275.56,19,20.30,2025-09-15T12:10:00,15275.56,TARGET,578.45,142.66
vwap,MARUTI,2025-09-22,SHORT,2025-09-22T13:30:00,15900.00,15923.76,15864.36,18,23.76,2025-09-22T14:30:00,15864.36,TARGET,641.51,212.69
vwap,MARUTI,2025-09-25,LONG,2025-09-25T12:50:00,16197.00,16161.55,16250.17,18,35.45,2025-09-25T13:00:00,16250.17,TARGET,957.06,519.02
vwap,MARUTI,2025-09-29,LONG,2025-09-29T14:10:00,16214.00,16168.23,16282.66,18,45.77,2025-09-29T14:10:00,16168.23,STOP,-823.91,-1261.07
vwap,MARUTI,2025-09-30,LONG,2025-09-30T14:10:00,16013.00,15985.91,16053.63,18,27.09,2025-09-30T14:20:00,15985.91,STOP,-487.60,-919.59
vwap,MARUTI,2025-10-01,SHORT,2025-10-01T10:10:00,15952.00,15993.65,15889.52,18,41.65,2025-10-01T10:30:00,15889.52,TARGET,1124.65,694.79
vwap,MARUTI,2025-10-06,LONG,2025-10-06T10:10:00,15900.00,15855.45,15966.83,18,44.55,2025-10-06T10:30:00,15966.83,TARGET,1202.91,772.71
vwap,MARUTI,2025-10-08,SHORT,2025-10-08T14:00:00,16122.00,16146.34,16085.49,18,24.34,2025-10-08T14:10:00,16085.49,TARGET,657.23,222.43
vwap,MARUTI,2025-10-13,SHORT,2025-10-13T13:40:00,16286.00,16321.42,16232.86,18,35.42,2025-10-13T14:10:00,16304.00,REVERSE,-324.00,-763.96
vwap,MARUTI,2025-10-15,SHORT,2025-10-15T14:00:00,16270.00,16299.23,16226.15,18,29.23,2025-10-15T14:50:00,16226.15,TARGET,789.22,350.52
vwap,MARUTI,2025-10-16,LONG,2025-10-16T10:20:00,16298.00,16263.79,16349.31,18,34.21,2025-10-16T11:00:00,16263.79,STOP,-615.76,-1055.34
vwap,MARUTI,2025-10-17,SHORT,2025-10-17T14:00:00,16363.00,16395.47,16314.29,18,32.47,2025-10-17T14:40:00,16395.47,STOP,-584.53,-1026.77
vwap,MARUTI,2025-10-23,SHORT,2025-10-23T11:00:00,16388.00,16433.83,16319.26,18,45.83,2025-10-23T12:50:00,16390.00,TIME_STOP,-36.00,-478.50
vwap,MARUTI,2025-10-29,SHORT,2025-10-29T13:20:00,16325.00,16355.30,16279.55,18,30.30,2025-10-29T14:00:00,16279.55,TARGET,818.06,377.90
vwap,MARUTI,2025-10-30,LONG,2025-10-30T13:10:00,16244.00,16201.60,16307.60,18,42.40,2025-10-30T13:30:00,16201.60,STOP,-763.17,-1201.18
vwap,MARUTI,2025-11-06,LONG,2025-11-06T13:50:00,15459.00,15423.27,15512.60,19,35.73,2025-11-06T15:20:00,15433.00,EOD,-494.00,-934.21
vwap,MARUTI,2025-11-07,LONG,2025-11-07T12:40:00,15425.00,15387.21,15481.69,19,37.79,2025-11-07T13:30:00,15481.69,TARGET,1077.10,636.68
vwap,MARUTI,2025-11-11,SHORT,2025-11-11T10:40:00,15529.00,15562.24,15479.14,19,33.24,2025-11-11T11:40:00,15562.24,STOP,-631.60,-1074.65
vwap,MARUTI,2025-11-12,SHORT,2025-11-12T10:20:00,15579.00,15608.69,15534.47,19,29.69,2025-11-12T11:00:00,15608.69,STOP,-564.03,-1008.45
vwap,MARUTI,2025-11-14,SHORT,2025-11-14T10:20:00,15613.00,15655.60,15549.09,19,42.60,2025-11-14T12:10:00,15618.00,TIME_STOP,-95.00,-540.04
vwap,MARUTI,2025-11-19,SHORT,2025-11-19T10:00:00,15880.00,15911.02,15833.48,18,31.02,2025-11-19T10:50:00,15833.48,TARGET,837.43,409.29
vwap,MARUTI,2025-11-20,LONG,2025-11-20T14:10:00,15764.00,15736.97,15804.55,19,27.03,2025-11-20T14:50:00,15804.55,TARGET,770.44,320.59
vwap,MARUTI,2025-11-25,SHORT,2025-11-25T12:50:00,15970.00,15997.47,15928.80,18,27.47,2025-11-25T13:10:00,15997.47,STOP,-494.40,-925.96
vwap,MARUTI,2025-11-26,LONG,2025-11-26T10:10:00,16024.00,15983.86,16084.21,18,40.14,2025-11-26T12:00:00,16084.21,TARGET,1083.79,650.33
vwap,MARUTI,2025-11-27,SHORT,2025-11-27T10:30:00,16085.00,16119.73,16032.90,18,34.73,2025-11-27T10:40:00,16119.73,STOP,-625.20,-1059.96
vwap,MARUTI,2025-11-28,LONG,2025-11-28T11:20:00,16010.00,15973.19,16065.21,18,36.81,2025-11-28T11:40:00,15973.19,STOP,-662.56,-1094.33
vwap,MARUTI,2025-12-01,LONG,2025-12-01T10:00:00,16011.00,15975.69,16063.96,18,35.31,2025-12-01T10:00:00,16063.96,TARGET,953.37,520.36
vwap,MARUTI,2025-12-03,SHORT,2025-12-03T10:00:00,16080.00,16117.54,16023.69,18,37.54,2025-12-03T10:00:00,16117.54,STOP,-675.71,-1110.38
vwap,MARUTI,2025-12-04,SHORT,2025-12-04T10:20:00,15986.00,16019.08,15936.38,18,33.08,2025-12-04T10:40:00,16019.08,STOP,-595.48,-1027.55
vwap,MARUTI,2025-12-08,SHORT,2025-12-08T11:20:00,16168.00,16201.20,16118.21,18,33.20,2025-12-08T13:10:00,16167.00,TIME_STOP,18.00,-418.52
vwap,MARUTI,2025-12-09,LONG,2025-12-09T12:30:00,16208.00,16171.87,16262.19,18,36.13,2025-12-09T13:10:00,16171.87,STOP,-650.25,-1087.38
vwap,MARUTI,2025-12-10,LONG,2025-12-10T13:00:00,16080.00,16044.96,16132.55,18,35.04,2025-12-10T13:40:00,16044.96,STOP,-630.66,-1064.35
vwap,MARUTI,2025-12-17,SHORT,2025-12-17T12:50:00,16399.00,16424.63,16360.55,18,25.63,2025-12-17T14:20:00,16424.63,STOP,-461.38,-904.50
vwap,MARUTI,2025-12-18,LONG,2025-12-18T13:10:00,16383.00,16355.91,16423.63,18,27.09,2025-12-18T14:10:00,16355.91,STOP,-487.60,-929.58
vwap,MARUTI,2025-12-26,SHORT,2025-12-26T10:00:00,16632.00,16657.67,16593.50,18,25.67,2025-12-26T11:10:00,16593.50,TARGET,693.07,244.53
vwap,MARUTI,2025-12-29,SHORT,2025-12-29T10:30:00,16572.00,16602.01,16526.99,18,30.01,2025-12-29T11:10:00,16526.99,TARGET,810.24,363.40
vwap,MARUTI,2025-12-30,LONG,2025-12-30T10:10:00,16605.00,16568.28,16660.08,18,36.72,2025-12-30T10:20:00,16660.08,TARGET,991.47,542.39
vwap,MARUTI,2026-01-01,SHORT,2026-01-01T13:10:00,16668.00,16715.28,16597.08,17,47.28,2026-01-01T13:50:00,16715.28,STOP,-803.72,-1229.36
vwap,MARUTI,2026-01-06,SHORT,2026-01-06T11:20:00,17165.00,17204.29,17106.07,17,39.29,2026-01-06T11:40:00,17204.29,STOP,-667.91,-1106.12
vwap,MARUTI,2026-01-12,LONG,2026-01-12T13:20:00,16538.00,16489.68,16610.48,18,48.32,2026-01-12T15:00:00,16610.48,TARGET,1304.70,857.20
vwap,MARUTI,2026-01-13,SHORT,2026-01-13T11:30:00,16435.00,16490.25,16352.13,18,55.25,2026-01-13T11:30:00,16490.25,STOP,-994.44,-1438.94
vwap,MARUTI,2026-01-19,LONG,2026-01-19T13:20:00,16190.00,16143.87,16259.19,18,46.13,2026-01-19T15:10:00,16180.00,TIME_STOP,-180.00,-617.00
vwap,MARUTI,2026-01-22,SHORT,2026-01-22T11:30:00,15761.00,15810.96,15686.07,19,49.96,2026-01-22T12:20:00,15810.96,STOP,-949.15,-1399.05
vwap,MARUTI,2026-01-23,SHORT,2026-01-23T10:00:00,15758.00,15805.32,15687.02,19,47.32,2026-01-23T10:50:00,15687.02,TARGET,1348.66,900.57
vwap,MARUTI,2026-01-30,LONG,2026-01-30T13:40:00,14504.00,14450.98,14583.53,20,53.02,2026-01-30T14:00:00,14583.53,TARGET,1590.63,1154.31
vwap,MARUTI,2026-02-05,LONG,2026-02-05T12:30:00,15023.00,14985.49,15079.27,19,37.51,2026-02-05T13:10:00,15079.27,TARGET,1069.07,640.11
vwap,MARUTI,2026-02-06,LONG,2026-02-06T11:40:00,15083.00,15034.76,15155.35,19,48.24,2026-02-06T12:10:00,15034.76,STOP,-916.48,-1345.66
vwap,MARUTI,2026-02-12,SHORT,2026-02-12T13:30:00,15365.00,15395.25,15319.63,19,30.25,2026-02-12T14:50:00,15319.63,TARGET,862.02,424.77
vwap,MARUTI,2026-02-13,LONG,2026-02-13T12:00:00,15401.00,15366.86,15452.21,19,34.14,2026-02-13T12:30:00,15366.86,STOP,-648.72,-1087.16
vwap,MARUTI,2026-02-19,SHORT,2026-02-19T12:10:00,15126.00,15157.14,15079.29,19,31.14,2026-02-19T12:40:00,15079.29,TARGET,887.53,457.11
vwap,MARUTI,2026-02-20,LONG,2026-02-20T13:00:00,15038.00,14994.55,15103.18,19,43.45,2026-02-20T13:10:00,14994.55,STOP,-825.63,-1253.60
vwap,MARUTI,2026-02-23,SHORT,2026-02-23T13:20:00,15020.00,15051.08,14973.39,19,31.08,2026-02-23T13:30:00,15051.08,STOP,-590.45,-1018.96
vwap,MARUTI,2026-03-10,LONG,2026-03-10T10:20:00,13590.00,13532.36,13676.46,22,57.64,2026-03-10T10:50:00,13676.46,TARGET,1902.03,1452.14
vwap,MARUTI,2026-03-11,SHORT,2026-03-11T11:20:00,13702.00,13766.03,13605.96,21,64.03,2026-03-11T12:00:00,13605.96,TARGET,2016.84,1586.74
vwap,HEROMOTOCO,2024-03-18,LONG,2024-03-18T12:00:00,4458.75,4436.00,4492.88,67,22.75,2024-03-18T12:50:00,4436.00,STOP,-1524.30,-1971.26
vwap,HEROMOTOCO,2024-03-19,SHORT,2024-03-19T10:30:00,4424.65,4442.99,4397.15,67,18.34,2024-03-19T11:20:00,4442.99,STOP,-1228.54,-1674.14
vwap,HEROMOTOCO,2024-03-20,SHORT,2024-03-20T10:00:00,4408.00,4426.83,4379.75,68,18.83,2024-03-20T10:10:00,4426.83,STOP,-1280.44,-1731.02
vwap,HEROMOTOCO,2024-03-26,SHORT,2024-03-26T12:10:00,4537.15,4555.15,4510.15,66,18.00,2024-03-26T13:50:00,4549.65,REVERSE,-825.00,-1274.80
vwap,HEROMOTOCO,2024-03-27,SHORT,2024-03-27T10:10:00,4539.85,4554.83,4517.38,66,14.98,2024-03-27T11:00:00,4517.38,TARGET,1483.00,1034.67
vwap,HEROMOTOCO,2024-03-28,LONG,2024-03-28T10:20:00,4539.45,4523.67,4563.12,66,15.78,2024-03-28T10:40:00,4523.67,STOP,-1041.47,-1490.09
vwap,HEROMOTOCO,2024-04-01,SHORT,2024-04-01T11:00:00,4556.95,4576.11,4528.21,65,19.16,2024-04-01T11:20:00,4576.11,STOP,-1245.39,-1690.63
vwap,HEROMOTOCO,2024-04-03,SHORT,2024-04-03T11:00:00,4456.15,4469.02,4436.85,67,12.87,2024-04-03T11:40:00,4436.85,TARGET,1293.43,846.56
vwap,HEROMOTOCO,2024-04-09,SHORT,2024-04-09T11:50:00,4442.80,4462.57,4413.15,67,19.77,2024-04-09T13:40:00,4423.10,TIME_STOP,1319.90,874.39
vwap,HEROMOTOCO,2024-04-12,LONG,2024-04-12T11:20:00,4392.75,4381.86,4409.08,68,10.89,2024-04-12T11:30:00,4409.08,TARGET,1110.44,661.55
vwap,HEROMOTOCO,2024-04-22,LONG,2024-04-22T10:10:00,4121.70,4104.80,4147.05,72,16.90,2024-04-22T12:00:00,4128.35,TIME_STOP,478.80,33.30
vwap,HEROMOTOCO,2024-05-03,LONG,2024-05-03T10:10:00,4451.30,4434.48,4476.53,67,16.82,2024-05-03T11:20:00,4434.48,STOP,-1126.80,-1573.31
vwap,HEROMOTOCO,2024-05-07,SHORT,2024-05-07T11:00:00,4370.75,4388.35,4344.34,68,17.60,2024-05-07T11:20:00,4344.34,TARGET,1795.64,1351.17
vwap,HEROMOTOCO,2024-05-08,LONG,2024-05-08T12:00:00,4388.05,4367.45,4418.96,68,20.60,2024-05-08T12:20:00,4418.96,TARGET,2101.68,1652.52
vwap,HEROMOTOCO,2024-05-13,SHORT,2024-05-13T10:40:00,4624.40,4657.39,4574.91,64,32.99,2024-05-13T11:30:00,4657.39,STOP,-2111.51,-2557.04
vwap,HEROMOTOCO,2024-05-16,SHORT,2024-05-16T13:40:00,4942.10,4960.40,4914.64,60,18.30,2024-05-16T14:20:00,4960.40,STOP,-1098.20,-1543.81
vwap,HEROMOTOCO,2024-05-23,SHORT,2024-05-23T10:10:00,4862.10,4878.89,4836.92,61,16.79,2024-05-23T10:20:00,4878.89,STOP,-1023.93,-1469.58
vwap,HEROMOTOCO,2024-05-28,LONG,2024-05-28T11:00:00,5011.25,4992.44,5039.46,59,18.81,2024-05-28T11:00:00,5039.46,TARGET,1664.60,1219.86
vwap,HEROMOTOCO,2024-05-29,LONG,2024-05-29T11:00:00,5072.70,5051.95,5103.82,59,20.75,2024-05-29T11:00:00,5051.95,STOP,-1224.20,-1672.21
vwap,HEROMOTOCO,2024-05-30,LONG,2024-05-30T10:00:00,5049.60,5028.48,5081.27,59,21.12,2024-05-30T10:10:00,5028.48,STOP,-1245.83,-1691.78
vwap,HEROMOTOCO,2024-05-31,SHORT,2024-05-31T10:40:00,4984.85,5010.38,4946.55,60,25.53,2024-05-31T11:20:00,4946.55,TARGET,2298.10,1851.19
vwap,HEROMOTOCO,2024-06-04,SHORT,2024-06-04T12:30:00,4815.90,4874.61,4727.83,42,58.71,2024-06-04T12:30:00,4874.61,STOP,-2465.99,-2771.24
vwap,HEROMOTOCO,2024-06-06,LONG,2024-06-06T13:50:00,5435.65,5407.44,5477.97,55,28.21,2024-06-06T13:50:00,5407.44,STOP,-1551.56,-1998.83
vwap,HEROMOTOCO,2024-06-13,SHORT,2024-06-13T10:50:00,5638.75,5657.12,5611.19,53,18.37,2024-06-13T11:10:00,5611.19,TARGET,1460.46,1013.27
vwap,HEROMOTOCO,2024-06-14,LONG,2024-06-14T11:00:00,5678.15,5659.93,5705.48,52,18.22,2024-06-14T11:30:00,5705.48,TARGET,1421.19,977.23
vwap,HEROMOTOCO,2024-06-18,SHORT,2024-06-18T12:00:00,5651.95,5671.83,5622.14,53,19.88,2024-06-18T12:50:00,5671.83,STOP,-1053.46,-1503.58
vwap,HEROMOTOCO,2024-06-21,LONG,2024-06-21T10:50:00,5447.25,5423.36,5483.08,55,23.89,2024-06-21T11:50:00,5423.36,STOP,-1313.86,-1762.27
vwap,HEROMOTOCO,2024-06-24,LONG,2024-06-24T13:50:00,5368.10,5350.77,5394.10,55,17.33,2024-06-24T14:20:00,5394.10,TARGET,1429.83,985.89
vwap,HEROMOTOCO,2024-06-25,SHORT,2024-06-25T14:10:00,5395.95,5409.83,5375.13,55,13.88,2024-06-25T14:40:00,5375.13,TARGET,1145.29,700.99
vwap,HEROMOTOCO,2024-07-01,SHORT,2024-07-01T13:30:00,5461.00,5480.85,5431.22,54,19.85,2024-07-01T13:40:00,5480.85,STOP,-1072.05,-1515.20
vwap,HEROMOTOCO,2024-07-02,LONG,2024-07-02T10:20:00,5513.20,5490.42,5547.38,54,22.78,2024-07-02T10:30:00,5490.42,STOP,-1230.34,-1675.98
vwap,HEROMOTOCO,2024-07-03,SHORT,2024-07-03T11:00:00,5433.65,5452.11,5405.97,55,18.46,2024-07-03T11:50:00,5452.11,STOP,-1015.11,-1464.15
vwap,HEROMOTOCO,2024-07-04,LONG,2024-07-04T12:40:00,5435.95,5422.93,5455.47,55,13.02,2024-07-04T14:30:00,5429.75,TIME_STOP,-341.00,-789.21
vwap,HEROMOTOCO,2024-07-08,SHORT,2024-07-08T11:50:00,5408.00,5427.18,5379.23,55,19.18,2024-07-08T13:40:00,5402.95,TIME_STOP,277.75,-168.20
vwap,HEROMOTOCO,2024-07-09,LONG,2024-07-09T10:40:00,5443.00,5423.01,5472.99,55,19.99,2024-07-09T10:50:00,5423.01,STOP,-1099.70,-1547.93
vwap,HEROMOTOCO,2024-07-10,SHORT,2024-07-10T10:30:00,5394.15,5417.11,5359.72,55,22.96,2024-07-10T10:40:00,5359.72,TARGET,1893.88,1450.28
vwap,HEROMOTOCO,2024-07-11,LONG,2024-07-11T10:10:00,5407.60,5387.81,5437.29,55,19.79,2024-07-11T10:10:00,5387.81,STOP,-1088.67,-1533.98
vwap,HEROMOTOCO,2024-07-12,SHORT,2024-07-12T12:30:00,5389.10,5405.12,5365.07,55,16.02,2024-07-12T13:30:00,5405.12,STOP,-881.25,-1326.51
vwap,HEROMOTOCO,2024-07-16,LONG,2024-07-16T11:10:00,5475.45,5461.55,5496.30,54,13.90,2024-07-16T11:30:00,5461.55,STOP,-750.44,-1193.39
vwap,HEROMOTOCO,2024-07-23,SHORT,2024-07-23T10:30:00,5309.10,5326.40,5283.14,56,17.30,2024-07-23T11:00:00,5326.40,STOP,-969.06,-1415.75
vwap,HEROMOTOCO,2024-07-30,LONG,2024-07-30T11:50:00,5407.30,5387.39,5437.17,55,19.91,2024-07-30T12:00:00,5387.39,STOP,-1095.18,-1540.46
vwap,HEROMOTOCO,2024-07-31,LONG,2024-07-31T13:20:00,5365.35,5344.72,5396.29,55,20.63,2024-07-31T13:40:00,5396.29,TARGET,1701.77,1257.85
vwap,HEROMOTOCO,2024-08-12,SHORT,2024-08-12T10:40:00,5075.15,5091.22,5051.04,59,16.07,2024-08-12T11:20:00,5091.22,STOP,-948.21,-1398.07
vwap,HEROMOTOCO,2024-08-13,SHORT,2024-08-13T12:40:00,5176.05,5202.08,5137.01,57,26.03,2024-08-13T12:40:00,5137.01,TARGET,2225.21,1784.33
vwap,HEROMOTOCO,2024-08-20,SHORT,2024-08-20T14:10:00,5108.80,5127.50,5080.75,58,18.70,2024-08-20T15:10:00,5127.50,STOP,-1084.62,-1529.89
vwap,HEROMOTOCO,2024-08-21,LONG,2024-08-21T10:20:00,5136.50,5117.84,5164.48,58,18.66,2024-08-21T12:10:00,5135.35,TIME_STOP,-66.70,-513.53
vwap,HEROMOTOCO,2024-08-26,LONG,2024-08-26T10:50:00,5271.95,5253.18,5300.11,56,18.77,2024-08-26T11:10:00,5253.18,STOP,-1051.19,-1493.24
vwap,HEROMOTOCO,2024-08-27,LONG,2024-08-27T10:50:00,5250.35,5235.46,5272.68,57,14.89,2024-08-27T11:40:00,5235.46,STOP,-848.60,-1296.87
vwap,HEROMOTOCO,2024-09-04,SHORT,2024-09-04T11:10:00,5484.40,5504.51,5454.24,54,20.11,2024-09-04T12:30:00,5504.51,STOP,-1085.69,-1530.75
vwap,HEROMOTOCO,2024-09-06,SHORT,2024-09-06T10:20:00,5566.20,5587.37,5534.44,53,21.17,2024-09-06T10:30:00,5534.44,TARGET,1683.36,1242.10
vwap,HEROMOTOCO,2024-09-09,LONG,2024-09-09T10:10:00,5612.20,5591.28,5643.58,53,20.92,2024-09-09T12:00:00,5591.28,STOP,-1108.94,-1554.27
vwap,HEROMOTOCO,2024-09-10,SHORT,2024-09-10T10:40:00,5565.05,5589.68,5528.11,53,24.63,2024-09-10T12:30:00,5528.11,TARGET,1957.90,1516.94
vwap,HEROMOTOCO,2024-09-11,LONG,2024-09-11T12:50:00,5551.80,5534.68,5577.48,54,17.12,2024-09-11T13:10:00,5534.68,STOP,-924.35,-1373.35
vwap,HEROMOTOCO,2024-09-16,LONG,2024-09-16T10:50:00,5679.50,5661.43,5706.60,52,18.07,2024-09-16T10:50:00,5661.43,STOP,-939.57,-1381.86
vwap,HEROMOTOCO,2024-09-17,LONG,2024-09-17T10:00:00,5654.85,5640.73,5676.03,53,14.12,2024-09-17T10:00:00,5676.03,TARGET,1122.43,672.03
vwap,HEROMOTOCO,2024-09-18,SHORT,2024-09-18T13:30:00,5846.05,5871.75,5807.51,51,25.70,2024-09-18T14:30:00,5807.51,TARGET,1965.72,1519.97
vwap,HEROMOTOCO,2024-09-19,LONG,2024-09-19T10:00:00,5886.75,5858.79,5928.69,50,27.96,2024-09-19T10:10:00,5858.79,STOP,-1398.08,-1838.54
vwap,HEROMOTOCO,2024-09-20,LONG,2024-09-20T10:10:00,5893.90,5874.89,5922.41,50,19.01,2024-09-20T10:30:00,5922.41,TARGET,1425.43,982.31
vwap,HEROMOTOCO,2024-09-25,SHORT,2024-09-25T10:20:00,5952.40,5970.75,5924.87,50,18.35,2024-09-25T10:40:00,5924.87,TARGET,1376.53,931.13
vwap,HEROMOTOCO,2024-09-26,LONG,2024-09-26T13:20:00,5877.55,5857.07,5908.27,51,20.48,2024-09-26T13:30:00,5908.27,TARGET,1566.88,1116.07
vwap,HEROMOTOCO,2024-09-27,SHORT,2024-09-27T11:20:00,5840.45,5865.83,5802.38,51,25.38,2024-09-27T13:10:00,5816.05,TIME_STOP,1244.40,798.54
vwap,HEROMOTOCO,2024-10-08,LONG,2024-10-08T11:40:00,5370.25,5346.57,5405.77,55,23.68,2024-10-08T12:00:00,5346.57,STOP,-1302.27,-1744.34
vwap,HEROMOTOCO,2024-10-10,SHORT,2024-10-10T12:20:00,5374.05,5390.12,5349.94,55,16.07,2024-10-10T12:50:00,5349.94,TARGET,1325.81,883.45
vwap,HEROMOTOCO,2024-10-11,LONG,2024-10-11T13:00:00,5347.80,5335.68,5365.97,56,12.12,2024-10-11T13:00:00,5335.68,STOP,-678.53,-1127.23
vwap,HEROMOTOCO,2024-10-15,SHORT,2024-10-15T10:30:00,5382.10,5398.18,5357.98,55,16.08,2024-10-15T10:50:00,5398.18,STOP,-884.43,-1329.12
vwap,HEROMOTOCO,2024-10-22,SHORT,2024-10-22T10:40:00,5043.45,5067.72,5007.04,59,24.27,2024-10-22T10:50:00,5067.72,STOP,-1432.19,-1879.61
vwap,HEROMOTOCO,2024-10-23,LONG,2024-10-23T10:00:00,5109.15,5082.29,5149.44,58,26.86,2024-10-23T10:10:00,5082.29,STOP,-1558.07,-2001.39
vwap,HEROMOTOCO,2024-10-30,LONG,2024-10-30T10:40:00,4700.70,4676.54,4736.93,63,24.16,2024-10-30T11:10:00,4736.93,TARGET,2282.76,1836.83
vwap,HEROMOTOCO,2024-11-05,SHORT,2024-11-05T11:40:00,4667.85,4688.00,4637.63,64,20.15,2024-11-05T13:20:00,4688.00,STOP,-1289.42,-1738.50
vwap,HEROMOTOCO,2024-11-12,SHORT,2024-11-12T12:40:00,4632.50,4645.76,4612.61,64,13.26,2024-11-12T13:20:00,4612.61,TARGET,1273.16,829.39
vwap,HEROMOTOCO,2024-11-14,LONG,2024-11-14T11:10:00,4472.95,4448.12,4510.19,67,24.83,2024-11-14T12:00:00,4510.19,TARGET,2495.34,2043.94
vwap,HEROMOTOCO,2024-11-21,LONG,2024-11-21T11:00:00,4694.50,4672.57,4727.39,63,21.93,2024-11-21T11:30:00,4672.57,STOP,-1381.47,-1824.07
vwap,HEROMOTOCO,2024-11-22,LONG,2024-11-22T12:40:00,4660.35,4646.93,4680.47,64,13.42,2024-11-22T13:20:00,4680.47,TARGET,1287.91,839.55
vwap,HEROMOTOCO,2024-11-27,LONG,2024-11-27T11:40:00,4751.70,4735.79,4775.56,63,15.91,2024-11-27T11:50:00,4735.79,STOP,-1002.05,-1450.34
vwap,HEROMOTOCO,2024-11-28,SHORT,2024-11-28T11:20:00,4721.85,4736.15,4700.40,63,14.30,2024-11-28T11:40:00,4700.40,TARGET,1351.51,906.31
vwap,HEROMOTOCO,2024-12-03,SHORT,2024-12-03T11:50:00,4617.20,4627.99,4601.02,64,10.79,2024-12-03T13:00:00,4601.02,TARGET,1035.81,593.34
vwap,HEROMOTOCO,2024-12-06,SHORT,2024-12-06T11:30:00,4520.55,4539.24,4492.52,66,18.69,2024-12-06T13:20:00,4513.75,TIME_STOP,448.80,1.60
vwap,HEROMOTOCO,2024-12-09,LONG,2024-12-09T13:50:00,4507.25,4498.15,4520.91,66,9.10,2024-12-09T14:00:00,4498.15,STOP,-600.87,-1046.64
vwap,HEROMOTOCO,2024-12-17,SHORT,2024-12-17T10:10:00,4405.25,4417.20,4387.33,68,11.95,2024-12-17T10:20:00,4387.33,TARGET,1218.87,770.45
vwap,HEROMOTOCO,2024-12-19,LONG,2024-12-19T11:20:00,4317.65,4299.88,4344.30,69,17.77,2024-12-19T11:50:00,4344.30,TARGET,1839.13,1390.88
vwap,HEROMOTOCO,2024-12-26,LONG,2024-12-26T11:10:00,4186.45,4173.51,4205.86,71,12.94,2024-12-26T13:00:00,4185.45,TIME_STOP,-71.00,-516.80
vwap,HEROMOTOCO,2024-12-27,SHORT,2024-12-27T11:40:00,4166.10,4181.13,4143.56,72,15.03,2024-12-27T12:10:00,4143.56,TARGET,1622.96,1174.24
vwap,HEROMOTOCO,2025-01-01,LONG,2025-01-01T14:00:00,4064.70,4055.57,4078.39,73,9.13,2025-01-01T14:10:00,4078.39,TARGET,999.56,553.73
vwap,HEROMOTOCO,2025-01-03,SHORT,2025-01-03T10:00:00,4113.25,4134.22,4081.80,72,20.97,2025-01-03T10:00:00,4134.22,STOP,-1509.65,-1955.02
vwap,HEROMOTOCO,2025-01-06,SHORT,2025-01-06T11:30:00,4124.50,4140.01,4101.23,72,15.51,2025-01-06T11:40:00,4140.01,STOP,-1116.87,-1563.16
vwap,HEROMOTOCO,2025-01-09,LONG,2025-01-09T12:10:00,4034.75,4023.37,4051.82,74,11.38,2025-01-09T12:30:00,4051.82,TARGET,1263.41,814.60
vwap,HEROMOTOCO,2025-01-10,LONG,2025-01-10T12:30:00,4040.60,4026.41,4061.88,74,14.19,2025-01-10T13:00:00,4061.88,TARGET,1574.86,1125.18
vwap,HEROMOTOCO,2025-01-15,SHORT,2025-01-15T12:30:00,4002.80,4015.50,3983.75,74,12.70,2025-01-15T12:30:00,4015.50,STOP,-939.82,-1384.83
vwap,HEROMOTOCO,2025-01-16,SHORT,2025-01-16T10:40:00,3995.55,4010.04,3973.81,75,14.49,2025-01-16T11:10:00,3973.81,TARGET,1630.33,1182.06
vwap,HEROMOTOCO,2025-01-17,LONG,2025-01-17T10:20:00,3983.05,3970.80,4001.42,75,12.25,2025-01-17T10:30:00,4001.42,TARGET,1377.81,928.68
vwap,HEROMOTOCO,2025-01-20,LONG,2025-01-20T12:00:00,3997.70,3987.58,4012.87,75,10.12,2025-01-20T13:50:00,3987.58,STOP,-758.67,-1207.84
vwap,HEROMOTOCO,2025-01-23,LONG,2025-01-23T10:10:00,3979.30,3967.49,3997.02,75,11.81,2025-01-23T10:30:00,3997.02,TARGET,1329.01,880.34
vwap,HEROMOTOCO,2025-01-24,SHORT,2025-01-24T10:00:00,3975.35,3986.43,3958.73,75,11.08,2025-01-24T10:00:00,3958.73,TARGET,1246.47,800.18
vwap,HEROMOTOCO,2025-01-28,LONG,2025-01-28T11:30:00,3931.40,3915.94,3954.59,76,15.46,2025-01-28T12:30:00,3915.94,STOP,-1174.77,-1622.07
vwap,HEROMOTOCO,2025-02-01,LONG,2025-02-01T11:50:00,4216.55,4199.13,4242.68,71,17.42,2025-02-01T11:50:00,4199.13,STOP,-1236.93,-1685.07
vwap,HEROMOTOCO,2025-02-03,SHORT,2025-02-03T10:30:00,4235.55,4268.34,4186.37,70,32.79,2025-02-03T11:10:00,4186.37,TARGET,3442.44,3000.29
vwap,HEROMOTOCO,2025-02-04,SHORT,2025-02-04T10:40:00,4160.60,4181.80,4128.80,72,21.20,2025-02-04T10:50:00,4128.80,TARGET,2289.93,1842.30
vwap,HEROMOTOCO,2025-02-05,LONG,2025-02-05T11:30:00,4160.60,4148.12,4179.33,72,12.48,2025-02-05T11:30:00,4179.33,TARGET,1348.23,897.87
vwap,HEROMOTOCO,2025-02-07,SHORT,2025-02-07T10:10:00,4124.90,4145.35,4094.22,72,20.45,2025-02-07T10:10:00,4145.35,STOP,-1472.76,-1919.35
vwap,HEROMOTOCO,2025-02-10,SHORT,2025-02-10T11:50:00,4159.10,4175.01,4135.23,72,15.91,2025-02-10T12:10:00,4135.23,TARGET,1718.50,1270.61
vwap,HEROMOTOCO,2025-02-12,LONG,2025-02-12T11:50:00,4015.00,3996.24,4043.15,74,18.76,2025-02-12T12:20:00,4043.15,TARGET,2082.79,1635.56
vwap,HEROMOTOCO,2025-02-24,LONG,2025-02-24T11:50:00,3866.00,3852.87,3885.70,77,13.13,2025-02-24T12:10:00,3852.87,STOP,-1011.20,-1456.97
vwap,HEROMOTOCO,2025-02-25,SHORT,2025-02-25T10:10:00,3852.60,3864.45,3834.82,77,11.85,2025-02-25T11:40:00,3864.45,STOP,-912.54,-1358.20
vwap,HEROMOTOCO,2025-03-07,SHORT,2025-03-07T12:50:00,3662.35,3675.67,3642.37,81,13.32,2025-03-07T14:30:00,3675.67,STOP,-1078.92,-1524.70
vwap,HEROMOTOCO,2025-03-12,SHORT,2025-03-12T12:00:00,3612.45,3625.46,3592.94,83,13.01,2025-03-12T13:50:00,3598.85,TIME_STOP,1128.80,679.90
vwap,HEROMOTOCO,2025-03-21,SHORT,2025-03-21T14:00:00,3622.60,3635.25,3603.63,82,12.65,2025-03-21T14:00:00,3635.25,STOP,-1037.04,-1483.39
vwap,HEROMOTOCO,2025-03-24,LONG,2025-03-24T13:20:00,3635.00,3622.65,3653.52,82,12.35,2025-03-24T13:50:00,3622.65,STOP,-1012.67,-1459.02
vwap,HEROMOTOCO,2025-03-25,SHORT,2025-03-25T12:30:00,3628.85,3642.74,3608.01,82,13.89,2025-03-25T12:50:00,3642.74,STOP,-1139.09,-1586.29
vwap,HEROMOTOCO,2025-03-28,SHORT,2025-03-28T13:00:00,3745.00,3760.19,3722.22,80,15.19,2025-03-28T13:50:00,3722.22,TARGET,1822.35,1374.32
vwap,HEROMOTOCO,2025-04-01,SHORT,2025-04-01T11:50:00,3744.30,3762.81,3716.53,80,18.51,2025-04-01T12:20:00,3762.81,STOP,-1480.92,-1931.35
vwap,HEROMOTOCO,2025-04-02,LONG,2025-04-02T10:10:00,3764.65,3749.44,3787.47,79,15.21,2025-04-02T10:20:00,3749.44,STOP,-1201.76,-1646.97
vwap,HEROMOTOCO,2025-04-08,SHORT,2025-04-08T11:50:00,3516.05,3534.03,3489.08,85,17.98,2025-04-08T11:50:00,3529.90,REVERSE,-1177.25,-1626.43
vwap,HEROMOTOCO,2025-04-16,SHORT,2025-04-16T13:20:00,3752.00,3762.69,3735.97,79,10.69,2025-04-16T13:50:00,3762.69,STOP,-844.29,-1289.54
vwap,HEROMOTOCO,2025-04-17,LONG,2025-04-17T13:10:00,3737.50,3725.23,3755.90,80,12.27,2025-04-17T13:40:00,3755.90,TARGET,1472.03,1022.43
vwap,HEROMOTOCO,2025-04-22,SHORT,2025-04-22T10:30:00,3838.00,3857.00,3809.50,78,19.00,2025-04-22T12:20:00,3827.60,TIME_STOP,811.20,362.76
vwap,HEROMOTOCO,2025-04-25,SHORT,2025-04-25T10:10:00,3881.60,3900.44,3853.35,77,18.84,2025-04-25T10:10:00,3900.44,STOP,-1450.39,-1899.81
vwap,HEROMOTOCO,2025-04-28,LONG,2025-04-28T12:20:00,3895.90,3882.79,3915.57,77,13.11,2025-04-28T13:10:00,3915.57,TARGET,1514.49,1063.38
vwap,HEROMOTOCO,2025-04-29,SHORT,2025-04-29T11:00:00,3895.10,3911.44,3870.59,77,16.34,2025-04-29T11:50:00,3870.59,TARGET,1887.24,1438.77
vwap,HEROMOTOCO,2025-05-02,SHORT,2025-05-02T12:10:00,3825.10,3844.34,3796.25,78,19.24,2025-05-02T12:30:00,3796.25,TARGET,2250.62,1804.77
vwap,HEROMOTOCO,2025-05-09,LONG,2025-05-09T10:30:00,3852.00,3831.79,3882.31,77,20.21,2025-05-09T10:50:00,3831.79,STOP,-1556.00,-1999.74
vwap,HEROMOTOCO,2025-05-22,LONG,2025-05-22T13:40:00,4273.00,4259.18,4293.72,70,13.82,2025-05-22T13:40:00,4259.18,STOP,-967.06,-1415.00
vwap,HEROMOTOCO,2025-05-28,LONG,2025-05-28T13:00:00,4341.00,4330.35,4356.97,69,10.65,2025-05-28T13:30:00,4356.97,TARGET,1102.03,651.91
vwap,HEROMOTOCO,2025-05-30,SHORT,2025-05-30T12:40:00,4341.50,4353.59,4323.36,69,12.09,2025-05-30T13:30:00,4353.59,STOP,-834.35,-1284.32
vwap,HEROMOTOCO,2025-06-03,SHORT,2025-06-03T11:30:00,4224.60,4236.75,4206.38,71,12.15,2025-06-03T12:10:00,4236.75,STOP,-862.52,-1313.08
vwap,HEROMOTOCO,2025-06-04,LONG,2025-06-04T14:10:00,4229.40,4221.37,4241.45,70,8.03,2025-06-04T14:30:00,4221.37,STOP,-562.41,-1006.07
vwap,HEROMOTOCO,2025-06-17,LONG,2025-06-17T10:40:00,4378.20,4365.87,4396.69,68,12.33,2025-06-17T10:50:00,4365.87,STOP,-838.16,-1284.11
vwap,HEROMOTOCO,2025-06-18,SHORT,2025-06-18T12:30:00,4380.20,4392.34,4361.99,68,12.14,2025-06-18T13:10:00,4392.34,STOP,-825.65,-1273.05
vwap,HEROMOTOCO,2025-06-19,LONG,2025-06-19T10:10:00,4394.40,4381.40,4413.90,68,13.00,2025-06-19T10:30:00,4381.40,STOP,-883.91,-1331.47
vwap,HEROMOTOCO,2025-06-24,LONG,2025-06-24T10:10:00,4289.40,4275.18,4310.73,69,14.22,2025-06-24T11:00:00,4310.73,TARGET,1471.59,1026.53
vwap,HEROMOTOCO,2025-06-25,SHORT,2025-06-25T11:50:00,4305.40,4318.11,4286.34,69,12.71,2025-06-25T13:40:00,4310.90,TIME_STOP,-379.50,-825.39
vwap,HEROMOTOCO,2025-07-07,SHORT,2025-07-07T10:30:00,4327.40,4341.10,4306.85,69,13.70,2025-07-07T12:20:00,4322.70,TIME_STOP,324.30,-123.34
vwap,HEROMOTOCO,2025-07-09,LONG,2025-07-09T11:20:00,4321.00,4309.89,4337.67,69,11.11,2025-07-09T12:20:00,4337.67,TARGET,1150.20,702.12
vwap,HEROMOTOCO,2025-07-10,SHORT,2025-07-10T11:40:00,4320.50,4329.93,4306.35,69,9.43,2025-07-10T12:30:00,4329.93,STOP,-650.92,-1098.58
vwap,HEROMOTOCO,2025-07-11,LONG,2025-07-11T10:00:00,4334.40,4323.49,4350.76,69,10.91,2025-07-11T10:10:00,4323.49,STOP,-752.53,-1200.58
vwap,HEROMOTOCO,2025-07-14,LONG,2025-07-14T13:30:00,4237.50,4226.89,4253.42,70,10.61,2025-07-14T14:00:00,4226.89,STOP,-742.75,-1187.13
vwap,HEROMOTOCO,2025-07-18,SHORT,2025-07-18T10:20:00,4424.20,4436.86,4405.21,67,12.66,2025-07-18T10:30:00,4405.21,TARGET,1272.08,828.40
vwap,HEROMOTOCO,2025-07-21,LONG,2025-07-21T11:50:00,4411.60,4397.86,4432.21,68,13.74,2025-07-21T13:40:00,4405.80,TIME_STOP,-394.40,-844.09
vwap,HEROMOTOCO,2025-07-22,SHORT,2025-07-22T11:10:00,4390.90,4403.39,4372.16,68,12.49,2025-07-22T11:10:00,4372.16,TARGET,1274.48,827.56
vwap,HEROMOTOCO,2025-07-23,LONG,2025-07-23T10:20:00,4374.20,4360.81,4394.29,68,13.39,2025-07-23T10:50:00,4360.81,STOP,-910.60,-1356.09
vwap,HEROMOTOCO,2025-07-30,LONG,2025-07-30T10:30:00,4319.50,4306.56,4338.91,69,12.94,2025-07-30T10:30:00,4306.56,STOP,-892.79,-1339.19
vwap,HEROMOTOCO,2025-07-31,LONG,2025-07-31T11:40:00,4262.40,4247.30,4285.05,70,15.10,2025-07-31T12:50:00,4285.05,TARGET,1585.19,1136.45
vwap,HEROMOTOCO,2025-08-14,LONG,2025-08-14T10:40:00,4756.20,4743.17,4775.74,63,13.03,2025-08-14T10:40:00,4751.50,REVERSE,-296.10,-745.34
vwap,HEROMOTOCO,2025-08-21,LONG,2025-08-21T10:50:00,5143.30,5129.03,5164.70,58,14.27,2025-08-21T11:30:00,5129.03,STOP,-827.42,-1274.27
vwap,HEROMOTOCO,2025-08-28,SHORT,2025-08-28T14:10:00,5121.10,5135.31,5099.79,58,14.21,2025-08-28T15:00:00,5099.79,TARGET,1236.24,791.63
vwap,HEROMOTOCO,2025-09-05,SHORT,2025-09-05T11:40:00,5358.00,5373.98,5334.02,55,15.98,2025-09-05T13:30:00,5363.50,TIME_STOP,-302.50,-744.76
vwap,HEROMOTOCO,2025-09-12,SHORT,2025-09-12T12:20:00,5315.00,5328.72,5294.42,56,13.72,2025-09-12T13:40:00,5294.42,TARGET,1152.22,706.62
vwap,HEROMOTOCO,2025-09-15,SHORT,2025-09-15T11:10:00,5312.00,5324.27,5293.60,56,12.27,2025-09-15T11:40:00,5293.60,TARGET,1030.30,584.86
vwap,HEROMOTOCO,2025-09-25,LONG,2025-09-25T11:40:00,5327.00,5306.58,5357.63,56,20.42,2025-09-25T11:50:00,5306.58,STOP,-1143.47,-1590.08
vwap,HEROMOTOCO,2025-09-29,SHORT,2025-09-29T11:40:00,5295.50,5316.69,5263.72,56,21.19,2025-09-29T13:10:00,5316.69,STOP,-1186.40,-1632.11
vwap,HEROMOTOCO,2025-10-01,SHORT,2025-10-01T12:50:00,5426.50,5442.70,5402.20,55,16.20,2025-10-01T13:40:00,5442.70,STOP,-890.95,-1339.30
vwap,HEROMOTOCO,2025-10-03,LONG,2025-10-03T11:20:00,5527.00,5500.78,5566.33,54,26.22,2025-10-03T12:20:00,5566.33,TARGET,2123.70,1674.42
vwap,HEROMOTOCO,2025-10-08,SHORT,2025-10-08T10:20:00,5590.00,5606.64,5565.03,53,16.64,2025-10-08T10:20:00,5565.03,TARGET,1323.16,879.74
vwap,HEROMOTOCO,2025-10-10,SHORT,2025-10-10T10:40:00,5486.50,5503.01,5461.73,54,16.51,2025-10-10T10:50:00,5503.01,STOP,-891.81,-1336.88
vwap,HEROMOTOCO,2025-10-14,SHORT,2025-10-14T12:00:00,5555.00,5570.21,5532.19,54,15.21,2025-10-14T12:30:00,5569.00,REVERSE,-756.00,-1206.52
vwap,HEROMOTOCO,2025-10-15,SHORT,2025-10-15T13:40:00,5562.50,5575.00,5543.75,53,12.50,2025-10-15T13:40:00,5543.75,TARGET,993.89,552.42
vwap,HEROMOTOCO,2025-10-16,LONG,2025-10-16T10:00:00,5604.50,5584.12,5635.07,53,20.38,2025-10-16T10:00:00,5584.12,STOP,-1080.05,-1524.79
vwap,HEROMOTOCO,2025-10-17,LONG,2025-10-17T10:50:00,5590.00,5576.15,5610.78,53,13.85,2025-10-17T11:00:00,5610.78,TARGET,1101.17,655.94
vwap,HEROMOTOCO,2025-10-21,LONG,2025-10-21T14:00:00,5650.50,5632.64,5677.30,53,17.86,2025-10-21T14:40:00,5632.64,STOP,-946.80,-1395.31
vwap,HEROMOTOCO,2025-11-06,SHORT,2025-11-06T10:50:00,5327.50,5348.46,5296.06,56,20.96,2025-11-06T12:40:00,5348.46,STOP,-1173.93,-1622.32
vwap,HEROMOTOCO,2025-11-07,LONG,2025-11-07T14:00:00,5306.50,5290.93,5329.85,56,15.57,2025-11-07T14:00:00,5290.93,STOP,-871.69,-1316.79
vwap,HEROMOTOCO,2025-11-11,LONG,2025-11-11T12:10:00,5400.50,5385.18,5423.48,55,15.32,2025-11-11T12:30:00,5423.48,TARGET,1263.88,817.39
vwap,HEROMOTOCO,2025-11-19,SHORT,2025-11-19T13:50:00,5844.50,5854.89,5828.92,51,10.39,2025-11-19T14:50:00,5854.89,STOP,-529.88,-977.38
vwap,HEROMOTOCO,2025-11-24,SHORT,2025-11-24T14:00:00,5999.50,6009.92,5983.86,50,10.42,2025-11-24T15:00:00,5983.86,TARGET,781.80,332.42
vwap,HEROMOTOCO,2025-11-25,LONG,2025-11-25T10:00:00,6025.00,6009.11,6048.83,49,15.89,2025-11-25T10:40:00,6048.83,TARGET,1167.56,723.85
vwap,HEROMOTOCO,2025-11-27,SHORT,2025-11-27T12:20:00,6120.00,6132.54,6101.19,49,12.54,2025-11-27T12:20:00,6101.19,TARGET,921.81,472.68
vwap,HEROMOTOCO,2025-12-02,SHORT,2025-12-02T10:50:00,6264.50,6280.23,6240.91,47,15.73,2025-12-02T12:40:00,6262.50,TIME_STOP,94.00,-347.58
vwap,HEROMOTOCO,2025-12-03,SHORT,2025-12-03T10:10:00,6245.00,6259.49,6223.27,48,14.49,2025-12-03T10:30:00,6223.27,TARGET,1043.12,594.26
vwap,HEROMOTOCO,2025-12-05,SHORT,2025-12-05T13:40:00,6340.00,6353.13,6320.31,47,13.13,2025-12-05T15:20:00,6351.00,REVERSE,-517.00,-964.36
vwap,HEROMOTOCO,2025-12-11,LONG,2025-12-11T10:00:00,5997.50,5974.49,6032.01,50,23.01,2025-12-11T10:50:00,5974.49,STOP,-1150.39,-1599.34
vwap,HEROMOTOCO,2025-12-12,SHORT,2025-12-12T12:10:00,5978.00,5991.92,5957.12,50,13.92,2025-12-12T13:50:00,5957.12,TARGET,1043.95,596.38
vwap,HEROMOTOCO,2025-12-22,SHORT,2025-12-22T10:20:00,5754.00,5772.81,5725.78,52,18.81,2025-12-22T11:10:00,5725.78,TARGET,1467.36,1019.65
vwap,HEROMOTOCO,2025-12-24,LONG,2025-12-24T10:30:00,5729.00,5713.72,5751.92,52,15.28,2025-12-24T11:40:00,5713.72,STOP,-794.56,-1240.83
vwap,HEROMOTOCO,2026-01-06,SHORT,2026-01-06T11:10:00,5983.50,5998.40,5961.15,50,14.90,2026-01-06T11:40:00,5998.40,STOP,-744.88,-1194.20
vwap,HEROMOTOCO,2026-01-07,LONG,2026-01-07T12:00:00,5994.00,5983.26,6010.11,50,10.74,2026-01-07T12:00:00,5983.26,STOP,-537.13,-986.28
vwap,HEROMOTOCO,2026-01-12,LONG,2026-01-12T13:50:00,5736.00,5714.78,5767.83,52,21.22,2026-01-12T14:40:00,5714.78,STOP,-1103.51,-1550.09
vwap,HEROMOTOCO,2026-01-14,SHORT,2026-01-14T10:20:00,5683.50,5704.70,5651.70,52,21.20,2026-01-14T10:30:00,5704.70,STOP,-1102.56,-1546.70
vwap,HEROMOTOCO,2026-01-20,SHORT,2026-01-20T10:50:00,5716.50,5740.94,5679.84,52,24.44,2026-01-20T11:20:00,5740.94,STOP,-1270.93,-1717.77
vwap,HEROMOTOCO,2026-01-22,SHORT,2026-01-22T12:40:00,5576.50,5597.04,5545.69,53,20.54,2026-01-22T13:00:00,5545.69,TARGET,1632.76,1190.65
vwap,HEROMOTOCO,2026-01-28,SHORT,2026-01-28T12:00:00,5343.00,5361.69,5314.96,56,18.69,2026-01-28T13:10:00,5361.69,STOP,-1046.69,-1496.29
vwap,HEROMOTOCO,2026-01-30,SHORT,2026-01-30T11:50:00,5538.00,5557.36,5508.96,54,19.36,2026-01-30T12:40:00,5508.96,TARGET,1568.32,1120.92
vwap,HEROMOTOCO,2026-02-02,LONG,2026-02-02T13:10:00,5538.00,5513.42,5574.87,54,24.58,2026-02-02T13:50:00,5574.87,TARGET,1990.85,1540.77
vwap,HEROMOTOCO,2026-02-05,SHORT,2026-02-05T10:00:00,5789.50,5811.87,5755.94,51,22.37,2026-02-05T10:20:00,5811.87,STOP,-1141.01,-1584.76
vwap,HEROMOTOCO,2026-02-06,LONG,2026-02-06T10:30:00,5823.00,5794.60,5865.60,51,28.40,2026-02-06T10:30:00,5794.60,STOP,-1448.54,-1892.91
vwap,HEROMOTOCO,2026-02-10,LONG,2026-02-10T10:10:00,5795.00,5770.14,5832.29,51,24.86,2026-02-10T10:50:00,5770.14,STOP,-1267.73,-1710.10
vwap,HEROMOTOCO,2026-02-12,SHORT,2026-02-12T12:20:00,5711.00,5729.23,5683.66,52,18.23,2026-02-12T13:00:00,5729.23,STOP,-947.72,-1393.89
vwap,HEROMOTOCO,2026-02-19,SHORT,2026-02-19T10:40:00,5544.50,5562.47,5517.54,54,17.97,2026-02-19T11:20:00,5517.54,TARGET,1455.95,1007.94
vwap,HEROMOTOCO,2026-02-20,LONG,2026-02-20T14:10:00,5441.00,5425.25,5464.62,55,15.75,2026-02-20T14:30:00,5425.25,STOP,-866.08,-1314.32
vwap,HEROMOTOCO,2026-02-23,SHORT,2026-02-23T12:40:00,5454.00,5469.98,5430.04,55,15.98,2026-02-23T14:30:00,5456.50,TIME_STOP,-137.50,-587.56
vwap,HEROMOTOCO,2026-02-24,SHORT,2026-02-24T13:50:00,5478.00,5492.93,5455.60,54,14.93,2026-02-24T14:00:00,5492.93,STOP,-806.34,-1250.66
vwap,HEROMOTOCO,2026-02-27,SHORT,2026-02-27T12:20:00,5729.00,5748.57,5699.65,52,19.57,2026-02-27T13:40:00,5699.65,TARGET,1526.41,1080.69
vwap,HEROMOTOCO,2026-03-11,SHORT,2026-03-11T11:20:00,5615.00,5645.05,5569.92,53,30.05,2026-03-11T13:10:00,5569.92,TARGET,2389.16,1944.56
vwap,EICHERMOT,2024-03-19,LONG,2024-03-19T11:30:00,3704.15,3692.73,3721.28,80,11.42,2024-03-19T13:20:00,3697.40,TIME_STOP,-540.00,-984.09
vwap,EICHERMOT,2024-03-22,LONG,2024-03-22T11:40:00,3951.25,3932.06,3980.04,75,19.19,2024-03-22T12:10:00,3980.04,TARGET,2158.93,1712.79
vwap,EICHERMOT,2024-03-26,SHORT,2024-03-26T10:40:00,3935.90,3957.06,3904.16,76,21.16,2024-03-26T12:30:00,3921.95,TIME_STOP,1060.20,612.30
vwap,EICHERMOT,2024-03-27,LONG,2024-03-27T10:00:00,3954.20,3943.14,3970.78,75,11.06,2024-03-27T10:00:00,3970.78,TARGET,1243.81,798.03
vwap,EICHERMOT,2024-03-28,LONG,2024-03-28T10:40:00,3981.05,3962.87,4008.32,75,18.18,2024-03-28T11:50:00,4008.32,TARGET,2045.02,1595.62
vwap,EICHERMOT,2024-04-01,SHORT,2024-04-01T11:10:00,3968.75,3988.40,3939.28,75,19.65,2024-04-01T11:30:00,3988.40,STOP,-1473.46,-1921.05
vwap,EICHERMOT,2024-04-03,LONG,2024-04-03T12:30:00,3932.55,3922.64,3947.41,76,9.91,2024-04-03T12:30:00,3922.64,STOP,-753.03,-1200.78
vwap,EICHERMOT,2024-04-04,SHORT,2024-04-04T10:00:00,3894.95,3909.87,3872.57,77,14.92,2024-04-04T10:00:00,3909.87,STOP,-1148.97,-1599.70
vwap,EICHERMOT,2024-04-19,LONG,2024-04-19T13:00:00,4340.00,4318.42,4372.36,69,21.58,2024-04-19T14:50:00,4340.10,TIME_STOP,6.90,-442.30
vwap,EICHERMOT,2024-04-25,SHORT,2024-04-25T11:50:00,4503.70,4520.49,4478.52,66,16.79,2024-04-25T12:20:00,4520.49,STOP,-1107.84,-1554.54
vwap,EICHERMOT,2024-05-03,LONG,2024-05-03T10:00:00,4649.00,4632.07,4674.39,64,16.93,2024-05-03T10:20:00,4632.07,STOP,-1083.38,-1528.87
vwap,EICHERMOT,2024-05-06,SHORT,2024-05-06T13:00:00,4608.00,4623.26,4585.11,65,15.26,2024-05-06T14:20:00,4585.11,TARGET,1487.95,1039.79
vwap,EICHERMOT,2024-05-07,SHORT,2024-05-07T11:20:00,4590.00,4607.00,4564.51,65,17.00,2024-05-07T13:10:00,4591.30,TIME_STOP,-84.50,-532.09
vwap,EICHERMOT,2024-05-08,SHORT,2024-05-08T10:30:00,4595.00,4617.14,4561.79,65,22.14,2024-05-08T12:20:00,4597.95,TIME_STOP,-191.75,-639.91
vwap,EICHERMOT,2024-05-09,SHORT,2024-05-09T12:20:00,4600.00,4623.15,4565.28,65,23.15,2024-05-09T14:10:00,4599.95,TIME_STOP,3.25,-445.25
vwap,EICHERMOT,2024-05-15,SHORT,2024-05-15T10:10:00,4671.00,4686.76,4647.37,64,15.76,2024-05-15T10:50:00,4647.37,TARGET,1512.56,1065.27
vwap,EICHERMOT,2024-05-16,SHORT,2024-05-16T10:00:00,4627.55,4645.83,4600.13,64,18.28,2024-05-16T10:30:00,4600.13,TARGET,1754.64,1311.71
vwap,EICHERMOT,2024-05-21,SHORT,2024-05-21T14:00:00,4669.10,4681.24,4650.90,64,12.14,2024-05-21T14:50:00,4681.24,STOP,-776.71,-1225.52
vwap,EICHERMOT,2024-05-22,LONG,2024-05-22T10:00:00,4690.40,4674.72,4713.92,63,15.68,2024-05-22T10:20:00,4674.72,STOP,-987.78,-1430.29
vwap,EICHERMOT,2024-05-28,LONG,2024-05-28T11:30:00,4813.85,4795.58,4841.25,62,18.27,2024-05-28T12:00:00,4795.58,STOP,-1132.69,-1579.53
vwap,EICHERMOT,2024-05-29,LONG,2024-05-29T10:50:00,4805.80,4788.65,4831.53,62,17.15,2024-05-29T10:50:00,4788.65,STOP,-1063.52,-1509.66
vwap,EICHERMOT,2024-05-30,LONG,2024-05-30T13:20:00,4756.65,4740.92,4780.24,63,15.73,2024-05-30T13:30:00,4740.92,STOP,-990.68,-1439.44
vwap,EICHERMOT,2024-06-05,LONG,2024-06-05T10:20:00,4599.65,4545.47,4680.92,46,54.18,2024-06-05T12:10:00,4626.00,TIME_STOP,1212.10,893.82
vwap,EICHERMOT,2024-06-06,LONG,2024-06-06T10:30:00,4595.95,4565.65,4641.40,65,30.30,2024-06-06T11:00:00,4641.40,TARGET,2954.51,2504.19
vwap,EICHERMOT,2024-06-12,LONG,2024-06-12T11:20:00,4791.90,4777.92,4812.87,62,13.98,2024-06-12T11:40:00,4812.87,TARGET,1299.90,853.28
vwap,EICHERMOT,2024-06-13,SHORT,2024-06-13T10:10:00,4805.30,4822.86,4778.97,62,17.56,2024-06-13T12:00:00,4794.80,TIME_STOP,651.00,204.60
vwap,EICHERMOT,2024-06-24,LONG,2024-06-24T12:30:00,4867.65,4850.82,4892.89,61,16.83,2024-06-24T14:20:00,4869.45,TIME_STOP,109.80,-335.67
vwap,EICHERMOT,2024-06-25,SHORT,2024-06-25T10:10:00,4859.20,4874.37,4836.44,61,15.17,2024-06-25T11:00:00,4836.44,TARGET,1388.46,944.88
vwap,EICHERMOT,2024-07-04,SHORT,2024-07-04T10:20:00,4667.25,4679.07,4649.52,64,11.82,2024-07-04T10:30:00,4679.07,STOP,-756.64,-1205.27
vwap,EICHERMOT,2024-07-08,SHORT,2024-07-08T14:00:00,4721.15,4731.57,4705.52,63,10.42,2024-07-08T14:00:00,4731.57,STOP,-656.54,-1103.18
vwap,EICHERMOT,2024-07-10,SHORT,2024-07-10T11:40:00,4824.60,4850.74,4785.39,62,26.14,2024-07-10T11:50:00,4850.74,STOP,-1620.57,-2070.47
vwap,EICHERMOT,2024-07-11,LONG,2024-07-11T10:00:00,4861.85,4840.17,4894.37,61,21.68,2024-07-11T11:10:00,4840.17,STOP,-1322.57,-1766.44
vwap,EICHERMOT,2024-07-12,SHORT,2024-07-12T11:00:00,4823.70,4837.59,4802.86,62,13.89,2024-07-12T11:10:00,4837.59,STOP,-861.39,-1310.64
vwap,EICHERMOT,2024-07-18,LONG,2024-07-18T14:00:00,4896.45,4880.32,4920.65,61,16.13,2024-07-18T14:30:00,4920.65,TARGET,1476.30,1027.17
vwap,EICHERMOT,2024-07-19,SHORT,2024-07-19T10:00:00,4860.70,4880.55,4830.92,61,19.85,2024-07-19T10:10:00,4830.92,TARGET,1816.39,1373.00
vwap,EICHERMOT,2024-07-22,LONG,2024-07-22T13:30:00,4842.25,4829.74,4861.02,61,12.51,2024-07-22T14:30:00,4861.02,TARGET,1144.92,701.00
vwap,EICHERMOT,2024-07-23,SHORT,2024-07-23T12:40:00,4824.00,4853.43,4779.86,62,29.43,2024-07-23T12:40:00,4853.43,STOP,-1824.36,-2274.36
vwap,EICHERMOT,2024-07-25,LONG,2024-07-25T10:10:00,4911.00,4896.61,4932.58,61,14.39,2024-07-25T10:20:00,4896.61,STOP,-877.72,-1326.42
vwap,EICHERMOT,2024-08-01,LONG,2024-08-01T13:20:00,4955.95,4941.48,4977.66,60,14.47,2024-08-01T13:40:00,4941.48,STOP,-868.43,-1313.81
vwap,EICHERMOT,2024-08-07,SHORT,2024-08-07T10:20:00,4619.20,4640.18,4587.73,64,20.98,2024-08-07T10:30:00,4640.18,STOP,-1342.84,-1787.29
vwap,EICHERMOT,2024-08-08,LONG,2024-08-08T12:40:00,4640.00,4619.93,4670.10,64,20.07,2024-08-08T12:50:00,4619.93,STOP,-1284.25,-1728.73
vwap,EICHERMOT,2024-08-13,LONG,2024-08-13T11:30:00,4825.60,4812.93,4844.61,62,12.67,2024-08-13T11:50:00,4812.93,STOP,-785.62,-1233.81
vwap,EICHERMOT,2024-08-16,LONG,2024-08-16T13:20:00,4794.75,4782.44,4813.21,62,12.31,2024-08-16T14:20:00,4813.21,TARGET,1144.52,697.75
vwap,EICHERMOT,2024-08-19,SHORT,2024-08-19T10:40:00,4782.25,4796.81,4760.41,62,14.56,2024-08-19T10:50:00,4796.81,STOP,-902.76,-1348.19
vwap,EICHERMOT,2024-08-23,SHORT,2024-08-23T13:40:00,4908.05,4920.43,4889.48,61,12.38,2024-08-23T15:20:00,4889.48,TARGET,1133.05,684.81
vwap,EICHERMOT,2024-08-29,SHORT,2024-08-29T11:20:00,4928.00,4944.48,4903.27,60,16.48,2024-08-29T11:40:00,4903.27,TARGET,1483.59,1041.18
vwap,EICHERMOT,2024-09-02,SHORT,2024-09-02T11:50:00,4918.15,4935.13,4892.69,60,16.98,2024-09-02T12:00:00,4892.69,TARGET,1527.87,1086.38
vwap,EICHERMOT,2024-09-03,LONG,2024-09-03T10:40:00,4938.65,4925.13,4958.93,60,13.52,2024-09-03T10:40:00,4925.13,STOP,-811.03,-1254.90
vwap,EICHERMOT,2024-09-10,SHORT,2024-09-10T10:10:00,4734.95,4747.20,4716.57,63,12.25,2024-09-10T10:20:00,4716.57,TARGET,1157.74,711.15
vwap,EICHERMOT,2024-09-11,LONG,2024-09-11T11:00:00,4746.00,4730.38,4769.44,63,15.62,2024-09-11T11:10:00,4769.44,TARGET,1476.54,1026.94
vwap,EICHERMOT,2024-09-12,LONG,2024-09-12T12:20:00,4746.60,4730.59,4770.61,63,16.01,2024-09-12T14:00:00,4770.61,TARGET,1512.73,1063.04
vwap,EICHERMOT,2024-09-18,LONG,2024-09-18T10:00:00,4865.90,4854.24,4883.39,61,11.66,2024-09-18T10:10:00,4854.24,STOP,-711.21,-1155.90
vwap,EICHERMOT,2024-09-19,SHORT,2024-09-19T13:40:00,4865.75,4880.51,4843.61,61,14.76,2024-09-19T15:20:00,4871.50,EOD,-350.75,-796.23
vwap,EICHERMOT,2024-09-25,SHORT,2024-09-25T10:20:00,4867.45,4883.67,4843.12,61,16.22,2024-09-25T11:00:00,4883.67,STOP,-989.28,-1435.40
vwap,EICHERMOT,2024-09-30,SHORT,2024-09-30T11:00:00,5004.05,5025.93,4971.23,59,21.88,2024-09-30T12:00:00,5025.93,STOP,-1291.10,-1734.92
vwap,EICHERMOT,2024-10-08,LONG,2024-10-08T13:10:00,4678.00,4658.98,4706.53,64,19.02,2024-10-08T13:30:00,4706.53,TARGET,1825.72,1375.26
vwap,EICHERMOT,2024-10-11,LONG,2024-10-11T10:10:00,4751.75,4732.58,4780.51,63,19.17,2024-10-11T10:10:00,4780.51,TARGET,1811.97,1361.57
vwap,EICHERMOT,2024-10-22,SHORT,2024-10-22T10:00:00,4796.65,4814.74,4769.51,62,18.09,2024-10-22T10:10:00,4769.51,TARGET,1682.43,1237.61
vwap,EICHERMOT,2024-10-28,LONG,2024-10-28T12:20:00,4682.50,4660.32,4715.78,64,22.18,2024-10-28T12:30:00,4715.78,TARGET,2129.72,1678.60
vwap,EICHERMOT,2024-10-31,LONG,2024-10-31T11:20:00,4894.85,4874.62,4925.19,61,20.23,2024-10-31T11:20:00,4874.62,STOP,-1233.73,-1680.69
vwap,EICHERMOT,2024-11-04,SHORT,2024-11-04T10:30:00,4861.85,4888.24,4822.26,61,26.39,2024-11-04T10:40:00,4822.26,TARGET,2415.07,1972.02
vwap,EICHERMOT,2024-11-07,LONG,2024-11-07T13:50:00,4879.20,4863.93,4902.11,61,15.27,2024-11-07T15:20:00,4876.75,EOD,-149.45,-595.78
vwap,EICHERMOT,2024-11-11,LONG,2024-11-11T11:30:00,4810.00,4794.45,4833.33,62,15.55,2024-11-11T13:20:00,4812.90,TIME_STOP,179.80,-267.66
vwap,EICHERMOT,2024-11-22,LONG,2024-11-22T10:20:00,4921.00,4902.24,4949.14,60,18.76,2024-11-22T10:30:00,4902.24,STOP,-1125.80,-1567.84
vwap,EICHERMOT,2024-11-29,LONG,2024-11-29T10:10:00,4848.25,4829.14,4876.91,61,19.11,2024-11-29T10:10:00,4831.40,REVERSE,-1027.85,-1470.69
vwap,EICHERMOT,2024-12-05,LONG,2024-12-05T13:40:00,4806.75,4792.15,4828.66,62,14.60,2024-12-05T14:00:00,4828.66,TARGET,1358.13,910.08
vwap,EICHERMOT,2024-12-10,SHORT,2024-12-10T10:50:00,4830.00,4840.55,4814.17,62,10.55,2024-12-10T11:20:00,4840.55,STOP,-654.30,-1103.98
vwap,EICHERMOT,2024-12-11,LONG,2024-12-11T11:50:00,4824.10,4814.56,4838.41,62,9.54,2024-12-11T12:00:00,4816.20,REVERSE,-489.80,-938.07
vwap,EICHERMOT,2024-12-13,LONG,2024-12-13T13:00:00,4806.15,4792.45,4826.69,62,13.70,2024-12-13T13:40:00,4826.69,TARGET,1273.75,825.82
vwap,EICHERMOT,2024-12-16,SHORT,2024-12-16T11:10:00,4805.85,4818.88,4786.31,62,13.03,2024-12-16T11:40:00,4818.88,STOP,-807.73,-1255.28
vwap,EICHERMOT,2024-12-17,SHORT,2024-12-17T10:30:00,4798.40,4813.96,4775.06,62,15.56,2024-12-17T11:00:00,4813.96,STOP,-964.81,-1411.78
vwap,EICHERMOT,2024-12-18,LONG,2024-12-18T10:50:00,4794.40,4778.89,4817.67,62,15.51,2024-12-18T11:00:00,4778.89,STOP,-961.70,-1406.85
vwap,EICHERMOT,2024-12-19,LONG,2024-12-19T12:30:00,4749.30,4733.10,4773.60,63,16.20,2024-12-19T13:20:00,4733.10,STOP,-1020.63,-1468.67
vwap,EICHERMOT,2024-12-23,LONG,2024-12-23T11:20:00,4757.95,4742.65,4780.90,63,15.30,2024-12-23T12:00:00,4742.65,STOP,-963.96,-1412.87
vwap,EICHERMOT,2024-12-30,LONG,2024-12-30T10:00:00,4882.95,4864.26,4910.98,61,18.69,2024-12-30T10:10:00,4864.26,STOP,-1139.86,-1585.79
vwap,EICHERMOT,2025-01-01,LONG,2025-01-01T12:40:00,4836.15,4818.69,4862.34,62,17.46,2025-01-01T13:00:00,4818.69,STOP,-1082.37,-1531.32
vwap,EICHERMOT,2025-01-08,LONG,2025-01-08T13:50:00,5177.90,5161.72,5202.18,57,16.18,2025-01-08T14:10:00,5161.72,STOP,-922.52,-1364.54
vwap,EICHERMOT,2025-01-14,LONG,2025-01-14T14:10:00,5023.30,5007.54,5046.93,59,15.76,2025-01-14T14:40:00,5007.54,STOP,-929.55,-1373.41
vwap,EICHERMOT,2025-01-16,SHORT,2025-01-16T12:40:00,5048.95,5065.50,5024.12,59,16.55,2025-01-16T14:00:00,5065.50,STOP,-976.62,-1424.18
vwap,EICHERMOT,2025-01-20,LONG,2025-01-20T12:20:00,5015.45,4998.36,5041.08,59,17.09,2025-01-20T14:10:00,5019.50,TIME_STOP,238.95,-205.10
vwap,EICHERMOT,2025-01-27,SHORT,2025-01-27T10:30:00,5156.00,5175.23,5127.15,58,19.23,2025-01-27T10:30:00,5127.15,TARGET,1673.19,1225.87
vwap,EICHERMOT,2025-01-28,SHORT,2025-01-28T13:20:00,5154.10,5170.30,5129.79,58,16.20,2025-01-28T13:30:00,5170.30,STOP,-939.81,-1388.92
vwap,EICHERMOT,2025-01-30,SHORT,2025-01-30T14:00:00,5182.35,5200.60,5154.98,57,18.25,2025-01-30T14:00:00,5154.98,TARGET,1560.17,1118.25
vwap,EICHERMOT,2025-01-31,LONG,2025-01-31T10:40:00,5240.00,5214.20,5278.70,57,25.80,2025-01-31T10:40:00,5214.20,STOP,-1470.45,-1917.36
vwap,EICHERMOT,2025-02-01,LONG,2025-02-01T11:40:00,5204.95,5185.93,5233.49,57,19.02,2025-02-01T11:50:00,5185.93,STOP,-1084.42,-1528.63
vwap,EICHERMOT,2025-02-04,SHORT,2025-02-04T11:00:00,5460.55,5486.22,5422.04,54,25.67,2025-02-04T11:20:00,5486.22,STOP,-1386.41,-1829.76
vwap,EICHERMOT,2025-02-05,LONG,2025-02-05T13:40:00,5431.90,5417.79,5453.07,55,14.11,2025-02-05T14:10:00,5417.79,STOP,-776.05,-1223.60
vwap,EICHERMOT,2025-02-10,SHORT,2025-02-10T12:50:00,5359.90,5384.37,5323.20,55,24.47,2025-02-10T14:00:00,5323.20,TARGET,2018.75,1578.07
vwap,EICHERMOT,2025-02-25,SHORT,2025-02-25T12:30:00,5012.05,5026.49,4990.39,59,14.44,2025-02-25T14:10:00,4990.39,TARGET,1277.98,835.37
vwap,EICHERMOT,2025-03-12,LONG,2025-03-12T11:20:00,4999.75,4981.62,5026.94,60,18.13,2025-03-12T11:40:00,4981.62,STOP,-1087.50,-1536.67
vwap,EICHERMOT,2025-03-13,LONG,2025-03-13T10:10:00,5029.00,5009.50,5058.25,59,19.50,2025-03-13T11:00:00,5009.50,STOP,-1150.37,-1594.57
vwap,EICHERMOT,2025-03-28,LONG,2025-03-28T11:10:00,5390.25,5369.95,5420.69,55,20.30,2025-03-28T12:30:00,5369.95,STOP,-1116.29,-1560.15
vwap,EICHERMOT,2025-04-01,SHORT,2025-04-01T11:20:00,5308.10,5339.94,5260.34,56,31.84,2025-04-01T13:10:00,5289.20,TIME_STOP,1058.40,613.31
vwap,EICHERMOT,2025-04-02,SHORT,2025-04-02T13:20:00,5327.60,5344.45,5302.32,56,16.85,2025-04-02T14:40:00,5344.45,STOP,-943.64,-1391.87
vwap,EICHERMOT,2025-04-09,SHORT,2025-04-09T10:40:00,5199.15,5220.78,5166.70,57,21.63,2025-04-09T10:50:00,5220.78,STOP,-1233.07,-1678.52
vwap,EICHERMOT,2025-04-22,SHORT,2025-04-22T13:00:00,5816.00,5832.76,5790.86,51,16.76,2025-04-22T13:20:00,5832.76,STOP,-854.74,-1300.31
vwap,EICHERMOT,2025-04-24,SHORT,2025-04-24T11:10:00,5712.00,5733.46,5679.80,52,21.46,2025-04-24T12:30:00,5679.80,TARGET,1674.24,1229.96
vwap,EICHERMOT,2025-04-29,SHORT,2025-04-29T10:20:00,5587.50,5608.39,5556.16,53,20.89,2025-04-29T10:30:00,5556.16,TARGET,1661.05,1218.09
vwap,EICHERMOT,2025-04-30,LONG,2025-04-30T10:00:00,5578.50,5554.39,5614.67,53,24.11,2025-04-30T10:00:00,5561.00,REVERSE,-927.50,-1370.30
vwap,EICHERMOT,2025-05-07,LONG,2025-05-07T10:50:00,5553.00,5527.27,5591.59,54,25.73,2025-05-07T11:20:00,5527.27,STOP,-1389.41,-1838.16
vwap,EICHERMOT,2025-05-15,LONG,2025-05-15T13:30:00,5457.50,5432.41,5495.13,54,25.09,2025-05-15T13:40:00,5495.13,TARGET,2032.19,1588.61
vwap,EICHERMOT,2025-05-16,SHORT,2025-05-16T13:10:00,5496.00,5514.51,5468.23,54,18.51,2025-05-16T13:10:00,5514.51,STOP,-999.69,-1445.61
vwap,EICHERMOT,2025-05-26,SHORT,2025-05-26T14:10:00,5421.50,5434.56,5401.91,55,13.06,2025-05-26T15:20:00,5425.00,EOD,-192.50,-639.92
vwap,EICHERMOT,2025-05-27,LONG,2025-05-27T11:50:00,5433.50,5419.29,5454.82,55,14.21,2025-05-27T12:30:00,5419.29,STOP,-781.81,-1229.49
vwap,EICHERMOT,2025-05-30,SHORT,2025-05-30T12:20:00,5345.00,5359.18,5323.73,56,14.18,2025-05-30T14:10:00,5323.73,TARGET,1191.19,743.10
vwap,EICHERMOT,2025-06-02,SHORT,2025-06-02T13:40:00,5344.00,5355.98,5326.03,56,11.98,2025-06-02T13:40:00,5355.00,REVERSE,-616.00,-1065.36
vwap,EICHERMOT,2025-06-03,SHORT,2025-06-03T10:10:00,5335.00,5351.35,5310.47,56,16.35,2025-06-03T10:20:00,5351.35,STOP,-915.66,-1364.49
vwap,EICHERMOT,2025-06-04,SHORT,2025-06-04T11:40:00,5328.50,5341.81,5308.54,56,13.31,2025-06-04T12:00:00,5308.54,TARGET,1117.83,671.08
vwap,EICHERMOT,2025-06-05,LONG,2025-06-05T13:10:00,5323.50,5311.10,5342.10,56,12.40,2025-06-05T13:30:00,5311.10,STOP,-694.25,-1140.90
vwap,EICHERMOT,2025-06-10,SHORT,2025-06-10T14:00:00,5396.50,5404.35,5384.73,55,7.85,2025-06-10T14:40:00,5384.73,TARGET,647.34,202.61
vwap,EICHERMOT,2025-06-11,SHORT,2025-06-11T10:30:00,5389.50,5401.84,5370.99,55,12.34,2025-06-11T12:20:00,5379.00,TIME_STOP,577.50,133.30
vwap,EICHERMOT,2025-06-13,LONG,2025-06-13T13:30:00,5294.00,5280.32,5314.51,56,13.68,2025-06-13T13:30:00,5280.32,STOP,-765.83,-1209.95
vwap,EICHERMOT,2025-06-23,LONG,2025-06-23T11:10:00,5517.00,5503.39,5537.41,54,13.61,2025-06-23T11:10:00,5503.39,STOP,-734.87,-1181.19
vwap,EICHERMOT,2025-06-25,SHORT,2025-06-25T10:40:00,5596.50,5613.83,5570.51,53,17.33,2025-06-25T12:30:00,5587.50,TIME_STOP,477.00,32.44
vwap,EICHERMOT,2025-06-26,LONG,2025-06-26T13:50:00,5580.00,5564.20,5603.69,53,15.80,2025-06-26T14:10:00,5603.69,TARGET,1255.80,811.25
vwap,EICHERMOT,2025-07-03,SHORT,2025-07-03T13:10:00,5727.50,5738.11,5711.58,52,10.61,2025-07-03T13:40:00,5738.11,STOP,-551.97,-999.13
vwap,EICHERMOT,2025-07-07,LONG,2025-07-07T10:00:00,5681.50,5666.37,5704.20,52,15.13,2025-07-07T11:50:00,5687.50,TIME_STOP,312.00,-131.39
vwap,EICHERMOT,2025-07-09,SHORT,2025-07-09T13:30:00,5689.50,5699.94,5673.84,52,10.44,2025-07-09T14:50:00,5673.84,TARGET,814.46,371.29
vwap,EICHERMOT,2025-07-11,LONG,2025-07-11T10:00:00,5677.00,5662.78,5698.34,52,14.22,2025-07-11T10:10:00,5662.78,STOP,-739.64,-1181.89
vwap,EICHERMOT,2025-07-15,SHORT,2025-07-15T14:10:00,5585.50,5597.50,5567.50,53,12.00,2025-07-15T15:20:00,5593.00,EOD,-397.50,-841.85
vwap,EICHERMOT,2025-07-18,SHORT,2025-07-18T10:40:00,5631.00,5641.63,5615.05,53,10.63,2025-07-18T10:40:00,5641.63,STOP,-563.50,-1011.58
vwap,EICHERMOT,2025-07-28,SHORT,2025-07-28T11:00:00,5395.50,5412.03,5370.70,55,16.53,2025-07-28T11:40:00,5412.03,STOP,-909.22,-1355.03
vwap,EICHERMOT,2025-07-29,LONG,2025-07-29T11:10:00,5397.50,5383.14,5419.05,55,14.36,2025-07-29T11:20:00,5392.50,REVERSE,-275.00,-720.09
vwap,EICHERMOT,2025-07-31,LONG,2025-07-31T13:40:00,5492.00,5475.01,5517.49,54,16.99,2025-07-31T14:30:00,5475.01,STOP,-917.48,-1361.64
vwap,EICHERMOT,2025-08-06,SHORT,2025-08-06T14:10:00,5667.50,5677.45,5652.57,52,9.95,2025-08-06T14:40:00,5652.57,TARGET,776.22,334.73
vwap,EICHERMOT,2025-08-11,SHORT,2025-08-11T11:40:00,5668.00,5679.78,5650.33,52,11.78,2025-08-11T12:20:00,5679.78,STOP,-612.42,-1054.98
vwap,EICHERMOT,2025-08-12,LONG,2025-08-12T12:40:00,5672.50,5660.15,5691.03,52,12.35,2025-08-12T12:50:00,5691.03,TARGET,963.49,520.31
vwap,EICHERMOT,2025-08-13,LONG,2025-08-13T10:00:00,5707.50,5693.14,5729.05,52,14.36,2025-08-13T10:00:00,5729.05,TARGET,1120.43,674.41
vwap,EICHERMOT,2025-08-21,LONG,2025-08-21T14:10:00,5945.50,5934.18,5962.48,50,11.32,2025-08-21T14:10:00,5962.48,TARGET,848.86,402.31
vwap,EICHERMOT,2025-08-22,SHORT,2025-08-22T13:00:00,5940.00,5950.25,5924.63,50,10.25,2025-08-22T13:10:00,5950.25,STOP,-512.42,-958.31
vwap,EICHERMOT,2025-08-28,SHORT,2025-08-28T14:10:00,6154.50,6170.73,6130.15,48,16.23,2025-08-28T15:20:00,6130.15,TARGET,1168.80,726.55
vwap,EICHERMOT,2025-09-15,SHORT,2025-09-15T10:20:00,6848.00,6862.20,6826.71,43,14.20,2025-09-15T11:00:00,6826.71,TARGET,915.65,474.64
vwap,EICHERMOT,2025-09-17,SHORT,2025-09-17T13:50:00,6895.00,6907.71,6875.94,43,12.71,2025-09-17T15:20:00,6889.00,EOD,258.00,-186.53
vwap,EICHERMOT,2025-09-22,SHORT,2025-09-22T10:10:00,6951.00,6969.38,6923.43,43,18.38,2025-09-22T10:10:00,6969.38,STOP,-790.29,-1239.22
vwap,EICHERMOT,2025-09-23,SHORT,2025-09-23T13:40:00,7001.50,7018.68,6975.72,42,17.18,2025-09-23T15:20:00,6987.50,EOD,588.00,147.35
vwap,EICHERMOT,2025-09-24,LONG,2025-09-24T10:20:00,7044.00,7023.85,7074.23,42,20.15,2025-09-24T10:30:00,7023.85,STOP,-846.47,-1289.60
vwap,EICHERMOT,2025-09-25,LONG,2025-09-25T11:50:00,7018.00,7001.20,7043.20,42,16.80,2025-09-25T12:50:00,7010.00,REVERSE,-336.00,-777.88
vwap,EICHERMOT,2025-09-29,SHORT,2025-09-29T11:40:00,7002.50,7017.90,6979.39,42,15.40,2025-09-29T12:30:00,7017.90,STOP,-647.00,-1088.64
vwap,EICHERMOT,2025-09-30,LONG,2025-09-30T12:40:00,7008.50,6992.26,7032.86,42,16.24,2025-09-30T14:30:00,7021.00,TIME_STOP,525.00,83.07
vwap,EICHERMOT,2025-10-01,SHORT,2025-10-01T10:30:00,7002.00,7020.74,6973.89,42,18.74,2025-10-01T10:30:00,7020.74,STOP,-786.98,-1228.70
vwap,EICHERMOT,2025-10-03,LONG,2025-10-03T13:10:00,6971.50,6948.36,7006.21,43,23.14,2025-10-03T13:40:00,6948.36,STOP,-995.11,-1444.03
vwap,EICHERMOT,2025-10-07,LONG,2025-10-07T10:00:00,6924.50,6907.36,6950.22,43,17.14,2025-10-07T10:10:00,6950.22,TARGET,1105.77,658.31
vwap,EICHERMOT,2025-10-08,SHORT,2025-10-08T14:10:00,6963.50,6976.19,6944.47,43,12.69,2025-10-08T14:20:00,6944.47,TARGET,818.29,369.76
vwap,EICHERMOT,2025-10-09,LONG,2025-10-09T11:50:00,6923.00,6899.67,6958.00,43,23.33,2025-10-09T13:10:00,6901.00,REVERSE,-946.00,-1391.82
vwap,EICHERMOT,2025-10-13,SHORT,2025-10-13T11:30:00,6948.00,6965.84,6921.23,43,17.84,2025-10-13T11:30:00,6965.84,STOP,-767.27,-1215.99
vwap,EICHERMOT,2025-10-15,SHORT,2025-10-15T13:50:00,6886.50,6900.93,6864.85,43,14.43,2025-10-15T14:30:00,6900.93,STOP,-620.67,-1065.32
vwap,EICHERMOT,2025-10-21,SHORT,2025-10-21T14:00:00,7032.50,7050.15,7006.02,42,17.65,2025-10-21T14:40:00,7006.02,TARGET,1112.24,670.02
vwap,EICHERMOT,2025-11-03,SHORT,2025-11-03T12:00:00,7009.00,7027.47,6981.30,42,18.47,2025-11-03T13:50:00,7008.00,TIME_STOP,42.00,-399.54
vwap,EICHERMOT,2025-11-07,LONG,2025-11-07T12:50:00,6832.50,6813.55,6860.93,43,18.95,2025-11-07T12:50:00,6813.55,STOP,-815.06,-1255.14
vwap,EICHERMOT,2025-11-10,SHORT,2025-11-10T14:00:00,6827.50,6841.84,6805.98,43,14.34,2025-11-10T14:10:00,6841.84,STOP,-616.83,-1057.67
vwap,EICHERMOT,2025-11-11,LONG,2025-11-11T13:10:00,6828.50,6811.54,6853.94,43,16.96,2025-11-11T13:40:00,6853.94,TARGET,1093.75,652.49
vwap,EICHERMOT,2025-11-17,LONG,2025-11-17T10:20:00,6737.50,6718.17,6766.49,44,19.33,2025-11-17T11:10:00,6766.49,TARGET,1275.77,830.14
vwap,EICHERMOT,2025-11-18,SHORT,2025-11-18T10:40:00,6761.50,6777.85,6736.97,44,16.35,2025-11-18T11:00:00,6777.85,STOP,-719.57,-1166.36
vwap,EICHERMOT,2025-11-19,SHORT,2025-11-19T11:50:00,6808.50,6822.93,6786.85,44,14.43,2025-11-19T12:10:00,6822.93,STOP,-635.12,-1084.95
vwap,EICHERMOT,2025-11-26,LONG,2025-11-26T10:10:00,7251.00,7230.19,7282.22,41,20.81,2025-11-26T10:20:00,7230.19,STOP,-853.36,-1298.66
vwap,EICHERMOT,2025-11-28,LONG,2025-11-28T11:50:00,7048.50,7028.65,7078.27,42,19.85,2025-11-28T12:30:00,7028.65,STOP,-833.53,-1276.96
vwap,EICHERMOT,2025-12-02,SHORT,2025-12-02T11:00:00,7123.00,7152.51,7078.74,42,29.51,2025-12-02T11:10:00,7144.50,REVERSE,-903.00,-1352.43
vwap,EICHERMOT,2025-12-04,SHORT,2025-12-04T12:10:00,7079.00,7096.34,7053.00,42,17.34,2025-12-04T12:30:00,7096.34,STOP,-728.12,-1174.65
vwap,EICHERMOT,2025-12-08,SHORT,2025-12-08T13:10:00,7152.50,7168.31,7128.78,41,15.81,2025-12-08T13:20:00,7128.78,TARGET,972.49,533.34
vwap,EICHERMOT,2025-12-09,LONG,2025-12-09T12:00:00,7160.00,7138.27,7192.59,41,21.73,2025-12-09T12:40:00,7192.59,TARGET,1336.12,894.78
vwap,EICHERMOT,2025-12-11,SHORT,2025-12-11T14:10:00,7249.50,7266.00,7224.75,41,16.50,2025-12-11T14:20:00,7266.00,STOP,-676.52,-1122.87
vwap,EICHERMOT,2025-12-18,LONG,2025-12-18T13:30:00,7104.00,7089.14,7126.29,42,14.86,2025-12-18T13:50:00,7089.14,STOP,-624.20,-1071.28
vwap,EICHERMOT,2025-12-26,SHORT,2025-12-26T11:30:00,7295.50,7310.53,7272.95,41,15.03,2025-12-26T11:50:00,7310.53,STOP,-616.40,-1065.54
vwap,EICHERMOT,2025-12-29,SHORT,2025-12-29T10:30:00,7310.00,7329.69,7280.47,41,19.69,2025-12-29T11:10:00,7280.47,TARGET,1210.83,762.17
vwap,EICHERMOT,2025-12-30,LONG,2025-12-30T10:50:00,7299.00,7273.73,7336.90,41,25.27,2025-12-30T10:50:00,7273.73,STOP,-1036.02,-1484.13
vwap,EICHERMOT,2026-01-07,LONG,2026-01-07T10:40:00,7535.00,7516.73,7562.41,39,18.27,2026-01-07T11:00:00,7562.41,TARGET,1069.08,627.48
vwap,EICHERMOT,2026-01-09,SHORT,2026-01-09T12:40:00,7521.00,7539.34,7493.50,39,18.34,2026-01-09T14:30:00,7509.50,TIME_STOP,448.50,8.86
vwap,EICHERMOT,2026-01-13,SHORT,2026-01-13T12:50:00,7403.50,7426.25,7369.37,40,22.75,2026-01-13T14:00:00,7369.37,TARGET,1365.22,922.03
vwap,EICHERMOT,2026-01-19,LONG,2026-01-19T13:00:00,7324.00,7307.42,7348.87,40,16.58,2026-01-19T14:40:00,7348.87,TARGET,994.87,554.68
vwap,EICHERMOT,2026-01-20,SHORT,2026-01-20T10:10:00,7312.00,7333.35,7279.98,41,21.35,2026-01-20T10:40:00,7333.35,STOP,-875.16,-1325.51
vwap,EICHERMOT,2026-01-22,SHORT,2026-01-22T11:50:00,7113.00,7144.64,7065.55,42,31.64,2026-01-22T13:40:00,7065.55,TARGET,1993.06,1546.43
vwap,EICHERMOT,2026-01-27,LONG,2026-01-27T11:30:00,7036.50,7008.33,7078.75,42,28.17,2026-01-27T11:50:00,7078.75,TARGET,1774.49,1329.86
vwap,EICHERMOT,2026-01-28,SHORT,2026-01-28T10:00:00,6964.50,6997.84,6914.49,43,33.34,2026-01-28T10:10:00,6914.49,TARGET,2150.53,1702.93
vwap,EICHERMOT,2026-01-29,SHORT,2026-01-29T12:20:00,7019.00,7047.43,6976.35,42,28.43,2026-01-29T12:30:00,7035.50,REVERSE,-693.00,-1135.72
vwap,EICHERMOT,2026-01-30,SHORT,2026-01-30T10:10:00,7015.00,7040.97,6976.05,42,25.97,2026-01-30T10:30:00,7040.97,STOP,-1090.58,-1533.35
vwap,EICHERMOT,2026-02-16,SHORT,2026-02-16T11:30:00,8032.50,8053.07,8001.65,37,20.57,2026-02-16T11:30:00,8001.65,TARGET,1141.47,696.53
vwap,EICHERMOT,2026-02-18,LONG,2026-02-18T14:00:00,7990.00,7977.82,8008.27,37,12.18,2026-02-18T15:00:00,8008.27,TARGET,675.89,231.94
vwap,EICHERMOT,2026-02-19,SHORT,2026-02-19T11:40:00,7988.00,8014.02,7948.98,37,26.02,2026-02-19T12:40:00,7948.98,TARGET,1443.87,1001.62
vwap,EICHERMOT,2026-02-20,LONG,2026-02-20T11:40:00,7958.50,7935.84,7992.50,37,22.66,2026-02-20T12:10:00,7935.84,STOP,-838.60,-1279.67
vwap,EICHERMOT,2026-02-24,SHORT,2026-02-24T10:20:00,7988.50,8014.46,7949.55,37,25.96,2026-02-24T11:20:00,7949.55,TARGET,1441.02,998.74
vwap,EICHERMOT,2026-02-27,SHORT,2026-02-27T10:40:00,8077.00,8105.21,8034.68,37,28.21,2026-02-27T11:50:00,8105.21,STOP,-1043.86,-1492.91
vwap,EICHERMOT,2026-03-06,SHORT,2026-03-06T10:10:00,7633.00,7661.75,7589.87,39,28.75,2026-03-06T10:10:00,7647.00,REVERSE,-546.00,-992.94
vwap,EICHERMOT,2026-03-11,SHORT,2026-03-11T11:10:00,7466.50,7497.99,7419.27,40,31.49,2026-03-11T11:10:00,7419.27,TARGET,1889.17,1442.60
vwap,TITAN,2024-03-19,LONG,2024-03-19T12:20:00,3584.45,3575.25,3598.25,83,9.20,2024-03-19T12:40:00,3575.25,STOP,-763.67,-1209.37
vwap,TITAN,2024-03-20,LONG,2024-03-20T13:20:00,3582.60,3573.95,3595.58,83,8.65,2024-03-20T13:40:00,3573.95,STOP,-718.10,-1163.60
vwap,TITAN,2024-03-26,SHORT,2024-03-26T13:50:00,3693.25,3702.99,3678.64,81,9.74,2024-03-26T14:20:00,3702.99,STOP,-788.81,-1238.13
vwap,TITAN,2024-04-01,SHORT,2024-04-01T10:50:00,3776.40,3793.60,3750.60,79,17.20,2024-04-01T12:20:00,3750.60,TARGET,2038.41,1592.43
vwap,TITAN,2024-04-02,LONG,2024-04-02T10:00:00,3769.00,3757.40,3786.39,79,11.60,2024-04-02T10:40:00,3757.40,STOP,-916.02,-1361.96
vwap,TITAN,2024-04-04,LONG,2024-04-04T12:50:00,3734.75,3719.75,3757.25,80,15.00,2024-04-04T13:20:00,3757.25,TARGET,1799.72,1350.20
vwap,TITAN,2024-04-05,SHORT,2024-04-05T12:10:00,3751.00,3763.97,3731.54,79,12.97,2024-04-05T12:20:00,3763.97,STOP,-1024.67,-1469.93
vwap,TITAN,2024-04-10,LONG,2024-04-10T11:50:00,3707.80,3698.50,3721.74,80,9.30,2024-04-10T13:40:00,3707.30,TIME_STOP,-40.00,-484.91
vwap,TITAN,2024-04-18,LONG,2024-04-18T10:10:00,3633.00,3618.85,3654.23,82,14.15,2024-04-18T10:10:00,3618.85,STOP,-1160.38,-1606.37
vwap,TITAN,2024-04-19,LONG,2024-04-19T13:50:00,3544.80,3531.60,3564.59,84,13.20,2024-04-19T14:00:00,3564.59,TARGET,1662.58,1214.68
vwap,TITAN,2024-04-26,LONG,2024-04-26T10:10:00,3579.80,3566.90,3599.15,83,12.90,2024-04-26T10:10:00,3571.75,REVERSE,-668.15,-1113.33
vwap,TITAN,2024-05-08,SHORT,2024-05-08T10:40:00,3244.05,3257.68,3223.61,92,13.63,2024-05-08T11:20:00,3257.68,STOP,-1253.57,-1702.19
vwap,TITAN,2024-05-09,SHORT,2024-05-09T13:00:00,3255.00,3266.58,3237.63,92,11.58,2024-05-09T13:40:00,3266.58,STOP,-1065.39,-1515.38
vwap,TITAN,2024-05-13,LONG,2024-05-13T12:20:00,3261.95,3249.23,3281.03,91,12.72,2024-05-13T13:30:00,3249.23,STOP,-1157.72,-1602.11
vwap,TITAN,2024-05-15,SHORT,2024-05-15T10:20:00,3276.80,3286.43,3262.36,91,9.63,2024-05-15T11:30:00,3262.36,TARGET,1313.99,867.69
vwap,TITAN,2024-05-16,LONG,2024-05-16T12:30:00,3282.95,3272.58,3298.50,91,10.37,2024-05-16T12:30:00,3272.58,STOP,-943.48,-1390.89
vwap,TITAN,2024-05-24,SHORT,2024-05-24T10:50:00,3426.25,3436.72,3410.54,87,10.47,2024-05-24T10:50:00,3433.95,REVERSE,-669.90,-1117.53
vwap,TITAN,2024-05-27,LONG,2024-05-27T12:10:00,3432.50,3421.86,3448.46,87,10.64,2024-05-27T13:00:00,3421.86,STOP,-925.63,-1372.88
vwap,TITAN,2024-05-29,LONG,2024-05-29T12:50:00,3406.95,3401.41,3415.25,88,5.54,2024-05-29T12:50:00,3415.25,TARGET,730.78,280.51
vwap,TITAN,2024-05-31,LONG,2024-05-31T10:10:00,3308.10,3296.50,3325.51,90,11.60,2024-05-31T10:20:00,3325.51,TARGET,1566.61,1118.84
vwap,TITAN,2024-06-06,SHORT,2024-06-06T13:10:00,3305.50,3320.86,3282.47,90,15.36,2024-06-06T13:40:00,3320.86,STOP,-1382.08,-1829.36
vwap,TITAN,2024-06-24,LONG,2024-06-24T12:10:00,3412.50,3402.53,3427.46,87,9.97,2024-06-24T12:30:00,3427.46,TARGET,1301.12,854.81
vwap,TITAN,2024-07-02,SHORT,2024-07-02T10:30:00,3410.35,3418.38,3398.30,87,8.03,2024-07-02T10:40:00,3418.38,STOP,-698.89,-1144.47
vwap,TITAN,2024-07-12,SHORT,2024-07-12T13:10:00,3246.75,3255.18,3234.10,92,8.43,2024-07-12T15:00:00,3234.10,TARGET,1163.96,716.78
vwap,TITAN,2024-07-18,LONG,2024-07-18T10:20:00,3248.00,3238.84,3261.74,92,9.16,2024-07-18T10:50:00,3238.84,STOP,-842.57,-1290.16
vwap,TITAN,2024-07-22,LONG,2024-07-22T11:50:00,3269.55,3259.16,3285.14,91,10.39,2024-07-22T12:40:00,3259.16,STOP,-945.78,-1391.37
vwap,TITAN,2024-07-23,LONG,2024-07-23T12:20:00,3378.05,3360.68,3404.11,88,17.37,2024-07-23T12:20:00,3360.68,STOP,-1528.90,-1973.65
vwap,TITAN,2024-07-26,LONG,2024-07-26T10:40:00,3417.10,3406.49,3433.01,87,10.61,2024-07-26T10:50:00,3433.01,TARGET,1383.98,937.01
vwap,TITAN,2024-07-31,SHORT,2024-07-31T12:50:00,3449.70,3462.55,3430.42,86,12.85,2024-07-31T13:10:00,3462.55,STOP,-1105.41,-1551.25
vwap,TITAN,2024-08-01,SHORT,2024-08-01T12:20:00,3458.30,3467.98,3443.77,86,9.68,2024-08-01T13:00:00,3443.77,TARGET,1249.20,804.01
vwap,TITAN,2024-08-08,SHORT,2024-08-08T10:30:00,3333.05,3342.21,3319.32,90,9.16,2024-08-08T10:30:00,3342.21,STOP,-824.00,-1274.58
vwap,TITAN,2024-08-09,SHORT,2024-08-09T11:30:00,3295.00,3307.24,3276.64,91,12.24,2024-08-09T12:40:00,3307.24,STOP,-1113.59,-1564.19
vwap,TITAN,2024-08-12,SHORT,2024-08-12T10:10:00,3301.30,3311.14,3286.54,90,9.84,2024-08-12T10:20:00,3311.14,STOP,-885.38,-1331.72
vwap,TITAN,2024-08-13,LONG,2024-08-13T10:40:00,3337.65,3327.42,3352.99,89,10.23,2024-08-13T11:00:00,3352.99,TARGET,1365.47,918.87
vwap,TITAN,2024-08-27,SHORT,2024-08-27T10:50:00,3604.10,3616.84,3584.99,83,12.74,2024-08-27T12:40:00,3592.00,TIME_STOP,1004.30,556.34
vwap,TITAN,2024-08-29,LONG,2024-08-29T13:00:00,3548.80,3538.92,3563.62,84,9.88,2024-08-29T13:40:00,3538.92,STOP,-829.86,-1276.39
vwap,TITAN,2024-09-03,SHORT,2024-09-03T10:00:00,3567.00,3575.94,3553.59,84,8.94,2024-09-03T10:30:00,3575.94,STOP,-750.97,-1200.97
vwap,TITAN,2024-09-04,LONG,2024-09-04T13:30:00,3603.05,3594.97,3615.17,83,8.08,2024-09-04T15:20:00,3606.35,TIME_STOP,273.90,-174.89
vwap,TITAN,2024-09-06,SHORT,2024-09-06T10:30:00,3684.00,3698.97,3661.55,81,14.97,2024-09-06T12:00:00,3698.97,STOP,-1212.44,-1660.96
vwap,TITAN,2024-09-09,LONG,2024-09-09T10:00:00,3713.25,3697.26,3737.24,80,15.99,2024-09-09T10:10:00,3697.26,STOP,-1279.46,-1724.09
vwap,TITAN,2024-09-10,SHORT,2024-09-10T10:20:00,3673.30,3684.90,3655.90,81,11.60,2024-09-10T10:20:00,3684.80,REVERSE,-931.50,-1378.50
vwap,TITAN,2024-09-11,SHORT,2024-09-11T13:40:00,3722.90,3731.04,3710.69,80,8.14,2024-09-11T14:00:00,3710.69,TARGET,977.07,531.05
vwap,TITAN,2024-09-12,LONG,2024-09-12T10:10:00,3748.70,3735.83,3768.01,80,12.87,2024-09-12T11:50:00,3735.83,STOP,-1029.96,-1479.03
vwap,TITAN,2024-09-16,SHORT,2024-09-16T11:40:00,3753.70,3764.43,3737.61,79,10.73,2024-09-16T13:30:00,3748.80,TIME_STOP,387.10,-57.42
vwap,TITAN,2024-09-17,LONG,2024-09-17T11:50:00,3748.95,3740.70,3761.32,80,8.25,2024-09-17T12:30:00,3761.32,TARGET,989.66,539.04
vwap,TITAN,2024-09-18,SHORT,2024-09-18T11:50:00,3752.65,3760.92,3740.24,79,8.27,2024-09-18T12:00:00,3760.92,STOP,-653.62,-1098.80
vwap,TITAN,2024-09-20,LONG,2024-09-20T10:10:00,3785.00,3770.10,3807.35,79,14.90,2024-09-20T10:20:00,3770.10,STOP,-1177.30,-1624.94
vwap,TITAN,2024-09-30,SHORT,2024-09-30T13:50:00,3819.95,3829.10,3806.23,78,9.15,2024-09-30T14:00:00,3829.10,STOP,-713.47,-1160.94
vwap,TITAN,2024-10-04,LONG,2024-10-04T11:00:00,3725.90,3703.69,3759.21,80,22.21,2024-10-04T12:40:00,3703.69,STOP,-1776.44,-2222.22
vwap,TITAN,2024-10-11,LONG,2024-10-11T10:10:00,3475.05,3462.69,3493.59,86,12.36,2024-10-11T10:50:00,3462.69,STOP,-1062.75,-1510.23
vwap,TITAN,2024-10-15,SHORT,2024-10-15T10:30:00,3494.20,3504.17,3479.24,85,9.97,2024-10-15T10:30:00,3479.24,TARGET,1271.49,826.93
vwap,TITAN,2024-10-16,SHORT,2024-10-16T10:10:00,3485.20,3494.39,3471.41,86,9.19,2024-10-16T10:30:00,3471.41,TARGET,1185.72,737.01
vwap,TITAN,2024-10-22,SHORT,2024-10-22T10:20:00,3347.10,3364.62,3320.82,89,17.52,2024-10-22T12:10:00,3339.00,TIME_STOP,720.90,274.60
vwap,TITAN,2024-10-24,LONG,2024-10-24T10:50:00,3319.50,3307.97,3336.79,90,11.53,2024-10-24T12:40:00,3318.60,TIME_STOP,-81.00,-529.07
vwap,TITAN,2024-11-05,SHORT,2024-11-05T11:40:00,3210.35,3224.48,3189.15,93,14.13,2024-11-05T13:20:00,3189.15,TARGET,1971.70,1525.33
vwap,TITAN,2024-11-06,LONG,2024-11-06T13:20:00,3187.40,3171.62,3211.08,94,15.78,2024-11-06T14:50:00,3171.62,STOP,-1483.67,-1931.98
vwap,TITAN,2024-11-08,LONG,2024-11-08T10:10:00,3142.50,3131.64,3158.79,95,10.86,2024-11-08T11:40:00,3131.64,STOP,-1031.58,-1478.62
vwap,TITAN,2024-11-11,SHORT,2024-11-11T14:10:00,3185.40,3195.61,3170.08,94,10.21,2024-11-11T14:30:00,3195.61,STOP,-960.01,-1409.87
vwap,TITAN,2024-11-12,SHORT,2024-11-12T12:30:00,3205.15,3214.84,3190.62,93,9.69,2024-11-12T14:20:00,3203.35,TIME_STOP,167.40,-279.59
vwap,TITAN,2024-11-27,LONG,2024-11-27T14:00:00,3308.25,3299.64,3321.16,90,8.61,2024-11-27T14:00:00,3299.64,STOP,-774.52,-1220.55
vwap,TITAN,2024-11-29,LONG,2024-11-29T10:50:00,3242.00,3228.82,3261.77,92,13.18,2024-11-29T12:40:00,3249.80,TIME_STOP,717.60,269.67
vwap,TITAN,2024-12-09,SHORT,2024-12-09T10:20:00,3453.90,3465.54,3436.45,86,11.64,2024-12-09T10:20:00,3465.54,STOP,-1000.62,-1446.92
vwap,TITAN,2024-12-10,SHORT,2024-12-10T14:00:00,3480.15,3487.88,3468.56,86,7.73,2024-12-10T14:40:00,3468.56,TARGET,997.16,548.96
vwap,TITAN,2024-12-13,LONG,2024-12-13T12:40:00,3459.85,3445.65,3481.15,86,14.20,2024-12-13T13:10:00,3481.15,TARGET,1832.21,1384.51
vwap,TITAN,2024-12-16,SHORT,2024-12-16T11:00:00,3458.20,3470.04,3440.43,86,11.84,2024-12-16T12:00:00,3440.43,TARGET,1527.98,1083.02
vwap,TITAN,2024-12-18,LONG,2024-12-18T12:30:00,3412.45,3403.71,3425.55,87,8.74,2024-12-18T12:40:00,3403.71,STOP,-759.98,-1204.73
vwap,TITAN,2024-12-23,LONG,2024-12-23T11:10:00,3393.20,3379.90,3413.15,88,13.30,2024-12-23T13:00:00,3399.20,TIME_STOP,528.00,79.70
vwap,TITAN,2024-12-24,SHORT,2024-12-24T12:00:00,3388.60,3398.57,3373.65,88,9.97,2024-12-24T12:20:00,3373.65,TARGET,1315.69,869.38
vwap,TITAN,2024-12-27,LONG,2024-12-27T11:10:00,3338.00,3329.47,3350.80,89,8.53,2024-12-27T12:10:00,3329.47,STOP,-759.30,-1204.35
vwap,TITAN,2024-12-31,LONG,2024-12-31T14:10:00,3270.60,3261.73,3283.91,91,8.87,2024-12-31T14:20:00,3261.73,STOP,-807.57,-1253.40
vwap,TITAN,2025-01-01,LONG,2025-01-01T11:30:00,3267.95,3258.90,3281.53,91,9.05,2025-01-01T11:30:00,3258.90,STOP,-823.92,-1269.37
vwap,TITAN,2025-01-07,SHORT,2025-01-07T13:30:00,3502.40,3515.22,3483.17,85,12.82,2025-01-07T14:10:00,3515.22,STOP,-1089.60,-1536.97
vwap,TITAN,2025-01-16,SHORT,2025-01-16T10:20:00,3300.95,3312.46,3283.68,90,11.51,2025-01-16T10:30:00,3283.68,TARGET,1554.33,1109.87
vwap,TITAN,2025-01-23,LONG,2025-01-23T10:30:00,3382.60,3369.97,3401.55,88,12.63,2025-01-23T10:50:00,3401.55,TARGET,1667.54,1219.78
vwap,TITAN,2025-01-24,SHORT,2025-01-24T10:10:00,3382.00,3394.23,3363.65,88,12.23,2025-01-24T10:10:00,3394.23,STOP,-1076.44,-1523.67
vwap,TITAN,2025-01-28,LONG,2025-01-28T12:20:00,3348.65,3334.97,3369.17,89,13.68,2025-01-28T12:40:00,3334.97,STOP,-1217.25,-1663.39
vwap,TITAN,2025-02-01,LONG,2025-02-01T12:30:00,3570.40,3543.26,3611.11,84,27.14,2025-02-01T12:30:00,3543.26,STOP,-2279.80,-2727.96
vwap,TITAN,2025-02-03,SHORT,2025-02-03T14:00:00,3564.85,3582.52,3538.34,84,17.67,2025-02-03T14:10:00,3582.52,STOP,-1484.30,-1934.58
vwap,TITAN,2025-02-04,SHORT,2025-02-04T10:20:00,3551.85,3572.56,3520.78,84,20.71,2025-02-04T12:10:00,3531.50,TIME_STOP,1709.40,1263.15
vwap,TITAN,2025-02-05,SHORT,2025-02-05T10:00:00,3501.55,3532.07,3455.78,81,30.52,2025-02-05T11:50:00,3494.30,TIME_STOP,587.25,162.25
vwap,TITAN,2025-02-11,LONG,2025-02-11T12:20:00,3342.80,3330.44,3361.34,89,12.36,2025-02-11T13:00:00,3330.44,STOP,-1100.24,-1545.67
vwap,TITAN,2025-02-12,LONG,2025-02-12T12:10:00,3307.20,3288.87,3334.69,90,18.33,2025-02-12T12:20:00,3288.87,STOP,-1649.35,-2094.58
vwap,TITAN,2025-02-18,SHORT,2025-02-18T10:30:00,3200.30,3212.88,3181.44,93,12.58,2025-02-18T10:40:00,3212.88,STOP,-1169.62,-1616.94
vwap,TITAN,2025-02-19,SHORT,2025-02-19T12:20:00,3220.25,3229.06,3207.03,93,8.81,2025-02-19T13:40:00,3207.03,TARGET,1229.47,781.16
vwap,TITAN,2025-02-24,LONG,2025-02-24T12:00:00,3185.60,3177.28,3198.08,94,8.32,2025-02-24T12:00:00,3177.28,STOP,-782.10,-1230.68
vwap,TITAN,2025-02-25,LONG,2025-02-25T10:20:00,3180.70,3171.04,3195.19,94,9.66,2025-02-25T11:00:00,3195.19,TARGET,1361.81,912.31
vwap,TITAN,2025-02-27,SHORT,2025-02-27T10:10:00,3179.15,3189.72,3163.30,94,10.57,2025-02-27T10:30:00,3189.72,STOP,-993.48,-1442.49
vwap,TITAN,2025-03-06,LONG,2025-03-06T12:30:00,3081.75,3071.56,3097.03,97,10.19,2025-03-06T12:40:00,3075.50,REVERSE,-606.25,-1054.19
vwap,TITAN,2025-03-13,SHORT,2025-03-13T12:10:00,3017.25,3028.14,3000.91,99,10.89,2025-03-13T13:20:00,3000.91,TARGET,1617.30,1170.46
vwap,TITAN,2025-03-17,SHORT,2025-03-17T10:30:00,3010.90,3020.65,2996.28,99,9.75,2025-03-17T11:00:00,3020.65,STOP,-965.18,-1413.03
vwap,TITAN,2025-03-21,SHORT,2025-03-21T13:20:00,3171.05,3178.10,3160.47,94,7.05,2025-03-21T13:50:00,3160.47,TARGET,994.31,547.94
vwap,TITAN,2025-03-27,SHORT,2025-03-27T13:40:00,3072.00,3078.97,3061.54,97,6.97,2025-03-27T13:50:00,3074.60,REVERSE,-252.20,-699.37
vwap,TITAN,2025-03-28,SHORT,2025-03-28T12:40:00,3068.75,3078.15,3054.66,97,9.40,2025-03-28T12:50:00,3078.15,STOP,-911.43,-1358.61
vwap,TITAN,2025-04-02,LONG,2025-04-02T11:10:00,3017.95,3008.07,3032.77,99,9.88,2025-04-02T11:10:00,3032.77,TARGET,1467.65,1018.39
vwap,TITAN,2025-04-04,SHORT,2025-04-04T13:10:00,3068.50,3078.11,3054.08,97,9.61,2025-04-04T14:20:00,3054.08,TARGET,1398.36,952.94
vwap,TITAN,2025-04-09,LONG,2025-04-09T10:40:00,3134.00,3118.10,3157.85,95,15.90,2025-04-09T11:40:00,3157.85,TARGET,2265.63,1817.34
vwap,TITAN,2025-04-16,SHORT,2025-04-16T10:50:00,3257.70,3266.10,3245.10,92,8.40,2025-04-16T12:30:00,3266.10,STOP,-772.92,-1223.06
vwap,TITAN,2025-04-17,LONG,2025-04-17T10:50:00,3269.80,3256.91,3289.13,91,12.89,2025-04-17T11:00:00,3256.91,STOP,-1172.71,-1618.16
vwap,TITAN,2025-04-22,SHORT,2025-04-22T10:30:00,3323.80,3334.92,3307.12,90,11.12,2025-04-22T10:30:00,3334.92,STOP,-1000.78,-1450.24
vwap,TITAN,2025-04-23,SHORT,2025-04-23T11:00:00,3319.30,3330.23,3302.91,90,10.93,2025-04-23T11:10:00,3330.23,STOP,-983.37,-1432.22
vwap,TITAN,2025-04-25,SHORT,2025-04-25T10:40:00,3349.00,3362.25,3329.12,89,13.25,2025-04-25T11:10:00,3329.12,TARGET,1769.16,1323.40
vwap,TITAN,2025-04-29,SHORT,2025-04-29T10:50:00,3358.20,3368.84,3342.24,89,10.64,2025-04-29T11:00:00,3368.84,STOP,-947.24,-1396.27
vwap,TITAN,2025-05-07,LONG,2025-05-07T10:20:00,3307.50,3293.34,3328.74,90,14.16,2025-05-07T11:00:00,3328.74,TARGET,1911.43,1463.48
vwap,TITAN,2025-05-15,LONG,2025-05-15T11:10:00,3606.30,3593.24,3625.89,83,13.06,2025-05-15T11:10:00,3593.24,STOP,-1084.03,-1532.20
vwap,TITAN,2025-05-19,SHORT,2025-05-19T12:00:00,3631.00,3638.57,3619.64,82,7.57,2025-05-19T13:50:00,3629.00,TIME_STOP,164.00,-282.49
vwap,TITAN,2025-05-26,SHORT,2025-05-26T13:30:00,3594.30,3605.05,3578.17,83,10.75,2025-05-26T13:30:00,3605.05,STOP,-892.28,-1340.44
vwap,TITAN,2025-05-27,LONG,2025-05-27T11:40:00,3629.20,3612.87,3653.69,82,16.33,2025-05-27T11:40:00,3612.87,STOP,-1338.69,-1784.08
vwap,TITAN,2025-05-28,LONG,2025-05-28T13:30:00,3578.40,3569.82,3591.27,83,8.58,2025-05-28T13:50:00,3591.27,TARGET,1068.01,621.70
vwap,TITAN,2025-05-30,SHORT,2025-05-30T11:20:00,3571.00,3580.19,3557.21,84,9.19,2025-05-30T13:10:00,3573.00,TIME_STOP,-168.00,-618.07
vwap,TITAN,2025-06-03,SHORT,2025-06-03T13:10:00,3520.50,3536.02,3497.22,85,15.52,2025-06-03T15:00:00,3518.40,TIME_STOP,178.50,-270.23
vwap,TITAN,2025-06-05,SHORT,2025-06-05T13:40:00,3493.40,3503.61,3478.08,85,10.21,2025-06-05T14:40:00,3503.61,STOP,-868.06,-1314.12
vwap,TITAN,2025-06-11,LONG,2025-06-11T12:20:00,3532.80,3525.83,3543.25,84,6.97,2025-06-11T12:40:00,3525.83,STOP,-585.40,-1030.09
vwap,TITAN,2025-06-12,SHORT,2025-06-12T10:50:00,3514.10,3524.27,3498.84,85,10.17,2025-06-12T11:20:00,3498.84,TARGET,1296.97,849.90
vwap,TITAN,2025-06-16,LONG,2025-06-16T12:40:00,3435.20,3426.50,3448.25,87,8.70,2025-06-16T13:00:00,3426.50,STOP,-756.75,-1204.48
vwap,TITAN,2025-06-18,SHORT,2025-06-18T11:40:00,3402.00,3410.52,3389.21,88,8.52,2025-06-18T11:50:00,3410.52,STOP,-750.08,-1199.71
vwap,TITAN,2025-06-23,LONG,2025-06-23T13:30:00,3524.90,3515.96,3538.32,85,8.94,2025-06-23T14:00:00,3515.96,STOP,-760.30,-1209.15
vwap,TITAN,2025-06-24,SHORT,2025-06-24T13:50:00,3516.50,3530.04,3496.19,85,13.54,2025-06-24T14:40:00,3530.04,STOP,-1151.16,-1600.38
vwap,TITAN,2025-06-27,SHORT,2025-06-27T11:40:00,3668.30,3677.62,3654.32,81,9.32,2025-06-27T12:40:00,3677.62,STOP,-754.70,-1200.96
vwap,TITAN,2025-07-02,SHORT,2025-07-02T10:20:00,3693.40,3699.92,3683.62,81,6.52,2025-07-02T10:30:00,3699.92,STOP,-528.39,-977.53
vwap,TITAN,2025-07-03,LONG,2025-07-03T10:20:00,3708.40,3700.53,3720.20,80,7.87,2025-07-03T11:10:00,3700.53,STOP,-629.25,-1073.79
vwap,TITAN,2025-07-04,LONG,2025-07-04T13:40:00,3673.70,3665.65,3685.77,81,8.05,2025-07-04T14:40:00,3685.77,TARGET,977.86,530.77
vwap,TITAN,2025-07-07,SHORT,2025-07-07T10:50:00,3667.00,3675.96,3653.57,81,8.96,2025-07-07T12:40:00,3653.57,TARGET,1088.12,643.39
vwap,TITAN,2025-07-14,LONG,2025-07-14T12:10:00,3387.30,3378.80,3400.05,88,8.50,2025-07-14T12:30:00,3378.80,STOP,-747.91,-1194.47
vwap,TITAN,2025-07-21,LONG,2025-07-21T12:40:00,3405.70,3398.89,3415.91,88,6.81,2025-07-21T13:00:00,3415.91,TARGET,898.63,448.40
vwap,TITAN,2025-07-23,LONG,2025-07-23T11:30:00,3471.80,3463.64,3484.04,86,8.16,2025-07-23T13:20:00,3475.80,TIME_STOP,344.00,-104.12
vwap,TITAN,2025-07-25,LONG,2025-07-25T11:30:00,3471.50,3464.69,3481.71,86,6.81,2025-07-25T12:00:00,3464.69,STOP,-585.32,-1032.70
vwap,TITAN,2025-07-30,SHORT,2025-07-30T10:00:00,3363.80,3371.62,3352.06,89,7.82,2025-07-30T11:20:00,3371.62,STOP,-696.29,-1145.88
vwap,TITAN,2025-07-31,LONG,2025-07-31T13:50:00,3358.60,3350.65,3370.52,89,7.95,2025-07-31T15:00:00,3350.65,STOP,-707.11,-1154.95
vwap,TITAN,2025-08-04,LONG,2025-08-04T13:20:00,3350.90,3343.85,3361.47,89,7.05,2025-08-04T14:20:00,3361.47,TARGET,940.64,492.59
vwap,TITAN,2025-08-11,LONG,2025-08-11T11:50:00,3460.00,3448.37,3477.44,86,11.63,2025-08-11T13:30:00,3477.44,TARGET,1499.97,1052.51
vwap,TITAN,2025-08-14,LONG,2025-08-14T12:20:00,3483.00,3475.62,3494.07,86,7.38,2025-08-14T13:00:00,3494.07,TARGET,951.88,501.86
vwap,TITAN,2025-08-26,SHORT,2025-08-26T11:50:00,3615.30,3623.59,3602.87,82,8.29,2025-08-26T12:20:00,3623.59,STOP,-679.66,-1124.85
vwap,TITAN,2025-08-28,LONG,2025-08-28T11:20:00,3633.20,3623.72,3647.42,82,9.48,2025-08-28T11:20:00,3647.42,TARGET,1165.73,717.97
vwap,TITAN,2025-09-01,SHORT,2025-09-01T13:10:00,3621.40,3627.73,3611.90,82,6.33,2025-09-01T13:20:00,3627.73,STOP,-519.12,-964.94
vwap,TITAN,2025-09-03,LONG,2025-09-03T10:10:00,3639.00,3631.06,3650.90,82,7.94,2025-09-03T10:10:00,3631.06,STOP,-650.71,-1097.82
vwap,TITAN,2025-09-05,LONG,2025-09-05T10:20:00,3691.90,3682.59,3705.87,81,9.31,2025-09-05T11:30:00,3686.80,REVERSE,-413.10,-861.36
vwap,TITAN,2025-09-08,LONG,2025-09-08T11:20:00,3675.00,3666.43,3687.85,81,8.57,2025-09-08T11:40:00,3666.43,STOP,-694.08,-1140.07
vwap,TITAN,2025-09-12,LONG,2025-09-12T12:00:00,3592.50,3585.42,3603.12,83,7.08,2025-09-12T12:10:00,3585.42,STOP,-587.42,-1034.25
vwap,TITAN,2025-09-16,LONG,2025-09-16T13:00:00,3543.10,3536.50,3553.00,84,6.60,2025-09-16T13:10:00,3536.50,STOP,-554.54,-1000.56
vwap,TITAN,2025-09-17,SHORT,2025-09-17T10:40:00,3534.50,3543.88,3520.43,84,9.38,2025-09-17T11:30:00,3520.43,TARGET,1181.55,737.09
vwap,TITAN,2025-09-23,LONG,2025-09-23T13:30:00,3443.00,3435.98,3453.53,87,7.02,2025-09-23T13:40:00,3453.53,TARGET,915.70,465.70
vwap,TITAN,2025-09-29,LONG,2025-09-29T13:00:00,3382.00,3373.48,3394.78,88,8.52,2025-09-29T14:30:00,3394.78,TARGET,1124.95,677.68
vwap,TITAN,2025-09-30,SHORT,2025-09-30T12:50:00,3390.40,3399.85,3376.23,88,9.45,2025-09-30T13:00:00,3376.23,TARGET,1247.33,800.73
vwap,TITAN,2025-10-01,LONG,2025-10-01T12:00:00,3389.00,3379.51,3403.23,88,9.49,2025-10-01T12:50:00,3379.51,STOP,-834.83,-1281.56
vwap,TITAN,2025-10-06,SHORT,2025-10-06T11:00:00,3406.60,3416.41,3391.89,88,9.81,2025-10-06T12:00:00,3416.41,STOP,-863.14,-1313.46
vwap,TITAN,2025-10-09,SHORT,2025-10-09T11:00:00,3538.90,3549.27,3523.35,84,10.37,2025-10-09T12:50:00,3545.00,TIME_STOP,-512.40,-958.69
vwap,TITAN,2025-10-10,SHORT,2025-10-10T13:40:00,3551.30,3558.90,3539.91,84,7.60,2025-10-10T13:50:00,3539.91,TARGET,957.10,510.35
vwap,TITAN,2025-10-15,SHORT,2025-10-15T13:40:00,3529.00,3537.53,3516.20,85,8.53,2025-10-15T13:50:00,3537.53,STOP,-725.11,-1175.60
vwap,TITAN,2025-10-21,LONG,2025-10-21T14:00:00,3742.80,3729.36,3762.96,80,13.44,2025-10-21T14:20:00,3729.36,STOP,-1075.19,-1523.52
vwap,TITAN,2025-10-27,LONG,2025-10-27T10:20:00,3734.40,3726.28,3746.58,80,8.12,2025-10-27T10:20:00,3726.28,STOP,-649.45,-1097.09
vwap,TITAN,2025-10-29,LONG,2025-10-29T11:00:00,3737.20,3726.67,3753.00,80,10.53,2025-10-29T12:50:00,3753.00,TARGET,1264.15,814.74
vwap,TITAN,2025-10-30,LONG,2025-10-30T11:10:00,3759.60,3750.57,3773.15,79,9.03,2025-10-30T11:20:00,3773.15,TARGET,1070.14,623.83
vwap,TITAN,2025-10-31,SHORT,2025-10-31T13:00:00,3753.30,3760.80,3742.05,79,7.50,2025-10-31T13:10:00,3760.80,STOP,-592.32,-1037.53
vwap,TITAN,2025-11-03,LONG,2025-11-03T13:10:00,3736.00,3723.49,3754.77,80,12.51,2025-11-03T13:50:00,3754.77,TARGET,1501.60,1052.15
vwap,TITAN,2025-11-06,SHORT,2025-11-06T10:30:00,3786.50,3801.42,3764.12,79,14.92,2025-11-06T12:20:00,3780.40,TIME_STOP,481.90,33.56
vwap,TITAN,2025-11-07,LONG,2025-11-07T13:40:00,3780.20,3771.63,3793.05,79,8.57,2025-11-07T14:00:00,3771.63,STOP,-676.71,-1124.16
vwap,TITAN,2025-11-11,SHORT,2025-11-11T10:10:00,3790.20,3797.94,3778.59,79,7.74,2025-11-11T10:20:00,3778.59,TARGET,916.83,468.38
vwap,TITAN,2025-11-18,SHORT,2025-11-18T10:00:00,3847.40,3854.84,3836.24,77,7.44,2025-11-18T10:20:00,3854.84,STOP,-572.75,-1017.56
vwap,TITAN,2025-11-20,SHORT,2025-11-20T13:10:00,3918.50,3925.03,3908.71,76,6.53,2025-11-20T13:10:00,3925.03,STOP,-496.18,-943.26
vwap,TITAN,2025-11-24,LONG,2025-11-24T10:20:00,3933.50,3924.08,3947.63,76,9.42,2025-11-24T10:30:00,3924.08,STOP,-716.16,-1164.04
vwap,TITAN,2025-11-25,LONG,2025-11-25T10:20:00,3906.00,3896.40,3920.40,76,9.60,2025-11-25T11:00:00,3896.40,STOP,-729.84,-1174.58
vwap,TITAN,2025-11-26,LONG,2025-11-26T10:10:00,3894.70,3883.14,3912.03,77,11.56,2025-11-26T11:00:00,3912.03,TARGET,1334.69,883.85
vwap,TITAN,2025-11-27,SHORT,2025-11-27T13:30:00,3894.20,3902.29,3882.07,77,8.09,2025-11-27T13:30:00,3902.29,STOP,-622.62,-1072.87
vwap,TITAN,2025-11-28,SHORT,2025-11-28T13:00:00,3909.20,3916.67,3898.00,76,7.47,2025-11-28T14:50:00,3906.60,TIME_STOP,197.60,-247.90
vwap,TITAN,2025-12-02,LONG,2025-12-02T11:40:00,3887.40,3878.87,3900.19,77,8.53,2025-12-02T13:30:00,3887.50,TIME_STOP,7.70,-441.30
vwap,TITAN,2025-12-04,LONG,2025-12-04T11:40:00,3826.20,3817.08,3839.88,78,9.12,2025-12-04T12:10:00,3817.08,STOP,-711.26,-1158.39
vwap,TITAN,2025-12-05,LONG,2025-12-05T10:10:00,3815.30,3806.16,3829.00,78,9.14,2025-12-05T12:00:00,3813.50,TIME_STOP,-140.40,-586.68
vwap,TITAN,2025-12-09,LONG,2025-12-09T10:50:00,3809.00,3797.73,3825.91,78,11.27,2025-12-09T11:20:00,3825.91,TARGET,1318.84,872.19
vwap,TITAN,2025-12-10,LONG,2025-12-10T10:30:00,3839.40,3829.95,3853.57,78,9.45,2025-12-10T12:20:00,3846.50,TIME_STOP,553.80,104.17
vwap,TITAN,2025-12-11,LONG,2025-12-11T12:50:00,3832.70,3823.31,3846.79,78,9.39,2025-12-11T14:20:00,3846.79,TARGET,1098.65,649.40
vwap,TITAN,2025-12-17,SHORT,2025-12-17T11:50:00,3909.00,3917.13,3896.80,76,8.13,2025-12-17T12:20:00,3896.80,TARGET,926.95,482.02
vwap,TITAN,2025-12-18,LONG,2025-12-18T11:00:00,3909.00,3901.19,3920.71,76,7.81,2025-12-18T11:10:00,3901.19,STOP,-593.20,-1038.38
vwap,TITAN,2025-12-22,LONG,2025-12-22T10:00:00,3944.50,3936.78,3956.08,76,7.72,2025-12-22T11:00:00,3936.78,STOP,-586.79,-1036.02
vwap,TITAN,2025-12-29,SHORT,2025-12-29T13:50:00,3998.50,4005.77,3987.59,75,7.27,2025-12-29T15:00:00,3987.59,TARGET,818.27,369.05
vwap,TITAN,2025-12-30,LONG,2025-12-30T13:50:00,3991.40,3985.08,4000.87,75,6.32,2025-12-30T14:00:00,3985.08,STOP,-473.68,-922.35
vwap,TITAN,2026-01-02,LONG,2026-01-02T11:30:00,4048.10,4036.63,4065.30,74,11.47,2026-01-02T13:20:00,4045.30,TIME_STOP,-207.20,-656.38
vwap,TITAN,2026-01-09,SHORT,2026-01-09T10:10:00,4253.70,4267.25,4233.38,70,13.55,2026-01-09T10:30:00,4267.25,STOP,-948.45,-1395.80
vwap,TITAN,2026-01-12,LONG,2026-01-12T14:00:00,4216.70,4204.70,4234.71,71,12.00,2026-01-12T14:20:00,4234.71,TARGET,1278.40,828.36
vwap,TITAN,2026-01-14,LONG,2026-01-14T10:10:00,4238.00,4227.47,4253.79,70,10.53,2026-01-14T10:10:00,4227.47,STOP,-736.87,-1181.30
vwap,TITAN,2026-01-21,LONG,2026-01-21T13:10:00,4093.00,4079.96,4112.56,73,13.04,2026-01-21T13:20:00,4079.96,STOP,-951.98,-1399.45
vwap,TITAN,2026-01-22,SHORT,2026-01-22T11:20:00,4071.20,4083.63,4052.56,73,12.43,2026-01-22T11:40:00,4052.56,TARGET,1360.93,916.16
vwap,TITAN,2026-01-23,LONG,2026-01-23T10:50:00,4046.00,4031.41,4067.89,74,14.59,2026-01-23T12:40:00,4056.00,TIME_STOP,740.00,290.34
vwap,TITAN,2026-01-29,LONG,2026-01-29T13:50:00,3935.90,3922.36,3956.21,76,13.54,2026-01-29T15:20:00,3934.90,EOD,-76.00,-524.64
vwap,TITAN,2026-02-06,SHORT,2026-02-06T10:10:00,4071.70,4085.40,4051.15,73,13.70,2026-02-06T10:20:00,4085.40,STOP,-999.95,-1446.55
vwap,TITAN,2026-02-11,SHORT,2026-02-11T11:40:00,4243.30,4269.23,4204.40,70,25.93,2026-02-11T13:30:00,4218.50,TIME_STOP,1736.00,1291.76
vwap,TITAN,2026-02-12,LONG,2026-02-12T13:30:00,4268.90,4254.34,4290.73,70,14.56,2026-02-12T13:50:00,4254.34,STOP,-1018.95,-1466.42
vwap,TITAN,2026-02-13,SHORT,2026-02-13T10:40:00,4244.00,4257.05,4224.42,70,13.05,2026-02-13T11:50:00,4224.42,TARGET,1370.44,925.85
vwap,TITAN,2026-02-19,SHORT,2026-02-19T11:20:00,4235.80,4244.50,4222.75,70,8.70,2026-02-19T12:30:00,4244.50,STOP,-608.87,-1054.08
vwap,TITAN,2026-02-20,LONG,2026-02-20T10:20:00,4235.00,4220.65,4256.53,70,14.35,2026-02-20T12:10:00,4241.80,TIME_STOP,476.00,30.97
vwap,TITAN,2026-02-24,LONG,2026-02-24T11:10:00,4271.80,4262.64,4285.54,70,9.16,2026-02-24T11:30:00,4262.64,STOP,-641.21,-1089.26
vwap,TITAN,2026-02-27,SHORT,2026-02-27T10:10:00,4318.10,4327.43,4304.11,69,9.33,2026-02-27T10:30:00,4327.43,STOP,-643.49,-1090.89
vwap,TITAN,2026-03-04,LONG,2026-03-04T13:40:00,4197.90,4182.24,4221.39,71,15.66,2026-03-04T14:40:00,4221.39,TARGET,1667.73,1219.41
vwap,TITAN,2026-03-11,SHORT,2026-03-11T10:50:00,4184.70,4198.35,4164.22,71,13.65,2026-03-11T11:30:00,4164.22,TARGET,1453.89,1009.31
vwap,TITAN,2026-03-12,LONG,2026-03-12T12:40:00,4134.20,4118.19,4158.22,72,16.01,2026-03-12T13:20:00,4158.22,TARGET,1729.61,1281.82
vwap,ASIANPAINT,2024-03-18,LONG,2024-03-18T13:50:00,2838.00,2829.77,2850.34,105,8.23,2024-03-18T15:20:00,2850.34,TARGET,1295.93,847.97
vwap,ASIANPAINT,2024-03-20,LONG,2024-03-20T11:40:00,2819.60,2813.02,2829.47,106,6.58,2024-03-20T12:10:00,2813.02,STOP,-697.78,-1145.58
vwap,ASIANPAINT,2024-03-22,LONG,2024-03-22T12:00:00,2829.95,2822.90,2840.53,106,7.05,2024-03-22T13:50:00,2833.05,TIME_STOP,328.60,-121.61
vwap,ASIANPAINT,2024-03-26,SHORT,2024-03-26T10:10:00,2825.85,2834.72,2812.55,106,8.87,2024-03-26T11:40:00,2812.55,TARGET,1409.92,961.66
vwap,ASIANPAINT,2024-03-27,LONG,2024-03-27T10:10:00,2828.60,2822.51,2837.73,106,6.09,2024-03-27T12:00:00,2828.45,TIME_STOP,-15.90,-465.64
vwap,ASIANPAINT,2024-03-28,LONG,2024-03-28T10:20:00,2837.55,2831.26,2846.98,105,6.29,2024-03-28T10:30:00,2831.26,STOP,-660.35,-1106.76
vwap,ASIANPAINT,2024-04-03,LONG,2024-04-03T12:50:00,2869.00,2863.51,2877.23,104,5.49,2024-04-03T13:30:00,2877.23,TARGET,856.40,408.19
vwap,ASIANPAINT,2024-04-04,SHORT,2024-04-04T10:00:00,2860.50,2868.42,2848.62,104,7.92,2024-04-04T11:50:00,2868.42,STOP,-823.74,-1270.60
vwap,ASIANPAINT,2024-04-05,SHORT,2024-04-05T12:30:00,2901.50,2908.77,2890.60,103,7.27,2024-04-05T14:20:00,2895.95,TIME_STOP,571.65,123.80
vwap,ASIANPAINT,2024-04-09,LONG,2024-04-09T10:00:00,2911.75,2904.66,2922.39,103,7.09,2024-04-09T10:10:00,2904.66,STOP,-730.34,-1179.66
vwap,ASIANPAINT,2024-04-10,LONG,2024-04-10T11:10:00,2871.20,2864.30,2881.55,104,6.90,2024-04-10T12:00:00,2881.55,TARGET,1075.90,627.18
vwap,ASIANPAINT,2024-04-18,LONG,2024-04-18T11:30:00,2851.20,2842.25,2864.63,105,8.95,2024-04-18T13:20:00,2850.40,TIME_STOP,-84.00,-533.00
vwap,ASIANPAINT,2024-04-19,LONG,2024-04-19T13:50:00,2800.80,2793.55,2811.68,107,7.25,2024-04-19T13:50:00,2811.68,TARGET,1164.40,714.00
vwap,ASIANPAINT,2024-04-25,LONG,2024-04-25T13:50:00,2854.05,2848.02,2863.10,105,6.03,2024-04-25T14:10:00,2863.10,TARGET,950.26,500.04
vwap,ASIANPAINT,2024-04-26,SHORT,2024-04-26T12:50:00,2854.45,2861.70,2843.57,105,7.25,2024-04-26T12:50:00,2861.70,STOP,-761.27,-1211.41
vwap,ASIANPAINT,2024-05-03,SHORT,2024-05-03T13:00:00,2919.70,2932.80,2900.05,102,13.10,2024-05-03T14:30:00,2932.80,STOP,-1336.21,-1783.93
vwap,ASIANPAINT,2024-05-06,LONG,2024-05-06T10:40:00,2939.50,2926.34,2959.25,102,13.16,2024-05-06T12:30:00,2934.25,TIME_STOP,-535.50,-984.84
vwap,ASIANPAINT,2024-05-07,SHORT,2024-05-07T11:30:00,2926.25,2936.75,2910.50,102,10.50,2024-05-07T12:10:00,2910.50,TARGET,1606.67,1160.16
vwap,ASIANPAINT,2024-05-13,LONG,2024-05-13T10:40:00,2805.40,2786.18,2834.23,106,19.22,2024-05-13T11:00:00,2834.23,TARGET,3055.66,2607.31
vwap,ASIANPAINT,2024-05-14,SHORT,2024-05-14T10:30:00,2848.55,2860.33,2830.88,105,11.78,2024-05-14T10:30:00,2860.33,STOP,-1237.04,-1686.61
vwap,ASIANPAINT,2024-05-23,SHORT,2024-05-23T12:20:00,2885.25,2893.83,2872.37,103,8.58,2024-05-23T12:20:00,2890.55,REVERSE,-545.90,-992.08
vwap,ASIANPAINT,2024-05-24,SHORT,2024-05-24T10:10:00,2882.95,2892.04,2869.32,104,9.09,2024-05-24T10:20:00,2892.04,STOP,-945.17,-1395.62
vwap,ASIANPAINT,2024-05-27,LONG,2024-05-27T11:10:00,2882.65,2873.54,2896.32,104,9.11,2024-05-27T11:20:00,2873.54,STOP,-947.46,-1396.44
vwap,ASIANPAINT,2024-05-28,LONG,2024-05-28T11:20:00,2880.90,2874.02,2891.22,104,6.88,2024-05-28T11:20:00,2876.50,REVERSE,-457.60,-906.68
vwap,ASIANPAINT,2024-05-30,LONG,2024-05-30T12:50:00,2902.00,2894.61,2913.09,103,7.39,2024-05-30T13:20:00,2894.61,STOP,-761.55,-1209.34
vwap,ASIANPAINT,2024-05-31,LONG,2024-05-31T12:30:00,2899.65,2889.43,2914.97,103,10.22,2024-05-31T13:40:00,2889.43,STOP,-1052.30,-1499.50
vwap,ASIANPAINT,2024-06-07,LONG,2024-06-07T11:00:00,2925.25,2914.93,2940.73,102,10.32,2024-06-07T11:30:00,2914.93,STOP,-1052.85,-1499.62
vwap,ASIANPAINT,2024-06-12,LONG,2024-06-12T13:50:00,2906.30,2897.54,2919.44,103,8.76,2024-06-12T14:20:00,2897.54,STOP,-902.48,-1350.83
vwap,ASIANPAINT,2024-06-20,LONG,2024-06-20T13:10:00,2915.95,2909.14,2926.16,102,6.81,2024-06-20T15:00:00,2914.20,TIME_STOP,-178.50,-624.51
vwap,ASIANPAINT,2024-06-21,LONG,2024-06-21T14:10:00,2907.00,2900.74,2916.39,103,6.26,2024-06-21T14:20:00,2900.74,STOP,-644.67,-1093.32
vwap,ASIANPAINT,2024-06-24,LONG,2024-06-24T12:10:00,2898.50,2892.15,2908.02,103,6.35,2024-06-24T12:30:00,2892.15,STOP,-653.97,-1101.30
vwap,ASIANPAINT,2024-06-26,LONG,2024-06-26T12:30:00,2872.00,2866.80,2879.80,104,5.20,2024-06-26T12:40:00,2866.80,STOP,-540.74,-988.37
vwap,ASIANPAINT,2024-07-02,LONG,2024-07-02T11:10:00,2930.60,2924.06,2940.41,102,6.54,2024-07-02T11:40:00,2924.06,STOP,-666.81,-1114.69
vwap,ASIANPAINT,2024-07-04,LONG,2024-07-04T10:10:00,2947.00,2939.89,2957.67,101,7.11,2024-07-04T10:20:00,2939.89,STOP,-718.21,-1164.14
vwap,ASIANPAINT,2024-07-09,LONG,2024-07-09T12:10:00,2910.00,2903.72,2919.42,103,6.28,2024-07-09T14:00:00,2905.00,TIME_STOP,-515.00,-964.21
vwap,ASIANPAINT,2024-07-12,SHORT,2024-07-12T10:30:00,2981.20,2992.01,2964.99,100,10.81,2024-07-12T10:50:00,2992.01,STOP,-1080.50,-1528.49
vwap,ASIANPAINT,2024-07-16,LONG,2024-07-16T11:10:00,2975.80,2967.90,2987.65,100,7.90,2024-07-16T12:10:00,2987.65,TARGET,1185.20,737.94
vwap,ASIANPAINT,2024-07-19,SHORT,2024-07-19T12:40:00,2932.40,2944.27,2914.59,102,11.87,2024-07-19T13:10:00,2944.27,STOP,-1210.83,-1660.40
vwap,ASIANPAINT,2024-07-22,LONG,2024-07-22T10:20:00,2960.00,2946.70,2979.95,101,13.30,2024-07-22T10:50:00,2946.70,STOP,-1343.04,-1790.48
vwap,ASIANPAINT,2024-07-24,LONG,2024-07-24T11:20:00,2925.00,2914.08,2941.38,102,10.92,2024-07-24T12:20:00,2914.08,STOP,-1113.54,-1560.23
vwap,ASIANPAINT,2024-08-01,SHORT,2024-08-01T13:30:00,3077.40,3085.55,3065.18,97,8.15,2024-08-01T13:50:00,3085.55,STOP,-790.37,-1238.72
vwap,ASIANPAINT,2024-08-05,LONG,2024-08-05T10:10:00,3141.00,3127.19,3161.72,95,13.81,2024-08-05T10:10:00,3127.19,STOP,-1312.15,-1758.76
vwap,ASIANPAINT,2024-08-16,LONG,2024-08-16T12:20:00,3036.30,3026.65,3050.77,98,9.65,2024-08-16T13:00:00,3026.65,STOP,-945.68,-1391.30
vwap,ASIANPAINT,2024-08-26,LONG,2024-08-26T10:40:00,3163.70,3155.19,3176.47,94,8.51,2024-08-26T12:00:00,3155.19,STOP,-800.14,-1245.62
vwap,ASIANPAINT,2024-08-27,LONG,2024-08-27T10:20:00,3174.15,3166.31,3185.90,94,7.84,2024-08-27T10:40:00,3185.90,TARGET,1104.88,656.49
vwap,ASIANPAINT,2024-09-09,SHORT,2024-09-09T12:00:00,3266.95,3276.42,3252.75,91,9.47,2024-09-09T12:30:00,3276.42,STOP,-861.44,-1308.03
vwap,ASIANPAINT,2024-09-12,SHORT,2024-09-12T11:30:00,3355.25,3365.76,3339.48,89,10.51,2024-09-12T12:20:00,3365.76,STOP,-935.74,-1384.37
vwap,ASIANPAINT,2024-09-13,LONG,2024-09-13T13:40:00,3355.30,3347.61,3366.84,89,7.69,2024-09-13T15:20:00,3362.95,EOD,680.85,232.41
vwap,ASIANPAINT,2024-09-16,SHORT,2024-09-16T10:10:00,3350.50,3360.74,3335.15,89,10.24,2024-09-16T10:10:00,3360.74,STOP,-911.03,-1359.00
vwap,ASIANPAINT,2024-09-19,SHORT,2024-09-19T13:10:00,3277.60,3287.57,3262.64,91,9.97,2024-09-19T13:20:00,3287.57,STOP,-907.49,-1355.56
vwap,ASIANPAINT,2024-09-20,LONG,2024-09-20T10:40:00,3298.05,3286.86,3314.83,90,11.19,2024-09-20T10:40:00,3314.83,TARGET,1510.29,1063.92
vwap,ASIANPAINT,2024-10-11,LONG,2024-10-11T12:30:00,3056.75,3048.71,3068.80,98,8.04,2024-10-11T12:40:00,3048.71,STOP,-787.58,-1236.34
vwap,ASIANPAINT,2024-10-14,LONG,2024-10-14T11:50:00,3040.50,3032.58,3052.38,98,7.92,2024-10-14T13:10:00,3052.38,TARGET,1164.50,716.68
vwap,ASIANPAINT,2024-10-16,SHORT,2024-10-16T12:10:00,3075.00,3083.67,3062.00,97,8.67,2024-10-16T12:40:00,3080.20,REVERSE,-504.40,-952.19
vwap,ASIANPAINT,2024-10-21,LONG,2024-10-21T12:40:00,3030.00,3021.52,3042.73,99,8.48,2024-10-21T14:10:00,3042.73,TARGET,1259.96,809.06
vwap,ASIANPAINT,2024-10-22,SHORT,2024-10-22T11:00:00,3030.75,3041.23,3015.03,98,10.48,2024-10-22T11:30:00,3015.03,TARGET,1540.35,1095.98
vwap,ASIANPAINT,2024-10-23,LONG,2024-10-23T12:00:00,3019.20,3008.53,3035.20,99,10.67,2024-10-23T13:50:00,3020.00,TIME_STOP,79.20,-369.21
vwap,ASIANPAINT,2024-10-28,LONG,2024-10-28T10:00:00,2985.00,2974.39,3000.92,100,10.61,2024-10-28T10:20:00,3000.92,TARGET,1592.10,1143.16
vwap,ASIANPAINT,2024-10-30,SHORT,2024-10-30T10:20:00,2976.30,2985.99,2961.77,100,9.69,2024-10-30T10:20:00,2985.99,STOP,-968.83,-1416.00
vwap,ASIANPAINT,2024-11-06,LONG,2024-11-06T13:50:00,2896.00,2887.15,2909.28,103,8.85,2024-11-06T15:20:00,2898.00,EOD,206.00,-241.59
vwap,ASIANPAINT,2024-11-07,SHORT,2024-11-07T10:00:00,2864.50,2874.97,2848.80,104,10.47,2024-11-07T10:20:00,2874.97,STOP,-1088.70,-1536.38
vwap,ASIANPAINT,2024-11-22,LONG,2024-11-22T10:20:00,2453.00,2445.59,2464.11,122,7.41,2024-11-22T10:40:00,2445.59,STOP,-903.70,-1351.92
vwap,ASIANPAINT,2024-11-25,SHORT,2024-11-25T13:10:00,2464.20,2470.77,2454.34,121,6.57,2024-11-25T13:30:00,2470.77,STOP,-795.49,-1243.34
vwap,ASIANPAINT,2024-11-28,SHORT,2024-11-28T10:50:00,2477.45,2484.59,2466.74,121,7.14,2024-11-28T11:20:00,2466.74,TARGET,1295.50,846.82
vwap,ASIANPAINT,2024-11-29,LONG,2024-11-29T10:00:00,2477.75,2471.40,2487.27,121,6.35,2024-11-29T10:10:00,2471.40,STOP,-768.20,-1217.33
vwap,ASIANPAINT,2024-12-02,LONG,2024-12-02T12:40:00,2483.50,2477.87,2491.95,120,5.63,2024-12-02T12:40:00,2477.87,STOP,-675.64,-1122.16
vwap,ASIANPAINT,2024-12-03,SHORT,2024-12-03T10:00:00,2472.95,2478.12,2465.19,121,5.17,2024-12-03T10:20:00,2478.12,STOP,-625.58,-1074.89
vwap,ASIANPAINT,2024-12-06,SHORT,2024-12-06T10:30:00,2442.55,2450.17,2431.12,122,7.62,2024-12-06T12:20:00,2436.20,TIME_STOP,774.70,328.29
vwap,ASIANPAINT,2024-12-13,LONG,2024-12-13T13:50:00,2397.95,2390.32,2409.39,125,7.63,2024-12-13T15:00:00,2409.39,TARGET,1429.74,979.06
vwap,ASIANPAINT,2024-12-16,SHORT,2024-12-16T10:40:00,2390.20,2397.26,2379.62,125,7.06,2024-12-16T12:30:00,2393.70,TIME_STOP,-437.50,-885.99
vwap,ASIANPAINT,2024-12-18,LONG,2024-12-18T12:10:00,2370.20,2364.81,2378.28,126,5.39,2024-12-18T12:30:00,2364.81,STOP,-678.85,-1126.31
vwap,ASIANPAINT,2024-12-23,LONG,2024-12-23T12:00:00,2295.45,2289.73,2304.03,130,5.72,2024-12-23T12:00:00,2289.73,STOP,-744.02,-1191.07
vwap,ASIANPAINT,2024-12-24,LONG,2024-12-24T10:20:00,2284.70,2278.97,2293.29,131,5.73,2024-12-24T10:30:00,2293.29,TARGET,1125.53,675.74
vwap,ASIANPAINT,2024-12-27,LONG,2024-12-27T10:10:00,2280.55,2275.37,2288.32,131,5.18,2024-12-27T11:20:00,2288.32,TARGET,1018.40,569.50
vwap,ASIANPAINT,2024-12-30,LONG,2024-12-30T11:30:00,2275.50,2270.35,2283.22,131,5.15,2024-12-30T11:30:00,2270.35,STOP,-674.18,-1120.81
vwap,ASIANPAINT,2025-01-02,LONG,2025-01-02T11:20:00,2314.50,2308.88,2322.92,129,5.62,2025-01-02T12:30:00,2322.92,TARGET,1086.51,637.84
vwap,ASIANPAINT,2025-01-07,LONG,2025-01-07T10:00:00,2296.40,2288.57,2308.15,130,7.83,2025-01-07T10:50:00,2308.15,TARGET,1527.41,1078.46
vwap,ASIANPAINT,2025-01-08,LONG,2025-01-08T10:50:00,2300.85,2294.04,2311.07,130,6.81,2025-01-08T10:50:00,2294.04,STOP,-885.84,-1333.84
vwap,ASIANPAINT,2025-01-24,LONG,2025-01-24T12:00:00,2289.90,2283.11,2300.08,131,6.79,2025-01-24T12:00:00,2283.11,STOP,-889.45,-1338.75
vwap,ASIANPAINT,2025-01-27,LONG,2025-01-27T11:40:00,2273.55,2265.13,2286.18,131,8.42,2025-01-27T12:30:00,2265.13,STOP,-1103.27,-1549.19
vwap,ASIANPAINT,2025-01-28,LONG,2025-01-28T11:50:00,2263.50,2255.60,2275.35,132,7.90,2025-01-28T12:30:00,2255.60,STOP,-1042.93,-1490.33
vwap,ASIANPAINT,2025-01-30,LONG,2025-01-30T12:10:00,2252.20,2245.53,2262.20,133,6.67,2025-01-30T13:50:00,2245.53,STOP,-886.51,-1335.16
vwap,ASIANPAINT,2025-01-31,SHORT,2025-01-31T10:30:00,2243.50,2251.88,2230.92,133,8.38,2025-01-31T10:40:00,2251.88,STOP,-1115.08,-1563.49
vwap,ASIANPAINT,2025-02-03,SHORT,2025-02-03T10:20:00,2331.70,2344.75,2312.12,128,13.05,2025-02-03T12:00:00,2312.12,TARGET,2505.68,2059.88
vwap,ASIANPAINT,2025-02-04,LONG,2025-02-04T11:50:00,2300.20,2289.21,2316.69,130,10.99,2025-02-04T12:20:00,2316.69,TARGET,2143.88,1693.73
vwap,ASIANPAINT,2025-02-10,SHORT,2025-02-10T12:10:00,2260.05,2267.35,2249.10,132,7.30,2025-02-10T13:50:00,2267.35,STOP,-963.59,-1411.80
vwap,ASIANPAINT,2025-02-11,SHORT,2025-02-11T10:20:00,2253.45,2260.67,2242.61,133,7.22,2025-02-11T10:50:00,2242.61,TARGET,1441.25,992.76
vwap,ASIANPAINT,2025-02-12,LONG,2025-02-12T12:40:00,2231.55,2222.27,2245.47,134,9.28,2025-02-12T14:10:00,2222.27,STOP,-1243.34,-1690.95
vwap,ASIANPAINT,2025-02-19,SHORT,2025-02-19T13:10:00,2235.70,2240.82,2228.03,134,5.12,2025-02-19T13:30:00,2240.82,STOP,-685.48,-1135.37
vwap,ASIANPAINT,2025-02-20,LONG,2025-02-20T10:20:00,2247.60,2241.84,2256.24,133,5.76,2025-02-20T11:20:00,2256.24,TARGET,1149.33,700.07
vwap,ASIANPAINT,2025-02-21,SHORT,2025-02-21T10:00:00,2241.95,2247.03,2234.33,133,5.08,2025-02-21T11:00:00,2247.03,STOP,-675.95,-1123.72
vwap,ASIANPAINT,2025-02-24,LONG,2025-02-24T10:50:00,2256.70,2250.48,2266.03,132,6.22,2025-02-24T12:10:00,2250.48,STOP,-821.18,-1267.39
vwap,ASIANPAINT,2025-02-25,LONG,2025-02-25T10:00:00,2255.35,2250.48,2262.65,133,4.87,2025-02-25T10:30:00,2250.48,STOP,-647.65,-1097.10
vwap,ASIANPAINT,2025-03-05,LONG,2025-03-05T11:00:00,2147.65,2140.52,2158.35,139,7.13,2025-03-05T11:10:00,2158.35,TARGET,1487.37,1038.47
vwap,ASIANPAINT,2025-03-07,SHORT,2025-03-07T13:40:00,2255.70,2260.40,2248.65,132,4.70,2025-03-07T13:40:00,2260.40,STOP,-620.73,-1067.82
vwap,ASIANPAINT,2025-03-12,SHORT,2025-03-12T10:00:00,2272.00,2277.05,2264.43,132,5.05,2025-03-12T10:00:00,2264.43,TARGET,999.59,550.49
vwap,ASIANPAINT,2025-03-20,SHORT,2025-03-20T14:10:00,2279.95,2285.84,2271.12,131,5.89,2025-03-20T14:30:00,2285.84,STOP,-771.56,-1220.15
vwap,ASIANPAINT,2025-03-21,LONG,2025-03-21T10:40:00,2295.25,2288.85,2304.85,130,6.40,2025-03-21T10:40:00,2304.85,TARGET,1247.81,799.30
vwap,ASIANPAINT,2025-03-27,LONG,2025-03-27T11:20:00,2321.55,2313.86,2333.09,129,7.69,2025-03-27T13:00:00,2333.09,TARGET,1488.61,1038.28
vwap,ASIANPAINT,2025-03-28,SHORT,2025-03-28T13:00:00,2339.00,2345.61,2329.08,128,6.61,2025-03-28T13:50:00,2329.08,TARGET,1269.28,821.15
vwap,ASIANPAINT,2025-04-01,SHORT,2025-04-01T10:40:00,2327.35,2336.63,2313.43,128,9.28,2025-04-01T12:30:00,2330.00,TIME_STOP,-339.20,-786.31
vwap,ASIANPAINT,2025-04-07,LONG,2025-04-07T11:00:00,2343.20,2326.36,2368.46,128,16.84,2025-04-07T12:10:00,2326.36,STOP,-2155.52,-2603.79
vwap,ASIANPAINT,2025-04-15,LONG,2025-04-15T13:10:00,2412.00,2406.43,2420.35,124,5.57,2025-04-15T15:00:00,2412.80,TIME_STOP,99.20,-349.51
vwap,ASIANPAINT,2025-04-21,LONG,2025-04-21T12:40:00,2465.20,2459.40,2473.89,121,5.80,2025-04-21T13:00:00,2459.40,STOP,-701.21,-1148.12
vwap,ASIANPAINT,2025-04-23,SHORT,2025-04-23T11:00:00,2430.40,2437.93,2419.11,123,7.53,2025-04-23T12:40:00,2437.93,STOP,-925.64,-1374.74
vwap,ASIANPAINT,2025-04-24,SHORT,2025-04-24T12:40:00,2448.00,2455.39,2436.91,122,7.39,2025-04-24T12:50:00,2455.39,STOP,-901.84,-1350.50
vwap,ASIANPAINT,2025-04-28,LONG,2025-04-28T10:20:00,2445.70,2435.81,2460.53,122,9.89,2025-04-28T10:30:00,2435.81,STOP,-1206.13,-1652.79
vwap,ASIANPAINT,2025-04-30,LONG,2025-04-30T12:20:00,2457.50,2452.27,2465.35,122,5.23,2025-04-30T12:20:00,2452.27,STOP,-638.56,-1087.80
vwap,ASIANPAINT,2025-05-06,SHORT,2025-05-06T10:30:00,2407.20,2417.18,2392.23,124,9.98,2025-05-06T12:20:00,2398.10,TIME_STOP,1128.40,681.51
vwap,ASIANPAINT,2025-05-07,LONG,2025-05-07T13:10:00,2397.50,2389.06,2410.16,125,8.44,2025-05-07T13:20:00,2389.06,STOP,-1054.61,-1503.35
vwap,ASIANPAINT,2025-05-09,LONG,2025-05-09T12:10:00,2321.30,2309.18,2339.48,129,12.12,2025-05-09T12:10:00,2309.18,STOP,-1563.78,-2011.78
vwap,ASIANPAINT,2025-05-15,LONG,2025-05-15T11:20:00,2293.00,2286.39,2302.91,130,6.61,2025-05-15T12:20:00,2302.91,TARGET,1288.46,840.36
vwap,ASIANPAINT,2025-05-19,SHORT,2025-05-19T12:10:00,2340.10,2345.91,2331.38,128,5.81,2025-05-19T12:20:00,2345.91,STOP,-743.80,-1193.66
vwap,ASIANPAINT,2025-05-26,SHORT,2025-05-26T12:00:00,2316.00,2322.18,2306.73,129,6.18,2025-05-26T12:20:00,2306.73,TARGET,1195.48,748.23
vwap,ASIANPAINT,2025-06-02,LONG,2025-06-02T13:20:00,2268.60,2264.62,2274.57,132,3.98,2025-06-02T14:30:00,2264.62,STOP,-525.65,-974.44
vwap,ASIANPAINT,2025-06-03,SHORT,2025-06-03T10:20:00,2264.90,2270.24,2256.89,132,5.34,2025-06-03T10:20:00,2270.24,STOP,-704.83,-1153.81
vwap,ASIANPAINT,2025-06-04,LONG,2025-06-04T14:10:00,2255.60,2252.54,2260.19,133,3.06,2025-06-04T14:30:00,2252.54,STOP,-406.55,-856.23
vwap,ASIANPAINT,2025-06-05,SHORT,2025-06-05T10:50:00,2245.90,2250.35,2239.23,133,4.45,2025-06-05T12:20:00,2250.35,STOP,-591.71,-1040.21
vwap,ASIANPAINT,2025-06-09,LONG,2025-06-09T10:30:00,2248.00,2242.59,2256.11,133,5.41,2025-06-09T12:20:00,2245.70,TIME_STOP,-305.90,-754.15
vwap,ASIANPAINT,2025-06-11,LONG,2025-06-11T12:10:00,2222.50,2218.47,2228.55,134,4.03,2025-06-11T12:30:00,2218.47,STOP,-540.53,-986.85
vwap,ASIANPAINT,2025-06-12,SHORT,2025-06-12T13:30:00,2224.50,2231.35,2214.22,134,6.85,2025-06-12T13:40:00,2214.22,TARGET,1377.84,931.74
vwap,ASIANPAINT,2025-06-18,SHORT,2025-06-18T12:20:00,2264.00,2269.07,2256.40,132,5.07,2025-06-18T13:00:00,2267.40,REVERSE,-448.80,-897.41
vwap,ASIANPAINT,2025-06-19,SHORT,2025-06-19T13:30:00,2271.70,2275.63,2265.80,132,3.93,2025-06-19T13:40:00,2275.63,STOP,-518.90,-969.08
vwap,ASIANPAINT,2025-06-20,LONG,2025-06-20T12:00:00,2278.10,2273.36,2285.21,131,4.74,2025-06-20T12:40:00,2273.36,STOP,-621.34,-1068.52
vwap,ASIANPAINT,2025-06-24,SHORT,2025-06-24T13:50:00,2270.90,2276.91,2261.89,132,6.01,2025-06-24T14:30:00,2276.91,STOP,-792.73,-1242.96
vwap,ASIANPAINT,2025-06-25,SHORT,2025-06-25T13:00:00,2279.60,2283.83,2273.25,131,4.23,2025-06-25T13:20:00,2281.80,REVERSE,-288.20,-736.36
vwap,ASIANPAINT,2025-07-01,SHORT,2025-07-01T13:30:00,2352.80,2357.96,2345.07,127,5.16,2025-07-01T14:00:00,2357.96,STOP,-654.81,-1103.50
vwap,ASIANPAINT,2025-07-02,LONG,2025-07-02T11:00:00,2369.00,2361.34,2380.49,126,7.66,2025-07-02T12:10:00,2380.49,TARGET,1447.54,998.72
vwap,ASIANPAINT,2025-07-07,SHORT,2025-07-07T13:40:00,2436.90,2442.85,2427.97,123,5.95,2025-07-07T14:30:00,2442.85,STOP,-732.12,-1182.28
vwap,ASIANPAINT,2025-07-10,SHORT,2025-07-10T10:00:00,2488.40,2495.27,2478.09,120,6.87,2025-07-10T10:00:00,2478.09,TARGET,1237.18,790.20
vwap,ASIANPAINT,2025-07-23,LONG,2025-07-23T14:10:00,2363.20,2358.94,2369.60,126,4.26,2025-07-23T15:00:00,2369.60,TARGET,806.02,358.77
vwap,ASIANPAINT,2025-07-28,LONG,2025-07-28T10:20:00,2344.80,2338.29,2354.56,127,6.51,2025-07-28T10:20:00,2354.56,TARGET,1239.69,792.07
vwap,ASIANPAINT,2025-07-29,SHORT,2025-07-29T10:40:00,2343.00,2350.57,2331.65,128,7.57,2025-07-29T12:30:00,2343.50,TIME_STOP,-64.00,-513.90
vwap,ASIANPAINT,2025-07-31,SHORT,2025-07-31T10:10:00,2405.70,2413.43,2394.11,124,7.73,2025-07-31T11:50:00,2394.11,TARGET,1437.12,990.74
vwap,ASIANPAINT,2025-08-07,SHORT,2025-08-07T11:00:00,2475.30,2482.44,2464.59,121,7.14,2025-08-07T12:00:00,2482.44,STOP,-863.67,-1313.59
vwap,ASIANPAINT,2025-08-08,SHORT,2025-08-08T10:40:00,2485.40,2492.47,2474.80,120,7.07,2025-08-08T11:10:00,2492.47,STOP,-848.17,-1296.18
vwap,ASIANPAINT,2025-08-11,LONG,2025-08-11T13:10:00,2489.50,2483.44,2498.59,120,6.06,2025-08-11T13:40:00,2498.59,TARGET,1091.34,642.41
vwap,ASIANPAINT,2025-08-12,SHORT,2025-08-12T11:20:00,2485.90,2492.41,2476.14,120,6.51,2025-08-12T11:20:00,2492.41,STOP,-780.92,-1228.97
vwap,ASIANPAINT,2025-08-13,LONG,2025-08-13T10:30:00,2489.40,2483.64,2498.04,120,5.76,2025-08-13T12:20:00,2492.60,TIME_STOP,384.00,-64.38
vwap,ASIANPAINT,2025-08-19,SHORT,2025-08-19T10:40:00,2566.50,2573.27,2556.34,116,6.77,2025-08-19T11:00:00,2573.27,STOP,-785.36,-1232.52
vwap,ASIANPAINT,2025-08-21,LONG,2025-08-21T13:20:00,2573.80,2570.12,2579.32,116,3.68,2025-08-21T13:30:00,2570.12,STOP,-427.09,-874.61
vwap,ASIANPAINT,2025-08-26,LONG,2025-08-26T12:40:00,2511.50,2505.62,2520.32,119,5.88,2025-08-26T13:00:00,2520.32,TARGET,1050.08,600.99
vwap,ASIANPAINT,2025-08-28,LONG,2025-08-28T10:10:00,2519.50,2508.15,2536.52,119,11.35,2025-08-28T11:00:00,2508.15,STOP,-1350.48,-1799.20
vwap,ASIANPAINT,2025-08-29,SHORT,2025-08-29T10:20:00,2497.30,2506.58,2483.38,120,9.28,2025-08-29T10:20:00,2506.58,STOP,-1113.89,-1564.24
vwap,ASIANPAINT,2025-09-05,SHORT,2025-09-05T12:00:00,2571.00,2577.98,2560.53,116,6.98,2025-09-05T13:10:00,2577.98,STOP,-809.50,-1257.46
vwap,ASIANPAINT,2025-09-12,SHORT,2025-09-12T12:40:00,2546.00,2550.28,2539.58,117,4.28,2025-09-12T12:40:00,2539.58,TARGET,750.82,304.56
vwap,ASIANPAINT,2025-09-19,LONG,2025-09-19T10:20:00,2496.70,2491.01,2505.23,120,5.69,2025-09-19T10:20:00,2491.01,STOP,-682.64,-1131.54
vwap,ASIANPAINT,2025-09-22,LONG,2025-09-22T11:50:00,2501.00,2495.19,2509.72,119,5.81,2025-09-22T11:50:00,2495.19,STOP,-691.68,-1137.59
vwap,ASIANPAINT,2025-09-24,LONG,2025-09-24T10:10:00,2464.80,2458.44,2474.33,121,6.36,2025-09-24T10:10:00,2458.44,STOP,-769.01,-1215.79
vwap,ASIANPAINT,2025-09-30,SHORT,2025-09-30T10:40:00,2347.70,2355.83,2335.51,127,8.13,2025-09-30T12:30:00,2348.60,TIME_STOP,-114.30,-561.62
vwap,ASIANPAINT,2025-10-06,SHORT,2025-10-06T11:50:00,2340.70,2345.48,2333.52,128,4.78,2025-10-06T13:00:00,2345.48,STOP,-612.35,-1062.23
vwap,ASIANPAINT,2025-10-09,LONG,2025-10-09T13:30:00,2336.40,2332.20,2342.70,128,4.20,2025-10-09T14:30:00,2332.20,STOP,-537.17,-985.36
vwap,ASIANPAINT,2025-10-13,SHORT,2025-10-13T11:50:00,2342.10,2347.72,2333.67,128,5.62,2025-10-13T13:20:00,2347.72,STOP,-718.94,-1169.16
vwap,ASIANPAINT,2025-10-23,SHORT,2025-10-23T14:00:00,2519.70,2525.33,2511.25,119,5.63,2025-10-23T14:30:00,2511.25,TARGET,1005.07,556.05
vwap,ASIANPAINT,2025-10-30,LONG,2025-10-30T13:30:00,2527.60,2522.86,2534.70,118,4.74,2025-10-30T13:30:00,2522.86,STOP,-558.91,-1005.88
vwap,ASIANPAINT,2025-10-31,SHORT,2025-10-31T10:10:00,2522.00,2526.97,2514.55,118,4.97,2025-10-31T10:20:00,2514.55,TARGET,879.13,433.40
vwap,ASIANPAINT,2025-11-04,SHORT,2025-11-04T12:50:00,2500.00,2505.46,2491.81,120,5.46,2025-11-04T13:30:00,2491.81,TARGET,982.40,533.13
vwap,ASIANPAINT,2025-11-07,SHORT,2025-11-07T10:50:00,2589.70,2596.55,2579.42,115,6.85,2025-11-07T11:00:00,2596.55,STOP,-788.15,-1235.46
vwap,ASIANPAINT,2025-11-11,LONG,2025-11-11T14:00:00,2645.50,2641.44,2651.58,113,4.06,2025-11-11T14:30:00,2651.58,TARGET,687.56,238.63
vwap,ASIANPAINT,2025-11-18,LONG,2025-11-18T11:20:00,2896.80,2890.11,2906.84,103,6.69,2025-11-18T11:50:00,2906.84,TARGET,1033.87,585.54
vwap,ASIANPAINT,2025-11-19,SHORT,2025-11-19T10:30:00,2899.90,2906.81,2889.53,103,6.91,2025-11-19T11:30:00,2906.81,STOP,-712.14,-1160.71
vwap,ASIANPAINT,2025-11-24,LONG,2025-11-24T10:00:00,2879.10,2872.66,2888.76,104,6.44,2025-11-24T10:10:00,2888.76,TARGET,1004.63,554.74
vwap,ASIANPAINT,2025-11-25,SHORT,2025-11-25T13:30:00,2884.90,2890.80,2876.04,103,5.90,2025-11-25T15:00:00,2876.04,TARGET,912.17,467.14
vwap,ASIANPAINT,2025-11-26,LONG,2025-11-26T10:20:00,2889.00,2882.55,2898.67,103,6.45,2025-11-26T10:30:00,2882.55,STOP,-664.11,-1109.96
vwap,ASIANPAINT,2025-11-27,SHORT,2025-11-27T12:30:00,2877.00,2883.89,2866.67,104,6.89,2025-11-27T14:20:00,2881.00,TIME_STOP,-416.00,-865.12
vwap,ASIANPAINT,2025-11-28,LONG,2025-11-28T12:20:00,2880.00,2874.48,2888.28,104,5.52,2025-11-28T12:20:00,2874.48,STOP,-574.11,-1022.96
vwap,ASIANPAINT,2025-12-04,SHORT,2025-12-04T13:00:00,2952.90,2959.47,2943.05,101,6.57,2025-12-04T13:20:00,2959.47,STOP,-663.50,-1111.36
vwap,ASIANPAINT,2025-12-05,LONG,2025-12-05T13:00:00,2959.40,2955.02,2965.96,101,4.38,2025-12-05T14:20:00,2965.96,TARGET,663.06,214.21
vwap,ASIANPAINT,2025-12-12,SHORT,2025-12-12T10:10:00,2780.20,2787.47,2769.30,107,7.27,2025-12-12T10:20:00,2769.30,TARGET,1166.04,720.69
vwap,ASIANPAINT,2025-12-17,SHORT,2025-12-17T11:50:00,2785.80,2791.78,2776.82,107,5.98,2025-12-17T12:20:00,2776.82,TARGET,960.58,514.17
vwap,ASIANPAINT,2025-12-22,SHORT,2025-12-22T12:40:00,2793.00,2799.53,2783.20,107,6.53,2025-12-22T14:10:00,2799.53,STOP,-698.79,-1147.59
vwap,ASIANPAINT,2025-12-24,SHORT,2025-12-24T11:30:00,2799.10,2805.91,2788.88,107,6.81,2025-12-24T13:20:00,2788.88,TARGET,1093.46,645.03
vwap,ASIANPAINT,2025-12-29,LONG,2025-12-29T10:50:00,2760.50,2754.68,2769.24,108,5.82,2025-12-29T10:50:00,2754.68,STOP,-628.93,-1075.66
vwap,ASIANPAINT,2025-12-30,SHORT,2025-12-30T14:10:00,2760.00,2766.94,2749.59,108,6.94,2025-12-30T15:00:00,2766.94,STOP,-749.25,-1196.93
vwap,ASIANPAINT,2026-01-01,LONG,2026-01-01T10:30:00,2779.00,2770.65,2791.52,107,8.35,2026-01-01T12:20:00,2778.20,TIME_STOP,-85.60,-531.57
vwap,ASIANPAINT,2026-01-02,SHORT,2026-01-02T12:00:00,2766.40,2773.42,2755.87,108,7.02,2026-01-02T13:50:00,2765.00,TIME_STOP,151.20,-296.84
vwap,ASIANPAINT,2026-01-07,SHORT,2026-01-07T12:00:00,2825.70,2832.25,2815.87,106,6.55,2026-01-07T12:40:00,2815.87,TARGET,1042.10,593.60
vwap,ASIANPAINT,2026-01-09,LONG,2026-01-09T10:30:00,2833.40,2823.63,2848.06,105,9.77,2026-01-09T11:00:00,2823.63,STOP,-1026.30,-1471.79
vwap,ASIANPAINT,2026-01-13,SHORT,2026-01-13T12:30:00,2872.80,2880.87,2860.69,104,8.07,2026-01-13T12:30:00,2880.87,STOP,-839.53,-1288.32
vwap,ASIANPAINT,2026-01-30,LONG,2026-01-30T12:40:00,2431.10,2422.21,2444.43,123,8.89,2026-01-30T12:50:00,2444.43,TARGET,1639.71,1189.94
vwap,ASIANPAINT,2026-02-03,SHORT,2026-02-03T11:30:00,2408.00,2423.23,2385.15,124,15.23,2026-02-03T11:30:00,2413.30,REVERSE,-657.20,-1105.58
vwap,ASIANPAINT,2026-02-05,LONG,2026-02-05T14:10:00,2430.10,2424.95,2437.82,123,5.15,2026-02-05T14:40:00,2437.82,TARGET,949.54,500.48
vwap,ASIANPAINT,2026-02-10,SHORT,2026-02-10T11:30:00,2395.30,2400.84,2386.99,125,5.54,2026-02-10T12:10:00,2400.84,STOP,-692.51,-1142.15
vwap,ASIANPAINT,2026-02-12,SHORT,2026-02-12T10:00:00,2381.10,2388.82,2369.52,125,7.72,2026-02-12T10:40:00,2388.82,STOP,-965.04,-1412.22
vwap,ASIANPAINT,2026-02-13,SHORT,2026-02-13T10:30:00,2397.60,2403.59,2388.61,125,5.99,2026-02-13T10:40:00,2403.59,STOP,-749.22,-1199.34
vwap,ASIANPAINT,2026-02-16,LONG,2026-02-16T12:20:00,2380.90,2374.96,2389.81,126,5.94,2026-02-16T12:20:00,2389.81,TARGET,1122.47,671.63
vwap,ASIANPAINT,2026-02-20,LONG,2026-02-20T10:50:00,2413.70,2405.90,2425.40,124,7.80,2026-02-20T11:40:00,2425.40,TARGET,1451.36,1001.33
vwap,ASIANPAINT,2026-02-24,SHORT,2026-02-24T10:40:00,2423.00,2430.39,2411.91,123,7.39,2026-02-24T11:20:00,2411.91,TARGET,1363.65,917.63
vwap,ASIANPAINT,2026-02-27,LONG,2026-02-27T13:50:00,2380.00,2374.47,2388.29,126,5.53,2026-02-27T14:00:00,2388.29,TARGET,1044.33,593.73
vwap,ASIANPAINT,2026-03-06,LONG,2026-03-06T10:30:00,2279.50,2271.93,2290.86,131,7.57,2026-03-06T10:30:00,2272.30,REVERSE,-943.20,-1390.41
vwap,ASIANPAINT,2026-03-11,SHORT,2026-03-11T11:50:00,2268.90,2277.05,2256.68,132,8.15,2026-03-11T12:30:00,2256.68,TARGET,1612.74,1164.71
vwap,ASIANPAINT,2026-03-12,LONG,2026-03-12T11:50:00,2247.70,2239.57,2259.89,133,8.13,2026-03-12T11:50:00,2239.57,STOP,-1080.78,-1528.38
vwap,JSWSTEEL,2024-03-19,SHORT,2024-03-19T11:10:00,796.90,800.84,790.98,376,3.94,2024-03-19T12:00:00,800.84,STOP,-1483.04,-1933.60
vwap,JSWSTEEL,2024-03-26,SHORT,2024-03-26T10:30:00,821.15,824.99,815.39,365,3.84,2024-03-26T12:20:00,823.20,TIME_STOP,-748.25,-1198.39
vwap,JSWSTEEL,2024-03-27,LONG,2024-03-27T12:00:00,824.00,821.76,827.36,364,2.24,2024-03-27T13:10:00,827.36,TARGET,1222.02,771.20
vwap,JSWSTEEL,2024-03-28,LONG,2024-03-28T10:20:00,828.35,825.10,833.22,362,3.25,2024-03-28T11:10:00,833.22,TARGET,1764.55,1313.43
vwap,JSWSTEEL,2024-04-02,SHORT,2024-04-02T10:40:00,865.65,869.14,860.42,346,3.49,2024-04-02T11:40:00,869.14,STOP,-1207.43,-1657.61
vwap,JSWSTEEL,2024-04-03,SHORT,2024-04-03T11:00:00,868.50,872.24,862.89,345,3.74,2024-04-03T11:10:00,872.24,STOP,-1289.40,-1739.82
vwap,JSWSTEEL,2024-04-05,LONG,2024-04-05T13:00:00,862.50,859.31,867.29,347,3.19,2024-04-05T13:50:00,859.31,STOP,-1108.26,-1556.36
vwap,JSWSTEEL,2024-04-10,SHORT,2024-04-10T12:00:00,878.85,882.35,873.61,341,3.50,2024-04-10T12:00:00,880.00,REVERSE,-392.15,-841.98
vwap,JSWSTEEL,2024-04-15,LONG,2024-04-15T10:50:00,880.70,876.18,887.48,340,4.52,2024-04-15T10:50:00,876.18,STOP,-1537.50,-1985.50
vwap,JSWSTEEL,2024-04-19,LONG,2024-04-19T13:10:00,852.10,848.55,857.43,352,3.55,2024-04-19T14:00:00,857.43,TARGET,1876.67,1425.35
vwap,JSWSTEEL,2024-04-22,SHORT,2024-04-22T13:30:00,856.40,858.71,852.93,350,2.31,2024-04-22T13:50:00,858.71,STOP,-810.18,-1260.40
vwap,JSWSTEEL,2024-04-23,LONG,2024-04-23T10:30:00,864.05,861.08,868.50,347,2.97,2024-04-23T10:30:00,861.08,STOP,-1029.87,-1478.84
vwap,JSWSTEEL,2024-04-26,SHORT,2024-04-26T14:00:00,891.45,895.01,886.12,336,3.56,2024-04-26T15:00:00,886.12,TARGET,1792.08,1344.14
vwap,JSWSTEEL,2024-04-29,LONG,2024-04-29T10:30:00,898.50,894.31,904.79,333,4.19,2024-04-29T11:00:00,894.31,STOP,-1396.38,-1844.13
vwap,JSWSTEEL,2024-04-30,SHORT,2024-04-30T10:10:00,891.40,894.71,886.44,336,3.31,2024-04-30T11:10:00,886.44,TARGET,1666.09,1218.07
vwap,JSWSTEEL,2024-05-03,SHORT,2024-05-03T11:30:00,884.50,888.42,878.62,339,3.92,2024-05-03T11:50:00,878.62,TARGET,1992.50,1544.23
vwap,JSWSTEEL,2024-05-08,LONG,2024-05-08T10:10:00,864.70,860.79,870.56,346,3.91,2024-05-08T10:30:00,860.79,STOP,-1352.42,-1800.19
vwap,JSWSTEEL,2024-05-13,LONG,2024-05-13T11:40:00,847.00,842.55,853.67,354,4.45,2024-05-13T13:10:00,853.67,TARGET,2361.65,1910.12
vwap,JSWSTEEL,2024-05-15,SHORT,2024-05-15T10:20:00,868.60,872.43,862.85,345,3.83,2024-05-15T11:00:00,872.43,STOP,-1321.61,-1772.11
vwap,JSWSTEEL,2024-05-16,LONG,2024-05-16T12:20:00,875.75,872.44,880.72,342,3.31,2024-05-16T12:30:00,872.44,STOP,-1132.38,-1580.79
vwap,JSWSTEEL,2024-05-22,SHORT,2024-05-22T10:00:00,911.80,917.02,903.98,329,5.22,2024-05-22T10:30:00,917.02,STOP,-1715.96,-2167.22
vwap,JSWSTEEL,2024-05-23,LONG,2024-05-23T13:00:00,914.70,910.76,920.61,327,3.94,2024-05-23T13:20:00,910.76,STOP,-1289.26,-1736.95
vwap,JSWSTEEL,2024-05-28,LONG,2024-05-28T13:20:00,908.15,905.58,912.01,330,2.57,2024-05-28T13:30:00,912.01,TARGET,1273.72,823.23
vwap,JSWSTEEL,2024-05-29,LONG,2024-05-29T13:00:00,908.90,906.25,912.87,330,2.65,2024-05-29T14:00:00,906.25,STOP,-873.35,-1322.60
vwap,JSWSTEEL,2024-05-31,SHORT,2024-05-31T11:00:00,883.15,886.76,877.74,339,3.61,2024-05-31T11:10:00,886.76,STOP,-1223.72,-1673.72
vwap,JSWSTEEL,2024-06-04,LONG,2024-06-04T10:00:00,900.85,893.92,911.24,333,6.93,2024-06-04T10:20:00,893.92,STOP,-2306.66,-2754.90
vwap,JSWSTEEL,2024-06-05,LONG,2024-06-05T12:10:00,857.35,848.66,870.38,287,8.69,2024-06-05T12:50:00,848.66,STOP,-2493.33,-2860.54
vwap,JSWSTEEL,2024-06-13,LONG,2024-06-13T13:00:00,918.25,915.61,922.22,326,2.64,2024-06-13T13:50:00,915.61,STOP,-861.90,-1310.28
vwap,JSWSTEEL,2024-06-14,LONG,2024-06-14T12:10:00,915.80,913.47,919.30,327,2.33,2024-06-14T12:20:00,919.30,TARGET,1145.09,695.03
vwap,JSWSTEEL,2024-06-18,SHORT,2024-06-18T11:00:00,917.10,920.30,912.30,327,3.20,2024-06-18T11:10:00,920.30,STOP,-1045.68,-1496.30
vwap,JSWSTEEL,2024-06-20,LONG,2024-06-20T10:50:00,924.30,921.25,928.87,324,3.05,2024-06-20T12:00:00,928.87,TARGET,1481.96,1031.64
vwap,JSWSTEEL,2024-06-21,SHORT,2024-06-21T12:30:00,931.05,934.05,926.55,322,3.00,2024-06-21T12:40:00,926.55,TARGET,1449.98,1001.37
vwap,JSWSTEEL,2024-06-24,LONG,2024-06-24T11:40:00,935.90,932.37,941.19,320,3.53,2024-06-24T12:10:00,941.19,TARGET,1692.17,1241.67
vwap,JSWSTEEL,2024-06-25,LONG,2024-06-25T14:10:00,935.15,932.95,938.45,320,2.20,2024-06-25T14:10:00,932.95,STOP,-703.52,-1151.87
vwap,JSWSTEEL,2024-07-02,SHORT,2024-07-02T13:10:00,942.00,944.75,937.88,318,2.75,2024-07-02T14:30:00,937.88,TARGET,1310.50,862.15
vwap,JSWSTEEL,2024-07-03,LONG,2024-07-03T10:20:00,943.65,941.05,947.54,317,2.60,2024-07-03T12:10:00,943.40,TIME_STOP,-79.25,-527.90
vwap,JSWSTEEL,2024-07-04,SHORT,2024-07-04T13:30:00,948.20,950.33,945.00,316,2.13,2024-07-04T13:50:00,945.00,TARGET,1010.24,561.55
vwap,JSWSTEEL,2024-07-11,SHORT,2024-07-11T10:30:00,923.15,926.50,918.13,324,3.35,2024-07-11T12:00:00,918.13,TARGET,1627.72,1180.29
vwap,JSWSTEEL,2024-07-15,SHORT,2024-07-15T12:00:00,932.15,935.05,927.80,321,2.90,2024-07-15T13:50:00,930.00,TIME_STOP,690.15,241.84
vwap,JSWSTEEL,2024-07-16,SHORT,2024-07-16T13:50:00,932.25,934.34,929.12,321,2.09,2024-07-16T14:20:00,934.34,STOP,-670.08,-1119.46
vwap,JSWSTEEL,2024-07-24,SHORT,2024-07-24T10:40:00,885.05,888.86,879.33,338,3.81,2024-07-24T11:40:00,888.86,STOP,-1289.44,-1739.12
vwap,JSWSTEEL,2024-07-25,LONG,2024-07-25T14:00:00,876.80,874.33,880.51,342,2.47,2024-07-25T14:30:00,874.33,STOP,-845.77,-1294.94
vwap,JSWSTEEL,2024-08-01,SHORT,2024-08-01T13:30:00,928.85,932.64,923.16,322,3.79,2024-08-01T14:00:00,932.64,STOP,-1220.41,-1669.96
vwap,JSWSTEEL,2024-08-08,LONG,2024-08-08T12:50:00,902.70,899.36,907.70,332,3.34,2024-08-08T13:00:00,899.36,STOP,-1107.30,-1556.02
vwap,JSWSTEEL,2024-08-09,LONG,2024-08-09T11:00:00,896.45,893.04,901.56,334,3.41,2024-08-09T11:20:00,901.56,TARGET,1708.20,1257.80
vwap,JSWSTEEL,2024-08-13,SHORT,2024-08-13T10:00:00,917.25,920.76,911.99,327,3.51,2024-08-13T10:00:00,919.50,REVERSE,-735.75,-1186.21
vwap,JSWSTEEL,2024-08-27,SHORT,2024-08-27T12:00:00,948.45,951.64,943.66,316,3.19,2024-08-27T13:00:00,951.64,STOP,-1008.98,-1459.30
vwap,JSWSTEEL,2024-08-28,LONG,2024-08-28T12:30:00,946.90,943.71,951.68,316,3.19,2024-08-28T14:20:00,949.80,TIME_STOP,916.40,466.88
vwap,JSWSTEEL,2024-08-29,SHORT,2024-08-29T11:00:00,942.35,945.33,937.88,318,2.98,2024-08-29T12:10:00,937.88,TARGET,1422.62,974.18
vwap,JSWSTEEL,2024-09-02,SHORT,2024-09-02T13:30:00,941.40,944.01,937.48,318,2.61,2024-09-02T14:00:00,937.48,TARGET,1245.70,797.58
vwap,JSWSTEEL,2024-09-04,LONG,2024-09-04T13:40:00,928.05,924.95,932.70,323,3.10,2024-09-04T15:00:00,932.70,TARGET,1503.56,1052.79
vwap,JSWSTEEL,2024-09-05,SHORT,2024-09-05T12:50:00,932.95,935.58,929.00,321,2.63,2024-09-05T13:00:00,929.00,TARGET,1268.21,819.95
vwap,JSWSTEEL,2024-09-06,LONG,2024-09-06T12:10:00,930.70,927.16,936.01,322,3.54,2024-09-06T12:30:00,936.01,TARGET,1710.97,1260.16
vwap,JSWSTEEL,2024-09-09,SHORT,2024-09-09T10:40:00,926.35,930.54,920.06,323,4.19,2024-09-09T10:40:00,930.54,STOP,-1354.65,-1804.49
vwap,JSWSTEEL,2024-09-11,LONG,2024-09-11T12:20:00,938.85,936.08,943.00,319,2.77,2024-09-11T12:50:00,936.08,STOP,-882.26,-1330.84
vwap,JSWSTEEL,2024-09-12,SHORT,2024-09-12T10:50:00,930.20,934.38,923.94,322,4.18,2024-09-12T11:10:00,934.38,STOP,-1344.77,-1795.07
vwap,JSWSTEEL,2024-09-17,SHORT,2024-09-17T10:20:00,963.40,966.57,958.65,311,3.17,2024-09-17T10:50:00,966.57,STOP,-985.54,-1435.71
vwap,JSWSTEEL,2024-09-18,LONG,2024-09-18T10:20:00,967.90,965.22,971.92,309,2.68,2024-09-18T10:30:00,965.22,STOP,-828.99,-1276.99
vwap,JSWSTEEL,2024-09-26,LONG,2024-09-26T10:10:00,982.90,979.87,987.45,305,3.03,2024-09-26T10:10:00,987.45,TARGET,1386.38,935.66
vwap,JSWSTEEL,2024-09-27,SHORT,2024-09-27T13:10:00,1001.45,1004.81,996.41,299,3.36,2024-09-27T13:30:00,1004.81,STOP,-1003.82,-1453.72
vwap,JSWSTEEL,2024-10-04,LONG,2024-10-04T10:20:00,1043.30,1037.64,1051.79,287,5.66,2024-10-04T11:10:00,1051.79,TARGET,2436.95,1985.98
vwap,JSWSTEEL,2024-10-10,SHORT,2024-10-10T11:50:00,998.10,1001.47,993.04,300,3.37,2024-10-10T13:00:00,1001.47,STOP,-1012.24,-1462.15
vwap,JSWSTEEL,2024-10-11,SHORT,2024-10-11T13:50:00,1009.05,1011.71,1005.06,297,2.66,2024-10-11T14:40:00,1011.71,STOP,-789.75,-1239.87
vwap,JSWSTEEL,2024-10-14,SHORT,2024-10-14T13:10:00,1012.95,1016.37,1007.82,296,3.42,2024-10-14T15:00:00,1012.15,TIME_STOP,236.80,-212.77
vwap,JSWSTEEL,2024-10-18,LONG,2024-10-18T11:50:00,992.20,988.31,998.03,302,3.89,2024-10-18T12:30:00,998.03,TARGET,1760.85,1310.06
vwap,JSWSTEEL,2024-10-21,SHORT,2024-10-21T10:00:00,986.85,991.07,980.53,303,4.22,2024-10-21T10:10:00,991.07,STOP,-1277.29,-1726.78
vwap,JSWSTEEL,2024-10-24,LONG,2024-10-24T13:20:00,960.25,957.40,964.52,312,2.85,2024-10-24T14:00:00,957.40,STOP,-887.95,-1336.68
vwap,JSWSTEEL,2024-10-28,LONG,2024-10-28T10:50:00,967.25,960.65,977.15,310,6.60,2024-10-28T12:40:00,968.65,TIME_STOP,434.00,-16.10
vwap,JSWSTEEL,2024-10-31,LONG,2024-10-31T11:10:00,963.75,960.67,968.38,311,3.08,2024-10-31T11:40:00,960.67,STOP,-959.32,-1408.19
vwap,JSWSTEEL,2024-11-04,SHORT,2024-11-04T10:10:00,957.10,961.03,951.21,313,3.93,2024-11-04T10:30:00,951.21,TARGET,1843.86,1395.89
vwap,JSWSTEEL,2024-11-07,SHORT,2024-11-07T11:20:00,998.20,1002.86,991.20,300,4.66,2024-11-07T12:00:00,991.20,TARGET,2098.52,1650.90
vwap,JSWSTEEL,2024-11-11,SHORT,2024-11-11T10:30:00,986.90,991.87,979.45,303,4.97,2024-11-11T10:30:00,991.87,STOP,-1504.58,-1954.26
vwap,JSWSTEEL,2024-11-14,LONG,2024-11-14T10:10:00,947.15,942.32,954.39,316,4.83,2024-11-14T10:50:00,942.32,STOP,-1524.79,-1972.60
vwap,JSWSTEEL,2024-11-21,LONG,2024-11-21T13:10:00,949.45,945.91,954.76,315,3.54,2024-11-21T13:20:00,945.91,STOP,-1115.52,-1563.30
vwap,JSWSTEEL,2024-11-25,SHORT,2024-11-25T10:20:00,955.10,961.04,946.19,314,5.94,2024-11-25T11:10:00,961.04,STOP,-1865.45,-2316.71
vwap,JSWSTEEL,2024-11-28,SHORT,2024-11-28T11:40:00,962.70,965.96,957.81,311,3.26,2024-11-28T12:00:00,965.96,STOP,-1013.03,-1462.89
vwap,JSWSTEEL,2024-11-29,LONG,2024-11-29T10:50:00,963.70,959.49,970.01,311,4.21,2024-11-29T11:30:00,970.01,TARGET,1961.97,1510.93
vwap,JSWSTEEL,2024-12-05,LONG,2024-12-05T12:50:00,992.55,988.82,998.15,302,3.73,2024-12-05T13:30:00,998.15,TARGET,1690.65,1239.76
vwap,JSWSTEEL,2024-12-09,SHORT,2024-12-09T10:10:00,999.20,1002.82,993.77,300,3.62,2024-12-09T12:00:00,997.05,TIME_STOP,645.00,195.84
vwap,JSWSTEEL,2024-12-10,SHORT,2024-12-10T13:00:00,1011.10,1014.29,1006.31,296,3.19,2024-12-10T14:50:00,1011.35,TIME_STOP,-74.00,-522.98
vwap,JSWSTEEL,2024-12-11,SHORT,2024-12-11T11:40:00,1010.50,1013.82,1005.52,296,3.32,2024-12-11T11:50:00,1013.82,STOP,-983.66,-1433.06
vwap,JSWSTEEL,2024-12-13,LONG,2024-12-13T13:40:00,994.80,990.58,1001.13,301,4.22,2024-12-13T15:00:00,1001.13,TARGET,1906.50,1455.92
vwap,JSWSTEEL,2024-12-16,SHORT,2024-12-16T10:00:00,989.15,993.81,982.16,303,4.66,2024-12-16T11:50:00,987.10,TIME_STOP,621.15,172.05
vwap,JSWSTEEL,2024-12-23,LONG,2024-12-23T10:00:00,937.20,932.50,944.25,320,4.70,2024-12-23T10:40:00,944.25,TARGET,2256.21,1804.66
vwap,JSWSTEEL,2024-12-27,LONG,2024-12-27T10:20:00,923.80,921.19,927.72,324,2.61,2024-12-27T10:50:00,921.19,STOP,-845.95,-1294.28
vwap,JSWSTEEL,2024-12-31,LONG,2024-12-31T14:00:00,903.20,900.93,906.61,332,2.27,2024-12-31T14:30:00,900.93,STOP,-754.70,-1203.93
vwap,JSWSTEEL,2025-01-01,LONG,2025-01-01T11:10:00,908.00,904.68,912.98,330,3.32,2025-01-01T11:30:00,904.68,STOP,-1095.63,-1544.27
vwap,JSWSTEEL,2025-01-02,SHORT,2025-01-02T10:20:00,902.60,905.46,898.30,332,2.86,2025-01-02T11:00:00,905.46,STOP,-950.96,-1401.17
vwap,JSWSTEEL,2025-01-09,SHORT,2025-01-09T10:10:00,900.20,903.57,895.15,333,3.37,2025-01-09T11:00:00,895.15,TARGET,1681.44,1233.06
vwap,JSWSTEEL,2025-01-10,LONG,2025-01-10T11:40:00,897.65,894.01,903.12,334,3.64,2025-01-10T13:30:00,903.12,TARGET,1825.50,1374.41
vwap,JSWSTEEL,2025-01-15,SHORT,2025-01-15T13:30:00,905.10,907.61,901.34,331,2.51,2025-01-15T13:50:00,907.61,STOP,-829.53,-1279.53
vwap,JSWSTEEL,2025-01-16,SHORT,2025-01-16T10:50:00,903.10,905.98,898.78,332,2.88,2025-01-16T11:30:00,905.98,STOP,-956.17,-1406.63
vwap,JSWSTEEL,2025-01-20,LONG,2025-01-20T10:50:00,913.00,910.17,917.24,328,2.83,2025-01-20T11:00:00,917.24,TARGET,1390.10,939.86
vwap,JSWSTEEL,2025-01-22,SHORT,2025-01-22T12:00:00,918.60,921.73,913.90,326,3.13,2025-01-22T12:00:00,913.90,TARGET,1532.60,1084.55
vwap,JSWSTEEL,2025-01-24,SHORT,2025-01-24T14:10:00,936.50,940.45,930.57,320,3.95,2025-01-24T14:20:00,930.57,TARGET,1897.63,1449.54
vwap,JSWSTEEL,2025-01-28,LONG,2025-01-28T12:20:00,916.75,913.39,921.79,327,3.36,2025-01-28T12:40:00,913.39,STOP,-1099.01,-1547.85
vwap,JSWSTEEL,2025-01-31,SHORT,2025-01-31T14:10:00,945.90,949.11,941.09,317,3.21,2025-01-31T14:10:00,941.09,TARGET,1525.70,1077.07
vwap,JSWSTEEL,2025-02-01,LONG,2025-02-01T10:50:00,951.40,947.78,956.83,315,3.62,2025-02-01T10:50:00,947.78,STOP,-1139.59,-1588.27
vwap,JSWSTEEL,2025-02-11,SHORT,2025-02-11T13:10:00,956.40,959.90,951.15,313,3.50,2025-02-11T14:00:00,951.15,TARGET,1644.74,1196.94
vwap,JSWSTEEL,2025-02-12,LONG,2025-02-12T12:20:00,958.65,953.69,966.09,312,4.96,2025-02-12T13:50:00,953.69,STOP,-1546.77,-1994.26
vwap,JSWSTEEL,2025-02-19,SHORT,2025-02-19T12:50:00,974.00,976.73,969.91,308,2.73,2025-02-19T13:40:00,976.73,STOP,-839.34,-1289.96
vwap,JSWSTEEL,2025-02-21,SHORT,2025-02-21T10:20:00,977.40,980.58,972.63,306,3.18,2025-02-21T10:30:00,980.58,STOP,-973.19,-1422.55
vwap,JSWSTEEL,2025-02-25,SHORT,2025-02-25T10:40:00,966.55,970.12,961.19,310,3.57,2025-02-25T10:40:00,967.35,REVERSE,-248.00,-697.63
vwap,JSWSTEEL,2025-02-27,SHORT,2025-02-27T12:50:00,962.50,965.33,958.25,311,2.83,2025-02-27T12:50:00,965.33,STOP,-880.75,-1330.42
vwap,JSWSTEEL,2025-03-04,SHORT,2025-03-04T13:00:00,969.45,972.30,965.17,309,2.85,2025-03-04T13:10:00,972.30,STOP,-881.94,-1331.94
vwap,JSWSTEEL,2025-03-07,SHORT,2025-03-07T13:00:00,1010.30,1013.15,1006.02,296,2.85,2025-03-07T14:30:00,1013.15,STOP,-844.44,-1293.65
vwap,JSWSTEEL,2025-03-11,LONG,2025-03-11T10:40:00,1013.15,1009.56,1018.53,296,3.59,2025-03-11T12:30:00,1014.95,TIME_STOP,532.80,82.56
vwap,JSWSTEEL,2025-03-12,SHORT,2025-03-12T10:00:00,1009.05,1012.22,1004.30,297,3.17,2025-03-12T10:50:00,1004.30,TARGET,1410.94,962.47
vwap,JSWSTEEL,2025-03-13,SHORT,2025-03-13T11:50:00,1004.40,1007.45,999.83,298,3.05,2025-03-13T13:40:00,1004.65,TIME_STOP,-74.50,-523.52
vwap,JSWSTEEL,2025-03-17,SHORT,2025-03-17T11:00:00,1003.45,1006.26,999.24,298,2.81,2025-03-17T11:40:00,1006.26,STOP,-836.89,-1286.06
vwap,JSWSTEEL,2025-03-24,SHORT,2025-03-24T12:20:00,1059.80,1063.41,1054.39,283,3.61,2025-03-24T13:20:00,1063.41,STOP,-1021.32,-1471.97
vwap,JSWSTEEL,2025-03-25,LONG,2025-03-25T10:00:00,1065.90,1062.02,1071.73,281,3.88,2025-03-25T10:40:00,1062.02,STOP,-1091.25,-1539.71
vwap,JSWSTEEL,2025-03-27,LONG,2025-03-27T13:00:00,1065.60,1062.56,1070.16,281,3.04,2025-03-27T13:30:00,1062.56,STOP,-853.75,-1302.26
vwap,JSWSTEEL,2025-03-28,LONG,2025-03-28T11:20:00,1062.60,1059.60,1067.10,282,3.00,2025-03-28T12:10:00,1067.10,TARGET,1268.91,818.48
vwap,JSWSTEEL,2025-04-01,SHORT,2025-04-01T11:30:00,1060.70,1064.21,1055.44,282,3.51,2025-04-01T13:20:00,1059.90,TIME_STOP,225.60,-222.91
vwap,JSWSTEEL,2025-04-16,SHORT,2025-04-16T10:40:00,995.30,998.51,990.48,301,3.21,2025-04-16T12:20:00,998.51,STOP,-967.48,-1417.59
vwap,JSWSTEEL,2025-04-17,LONG,2025-04-17T12:20:00,1001.50,997.22,1007.92,299,4.28,2025-04-17T14:10:00,1003.00,TIME_STOP,448.50,-1.01
vwap,JSWSTEEL,2025-04-23,SHORT,2025-04-23T10:00:00,1041.40,1045.45,1035.33,288,4.05,2025-04-23T10:10:00,1035.33,TARGET,1749.58,1301.01
vwap,JSWSTEEL,2025-04-24,LONG,2025-04-24T12:40:00,1039.50,1036.59,1043.86,288,2.91,2025-04-24T14:00:00,1043.86,TARGET,1255.67,805.67
vwap,JSWSTEEL,2025-04-25,SHORT,2025-04-25T10:20:00,1030.60,1035.25,1023.63,291,4.65,2025-04-25T10:50:00,1023.63,TARGET,2029.51,1581.18
vwap,JSWSTEEL,2025-04-28,LONG,2025-04-28T10:00:00,1036.80,1032.04,1043.94,289,4.76,2025-04-28T10:10:00,1043.94,TARGET,2064.87,1613.87
vwap,JSWSTEEL,2025-04-29,SHORT,2025-04-29T12:10:00,1045.50,1049.70,1039.19,286,4.20,2025-04-29T12:20:00,1039.19,TARGET,1803.40,1356.23
vwap,JSWSTEEL,2025-05-09,LONG,2025-05-09T12:20:00,958.30,954.03,964.70,313,4.27,2025-05-09T12:20:00,954.03,STOP,-1336.26,-1785.18
vwap,JSWSTEEL,2025-05-14,SHORT,2025-05-14T12:10:00,995.70,999.03,990.70,301,3.33,2025-05-14T12:50:00,990.70,TARGET,1505.01,1056.58
vwap,JSWSTEEL,2025-05-16,SHORT,2025-05-16T12:00:00,1025.70,1029.29,1020.32,292,3.59,2025-05-16T13:50:00,1023.40,TIME_STOP,671.60,222.85
vwap,JSWSTEEL,2025-05-19,LONG,2025-05-19T10:00:00,1026.70,1023.34,1031.73,292,3.36,2025-05-19T10:30:00,1023.34,STOP,-980.05,-1429.01
vwap,JSWSTEEL,2025-05-20,SHORT,2025-05-20T13:00:00,1020.90,1023.90,1016.41,293,3.00,2025-05-20T14:20:00,1016.41,TARGET,1316.69,869.00
vwap,JSWSTEEL,2025-05-26,SHORT,2025-05-26T10:00:00,1006.40,1010.87,999.69,298,4.47,2025-05-26T10:00:00,1010.87,STOP,-1332.25,-1783.11
vwap,JSWSTEEL,2025-05-27,SHORT,2025-05-27T13:00:00,1019.90,1023.24,1014.90,294,3.34,2025-05-27T14:00:00,1014.90,TARGET,1471.04,1022.36
vwap,JSWSTEEL,2025-06-03,LONG,2025-06-03T11:40:00,980.00,976.64,985.05,306,3.36,2025-06-03T11:40:00,976.64,STOP,-1029.68,-1478.72
vwap,JSWSTEEL,2025-06-04,LONG,2025-06-04T10:50:00,978.00,974.64,983.05,306,3.36,2025-06-04T10:50:00,974.64,STOP,-1029.26,-1477.39
vwap,JSWSTEEL,2025-06-05,SHORT,2025-06-05T11:20:00,967.15,970.20,962.58,310,3.05,2025-06-05T12:00:00,970.20,STOP,-944.65,-1395.09
vwap,JSWSTEEL,2025-06-10,SHORT,2025-06-10T12:10:00,1006.30,1009.39,1001.66,298,3.09,2025-06-10T12:20:00,1001.66,TARGET,1383.06,934.28
vwap,JSWSTEEL,2025-06-11,SHORT,2025-06-11T13:50:00,1008.50,1010.42,1005.62,297,1.92,2025-06-11T15:20:00,1006.50,EOD,594.00,145.16
vwap,JSWSTEEL,2025-06-16,LONG,2025-06-16T10:40:00,993.45,989.93,998.73,301,3.52,2025-06-16T11:30:00,998.73,TARGET,1590.10,1140.37
vwap,JSWSTEEL,2025-06-17,SHORT,2025-06-17T13:10:00,998.95,1001.25,995.50,300,2.30,2025-06-17T14:00:00,1001.25,STOP,-690.76,-1140.81
vwap,JSWSTEEL,2025-06-19,LONG,2025-06-19T10:10:00,992.00,989.22,996.18,302,2.78,2025-06-19T12:00:00,992.70,TIME_STOP,211.40,-238.13
vwap,JSWSTEEL,2025-06-23,LONG,2025-06-23T13:00:00,1000.25,997.07,1005.01,299,3.18,2025-06-23T14:50:00,999.30,TIME_STOP,-284.05,-732.45
vwap,JSWSTEEL,2025-06-25,LONG,2025-06-25T10:10:00,1015.00,1011.55,1020.17,295,3.45,2025-06-25T12:00:00,1015.80,TIME_STOP,236.00,-213.31
vwap,JSWSTEEL,2025-06-26,SHORT,2025-06-26T11:40:00,1020.00,1023.87,1014.20,294,3.87,2025-06-26T12:50:00,1023.87,STOP,-1137.74,-1588.42
vwap,JSWSTEEL,2025-06-27,SHORT,2025-06-27T12:00:00,1026.00,1029.07,1021.39,292,3.07,2025-06-27T12:20:00,1029.07,STOP,-896.75,-1346.81
vwap,JSWSTEEL,2025-07-01,LONG,2025-07-01T12:50:00,1027.40,1024.36,1031.96,291,3.04,2025-07-01T14:40:00,1028.00,TIME_STOP,174.60,-273.99
vwap,JSWSTEEL,2025-07-03,SHORT,2025-07-03T13:10:00,1053.30,1055.93,1049.36,284,2.63,2025-07-03T13:50:00,1049.36,TARGET,1119.79,671.92
vwap,JSWSTEEL,2025-07-07,SHORT,2025-07-07T13:20:00,1039.60,1041.79,1036.31,288,2.19,2025-07-07T13:30:00,1041.79,STOP,-631.17,-1080.75
vwap,JSWSTEEL,2025-07-09,LONG,2025-07-09T11:00:00,1044.20,1040.93,1049.10,287,3.27,2025-07-09T12:00:00,1040.93,STOP,-937.41,-1386.24
vwap,JSWSTEEL,2025-07-10,SHORT,2025-07-10T10:30:00,1038.00,1041.08,1033.38,289,3.08,2025-07-10T11:30:00,1041.08,STOP,-890.18,-1340.82
vwap,JSWSTEEL,2025-07-11,SHORT,2025-07-11T11:30:00,1040.20,1043.36,1035.47,288,3.16,2025-07-11T11:50:00,1043.36,STOP,-909.05,-1359.10
vwap,JSWSTEEL,2025-07-14,LONG,2025-07-14T10:10:00,1041.70,1039.23,1045.41,287,2.47,2025-07-14T11:20:00,1039.23,STOP,-709.06,-1156.98
vwap,JSWSTEEL,2025-07-15,LONG,2025-07-15T11:50:00,1038.80,1035.80,1043.30,288,3.00,2025-07-15T13:10:00,1035.80,STOP,-863.43,-1311.54
vwap,JSWSTEEL,2025-07-17,LONG,2025-07-17T13:30:00,1033.70,1030.52,1038.47,290,3.18,2025-07-17T13:30:00,1038.47,TARGET,1383.97,933.27
vwap,JSWSTEEL,2025-07-18,SHORT,2025-07-18T11:00:00,1032.60,1036.16,1027.26,290,3.56,2025-07-18T12:20:00,1027.26,TARGET,1547.80,1099.78
vwap,JSWSTEEL,2025-07-21,LONG,2025-07-21T13:50:00,1033.60,1030.38,1038.44,290,3.22,2025-07-21T15:20:00,1036.10,EOD,725.00,274.84
vwap,JSWSTEEL,2025-07-22,SHORT,2025-07-22T13:50:00,1033.00,1035.06,1029.91,290,2.06,2025-07-22T15:00:00,1029.91,TARGET,895.03,446.35
vwap,JSWSTEEL,2025-07-25,SHORT,2025-07-25T10:30:00,1026.40,1029.33,1022.01,292,2.93,2025-07-25T11:20:00,1022.01,TARGET,1281.42,832.82
vwap,JSWSTEEL,2025-07-28,SHORT,2025-07-28T11:00:00,1021.90,1025.24,1016.90,293,3.34,2025-07-28T12:40:00,1025.24,STOP,-977.23,-1427.09
vwap,JSWSTEEL,2025-07-30,SHORT,2025-07-30T10:40:00,1035.10,1039.12,1029.07,289,4.02,2025-07-30T10:50:00,1039.12,STOP,-1161.41,-1611.00
vwap,JSWSTEEL,2025-08-04,LONG,2025-08-04T12:50:00,1053.80,1048.82,1061.28,284,4.98,2025-08-04T13:30:00,1048.82,STOP,-1415.32,-1863.18
vwap,JSWSTEEL,2025-08-05,SHORT,2025-08-05T12:10:00,1050.40,1053.32,1046.01,285,2.92,2025-08-05T12:10:00,1053.32,STOP,-833.55,-1283.23
vwap,JSWSTEEL,2025-08-06,SHORT,2025-08-06T11:00:00,1047.40,1050.81,1042.29,286,3.41,2025-08-06T12:00:00,1050.81,STOP,-974.59,-1424.65
vwap,JSWSTEEL,2025-08-07,LONG,2025-08-07T12:20:00,1053.20,1050.38,1057.43,284,2.82,2025-08-07T13:00:00,1057.43,TARGET,1200.97,751.41
vwap,JSWSTEEL,2025-08-08,SHORT,2025-08-08T11:50:00,1054.20,1057.78,1048.83,284,3.58,2025-08-08T12:20:00,1048.83,TARGET,1525.03,1077.09
vwap,JSWSTEEL,2025-08-11,SHORT,2025-08-11T10:30:00,1050.50,1054.67,1044.25,285,4.17,2025-08-11T10:30:00,1050.80,REVERSE,-85.50,-534.65
vwap,JSWSTEEL,2025-08-12,SHORT,2025-08-12T10:30:00,1054.60,1057.95,1049.57,284,3.35,2025-08-12T12:00:00,1057.20,REVERSE,-738.40,-1188.21
vwap,JSWSTEEL,2025-08-13,LONG,2025-08-13T10:00:00,1057.60,1054.87,1061.70,283,2.73,2025-08-13T10:10:00,1054.87,STOP,-772.92,-1221.29
vwap,JSWSTEEL,2025-08-19,SHORT,2025-08-19T13:00:00,1071.90,1074.71,1067.69,279,2.81,2025-08-19T14:30:00,1074.71,STOP,-783.51,-1232.68
vwap,JSWSTEEL,2025-08-20,LONG,2025-08-20T10:30:00,1075.30,1072.53,1079.46,278,2.77,2025-08-20T10:40:00,1079.46,TARGET,1156.59,707.32
vwap,JSWSTEEL,2025-08-21,SHORT,2025-08-21T11:30:00,1081.40,1083.84,1077.74,277,2.44,2025-08-21T11:30:00,1083.84,STOP,-675.54,-1125.37
vwap,JSWSTEEL,2025-08-28,LONG,2025-08-28T11:50:00,1054.10,1050.94,1058.83,284,3.16,2025-08-28T12:00:00,1050.94,STOP,-896.38,-1344.75
vwap,JSWSTEEL,2025-09-01,LONG,2025-09-01T10:00:00,1032.90,1029.84,1037.49,290,3.06,2025-09-01T10:20:00,1029.84,STOP,-886.69,-1335.33
vwap,JSWSTEEL,2025-09-05,LONG,2025-09-05T14:00:00,1071.90,1069.67,1075.24,279,2.23,2025-09-05T15:20:00,1073.60,EOD,474.30,25.35
vwap,JSWSTEEL,2025-09-09,SHORT,2025-09-09T10:30:00,1098.30,1101.60,1093.35,273,3.30,2025-09-09T11:10:00,1101.60,STOP,-901.26,-1351.69
vwap,JSWSTEEL,2025-09-12,LONG,2025-09-12T14:10:00,1101.30,1099.17,1104.50,272,2.13,2025-09-12T14:20:00,1099.17,STOP,-580.31,-1029.20
vwap,JSWSTEEL,2025-09-15,LONG,2025-09-15T11:00:00,1100.00,1097.28,1104.08,272,2.72,2025-09-15T12:50:00,1101.40,TIME_STOP,380.80,-68.29
vwap,JSWSTEEL,2025-09-17,SHORT,2025-09-17T12:30:00,1112.50,1114.74,1109.15,269,2.24,2025-09-17T13:10:00,1114.74,STOP,-601.57,-1050.91
vwap,JSWSTEEL,2025-09-22,SHORT,2025-09-22T11:20:00,1119.70,1122.23,1115.91,267,2.53,2025-09-22T11:40:00,1122.23,STOP,-675.33,-1124.28
vwap,JSWSTEEL,2025-09-23,LONG,2025-09-23T10:20:00,1123.10,1119.62,1128.32,267,3.48,2025-09-23T11:20:00,1119.62,STOP,-928.75,-1377.86
vwap,JSWSTEEL,2025-09-25,SHORT,2025-09-25T11:40:00,1146.40,1149.86,1141.22,261,3.46,2025-09-25T13:00:00,1149.86,STOP,-902.13,-1351.63
vwap,JSWSTEEL,2025-09-30,LONG,2025-09-30T10:20:00,1139.90,1136.03,1145.71,263,3.87,2025-09-30T11:40:00,1145.71,TARGET,1527.11,1076.28
vwap,JSWSTEEL,2025-10-01,SHORT,2025-10-01T10:30:00,1138.50,1142.11,1133.08,263,3.61,2025-10-01T10:50:00,1133.08,TARGET,1424.63,976.56
vwap,JSWSTEEL,2025-10-06,LONG,2025-10-06T13:50:00,1158.50,1155.53,1162.96,258,2.97,2025-10-06T13:50:00,1155.53,STOP,-766.39,-1214.16
vwap,JSWSTEEL,2025-10-10,LONG,2025-10-10T14:00:00,1167.10,1164.02,1171.72,257,3.08,2025-10-10T15:20:00,1168.30,EOD,308.40,-141.75
vwap,JSWSTEEL,2025-10-14,SHORT,2025-10-14T11:10:00,1155.80,1158.71,1151.44,259,2.91,2025-10-14T11:20:00,1151.44,TARGET,1129.41,681.23
vwap,JSWSTEEL,2025-10-17,SHORT,2025-10-17T12:50:00,1167.20,1169.78,1163.33,257,2.58,2025-10-17T12:50:00,1169.78,STOP,-663.38,-1113.83
vwap,JSWSTEEL,2025-10-30,SHORT,2025-10-30T12:00:00,1202.50,1206.12,1197.07,249,3.62,2025-10-30T12:10:00,1206.12,STOP,-901.23,-1351.04
vwap,JSWSTEEL,2025-11-07,LONG,2025-11-07T12:10:00,1164.90,1161.38,1170.18,257,3.52,2025-11-07T12:20:00,1162.00,REVERSE,-745.30,-1193.81
vwap,JSWSTEEL,2025-11-11,SHORT,2025-11-11T10:00:00,1174.60,1178.23,1169.15,255,3.63,2025-11-11T10:40:00,1169.15,TARGET,1390.26,942.01
vwap,JSWSTEEL,2025-11-12,SHORT,2025-11-12T11:10:00,1182.90,1186.84,1176.98,253,3.94,2025-11-12T13:00:00,1186.84,STOP,-998.04,-1447.70
vwap,JSWSTEEL,2025-11-17,SHORT,2025-11-17T12:10:00,1168.50,1171.57,1163.90,256,3.07,2025-11-17T12:50:00,1171.57,STOP,-785.76,-1235.05
vwap,JSWSTEEL,2025-11-18,LONG,2025-11-18T13:50:00,1167.20,1164.69,1170.97,257,2.51,2025-11-18T14:30:00,1164.69,STOP,-646.13,-1095.60
vwap,JSWSTEEL,2025-11-19,LONG,2025-11-19T12:40:00,1170.00,1166.98,1174.53,256,3.02,2025-11-19T13:40:00,1166.98,STOP,-773.29,-1221.99
vwap,JSWSTEEL,2025-11-20,SHORT,2025-11-20T10:10:00,1163.30,1166.63,1158.31,257,3.33,2025-11-20T10:10:00,1166.63,STOP,-854.63,-1303.72
vwap,JSWSTEEL,2025-11-25,LONG,2025-11-25T12:20:00,1119.60,1116.20,1124.70,267,3.40,2025-11-25T13:20:00,1116.60,REVERSE,-801.00,-1248.80
vwap,JSWSTEEL,2025-11-27,SHORT,2025-11-27T11:20:00,1147.80,1151.19,1142.72,261,3.39,2025-11-27T12:30:00,1142.72,TARGET,1325.74,877.37
vwap,JSWSTEEL,2025-12-01,SHORT,2025-12-01T11:30:00,1161.00,1165.31,1154.53,258,4.31,2025-12-01T13:20:00,1160.90,TIME_STOP,25.80,-423.49
vwap,JSWSTEEL,2025-12-02,SHORT,2025-12-02T10:20:00,1163.50,1167.24,1157.90,257,3.74,2025-12-02T10:20:00,1165.10,REVERSE,-411.20,-860.04
vwap,JSWSTEEL,2025-12-03,LONG,2025-12-03T13:20:00,1162.40,1158.84,1167.73,258,3.56,2025-12-03T13:30:00,1167.73,TARGET,1375.93,925.05
vwap,JSWSTEEL,2025-12-04,SHORT,2025-12-04T11:40:00,1147.60,1154.18,1137.73,261,6.58,2025-12-04T13:30:00,1147.90,TIME_STOP,-78.30,-527.64
vwap,JSWSTEEL,2025-12-05,LONG,2025-12-05T11:50:00,1156.30,1152.66,1161.77,259,3.64,2025-12-05T12:40:00,1161.77,TARGET,1415.62,965.33
vwap,JSWSTEEL,2025-12-08,SHORT,2025-12-08T10:20:00,1144.00,1148.17,1137.74,262,4.17,2025-12-08T10:30:00,1148.17,STOP,-1093.77,-1544.18
vwap,JSWSTEEL,2025-12-11,LONG,2025-12-11T10:40:00,1107.80,1103.66,1114.01,270,4.14,2025-12-11T12:00:00,1103.66,STOP,-1116.96,-1564.78
vwap,JSWSTEEL,2025-12-18,LONG,2025-12-18T11:20:00,1087.00,1083.26,1092.61,275,3.74,2025-12-18T13:10:00,1088.30,TIME_STOP,357.50,-91.16
vwap,JSWSTEEL,2025-12-19,SHORT,2025-12-19T10:30:00,1083.40,1087.08,1077.89,276,3.68,2025-12-19T12:20:00,1079.40,TIME_STOP,1104.00,656.30
vwap,JSWSTEEL,2025-12-24,SHORT,2025-12-24T11:00:00,1091.20,1093.62,1087.57,274,2.42,2025-12-24T11:10:00,1093.62,STOP,-663.26,-1112.24
vwap,JSWSTEEL,2025-12-26,LONG,2025-12-26T12:20:00,1097.40,1094.07,1102.39,273,3.33,2025-12-26T12:30:00,1094.07,STOP,-909.06,-1357.76
vwap,JSWSTEEL,2025-12-29,SHORT,2025-12-29T13:20:00,1094.80,1098.50,1089.25,274,3.70,2025-12-29T15:10:00,1093.20,TIME_STOP,438.40,-11.23
vwap,JSWSTEEL,2025-12-30,LONG,2025-12-30T10:30:00,1100.00,1096.94,1104.60,272,3.06,2025-12-30T11:00:00,1096.94,STOP,-833.34,-1281.52
vwap,JSWSTEEL,2026-01-06,SHORT,2026-01-06T12:20:00,1185.80,1188.72,1181.41,252,2.92,2026-01-06T14:00:00,1181.41,TARGET,1105.07,657.66
vwap,JSWSTEEL,2026-01-07,LONG,2026-01-07T11:10:00,1184.20,1180.52,1189.73,253,3.68,2026-01-07T11:20:00,1180.52,STOP,-932.27,-1380.97
vwap,JSWSTEEL,2026-01-12,LONG,2026-01-12T12:40:00,1170.90,1166.44,1177.59,256,4.46,2026-01-12T13:40:00,1177.59,TARGET,1713.78,1262.87
vwap,JSWSTEEL,2026-01-13,SHORT,2026-01-13T12:40:00,1177.00,1180.89,1171.16,254,3.89,2026-01-13T12:50:00,1180.89,STOP,-988.80,-1437.98
vwap,JSWSTEEL,2026-01-14,SHORT,2026-01-14T14:00:00,1184.10,1187.80,1178.55,253,3.70,2026-01-14T15:20:00,1181.80,EOD,581.90,132.97
vwap,JSWSTEEL,2026-01-19,SHORT,2026-01-19T12:10:00,1184.50,1188.14,1179.04,253,3.64,2026-01-19T12:40:00,1179.04,TARGET,1380.26,931.78
vwap,JSWSTEEL,2026-01-21,LONG,2026-01-21T12:20:00,1174.00,1169.87,1180.19,255,4.13,2026-01-21T13:20:00,1169.87,STOP,-1052.61,-1500.88
vwap,JSWSTEEL,2026-01-22,SHORT,2026-01-22T14:10:00,1178.40,1182.04,1172.94,254,3.64,2026-01-22T14:30:00,1182.04,STOP,-924.25,-1373.92
vwap,JSWSTEEL,2026-01-23,SHORT,2026-01-23T11:30:00,1177.70,1181.65,1171.77,254,3.95,2026-01-23T11:40:00,1171.77,TARGET,1506.36,1058.79
vwap,JSWSTEEL,2026-02-04,SHORT,2026-02-04T11:50:00,1230.10,1234.02,1224.23,243,3.92,2026-02-04T13:40:00,1226.20,TIME_STOP,947.70,500.04
vwap,JSWSTEEL,2026-02-05,LONG,2026-02-05T12:10:00,1229.50,1225.41,1235.64,244,4.09,2026-02-05T12:30:00,1225.41,STOP,-998.58,-1447.82
vwap,JSWSTEEL,2026-02-06,SHORT,2026-02-06T10:40:00,1225.60,1229.11,1220.33,244,3.51,2026-02-06T11:10:00,1229.11,STOP,-857.27,-1306.48
vwap,JSWSTEEL,2026-02-10,SHORT,2026-02-10T14:10:00,1243.50,1246.19,1239.47,241,2.69,2026-02-10T15:20:00,1243.30,EOD,48.20,-401.29
vwap,JSWSTEEL,2026-02-11,SHORT,2026-02-11T10:10:00,1239.10,1242.51,1233.99,242,3.41,2026-02-11T10:20:00,1242.51,STOP,-825.18,-1275.59
vwap,JSWSTEEL,2026-02-12,SHORT,2026-02-12T10:40:00,1245.20,1248.61,1240.08,240,3.41,2026-02-12T11:30:00,1248.61,STOP,-819.36,-1268.25
vwap,JSWSTEEL,2026-02-13,LONG,2026-02-13T13:10:00,1239.50,1236.17,1244.49,242,3.33,2026-02-13T13:50:00,1236.17,STOP,-805.38,-1254.72
vwap,JSWSTEEL,2026-02-16,LONG,2026-02-16T13:00:00,1240.80,1237.77,1245.34,241,3.03,2026-02-16T14:40:00,1245.34,TARGET,1093.84,644.47
vwap,JSWSTEEL,2026-02-20,LONG,2026-02-20T11:00:00,1240.50,1236.58,1246.38,241,3.92,2026-02-20T11:30:00,1246.38,TARGET,1417.13,967.63
vwap,JSWSTEEL,2026-02-23,LONG,2026-02-23T10:20:00,1244.50,1240.26,1250.86,241,4.24,2026-02-23T11:00:00,1240.26,STOP,-1021.77,-1470.89
vwap,JSWSTEEL,2026-02-27,SHORT,2026-02-27T10:10:00,1266.40,1270.45,1260.33,236,4.05,2026-02-27T12:00:00,1270.45,STOP,-955.50,-1404.52
vwap,JSWSTEEL,2026-03-10,LONG,2026-03-10T10:00:00,1201.60,1195.06,1211.41,249,6.54,2026-03-10T11:50:00,1206.40,TIME_STOP,1195.20,745.51
vwap,JSWSTEEL,2026-03-11,SHORT,2026-03-11T10:20:00,1195.30,1201.21,1186.43,250,5.91,2026-03-11T11:10:00,1201.21,STOP,-1478.15,-1927.50
vwap,JSWSTEEL,2026-03-12,LONG,2026-03-12T14:00:00,1177.50,1172.44,1185.08,254,5.06,2026-03-12T14:10:00,1172.44,STOP,-1284.01,-1731.67
vwap,HINDALCO,2024-03-18,LONG,2024-03-18T10:50:00,531.25,527.37,537.07,564,3.88,2024-03-18T11:00:00,529.15,REVERSE,-1184.40,-1632.95
vwap,HINDALCO,2024-03-19,SHORT,2024-03-19T11:00:00,530.75,533.26,526.99,565,2.51,2024-03-19T11:10:00,533.26,STOP,-1416.71,-1867.58
vwap,HINDALCO,2024-03-28,LONG,2024-03-28T13:20:00,561.65,559.99,564.14,534,1.66,2024-03-28T13:50:00,564.14,TARGET,1330.55,879.68
vwap,HINDALCO,2024-04-02,SHORT,2024-04-02T10:00:00,563.85,566.04,560.56,532,2.19,2024-04-02T10:20:00,566.04,STOP,-1167.68,-1618.51
vwap,HINDALCO,2024-04-04,SHORT,2024-04-04T11:30:00,575.80,578.45,571.83,521,2.65,2024-04-04T12:20:00,571.83,TARGET,2068.69,1620.25
vwap,HINDALCO,2024-04-12,SHORT,2024-04-12T12:30:00,597.20,599.31,594.03,502,2.11,2024-04-12T13:40:00,599.31,STOP,-1060.16,-1510.65
vwap,HINDALCO,2024-04-18,LONG,2024-04-18T10:20:00,616.25,613.40,620.52,486,2.85,2024-04-18T10:40:00,620.52,TARGET,2074.79,1623.99
vwap,HINDALCO,2024-04-19,LONG,2024-04-19T14:00:00,614.45,611.79,618.43,488,2.66,2024-04-19T14:40:00,611.79,STOP,-1296.10,-1744.90
vwap,HINDALCO,2024-04-29,SHORT,2024-04-29T10:20:00,641.70,644.61,637.33,467,2.91,2024-04-29T10:20:00,644.61,STOP,-1359.25,-1809.78
vwap,HINDALCO,2024-04-30,SHORT,2024-04-30T11:20:00,644.50,646.60,641.34,465,2.10,2024-04-30T12:20:00,646.60,STOP,-978.57,-1428.85
vwap,HINDALCO,2024-05-03,LONG,2024-05-03T10:10:00,648.15,645.16,652.63,462,2.99,2024-05-03T11:30:00,645.16,STOP,-1379.15,-1827.28
vwap,HINDALCO,2024-05-07,SHORT,2024-05-07T10:40:00,632.65,635.65,628.14,474,3.00,2024-05-07T11:00:00,628.14,TARGET,2136.23,1688.02
vwap,HINDALCO,2024-05-08,LONG,2024-05-08T10:10:00,625.35,622.15,630.15,479,3.20,2024-05-08T10:30:00,622.15,STOP,-1531.85,-1980.01
vwap,HINDALCO,2024-05-09,SHORT,2024-05-09T11:30:00,627.25,630.10,622.98,478,2.85,2024-05-09T11:40:00,630.10,STOP,-1360.49,-1811.25
vwap,HINDALCO,2024-05-13,LONG,2024-05-13T12:20:00,622.90,620.40,626.65,481,2.50,2024-05-13T13:40:00,626.65,TARGET,1805.57,1354.79
vwap,HINDALCO,2024-05-16,SHORT,2024-05-16T11:20:00,649.70,652.65,645.27,461,2.95,2024-05-16T12:50:00,652.65,STOP,-1361.47,-1811.75
vwap,HINDALCO,2024-05-22,SHORT,2024-05-22T10:40:00,682.35,686.05,676.80,439,3.70,2024-05-22T10:50:00,686.05,STOP,-1625.75,-2076.29
vwap,HINDALCO,2024-05-24,SHORT,2024-05-24T13:30:00,676.55,678.96,672.94,443,2.41,2024-05-24T13:50:00,678.96,STOP,-1065.86,-1516.23
vwap,HINDALCO,2024-05-27,SHORT,2024-05-27T12:00:00,678.75,682.19,673.59,441,3.44,2024-05-27T13:50:00,679.00,TIME_STOP,-110.25,-559.33
vwap,HINDALCO,2024-05-28,SHORT,2024-05-28T12:50:00,679.75,682.56,675.54,441,2.81,2024-05-28T13:00:00,682.56,STOP,-1239.18,-1689.76
vwap,HINDALCO,2024-05-30,SHORT,2024-05-30T14:10:00,703.05,705.41,699.50,426,2.36,2024-05-30T14:10:00,699.50,TARGET,1510.20,1062.08
vwap,HINDALCO,2024-05-31,LONG,2024-05-31T13:30:00,699.95,697.02,704.34,428,2.93,2024-05-31T14:30:00,697.02,STOP,-1252.14,-1700.57
vwap,HINDALCO,2024-06-05,LONG,2024-06-05T11:40:00,653.55,644.63,666.93,280,8.92,2024-06-05T13:10:00,666.93,TARGET,3747.19,3469.89
vwap,HINDALCO,2024-06-06,SHORT,2024-06-06T13:30:00,676.00,680.14,669.79,443,4.14,2024-06-06T13:30:00,680.14,STOP,-1834.33,-2284.90
vwap,HINDALCO,2024-06-07,SHORT,2024-06-07T12:20:00,678.60,681.37,674.45,442,2.77,2024-06-07T12:30:00,681.37,STOP,-1222.38,-1673.20
vwap,HINDALCO,2024-06-10,LONG,2024-06-10T10:30:00,682.95,679.75,687.76,439,3.20,2024-06-10T10:40:00,679.75,STOP,-1406.90,-1855.57
vwap,HINDALCO,2024-06-12,SHORT,2024-06-12T10:40:00,674.75,677.56,670.54,444,2.81,2024-06-12T11:00:00,677.56,STOP,-1246.30,-1696.62
vwap,HINDALCO,2024-06-18,SHORT,2024-06-18T10:30:00,681.05,683.09,677.99,440,2.04,2024-06-18T10:30:00,683.09,STOP,-896.96,-1347.12
vwap,HINDALCO,2024-06-20,LONG,2024-06-20T12:20:00,681.25,678.41,685.52,440,2.84,2024-06-20T14:00:00,678.41,STOP,-1251.71,-1700.39
vwap,HINDALCO,2024-06-24,LONG,2024-06-24T10:50:00,687.20,684.29,691.56,436,2.91,2024-06-24T11:40:00,684.29,STOP,-1267.57,-1716.05
vwap,HINDALCO,2024-06-25,SHORT,2024-06-25T12:50:00,683.80,685.99,680.52,438,2.19,2024-06-25T13:20:00,685.99,STOP,-959.16,-1409.14
vwap,HINDALCO,2024-07-01,SHORT,2024-07-01T13:40:00,692.20,693.57,690.15,433,1.37,2024-07-01T14:40:00,690.15,TARGET,888.76,439.84
vwap,HINDALCO,2024-07-02,LONG,2024-07-02T10:30:00,693.05,691.15,695.90,432,1.90,2024-07-02T10:50:00,695.90,TARGET,1231.61,781.59
vwap,HINDALCO,2024-07-03,SHORT,2024-07-03T10:10:00,693.45,695.73,690.02,432,2.28,2024-07-03T10:30:00,690.02,TARGET,1479.91,1031.66
vwap,HINDALCO,2024-07-08,SHORT,2024-07-08T11:50:00,693.75,696.48,689.65,432,2.73,2024-07-08T13:40:00,694.30,TIME_STOP,-237.60,-687.33
vwap,HINDALCO,2024-07-10,SHORT,2024-07-10T10:30:00,693.80,696.98,689.04,432,3.18,2024-07-10T10:40:00,689.04,TARGET,2057.63,1609.59
vwap,HINDALCO,2024-07-12,SHORT,2024-07-12T10:40:00,694.35,697.04,690.31,432,2.69,2024-07-12T11:30:00,690.31,TARGET,1744.70,1296.07
vwap,HINDALCO,2024-07-16,SHORT,2024-07-16T11:30:00,695.95,697.74,693.26,431,1.79,2024-07-16T11:40:00,697.74,STOP,-773.56,-1224.08
vwap,HINDALCO,2024-07-18,LONG,2024-07-18T13:00:00,692.80,690.50,696.25,433,2.30,2024-07-18T14:20:00,691.30,REVERSE,-649.50,-1098.99
vwap,HINDALCO,2024-07-22,LONG,2024-07-22T10:50:00,670.05,667.31,674.16,447,2.74,2024-07-22T12:40:00,667.31,STOP,-1223.36,-1671.71
vwap,HINDALCO,2024-07-23,SHORT,2024-07-23T10:00:00,665.50,668.25,661.38,450,2.75,2024-07-23T11:20:00,661.38,TARGET,1853.48,1405.66
vwap,HINDALCO,2024-07-24,LONG,2024-07-24T12:00:00,654.30,651.48,658.53,458,2.82,2024-07-24T12:30:00,651.48,STOP,-1291.34,-1739.87
vwap,HINDALCO,2024-07-30,LONG,2024-07-30T13:50:00,661.10,659.38,663.68,453,1.72,2024-07-30T14:10:00,663.68,TARGET,1167.89,717.79
vwap,HINDALCO,2024-08-01,SHORT,2024-08-01T12:50:00,671.45,673.67,668.12,446,2.22,2024-08-01T13:40:00,668.12,TARGET,1487.21,1039.13
vwap,HINDALCO,2024-08-07,LONG,2024-08-07T10:10:00,626.15,622.62,631.45,479,3.53,2024-08-07T11:20:00,622.62,STOP,-1691.22,-2139.84
vwap,HINDALCO,2024-08-08,SHORT,2024-08-08T10:20:00,619.95,623.24,615.02,483,3.29,2024-08-08T11:30:00,615.02,TARGET,2381.28,1933.91
vwap,HINDALCO,2024-08-09,SHORT,2024-08-09T13:20:00,616.05,617.90,613.27,486,1.85,2024-08-09T13:20:00,617.90,STOP,-899.65,-1349.43
vwap,HINDALCO,2024-08-13,SHORT,2024-08-13T10:50:00,626.25,628.91,622.27,479,2.66,2024-08-13T12:00:00,628.91,STOP,-1272.18,-1723.09
vwap,HINDALCO,2024-08-23,SHORT,2024-08-23T12:50:00,683.00,685.32,679.52,439,2.32,2024-08-23T13:00:00,679.52,TARGET,1526.44,1077.83
vwap,HINDALCO,2024-08-27,SHORT,2024-08-27T13:00:00,705.00,706.81,702.29,425,1.81,2024-08-27T13:40:00,706.81,STOP,-767.15,-1217.17
vwap,HINDALCO,2024-08-28,LONG,2024-08-28T11:40:00,707.35,705.45,710.20,424,1.90,2024-08-28T13:00:00,710.20,TARGET,1208.55,757.77
vwap,HINDALCO,2024-09-05,SHORT,2024-09-05T13:30:00,667.95,669.74,665.27,449,1.79,2024-09-05T13:50:00,669.74,STOP,-801.93,-1252.40
vwap,HINDALCO,2024-09-06,SHORT,2024-09-06T10:40:00,667.10,669.80,663.05,449,2.70,2024-09-06T10:40:00,669.80,STOP,-1213.11,-1663.31
vwap,HINDALCO,2024-09-10,SHORT,2024-09-10T11:00:00,655.80,657.92,652.62,457,2.12,2024-09-10T12:00:00,657.92,STOP,-968.30,-1418.58
vwap,HINDALCO,2024-09-13,SHORT,2024-09-13T14:00:00,671.60,673.76,668.36,446,2.16,2024-09-13T14:40:00,673.76,STOP,-962.80,-1412.83
vwap,HINDALCO,2024-09-19,SHORT,2024-09-19T10:50:00,678.00,681.07,673.40,442,3.07,2024-09-19T11:10:00,673.40,TARGET,2033.53,1585.55
vwap,HINDALCO,2024-09-26,LONG,2024-09-26T11:00:00,721.75,718.90,726.02,415,2.85,2024-09-26T11:30:00,726.02,TARGET,1771.78,1321.16
vwap,HINDALCO,2024-10-03,SHORT,2024-10-03T10:20:00,754.10,758.16,748.01,397,4.06,2024-10-03T10:30:00,758.16,STOP,-1611.06,-2061.33
vwap,HINDALCO,2024-10-04,LONG,2024-10-04T12:00:00,752.35,749.01,757.35,398,3.34,2024-10-04T12:40:00,749.01,STOP,-1327.56,-1775.71
vwap,HINDALCO,2024-10-08,LONG,2024-10-08T11:40:00,730.60,726.40,736.90,410,4.20,2024-10-08T11:40:00,726.40,STOP,-1721.36,-2169.39
vwap,HINDALCO,2024-10-14,SHORT,2024-10-14T11:00:00,742.00,744.99,737.51,404,2.99,2024-10-14T11:40:00,744.99,STOP,-1209.71,-1660.27
vwap,HINDALCO,2024-10-16,SHORT,2024-10-16T12:10:00,728.85,731.34,725.12,411,2.49,2024-10-16T13:00:00,731.34,STOP,-1023.16,-1473.26
vwap,HINDALCO,2024-10-18,LONG,2024-10-18T10:30:00,735.70,732.72,740.17,407,2.98,2024-10-18T11:30:00,740.17,TARGET,1819.92,1369.41
vwap,HINDALCO,2024-10-21,SHORT,2024-10-21T11:00:00,745.50,749.01,740.24,402,3.51,2024-10-21T12:20:00,740.24,TARGET,2116.00,1668.05
vwap,HINDALCO,2024-10-23,LONG,2024-10-23T11:30:00,728.95,724.52,735.60,411,4.43,2024-10-23T12:20:00,724.52,STOP,-1821.94,-2269.97
vwap,HINDALCO,2024-10-28,LONG,2024-10-28T10:50:00,695.85,692.14,701.41,431,3.71,2024-10-28T12:40:00,692.80,TIME_STOP,-1314.55,-1763.43
vwap,HINDALCO,2024-10-30,SHORT,2024-10-30T14:00:00,690.20,692.47,686.80,434,2.27,2024-10-30T15:20:00,687.70,EOD,1085.00,636.49
vwap,HINDALCO,2024-11-08,LONG,2024-11-08T11:00:00,657.75,654.75,662.26,456,3.00,2024-11-08T11:20:00,654.75,STOP,-1370.12,-1818.99
vwap,HINDALCO,2024-11-11,LONG,2024-11-11T12:50:00,653.45,650.83,657.38,459,2.62,2024-11-11T13:50:00,650.83,STOP,-1203.09,-1652.09
vwap,HINDALCO,2024-11-12,SHORT,2024-11-12T13:30:00,654.75,657.20,651.07,458,2.45,2024-11-12T15:10:00,651.07,TARGET,1684.58,1236.03
vwap,HINDALCO,2024-11-14,LONG,2024-11-14T10:20:00,633.00,629.89,637.67,473,3.11,2024-11-14T11:10:00,629.89,STOP,-1471.19,-1919.20
vwap,HINDALCO,2024-11-21,LONG,2024-11-21T11:00:00,649.95,646.44,655.22,461,3.51,2024-11-21T12:50:00,649.15,TIME_STOP,-368.80,-817.96
vwap,HINDALCO,2024-11-29,LONG,2024-11-29T13:40:00,656.40,654.38,659.42,457,2.02,2024-11-29T14:10:00,654.38,STOP,-920.91,-1370.18
vwap,HINDALCO,2024-12-03,SHORT,2024-12-03T10:10:00,657.75,659.52,655.09,456,1.77,2024-12-03T10:20:00,659.52,STOP,-808.28,-1258.78
vwap,HINDALCO,2024-12-05,SHORT,2024-12-05T10:20:00,660.75,662.76,657.74,454,2.01,2024-12-05T10:50:00,662.76,STOP,-910.79,-1361.44
vwap,HINDALCO,2024-12-06,SHORT,2024-12-06T12:20:00,668.85,670.98,665.65,448,2.13,2024-12-06T12:30:00,670.50,REVERSE,-739.20,-1189.22
vwap,HINDALCO,2024-12-09,LONG,2024-12-09T14:00:00,668.55,665.85,672.60,448,2.70,2024-12-09T14:10:00,665.85,STOP,-1209.94,-1658.30
vwap,HINDALCO,2024-12-10,SHORT,2024-12-10T13:20:00,666.05,668.29,662.69,450,2.24,2024-12-10T15:00:00,668.29,STOP,-1008.14,-1458.48
vwap,HINDALCO,2024-12-11,SHORT,2024-12-11T14:10:00,671.10,672.76,668.60,447,1.66,2024-12-11T14:20:00,672.76,STOP,-744.00,-1194.53
vwap,HINDALCO,2024-12-13,LONG,2024-12-13T13:40:00,663.85,661.52,667.35,451,2.33,2024-12-13T14:40:00,661.52,STOP,-1051.57,-1499.88
vwap,HINDALCO,2024-12-19,LONG,2024-12-19T12:10:00,631.00,628.52,634.72,475,2.48,2024-12-19T12:50:00,628.52,STOP,-1179.38,-1628.09
vwap,HINDALCO,2024-12-24,SHORT,2024-12-24T11:30:00,629.95,631.82,627.14,476,1.87,2024-12-24T13:20:00,630.20,TIME_STOP,-119.00,-568.87
vwap,HINDALCO,2024-12-27,LONG,2024-12-27T10:20:00,631.50,629.52,634.46,475,1.98,2024-12-27T10:30:00,629.52,STOP,-938.18,-1387.42
vwap,HINDALCO,2024-12-31,LONG,2024-12-31T14:00:00,604.55,603.00,606.88,496,1.55,2024-12-31T14:30:00,603.00,STOP,-769.88,-1219.09
vwap,HINDALCO,2025-01-02,LONG,2025-01-02T13:30:00,595.70,593.76,598.62,503,1.94,2025-01-02T14:20:00,598.62,TARGET,1466.72,1016.16
vwap,HINDALCO,2025-01-03,SHORT,2025-01-03T10:20:00,591.20,593.58,587.63,507,2.38,2025-01-03T10:30:00,593.58,STOP,-1208.24,-1658.75
vwap,HINDALCO,2025-01-07,LONG,2025-01-07T10:00:00,580.35,577.45,584.70,516,2.90,2025-01-07T10:20:00,584.70,TARGET,2243.90,1793.02
vwap,HINDALCO,2025-01-08,LONG,2025-01-08T13:50:00,583.20,581.56,585.67,514,1.64,2025-01-08T14:10:00,585.67,TARGET,1267.82,817.22
vwap,HINDALCO,2025-01-09,SHORT,2025-01-09T13:10:00,586.15,588.48,582.66,511,2.33,2025-01-09T14:30:00,588.48,STOP,-1188.71,-1638.89
vwap,HINDALCO,2025-01-23,SHORT,2025-01-23T13:50:00,611.70,613.22,609.42,490,1.52,2025-01-23T14:10:00,613.22,STOP,-745.58,-1195.74
vwap,HINDALCO,2025-01-24,LONG,2025-01-24T12:10:00,614.00,611.70,617.45,488,2.30,2025-01-24T12:40:00,611.70,STOP,-1123.87,-1572.48
vwap,HINDALCO,2025-01-28,LONG,2025-01-28T13:30:00,583.90,581.33,587.76,513,2.57,2025-01-28T14:50:00,581.33,STOP,-1318.44,-1766.76
vwap,HINDALCO,2025-01-30,SHORT,2025-01-30T13:10:00,586.55,588.80,583.18,511,2.25,2025-01-30T13:50:00,583.18,TARGET,1724.03,1275.73
vwap,HINDALCO,2025-01-31,LONG,2025-01-31T10:10:00,588.75,586.38,592.31,509,2.37,2025-01-31T10:10:00,586.38,STOP,-1208.12,-1656.72
vwap,HINDALCO,2025-02-01,SHORT,2025-02-01T12:40:00,586.15,588.77,582.22,511,2.62,2025-02-01T13:20:00,582.22,TARGET,2008.49,1560.71
vwap,HINDALCO,2025-02-07,SHORT,2025-02-07T10:40:00,597.30,599.79,593.57,502,2.49,2025-02-07T10:40:00,599.79,STOP,-1249.55,-1700.25
vwap,HINDALCO,2025-02-11,SHORT,2025-02-11T12:40:00,597.80,600.09,594.37,501,2.29,2025-02-11T13:00:00,594.37,TARGET,1720.00,1272.04
vwap,HINDALCO,2025-02-12,LONG,2025-02-12T11:50:00,600.10,596.88,604.93,499,3.22,2025-02-12T12:40:00,604.93,TARGET,2410.41,1959.43
vwap,HINDALCO,2025-02-13,LONG,2025-02-13T10:00:00,603.15,600.05,607.80,497,3.10,2025-02-13T11:50:00,606.40,TIME_STOP,1615.25,1164.39
vwap,HINDALCO,2025-02-17,SHORT,2025-02-17T10:00:00,599.70,602.59,595.37,500,2.89,2025-02-17T10:00:00,602.59,STOP,-1444.43,-1895.29
vwap,HINDALCO,2025-02-18,SHORT,2025-02-18T11:50:00,605.00,607.36,601.46,495,2.36,2025-02-18T13:40:00,607.36,STOP,-1169.18,-1619.27
vwap,HINDALCO,2025-02-27,SHORT,2025-02-27T11:30:00,621.45,624.00,617.62,482,2.55,2025-02-27T12:30:00,624.00,STOP,-1229.85,-1680.08
vwap,HINDALCO,2025-02-28,SHORT,2025-02-28T10:10:00,620.00,622.85,615.72,483,2.85,2025-02-28T10:20:00,622.85,STOP,-1376.72,-1826.94
vwap,HINDALCO,2025-03-03,SHORT,2025-03-03T10:20:00,624.65,627.86,619.83,480,3.21,2025-03-03T10:30:00,627.86,STOP,-1542.06,-1992.96
vwap,HINDALCO,2025-03-11,SHORT,2025-03-11T13:40:00,686.40,688.62,683.08,437,2.22,2025-03-11T13:40:00,688.62,STOP,-968.31,-1418.98
vwap,HINDALCO,2025-03-12,SHORT,2025-03-12T11:40:00,689.50,692.39,685.17,435,2.89,2025-03-12T12:20:00,685.17,TARGET,1884.35,1435.86
vwap,HINDALCO,2025-03-17,SHORT,2025-03-17T12:40:00,678.45,680.43,675.47,442,1.98,2025-03-17T13:20:00,680.43,STOP,-877.17,-1327.64
vwap,HINDALCO,2025-03-21,SHORT,2025-03-21T10:50:00,703.45,705.48,700.40,426,2.03,2025-03-21T11:10:00,700.40,TARGET,1298.99,850.46
vwap,HINDALCO,2025-03-24,LONG,2025-03-24T11:40:00,700.05,697.86,703.33,428,2.19,2025-03-24T12:10:00,698.50,REVERSE,-663.40,-1112.33
vwap,HINDALCO,2025-03-27,SHORT,2025-03-27T11:40:00,691.85,694.08,688.50,433,2.23,2025-03-27T11:50:00,694.08,STOP,-967.16,-1417.24
vwap,HINDALCO,2025-04-08,LONG,2025-04-08T13:10:00,565.15,562.01,569.86,530,3.14,2025-04-08T15:00:00,566.85,TIME_STOP,901.00,451.03
vwap,HINDALCO,2025-04-09,LONG,2025-04-09T13:00:00,565.35,562.71,569.30,530,2.64,2025-04-09T13:40:00,562.71,STOP,-1396.59,-1845.00
vwap,HINDALCO,2025-04-16,SHORT,2025-04-16T10:50:00,606.50,608.83,603.01,494,2.33,2025-04-16T12:40:00,607.90,TIME_STOP,-691.60,-1141.54
vwap,HINDALCO,2025-04-17,LONG,2025-04-17T11:00:00,609.20,606.50,613.25,492,2.70,2025-04-17T11:00:00,606.50,STOP,-1329.31,-1777.90
vwap,HINDALCO,2025-04-24,SHORT,2025-04-24T11:50:00,627.75,629.44,625.21,477,1.69,2025-04-24T12:50:00,629.44,STOP,-806.82,-1256.58
vwap,HINDALCO,2025-04-25,SHORT,2025-04-25T10:00:00,625.95,627.92,623.00,479,1.97,2025-04-25T10:00:00,623.00,TARGET,1415.01,966.33
vwap,HINDALCO,2025-04-29,SHORT,2025-04-29T10:30:00,626.00,627.97,623.04,479,1.97,2025-04-29T10:40:00,623.04,TARGET,1415.65,966.93
vwap,HINDALCO,2025-04-30,SHORT,2025-04-30T13:40:00,626.50,628.18,623.97,478,1.68,2025-04-30T13:40:00,628.18,STOP,-805.15,-1254.95
vwap,HINDALCO,2025-05-02,SHORT,2025-05-02T12:00:00,625.95,629.55,620.56,479,3.60,2025-05-02T12:20:00,629.55,STOP,-1722.15,-2173.19
vwap,HINDALCO,2025-05-06,SHORT,2025-05-06T11:40:00,628.30,631.18,623.99,477,2.88,2025-05-06T12:00:00,631.18,STOP,-1372.15,-1822.73
vwap,HINDALCO,2025-05-07,LONG,2025-05-07T10:40:00,635.55,632.88,639.56,472,2.67,2025-05-07T11:00:00,632.88,STOP,-1260.41,-1709.43
vwap,HINDALCO,2025-05-09,LONG,2025-05-09T13:00:00,624.90,621.82,629.52,480,3.08,2025-05-09T14:50:00,629.52,TARGET,2219.97,1768.38
vwap,HINDALCO,2025-05-16,SHORT,2025-05-16T11:10:00,657.45,659.64,654.16,456,2.19,2025-05-16T13:00:00,657.20,TIME_STOP,114.00,-335.61
vwap,HINDALCO,2025-05-19,LONG,2025-05-19T10:40:00,658.55,656.64,661.42,455,1.91,2025-05-19T12:00:00,656.64,STOP,-871.13,-1319.94
vwap,HINDALCO,2025-05-20,SHORT,2025-05-20T14:10:00,661.90,664.10,658.59,453,2.20,2025-05-20T14:20:00,664.10,STOP,-998.35,-1448.86
vwap,HINDALCO,2025-05-23,LONG,2025-05-23T11:40:00,651.25,648.77,654.97,460,2.48,2025-05-23T11:50:00,648.77,STOP,-1140.49,-1588.99
vwap,HINDALCO,2025-05-26,SHORT,2025-05-26T13:10:00,656.50,658.67,653.24,456,2.17,2025-05-26T13:10:00,658.67,STOP,-991.31,-1441.10
vwap,HINDALCO,2025-05-27,SHORT,2025-05-27T13:50:00,660.50,662.28,657.83,454,1.78,2025-05-27T14:00:00,657.83,TARGET,1212.27,763.38
vwap,HINDALCO,2025-06-02,LONG,2025-06-02T13:30:00,633.70,631.22,637.42,473,2.48,2025-06-02T14:10:00,631.22,STOP,-1174.25,-1622.98
vwap,HINDALCO,2025-06-03,SHORT,2025-06-03T13:30:00,633.25,635.28,630.21,473,2.03,2025-06-03T15:20:00,632.25,TIME_STOP,473.00,24.06
vwap,HINDALCO,2025-06-04,LONG,2025-06-04T10:20:00,638.30,635.89,641.91,469,2.41,2025-06-04T12:10:00,637.05,TIME_STOP,-586.25,-1034.85
vwap,HINDALCO,2025-06-05,LONG,2025-06-05T12:10:00,638.05,636.74,640.02,470,1.31,2025-06-05T12:10:00,640.02,TARGET,926.86,476.34
vwap,HINDALCO,2025-06-11,SHORT,2025-06-11T10:10:00,657.45,659.28,654.71,456,1.83,2025-06-11T11:50:00,659.28,STOP,-834.04,-1284.36
vwap,HINDALCO,2025-06-12,LONG,2025-06-12T10:40:00,660.00,657.75,663.38,454,2.25,2025-06-12T10:50:00,657.75,STOP,-1022.69,-1471.38
vwap,HINDALCO,2025-06-16,LONG,2025-06-16T11:30:00,644.60,642.56,647.66,465,2.04,2025-06-16T12:30:00,647.66,TARGET,1422.85,972.17
vwap,HINDALCO,2025-06-17,SHORT,2025-06-17T12:20:00,644.45,646.09,641.99,465,1.64,2025-06-17T12:40:00,641.99,TARGET,1143.22,694.58
vwap,HINDALCO,2025-06-18,LONG,2025-06-18T10:00:00,646.20,644.36,648.96,464,1.84,2025-06-18T10:10:00,644.36,STOP,-854.90,-1304.01
vwap,HINDALCO,2025-06-23,LONG,2025-06-23T12:00:00,652.20,649.53,656.21,459,2.67,2025-06-23T12:00:00,656.21,TARGET,1839.60,1389.18
vwap,HINDALCO,2025-07-01,LONG,2025-07-01T12:40:00,696.35,693.64,700.42,430,2.71,2025-07-01T13:30:00,693.64,STOP,-1166.38,-1614.65
vwap,HINDALCO,2025-07-02,SHORT,2025-07-02T14:10:00,695.65,698.08,692.00,431,2.43,2025-07-02T15:00:00,698.08,STOP,-1048.28,-1498.81
vwap,HINDALCO,2025-07-03,SHORT,2025-07-03T12:40:00,699.95,701.87,697.08,428,1.92,2025-07-03T14:10:00,697.08,TARGET,1230.36,781.92
vwap,HINDALCO,2025-07-07,SHORT,2025-07-07T10:00:00,691.35,693.56,688.04,433,2.21,2025-07-07T11:50:00,690.00,TIME_STOP,584.55,135.96
vwap,HINDALCO,2025-07-11,LONG,2025-07-11T13:30:00,673.10,670.97,676.30,445,2.13,2025-07-11T15:10:00,670.97,STOP,-950.02,-1398.60
vwap,HINDALCO,2025-07-14,SHORT,2025-07-14T11:30:00,668.60,671.23,664.65,448,2.63,2025-07-14T13:20:00,668.90,TIME_STOP,-134.40,-583.80
vwap,HINDALCO,2025-07-15,LONG,2025-07-15T11:20:00,670.85,668.73,674.03,447,2.12,2025-07-15T13:10:00,673.10,TIME_STOP,1005.75,555.19
vwap,HINDALCO,2025-07-18,SHORT,2025-07-18T13:00:00,673.85,675.33,671.63,445,1.48,2025-07-18T13:00:00,675.33,STOP,-660.00,-1110.29
vwap,HINDALCO,2025-07-23,SHORT,2025-07-23T14:00:00,690.70,691.91,688.88,434,1.21,2025-07-23T14:40:00,691.91,STOP,-525.52,-975.56
vwap,HINDALCO,2025-07-25,SHORT,2025-07-25T12:00:00,691.55,693.58,688.51,433,2.03,2025-07-25T12:30:00,688.51,TARGET,1315.49,867.32
vwap,HINDALCO,2025-07-29,LONG,2025-07-29T10:10:00,689.65,687.57,692.77,435,2.08,2025-07-29T10:20:00,687.57,STOP,-905.92,-1355.24
vwap,HINDALCO,2025-07-30,SHORT,2025-07-30T10:40:00,686.65,689.08,683.01,436,2.43,2025-07-30T10:50:00,689.08,STOP,-1058.81,-1508.67
vwap,HINDALCO,2025-07-31,LONG,2025-07-31T12:20:00,687.20,684.25,691.63,436,2.95,2025-07-31T12:50:00,684.25,STOP,-1288.03,-1736.50
vwap,HINDALCO,2025-08-04,LONG,2025-08-04T11:30:00,685.90,683.60,689.34,437,2.30,2025-08-04T12:00:00,683.60,STOP,-1003.05,-1451.90
vwap,HINDALCO,2025-08-05,SHORT,2025-08-05T12:40:00,685.20,687.08,682.38,437,1.88,2025-08-05T13:20:00,682.38,TARGET,1231.82,783.59
vwap,HINDALCO,2025-08-08,SHORT,2025-08-08T10:10:00,677.00,679.75,672.88,443,2.75,2025-08-08T12:00:00,672.88,TARGET,1824.53,1376.03
vwap,HINDALCO,2025-08-11,LONG,2025-08-11T10:50:00,675.40,673.23,678.66,444,2.17,2025-08-11T11:30:00,673.80,REVERSE,-710.40,-1159.68
vwap,HINDALCO,2025-08-14,SHORT,2025-08-14T10:00:00,693.50,695.89,689.92,432,2.39,2025-08-14T10:40:00,689.92,TARGET,1548.31,1100.08
vwap,HINDALCO,2025-08-22,SHORT,2025-08-22T10:30:00,704.20,705.67,702.00,426,1.47,2025-08-22T10:40:00,705.67,STOP,-626.06,-1076.52
vwap,HINDALCO,2025-08-26,SHORT,2025-08-26T12:40:00,704.60,706.13,702.30,425,1.53,2025-08-26T13:30:00,706.13,STOP,-651.02,-1100.69
vwap,HINDALCO,2025-08-28,LONG,2025-08-28T12:00:00,706.00,704.34,708.49,424,1.66,2025-08-28T13:00:00,704.34,STOP,-703.21,-1151.70
vwap,HINDALCO,2025-08-29,LONG,2025-08-29T11:20:00,705.60,703.37,708.94,425,2.23,2025-08-29T13:10:00,705.80,TIME_STOP,85.00,-364.88
vwap,HINDALCO,2025-09-08,SHORT,2025-09-08T13:50:00,743.00,744.54,740.69,403,1.54,2025-09-08T14:10:00,740.69,TARGET,931.41,482.96
vwap,HINDALCO,2025-09-09,LONG,2025-09-09T13:10:00,742.55,741.21,744.56,404,1.34,2025-09-09T15:00:00,742.70,TIME_STOP,60.60,-389.43
vwap,HINDALCO,2025-09-11,SHORT,2025-09-11T11:50:00,739.85,741.41,737.52,405,1.56,2025-09-11T12:30:00,741.41,STOP,-629.99,-1079.92
vwap,HINDALCO,2025-09-15,SHORT,2025-09-15T14:00:00,754.70,756.27,752.34,397,1.57,2025-09-15T15:20:00,753.45,EOD,496.25,47.20
vwap,HINDALCO,2025-09-16,LONG,2025-09-16T12:50:00,754.55,752.83,757.13,397,1.72,2025-09-16T13:00:00,757.13,TARGET,1024.64,574.54
vwap,HINDALCO,2025-09-17,SHORT,2025-09-17T10:00:00,752.20,754.00,749.50,398,1.80,2025-09-17T10:00:00,754.00,STOP,-716.52,-1166.12
vwap,HINDALCO,2025-09-23,LONG,2025-09-23T13:00:00,747.25,745.35,750.10,401,1.90,2025-09-23T13:00:00,750.10,TARGET,1143.42,693.09
vwap,HINDALCO,2025-09-24,LONG,2025-09-24T14:00:00,746.15,744.48,748.65,402,1.67,2025-09-24T14:00:00,745.55,REVERSE,-241.20,-690.95
vwap,HINDALCO,2025-09-25,SHORT,2025-09-25T13:20:00,747.00,749.06,743.92,401,2.06,2025-09-25T13:50:00,749.06,STOP,-824.50,-1274.44
vwap,HINDALCO,2025-10-01,LONG,2025-10-01T13:00:00,761.80,759.39,765.41,393,2.41,2025-10-01T13:40:00,765.41,TARGET,1419.61,969.46
vwap,HINDALCO,2025-10-06,SHORT,2025-10-06T10:10:00,779.45,782.12,775.45,384,2.67,2025-10-06T10:10:00,782.12,STOP,-1023.49,-1473.22
vwap,HINDALCO,2025-10-07,LONG,2025-10-07T10:40:00,777.75,774.81,782.15,385,2.94,2025-10-07T10:50:00,774.81,STOP,-1130.61,-1578.92
vwap,HINDALCO,2025-10-08,SHORT,2025-10-08T12:30:00,771.75,774.56,767.54,388,2.81,2025-10-08T13:50:00,774.56,STOP,-1088.62,-1538.59
vwap,HINDALCO,2025-10-10,LONG,2025-10-10T13:30:00,772.80,770.67,776.00,388,2.13,2025-10-10T15:20:00,774.05,TIME_STOP,485.00,34.87
vwap,HINDALCO,2025-10-13,SHORT,2025-10-13T10:30:00,770.80,773.06,767.40,389,2.26,2025-10-13T11:20:00,767.40,TARGET,1320.83,872.06
vwap,HINDALCO,2025-10-14,SHORT,2025-10-14T11:20:00,764.80,767.19,761.21,392,2.39,2025-10-14T11:30:00,761.21,TARGET,1408.14,959.49
vwap,HINDALCO,2025-10-17,SHORT,2025-10-17T11:20:00,775.85,777.69,773.09,386,1.84,2025-10-17T12:40:00,773.09,TARGET,1066.15,617.73
vwap,HINDALCO,2025-10-30,SHORT,2025-10-30T10:10:00,851.45,854.32,847.15,352,2.87,2025-10-30T10:10:00,854.32,STOP,-1008.73,-1459.05
vwap,HINDALCO,2025-10-31,SHORT,2025-10-31T10:10:00,852.70,855.69,848.22,351,2.99,2025-10-31T11:20:00,848.22,TARGET,1571.61,1123.84
vwap,HINDALCO,2025-11-03,LONG,2025-11-03T10:30:00,850.60,847.49,855.26,352,3.11,2025-11-03T10:50:00,848.80,REVERSE,-633.60,-1082.24
vwap,HINDALCO,2025-11-07,LONG,2025-11-07T10:50:00,790.65,787.61,795.21,379,3.04,2025-11-07T11:50:00,795.21,TARGET,1729.95,1279.17
vwap,HINDALCO,2025-11-10,SHORT,2025-11-10T12:20:00,791.60,794.33,787.51,378,2.73,2025-11-10T13:30:00,794.33,STOP,-1030.32,-1479.93
vwap,HINDALCO,2025-11-11,LONG,2025-11-11T14:00:00,788.10,785.87,791.45,380,2.23,2025-11-11T14:10:00,791.45,TARGET,1271.22,821.05
vwap,HINDALCO,2025-11-14,SHORT,2025-11-14T13:10:00,799.50,801.86,795.96,375,2.36,2025-11-14T13:20:00,801.86,STOP,-885.89,-1336.27
vwap,HINDALCO,2025-11-17,SHORT,2025-11-17T11:20:00,802.00,804.20,798.70,374,2.20,2025-11-17T12:30:00,804.20,STOP,-823.99,-1274.53
vwap,HINDALCO,2025-11-19,LONG,2025-11-19T13:30:00,796.10,794.22,798.92,376,1.88,2025-11-19T13:30:00,794.30,REVERSE,-676.80,-1125.29
vwap,HINDALCO,2025-11-25,LONG,2025-11-25T10:00:00,787.50,784.71,791.68,380,2.79,2025-11-25T10:00:00,784.71,STOP,-1058.73,-1506.81
vwap,HINDALCO,2025-12-03,SHORT,2025-12-03T10:10:00,805.05,807.33,801.63,372,2.28,2025-12-03T10:40:00,807.33,STOP,-847.40,-1297.25
vwap,HINDALCO,2025-12-04,SHORT,2025-12-04T13:10:00,814.60,816.55,811.68,368,1.95,2025-12-04T13:40:00,811.68,TARGET,1074.99,626.14
vwap,HINDALCO,2025-12-05,LONG,2025-12-05T11:00:00,818.25,815.73,822.03,366,2.52,2025-12-05T11:10:00,822.03,TARGET,1382.56,932.30
vwap,HINDALCO,2025-12-08,SHORT,2025-12-08T12:10:00,823.55,825.76,820.23,364,2.21,2025-12-08T13:20:00,820.23,TARGET,1208.33,759.57
vwap,HINDALCO,2025-12-11,SHORT,2025-12-11T12:00:00,824.00,826.15,820.77,364,2.15,2025-12-11T13:50:00,825.25,REVERSE,-455.00,-905.25
vwap,HINDALCO,2025-12-19,SHORT,2025-12-19T11:10:00,848.45,851.33,844.13,353,2.88,2025-12-19T11:30:00,851.33,STOP,-1017.26,-1467.27
vwap,HINDALCO,2025-12-24,SHORT,2025-12-24T14:00:00,867.20,869.57,863.64,345,2.37,2025-12-24T14:20:00,863.64,TARGET,1228.25,780.39
vwap,HINDALCO,2025-12-26,LONG,2025-12-26T12:20:00,870.35,867.93,873.99,344,2.42,2025-12-26T12:30:00,867.93,STOP,-834.13,-1282.60
vwap,HINDALCO,2025-12-29,SHORT,2025-12-29T12:20:00,869.50,872.35,865.23,345,2.85,2025-12-29T12:30:00,865.23,TARGET,1472.57,1023.71
vwap,HINDALCO,2025-12-30,LONG,2025-12-30T10:00:00,871.20,868.59,875.11,344,2.61,2025-12-30T10:10:00,875.11,TARGET,1346.21,895.66
vwap,HINDALCO,2026-01-06,SHORT,2026-01-06T14:00:00,945.75,949.38,940.31,317,3.63,2026-01-06T15:10:00,940.31,TARGET,1726.03,1277.62
vwap,HINDALCO,2026-01-12,LONG,2026-01-12T10:30:00,904.90,900.60,911.36,331,4.30,2026-01-12T11:20:00,900.60,STOP,-1424.54,-1872.76
vwap,HINDALCO,2026-01-20,LONG,2026-01-20T11:40:00,944.80,941.26,950.12,317,3.54,2026-01-20T11:50:00,941.26,STOP,-1123.73,-1572.14
vwap,HINDALCO,2026-01-21,LONG,2026-01-21T12:40:00,936.80,933.45,941.82,320,3.35,2026-01-21T13:00:00,941.82,TARGET,1608.00,1157.13
vwap,HINDALCO,2026-01-22,SHORT,2026-01-22T11:20:00,936.50,940.12,931.07,320,3.62,2026-01-22T11:30:00,940.12,STOP,-1157.94,-1608.33
vwap,HINDALCO,2026-01-23,SHORT,2026-01-23T13:50:00,950.00,952.78,945.83,315,2.78,2026-01-23T14:40:00,952.78,STOP,-875.10,-1324.64
vwap,HINDALCO,2026-01-27,SHORT,2026-01-27T14:00:00,953.10,956.92,947.37,314,3.82,2026-01-27T14:30:00,956.92,STOP,-1200.15,-1649.96
vwap,HINDALCO,2026-02-04,SHORT,2026-02-04T12:10:00,958.15,962.04,952.31,313,3.89,2026-02-04T12:30:00,962.04,STOP,-1217.94,-1668.70
vwap,HINDALCO,2026-02-06,LONG,2026-02-06T11:50:00,938.35,934.95,943.44,319,3.40,2026-02-06T12:40:00,934.95,STOP,-1083.11,-1531.29
vwap,HINDALCO,2026-02-11,LONG,2026-02-11T13:30:00,963.00,960.09,967.37,311,2.91,2026-02-11T13:40:00,967.37,TARGET,1358.36,908.11
vwap,HINDALCO,2026-02-12,LONG,2026-02-12T13:00:00,963.30,960.03,968.21,311,3.27,2026-02-12T13:30:00,960.03,STOP,-1018.46,-1467.08
vwap,HINDALCO,2026-02-23,SHORT,2026-02-23T11:20:00,924.90,928.43,919.61,324,3.53,2026-02-23T11:20:00,919.61,TARGET,1715.15,1266.94
vwap,HINDALCO,2026-02-24,LONG,2026-02-24T10:30:00,918.15,914.63,923.42,326,3.52,2026-02-24T12:00:00,915.25,REVERSE,-945.40,-1393.67
vwap,HINDALCO,2026-02-27,SHORT,2026-02-27T10:10:00,931.55,934.67,926.87,322,3.12,2026-02-27T11:00:00,934.67,STOP,-1005.36,-1456.05
vwap,HINDALCO,2026-03-02,SHORT,2026-03-02T10:50:00,926.60,932.05,918.43,323,5.45,2026-03-02T12:40:00,923.35,TIME_STOP,1049.75,601.60
vwap,HINDALCO,2026-03-04,SHORT,2026-03-04T10:10:00,918.35,924.35,909.34,326,6.00,2026-03-04T10:30:00,924.35,STOP,-1957.35,-2407.89
vwap,HINDALCO,2026-03-10,LONG,2026-03-10T11:40:00,944.85,940.68,951.11,317,4.17,2026-03-10T13:30:00,948.15,TIME_STOP,1046.10,596.04
vwap,HINDALCO,2026-03-11,SHORT,2026-03-11T13:40:00,958.30,961.91,952.88,313,3.61,2026-03-11T15:20:00,959.60,EOD,-406.90,-857.13
vwap,HINDALCO,2026-03-12,LONG,2026-03-12T13:20:00,953.65,949.84,959.36,314,3.81,2026-03-12T13:30:00,959.36,TARGET,1793.54,1343.03
vwap,JINDALSTEL,2024-03-18,LONG,2024-03-18T10:20:00,780.90,772.69,793.22,304,8.21,2024-03-18T11:20:00,793.22,TARGET,3745.06,3386.17
vwap,JINDALSTEL,2024-03-19,SHORT,2024-03-19T11:20:00,795.95,800.96,788.43,376,5.01,2024-03-19T12:30:00,800.96,STOP,-1884.16,-2334.49
vwap,JINDALSTEL,2024-03-27,LONG,2024-03-27T13:10:00,839.15,836.47,843.17,357,2.68,2024-03-27T14:20:00,836.47,STOP,-955.90,-1404.55
vwap,JINDALSTEL,2024-04-02,SHORT,2024-04-02T10:30:00,858.95,862.70,853.32,349,3.75,2024-04-02T11:00:00,862.70,STOP,-1310.31,-1760.95
vwap,JINDALSTEL,2024-04-04,SHORT,2024-04-04T12:00:00,901.85,906.06,895.53,332,4.21,2024-04-04T12:50:00,906.06,STOP,-1398.89,-1849.06
vwap,JINDALSTEL,2024-04-05,LONG,2024-04-05T11:50:00,905.80,901.88,911.69,331,3.92,2024-04-05T11:50:00,911.69,TARGET,1948.23,1497.04
vwap,JINDALSTEL,2024-04-09,SHORT,2024-04-09T13:50:00,911.25,915.03,905.58,329,3.78,2024-04-09T14:10:00,905.58,TARGET,1864.30,1416.00
vwap,JINDALSTEL,2024-04-10,LONG,2024-04-10T13:20:00,907.05,902.42,914.00,330,4.63,2024-04-10T14:00:00,902.42,STOP,-1529.26,-1977.10
vwap,JINDALSTEL,2024-04-12,LONG,2024-04-12T11:10:00,904.00,900.16,909.77,331,3.84,2024-04-12T12:40:00,900.16,STOP,-1272.34,-1720.22
vwap,JINDALSTEL,2024-04-15,LONG,2024-04-15T10:50:00,910.95,904.99,919.90,329,5.96,2024-04-15T11:00:00,904.99,STOP,-1962.03,-2410.11
vwap,JINDALSTEL,2024-04-19,LONG,2024-04-19T12:50:00,920.90,914.52,930.46,325,6.38,2024-04-19T13:30:00,930.46,TARGET,3108.39,2657.12
vwap,JINDALSTEL,2024-04-22,SHORT,2024-04-22T11:10:00,920.15,926.00,911.37,326,5.85,2024-04-22T13:00:00,920.45,TIME_STOP,-97.80,-547.83
vwap,JINDALSTEL,2024-04-26,SHORT,2024-04-26T11:10:00,930.95,935.17,924.63,322,4.22,2024-04-26T11:20:00,935.17,STOP,-1357.45,-1808.11
vwap,JINDALSTEL,2024-04-30,SHORT,2024-04-30T10:20:00,932.50,936.63,926.31,321,4.13,2024-04-30T10:40:00,936.63,STOP,-1324.62,-1774.62
vwap,JINDALSTEL,2024-05-03,SHORT,2024-05-03T12:10:00,937.50,942.10,930.60,320,4.60,2024-05-03T13:40:00,930.60,TARGET,2208.56,1760.22
vwap,JINDALSTEL,2024-05-06,LONG,2024-05-06T11:00:00,937.20,931.19,946.22,320,6.01,2024-05-06T12:50:00,936.55,TIME_STOP,-208.00,-657.70
vwap,JINDALSTEL,2024-05-09,SHORT,2024-05-09T11:20:00,934.85,939.17,928.37,320,4.32,2024-05-09T12:00:00,939.17,STOP,-1383.27,-1833.03
vwap,JINDALSTEL,2024-05-13,LONG,2024-05-13T12:10:00,930.00,925.25,937.12,322,4.75,2024-05-13T12:50:00,925.25,STOP,-1527.98,-1976.03
vwap,JINDALSTEL,2024-05-30,LONG,2024-05-30T13:50:00,1037.90,1034.35,1043.23,289,3.55,2024-05-30T13:50:00,1034.35,STOP,-1027.17,-1476.33
vwap,JINDALSTEL,2024-05-31,SHORT,2024-05-31T12:20:00,1031.95,1035.95,1025.95,290,4.00,2024-05-31T14:10:00,1033.80,TIME_STOP,-536.50,-985.80
vwap,JINDALSTEL,2024-06-05,LONG,2024-06-05T12:40:00,961.20,950.39,977.42,231,10.81,2024-06-05T13:10:00,977.42,TARGET,3746.60,3410.74
vwap,JINDALSTEL,2024-06-07,SHORT,2024-06-07T12:20:00,1023.95,1028.84,1016.61,292,4.89,2024-06-07T12:50:00,1028.84,STOP,-1428.01,-1877.57
vwap,JINDALSTEL,2024-06-12,LONG,2024-06-12T10:00:00,1024.70,1019.74,1032.15,292,4.96,2024-06-12T11:50:00,1032.00,TIME_STOP,2131.60,1681.18
vwap,JINDALSTEL,2024-06-21,LONG,2024-06-21T10:10:00,1067.85,1062.17,1076.37,280,5.68,2024-06-21T10:50:00,1062.17,STOP,-1589.48,-2036.78
vwap,JINDALSTEL,2024-06-24,LONG,2024-06-24T12:00:00,1070.20,1064.69,1078.46,280,5.51,2024-06-24T12:50:00,1064.69,STOP,-1541.91,-1990.24
vwap,JINDALSTEL,2024-06-25,SHORT,2024-06-25T10:20:00,1063.00,1067.71,1055.93,282,4.71,2024-06-25T10:30:00,1055.93,TARGET,1994.18,1546.03
vwap,JINDALSTEL,2024-06-28,SHORT,2024-06-28T12:20:00,1048.75,1051.92,1044.00,286,3.17,2024-06-28T13:40:00,1050.75,REVERSE,-572.00,-1022.34
vwap,JINDALSTEL,2024-07-01,SHORT,2024-07-01T12:40:00,1044.95,1048.66,1039.38,287,3.71,2024-07-01T14:30:00,1044.70,TIME_STOP,71.75,-378.05
vwap,JINDALSTEL,2024-07-02,SHORT,2024-07-02T12:40:00,1045.55,1050.24,1038.52,286,4.69,2024-07-02T13:10:00,1038.52,TARGET,2010.89,1563.85
vwap,JINDALSTEL,2024-07-03,SHORT,2024-07-03T12:20:00,1046.35,1049.75,1041.25,286,3.40,2024-07-03T12:50:00,1049.75,STOP,-972.39,-1422.00
vwap,JINDALSTEL,2024-07-12,SHORT,2024-07-12T10:00:00,1012.05,1016.71,1005.06,296,4.66,2024-07-12T11:00:00,1016.71,STOP,-1379.93,-1830.32
vwap,JINDALSTEL,2024-07-15,LONG,2024-07-15T10:40:00,1014.65,1010.68,1020.60,295,3.97,2024-07-15T11:30:00,1010.68,STOP,-1171.10,-1619.21
vwap,JINDALSTEL,2024-07-22,LONG,2024-07-22T13:40:00,956.70,952.73,962.66,313,3.97,2024-07-22T14:00:00,952.73,STOP,-1244.02,-1692.26
vwap,JINDALSTEL,2024-07-23,LONG,2024-07-23T14:10:00,950.30,944.70,958.70,315,5.60,2024-07-23T14:50:00,958.70,TARGET,2644.74,2193.74
vwap,JINDALSTEL,2024-07-30,SHORT,2024-07-30T13:40:00,968.15,971.31,963.41,309,3.16,2024-07-30T13:50:00,971.31,STOP,-976.04,-1425.51
vwap,JINDALSTEL,2024-08-01,SHORT,2024-08-01T12:00:00,985.00,989.04,978.93,304,4.04,2024-08-01T13:40:00,978.93,TARGET,1844.50,1396.73
vwap,JINDALSTEL,2024-08-09,LONG,2024-08-09T12:40:00,924.65,921.32,929.65,324,3.33,2024-08-09T13:00:00,921.32,STOP,-1079.76,-1528.33
vwap,JINDALSTEL,2024-08-12,LONG,2024-08-12T14:00:00,918.55,915.38,923.30,326,3.17,2024-08-12T14:40:00,915.38,STOP,-1033.18,-1481.58
vwap,JINDALSTEL,2024-08-13,SHORT,2024-08-13T13:10:00,915.10,918.25,910.38,327,3.15,2024-08-13T13:40:00,910.38,TARGET,1544.81,1097.12
vwap,JINDALSTEL,2024-08-20,SHORT,2024-08-20T11:10:00,939.60,942.89,934.66,319,3.29,2024-08-20T12:20:00,942.89,STOP,-1049.59,-1499.97
vwap,JINDALSTEL,2024-08-26,LONG,2024-08-26T10:00:00,966.00,962.81,970.78,310,3.19,2024-08-26T11:10:00,962.81,STOP,-988.64,-1437.09
vwap,JINDALSTEL,2024-08-27,SHORT,2024-08-27T12:30:00,975.00,978.03,970.45,307,3.03,2024-08-27T12:30:00,978.03,STOP,-930.99,-1380.68
vwap,JINDALSTEL,2024-08-28,LONG,2024-08-28T12:10:00,974.00,970.98,978.53,308,3.02,2024-08-28T14:00:00,974.00,TIME_STOP,0.00,-449.99
vwap,JINDALSTEL,2024-09-02,SHORT,2024-09-02T13:10:00,959.35,962.58,954.50,312,3.23,2024-09-02T13:10:00,962.58,STOP,-1008.97,-1458.70
vwap,JINDALSTEL,2024-09-05,SHORT,2024-09-05T10:40:00,943.55,946.98,938.41,317,3.43,2024-09-05T11:10:00,946.98,STOP,-1085.99,-1535.46
vwap,JINDALSTEL,2024-09-06,LONG,2024-09-06T11:40:00,951.90,948.69,956.72,315,3.21,2024-09-06T11:50:00,956.72,TARGET,1518.22,1067.31
vwap,JINDALSTEL,2024-09-11,LONG,2024-09-11T11:20:00,966.00,962.52,971.22,310,3.48,2024-09-11T13:10:00,969.80,TIME_STOP,1178.00,727.93
vwap,JINDALSTEL,2024-09-20,LONG,2024-09-20T10:50:00,1019.00,1011.40,1030.39,294,7.60,2024-09-20T11:40:00,1011.40,STOP,-2233.01,-2680.72
vwap,JINDALSTEL,2024-09-25,SHORT,2024-09-25T10:30:00,1038.20,1043.48,1030.28,288,5.28,2024-09-25T10:30:00,1030.28,TARGET,2279.66,1832.87
vwap,JINDALSTEL,2024-09-26,LONG,2024-09-26T13:10:00,1025.70,1021.86,1031.47,292,3.84,2024-09-26T14:20:00,1031.47,TARGET,1683.69,1233.17
vwap,JINDALSTEL,2024-09-27,SHORT,2024-09-27T12:10:00,1025.75,1030.20,1019.08,292,4.45,2024-09-27T12:50:00,1019.08,TARGET,1947.13,1499.31
vwap,JINDALSTEL,2024-10-10,SHORT,2024-10-10T14:00:00,995.75,999.63,989.92,301,3.88,2024-10-10T14:20:00,989.92,TARGET,1753.40,1305.13
vwap,JINDALSTEL,2024-10-11,LONG,2024-10-11T10:00:00,1001.95,997.80,1008.18,299,4.15,2024-10-11T10:50:00,1008.18,TARGET,1861.58,1410.81
vwap,JINDALSTEL,2024-10-18,LONG,2024-10-18T12:00:00,964.80,959.36,972.96,310,5.44,2024-10-18T13:20:00,972.96,TARGET,2528.88,2078.35
vwap,JINDALSTEL,2024-10-21,SHORT,2024-10-21T11:00:00,959.20,964.02,951.96,312,4.82,2024-10-21T12:50:00,951.96,TARGET,2257.99,1810.77
vwap,JINDALSTEL,2024-10-23,LONG,2024-10-23T13:40:00,923.05,918.80,929.43,325,4.25,2024-10-23T14:10:00,918.80,STOP,-1381.78,-1830.73
vwap,JINDALSTEL,2024-10-24,LONG,2024-10-24T10:10:00,928.80,923.79,936.32,322,5.01,2024-10-24T10:20:00,923.79,STOP,-1614.27,-2061.67
vwap,JINDALSTEL,2024-10-31,LONG,2024-10-31T10:20:00,925.95,922.10,931.72,323,3.85,2024-10-31T12:10:00,925.30,TIME_STOP,-209.95,-658.42
vwap,JINDALSTEL,2024-11-07,SHORT,2024-11-07T12:30:00,948.25,953.49,940.39,316,5.24,2024-11-07T13:10:00,940.39,TARGET,2482.49,2034.88
vwap,JINDALSTEL,2024-11-08,SHORT,2024-11-08T10:50:00,940.35,945.51,932.62,319,5.16,2024-11-08T11:30:00,932.62,TARGET,2467.34,2019.23
vwap,JINDALSTEL,2024-11-19,SHORT,2024-11-19T11:20:00,876.90,881.02,870.71,342,4.12,2024-11-19T13:10:00,881.02,STOP,-1410.36,-1861.27
vwap,JINDALSTEL,2024-11-21,LONG,2024-11-21T11:50:00,878.70,874.31,885.29,341,4.39,2024-11-21T12:10:00,874.31,STOP,-1498.41,-1946.74
vwap,JINDALSTEL,2024-11-22,LONG,2024-11-22T12:00:00,874.70,870.88,880.43,342,3.82,2024-11-22T13:20:00,880.43,TARGET,1961.28,1511.09
vwap,JINDALSTEL,2024-11-25,SHORT,2024-11-25T13:00:00,880.60,883.95,875.57,340,3.35,2024-11-25T13:40:00,883.95,STOP,-1140.05,-1590.01
vwap,JINDALSTEL,2024-11-27,LONG,2024-11-27T10:00:00,888.50,883.20,896.45,337,5.30,2024-11-27T11:50:00,885.60,TIME_STOP,-977.30,-1425.70
vwap,JINDALSTEL,2024-11-29,SHORT,2024-11-29T10:20:00,893.85,897.73,888.03,335,3.88,2024-11-29T10:30:00,897.73,STOP,-1299.93,-1750.07
vwap,JINDALSTEL,2024-12-13,LONG,2024-12-13T13:10:00,994.45,990.17,1000.88,301,4.28,2024-12-13T15:00:00,999.00,TIME_STOP,1369.55,919.53
vwap,JINDALSTEL,2024-12-17,SHORT,2024-12-17T11:40:00,975.60,978.45,971.32,307,2.85,2024-12-17T12:00:00,971.32,TARGET,1314.58,866.30
vwap,JINDALSTEL,2024-12-26,SHORT,2024-12-26T10:10:00,936.00,939.47,930.80,320,3.47,2024-12-26T10:50:00,930.80,TARGET,1663.38,1215.34
vwap,JINDALSTEL,2024-12-27,SHORT,2024-12-27T11:30:00,932.40,935.90,927.15,321,3.50,2024-12-27T12:30:00,927.15,TARGET,1686.01,1238.32
vwap,JINDALSTEL,2025-01-01,LONG,2025-01-01T10:50:00,930.55,927.02,935.84,322,3.53,2025-01-01T12:40:00,934.00,TIME_STOP,1110.90,660.61
vwap,JINDALSTEL,2025-01-07,SHORT,2025-01-07T14:10:00,943.75,947.66,937.89,317,3.91,2025-01-07T14:20:00,946.80,REVERSE,-966.85,-1416.33
vwap,JINDALSTEL,2025-01-10,LONG,2025-01-10T13:30:00,925.90,922.04,931.68,324,3.86,2025-01-10T14:00:00,922.04,STOP,-1249.09,-1698.14
vwap,JINDALSTEL,2025-01-14,LONG,2025-01-14T12:10:00,920.00,914.90,927.64,326,5.10,2025-01-14T12:10:00,914.90,STOP,-1661.38,-2110.02
vwap,JINDALSTEL,2025-01-15,LONG,2025-01-15T11:20:00,917.50,913.68,923.23,326,3.82,2025-01-15T11:30:00,913.68,STOP,-1246.28,-1694.00
vwap,JINDALSTEL,2025-01-17,LONG,2025-01-17T10:10:00,926.10,922.53,931.46,323,3.57,2025-01-17T10:20:00,922.53,STOP,-1153.52,-1601.35
vwap,JINDALSTEL,2025-01-20,LONG,2025-01-20T11:20:00,928.35,924.72,933.80,323,3.63,2025-01-20T13:10:00,933.80,TARGET,1760.30,1309.19
vwap,JINDALSTEL,2025-01-23,SHORT,2025-01-23T11:40:00,895.20,899.45,888.83,335,4.25,2025-01-23T12:30:00,898.45,REVERSE,-1088.75,-1539.40
vwap,JINDALSTEL,2025-01-24,SHORT,2025-01-24T10:00:00,892.40,896.58,886.13,336,4.18,2025-01-24T10:20:00,886.13,TARGET,2108.32,1660.13
vwap,JINDALSTEL,2025-01-28,LONG,2025-01-28T12:30:00,849.30,844.07,857.14,353,5.23,2025-01-28T13:10:00,857.14,TARGET,2769.06,2317.27
vwap,JINDALSTEL,2025-01-30,SHORT,2025-01-30T13:40:00,850.35,853.84,845.12,352,3.49,2025-01-30T14:50:00,853.84,STOP,-1228.13,-1678.03
vwap,JINDALSTEL,2025-02-01,SHORT,2025-02-01T12:30:00,786.45,793.30,776.18,365,6.85,2025-02-01T12:30:00,776.18,TARGET,3749.61,3321.84
vwap,JINDALSTEL,2025-02-03,LONG,2025-02-03T10:30:00,791.95,782.48,806.16,263,9.47,2025-02-03T12:20:00,791.60,TIME_STOP,-92.05,-404.41
vwap,JINDALSTEL,2025-02-10,LONG,2025-02-10T12:30:00,835.70,832.18,840.98,358,3.52,2025-02-10T14:20:00,836.15,TIME_STOP,161.10,-287.79
vwap,JINDALSTEL,2025-02-11,SHORT,2025-02-11T13:10:00,835.50,839.09,830.12,359,3.59,2025-02-11T13:30:00,830.12,TARGET,1931.48,1483.01
vwap,JINDALSTEL,2025-02-12,LONG,2025-02-12T13:20:00,825.00,819.30,833.55,363,5.70,2025-02-12T14:00:00,819.30,STOP,-2068.64,-2516.30
vwap,JINDALSTEL,2025-02-18,LONG,2025-02-18T10:10:00,839.20,834.56,846.16,357,4.64,2025-02-18T10:20:00,834.56,STOP,-1656.25,-2104.40
vwap,JINDALSTEL,2025-02-21,SHORT,2025-02-21T10:20:00,864.90,868.73,859.16,346,3.83,2025-02-21T10:30:00,868.73,STOP,-1324.42,-1774.30
vwap,JINDALSTEL,2025-02-24,SHORT,2025-02-24T11:40:00,872.60,876.68,866.48,343,4.08,2025-02-24T11:40:00,876.68,STOP,-1398.39,-1848.39
vwap,JINDALSTEL,2025-02-25,LONG,2025-02-25T11:10:00,869.35,865.05,875.81,345,4.30,2025-02-25T11:20:00,865.05,STOP,-1485.00,-1933.77
vwap,JINDALSTEL,2025-02-27,SHORT,2025-02-27T10:40:00,856.30,860.58,849.87,350,4.28,2025-02-27T12:00:00,849.87,TARGET,2248.91,1801.04
vwap,JINDALSTEL,2025-02-28,SHORT,2025-02-28T12:10:00,852.60,857.63,845.05,351,5.03,2025-02-28T13:00:00,845.05,TARGET,2649.85,2202.94
vwap,JINDALSTEL,2025-03-03,SHORT,2025-03-03T11:20:00,850.35,856.12,841.70,352,5.77,2025-03-03T12:30:00,856.12,STOP,-2030.50,-2481.01
vwap,JINDALSTEL,2025-03-12,SHORT,2025-03-12T10:20:00,899.15,902.80,893.67,333,3.65,2025-03-12T11:00:00,893.67,TARGET,1824.74,1376.98
vwap,JINDALSTEL,2025-03-13,SHORT,2025-03-13T12:00:00,895.40,898.97,890.04,335,3.57,2025-03-13T12:20:00,898.97,STOP,-1197.52,-1648.36
vwap,JINDALSTEL,2025-03-17,LONG,2025-03-17T10:00:00,902.00,898.38,907.43,332,3.62,2025-03-17T10:30:00,898.38,STOP,-1201.68,-1649.98
vwap,JINDALSTEL,2025-03-20,LONG,2025-03-20T12:40:00,927.75,924.32,932.90,323,3.43,2025-03-20T14:30:00,926.75,TIME_STOP,-323.00,-772.25
vwap,JINDALSTEL,2025-03-24,LONG,2025-03-24T10:10:00,922.00,918.14,927.79,325,3.86,2025-03-24T12:00:00,923.50,TIME_STOP,487.50,37.66
vwap,JINDALSTEL,2025-03-28,SHORT,2025-03-28T14:00:00,907.85,911.04,903.07,330,3.19,2025-03-28T14:30:00,911.04,STOP,-1052.67,-1502.84
vwap,JINDALSTEL,2025-04-02,LONG,2025-04-02T10:20:00,906.50,902.92,911.86,330,3.58,2025-04-02T12:00:00,902.92,STOP,-1179.76,-1627.59
vwap,JINDALSTEL,2025-04-08,LONG,2025-04-08T12:50:00,800.05,794.86,807.84,374,5.19,2025-04-08T14:40:00,799.35,TIME_STOP,-261.80,-710.43
vwap,JINDALSTEL,2025-04-23,SHORT,2025-04-23T10:10:00,908.05,912.00,902.12,330,3.95,2025-04-23T10:10:00,902.12,TARGET,1955.54,1507.53
vwap,JINDALSTEL,2025-04-24,SHORT,2025-04-24T11:30:00,910.65,914.81,904.41,329,4.16,2025-04-24T13:20:00,908.10,TIME_STOP,838.95,390.17
vwap,JINDALSTEL,2025-04-29,SHORT,2025-04-29T11:00:00,903.75,907.30,898.42,331,3.55,2025-04-29T11:00:00,907.30,STOP,-1175.34,-1624.94
vwap,JINDALSTEL,2025-04-30,LONG,2025-04-30T12:30:00,903.20,899.80,908.30,332,3.40,2025-04-30T14:10:00,899.80,STOP,-1128.03,-1576.97
vwap,JINDALSTEL,2025-05-02,LONG,2025-05-02T13:30:00,903.00,896.47,912.79,332,6.53,2025-05-02T14:30:00,896.47,STOP,-2167.95,-2616.02
vwap,JINDALSTEL,2025-05-06,SHORT,2025-05-06T10:00:00,883.20,889.86,873.21,339,6.66,2025-05-06T10:50:00,889.86,STOP,-2258.86,-2709.66
vwap,JINDALSTEL,2025-05-07,LONG,2025-05-07T12:20:00,879.75,875.48,886.16,341,4.27,2025-05-07T14:10:00,881.45,TIME_STOP,579.70,129.27
vwap,JINDALSTEL,2025-05-19,SHORT,2025-05-19T10:00:00,969.55,973.62,963.45,309,4.07,2025-05-19T10:10:00,973.62,STOP,-1257.07,-1707.40
vwap,JINDALSTEL,2025-05-20,SHORT,2025-05-20T11:00:00,967.00,972.04,959.44,310,5.04,2025-05-20T12:30:00,972.04,STOP,-1562.79,-2013.62
vwap,JINDALSTEL,2025-05-22,LONG,2025-05-22T10:00:00,972.45,967.79,979.44,308,4.66,2025-05-22T10:30:00,967.79,STOP,-1435.24,-1883.43
vwap,JINDALSTEL,2025-05-26,SHORT,2025-05-26T14:10:00,958.10,961.28,953.33,313,3.18,2025-05-26T15:20:00,953.33,TARGET,1493.56,1044.85
vwap,JINDALSTEL,2025-05-30,SHORT,2025-05-30T14:00:00,954.80,957.70,950.45,314,2.90,2025-05-30T15:00:00,950.45,TARGET,1366.31,917.62
vwap,JINDALSTEL,2025-06-02,LONG,2025-06-02T13:30:00,946.70,942.68,952.74,316,4.02,2025-06-02T14:10:00,942.68,STOP,-1271.70,-1719.49
vwap,JINDALSTEL,2025-06-03,LONG,2025-06-03T10:20:00,946.05,942.17,951.87,317,3.88,2025-06-03T10:40:00,942.17,STOP,-1230.92,-1679.84
vwap,JINDALSTEL,2025-06-04,LONG,2025-06-04T12:30:00,947.50,944.67,951.74,316,2.83,2025-06-04T13:50:00,951.74,TARGET,1339.55,889.43
vwap,JINDALSTEL,2025-06-05,SHORT,2025-06-05T14:00:00,951.65,954.06,948.03,315,2.41,2025-06-05T14:20:00,948.03,TARGET,1139.60,690.80
vwap,JINDALSTEL,2025-06-10,SHORT,2025-06-10T13:20:00,975.20,977.62,971.58,307,2.42,2025-06-10T13:50:00,971.58,TARGET,1112.47,664.23
vwap,JINDALSTEL,2025-06-11,LONG,2025-06-11T13:20:00,973.55,971.47,976.68,308,2.08,2025-06-11T13:20:00,971.47,STOP,-641.83,-1091.13
vwap,JINDALSTEL,2025-06-16,LONG,2025-06-16T12:00:00,923.45,920.45,927.95,324,3.00,2025-06-16T12:40:00,927.95,TARGET,1457.47,1007.58
vwap,JINDALSTEL,2025-06-20,LONG,2025-06-20T10:40:00,894.00,890.08,899.88,335,3.92,2025-06-20T11:20:00,899.88,TARGET,1970.72,1520.00
vwap,JINDALSTEL,2025-06-25,SHORT,2025-06-25T14:10:00,925.90,928.17,922.49,324,2.27,2025-06-25T14:50:00,928.17,STOP,-736.67,-1187.21
vwap,JINDALSTEL,2025-06-26,LONG,2025-06-26T10:30:00,928.85,925.49,933.89,322,3.36,2025-06-26T10:40:00,925.49,STOP,-1080.98,-1528.80
vwap,JINDALSTEL,2025-06-27,SHORT,2025-06-27T13:30:00,946.20,949.89,940.67,317,3.69,2025-06-27T14:40:00,940.67,TARGET,1754.12,1305.52
vwap,JINDALSTEL,2025-07-01,LONG,2025-07-01T12:30:00,950.45,946.98,955.65,315,3.47,2025-07-01T13:50:00,946.98,STOP,-1091.80,-1540.07
vwap,JINDALSTEL,2025-07-03,SHORT,2025-07-03T13:10:00,969.40,972.29,965.06,309,2.89,2025-07-03T13:20:00,965.06,TARGET,1340.54,892.23
vwap,JINDALSTEL,2025-07-07,LONG,2025-07-07T11:50:00,953.05,949.57,958.26,314,3.48,2025-07-07T11:50:00,949.57,STOP,-1091.25,-1539.31
vwap,JINDALSTEL,2025-07-10,SHORT,2025-07-10T13:40:00,943.40,946.29,939.06,317,2.89,2025-07-10T14:10:00,946.29,STOP,-917.31,-1366.58
vwap,JINDALSTEL,2025-07-14,SHORT,2025-07-14T11:50:00,932.30,936.00,926.74,321,3.70,2025-07-14T13:40:00,928.60,TIME_STOP,1187.70,739.69
vwap,JINDALSTEL,2025-07-17,LONG,2025-07-17T13:00:00,943.45,940.38,948.06,317,3.07,2025-07-17T13:20:00,948.06,TARGET,1460.69,1010.98
vwap,JINDALSTEL,2025-07-21,SHORT,2025-07-21T13:00:00,959.80,962.69,955.47,312,2.89,2025-07-21T14:50:00,959.50,TIME_STOP,93.60,-355.52
vwap,JINDALSTEL,2025-07-23,LONG,2025-07-23T10:00:00,967.25,964.70,971.07,310,2.55,2025-07-23T10:00:00,965.55,REVERSE,-527.00,-976.38
vwap,JINDALSTEL,2025-07-28,SHORT,2025-07-28T10:10:00,987.95,991.56,982.54,303,3.61,2025-07-28T12:00:00,983.30,TIME_STOP,1408.95,960.98
vwap,JINDALSTEL,2025-07-29,LONG,2025-07-29T10:10:00,987.15,983.28,992.95,303,3.87,2025-07-29T10:10:00,983.28,STOP,-1171.60,-1619.38
vwap,JINDALSTEL,2025-07-30,SHORT,2025-07-30T12:50:00,981.75,984.79,977.19,305,3.04,2025-07-30T13:20:00,984.79,STOP,-928.19,-1378.04
vwap,JINDALSTEL,2025-08-04,LONG,2025-08-04T10:10:00,974.00,969.72,980.42,308,4.28,2025-08-04T12:00:00,976.15,TIME_STOP,662.20,211.72
vwap,JINDALSTEL,2025-08-06,SHORT,2025-08-06T11:30:00,987.35,990.88,982.06,303,3.53,2025-08-06T13:00:00,990.88,STOP,-1068.95,-1518.50
vwap,JINDALSTEL,2025-08-07,SHORT,2025-08-07T11:00:00,988.15,992.50,981.62,303,4.35,2025-08-07T12:50:00,985.05,TIME_STOP,939.30,490.89
vwap,JINDALSTEL,2025-08-08,SHORT,2025-08-08T10:30:00,984.15,988.44,977.72,304,4.29,2025-08-08T11:40:00,977.72,TARGET,1954.81,1507.50
vwap,JINDALSTEL,2025-08-12,SHORT,2025-08-12T10:50:00,986.10,990.14,980.05,304,4.04,2025-08-12T11:00:00,990.14,STOP,-1226.77,-1677.35
vwap,JINDALSTEL,2025-08-13,SHORT,2025-08-13T13:10:00,1000.55,1004.91,994.01,299,4.36,2025-08-13T13:40:00,1004.91,STOP,-1304.08,-1753.80
vwap,JINDALSTEL,2025-08-21,SHORT,2025-08-21T12:20:00,1013.40,1016.03,1009.45,296,2.63,2025-08-21T12:20:00,1009.45,TARGET,1168.16,719.08
vwap,JINDALSTEL,2025-09-01,LONG,2025-09-01T11:30:00,956.00,952.60,961.09,313,3.40,2025-09-01T13:10:00,961.09,TARGET,1594.72,1144.68
vwap,JINDALSTEL,2025-09-05,SHORT,2025-09-05T12:30:00,1028.50,1031.61,1023.84,291,3.11,2025-09-05T13:10:00,1031.61,STOP,-904.70,-1354.32
vwap,JINDALSTEL,2025-09-11,SHORT,2025-09-11T13:30:00,1035.00,1037.71,1030.94,289,2.71,2025-09-11T14:20:00,1037.71,STOP,-782.71,-1231.97
vwap,JINDALSTEL,2025-09-12,SHORT,2025-09-12T10:40:00,1034.00,1036.66,1030.00,290,2.66,2025-09-12T11:00:00,1030.00,TARGET,1159.22,710.30
vwap,JINDALSTEL,2025-09-16,SHORT,2025-09-16T10:50:00,1039.55,1042.36,1035.34,288,2.81,2025-09-16T11:40:00,1042.36,STOP,-808.79,-1258.48
vwap,JINDALSTEL,2025-09-17,SHORT,2025-09-17T10:20:00,1045.80,1049.04,1040.94,286,3.24,2025-09-17T12:10:00,1043.70,TIME_STOP,600.60,152.40
vwap,JINDALSTEL,2025-09-19,SHORT,2025-09-19T11:50:00,1039.60,1042.63,1035.05,288,3.03,2025-09-19T12:10:00,1042.63,STOP,-873.26,-1323.03
vwap,JINDALSTEL,2025-09-22,SHORT,2025-09-22T10:40:00,1040.00,1043.02,1035.48,288,3.02,2025-09-22T12:30:00,1039.90,TIME_STOP,28.80,-420.46
vwap,JINDALSTEL,2025-09-23,LONG,2025-09-23T12:40:00,1039.75,1036.93,1043.99,288,2.82,2025-09-23T12:40:00,1043.99,TARGET,1219.78,769.70
vwap,JINDALSTEL,2025-09-24,SHORT,2025-09-24T11:30:00,1048.00,1051.97,1042.04,286,3.97,2025-09-24T12:30:00,1051.97,STOP,-1135.47,-1585.91
vwap,JINDALSTEL,2025-09-25,LONG,2025-09-25T10:40:00,1057.00,1053.13,1062.80,283,3.87,2025-09-25T10:50:00,1053.13,STOP,-1094.77,-1542.65
vwap,JINDALSTEL,2025-10-01,SHORT,2025-10-01T10:40:00,1057.30,1061.34,1051.24,283,4.04,2025-10-01T11:30:00,1061.34,STOP,-1143.69,-1593.37
vwap,JINDALSTEL,2025-10-03,LONG,2025-10-03T11:20:00,1068.50,1063.53,1075.96,280,4.97,2025-10-03T11:40:00,1075.96,TARGET,2089.38,1639.04
vwap,JINDALSTEL,2025-10-14,SHORT,2025-10-14T10:30:00,1005.40,1008.51,1000.74,298,3.11,2025-10-14T11:10:00,1000.74,TARGET,1390.11,941.74
vwap,JINDALSTEL,2025-10-15,SHORT,2025-10-15T10:30:00,996.00,999.25,991.12,301,3.25,2025-10-15T11:00:00,999.25,STOP,-978.27,-1428.69
vwap,JINDALSTEL,2025-10-17,SHORT,2025-10-17T12:50:00,1016.80,1019.45,1012.82,295,2.65,2025-10-17T12:50:00,1012.82,TARGET,1173.03,723.98
vwap,JINDALSTEL,2025-10-24,LONG,2025-10-24T10:00:00,1018.70,1015.06,1024.17,294,3.64,2025-10-24T10:10:00,1024.17,TARGET,1606.93,1156.48
vwap,JINDALSTEL,2025-10-31,SHORT,2025-10-31T10:50:00,1065.40,1069.28,1059.57,281,3.88,2025-10-31T11:40:00,1069.28,STOP,-1091.40,-1541.29
vwap,JINDALSTEL,2025-11-04,LONG,2025-11-04T14:00:00,1077.00,1074.46,1080.81,278,2.54,2025-11-04T14:10:00,1074.46,STOP,-705.79,-1154.37
vwap,JINDALSTEL,2025-11-06,SHORT,2025-11-06T10:00:00,1067.00,1071.76,1059.87,281,4.76,2025-11-06T11:00:00,1059.87,TARGET,2004.40,1556.17
vwap,JINDALSTEL,2025-11-07,LONG,2025-11-07T11:30:00,1054.40,1048.50,1063.25,284,5.90,2025-11-07T12:50:00,1063.25,TARGET,2514.82,2063.76
vwap,JINDALSTEL,2025-11-11,LONG,2025-11-11T12:40:00,1075.00,1071.62,1080.07,279,3.38,2025-11-11T13:00:00,1071.62,STOP,-942.34,-1391.52
vwap,JINDALSTEL,2025-11-12,SHORT,2025-11-12T13:00:00,1076.80,1079.53,1072.70,278,2.73,2025-11-12T14:20:00,1072.70,TARGET,1139.27,691.10
vwap,JINDALSTEL,2025-11-14,SHORT,2025-11-14T13:10:00,1081.40,1084.77,1076.34,277,3.37,2025-11-14T13:10:00,1084.77,STOP,-933.79,-1383.81
vwap,JINDALSTEL,2025-11-19,LONG,2025-11-19T12:30:00,1075.10,1071.93,1079.86,279,3.17,2025-11-19T13:40:00,1071.93,STOP,-885.03,-1334.30
vwap,JINDALSTEL,2025-11-20,LONG,2025-11-20T10:10:00,1073.00,1069.00,1079.00,279,4.00,2025-11-20T11:20:00,1069.00,STOP,-1115.51,-1563.72
vwap,JINDALSTEL,2025-11-27,SHORT,2025-11-27T12:20:00,1039.30,1042.20,1034.96,288,2.90,2025-11-27T12:30:00,1034.96,TARGET,1250.85,802.81
vwap,JINDALSTEL,2025-12-01,SHORT,2025-12-01T11:00:00,1042.00,1045.27,1037.09,287,3.27,2025-12-01T11:20:00,1045.27,STOP,-938.70,-1387.98
vwap,JINDALSTEL,2025-12-02,SHORT,2025-12-02T11:10:00,1043.10,1046.09,1038.61,287,2.99,2025-12-02T12:50:00,1038.61,TARGET,1287.65,839.56
vwap,JINDALSTEL,2025-12-05,LONG,2025-12-05T13:30:00,1006.40,1002.54,1012.19,298,3.86,2025-12-05T14:50:00,1002.54,STOP,-1151.05,-1600.05
vwap,JINDALSTEL,2025-12-08,SHORT,2025-12-08T10:10:00,1001.80,1005.36,996.47,299,3.56,2025-12-08T10:40:00,1005.36,STOP,-1063.28,-1513.38
vwap,JINDALSTEL,2025-12-09,LONG,2025-12-09T11:40:00,1000.10,995.68,1006.73,299,4.42,2025-12-09T13:30:00,1004.40,TIME_STOP,1285.70,836.19
vwap,JINDALSTEL,2025-12-11,LONG,2025-12-11T10:40:00,1011.00,1007.34,1016.50,296,3.66,2025-12-11T11:00:00,1007.34,STOP,-1084.59,-1532.66
vwap,JINDALSTEL,2025-12-16,SHORT,2025-12-16T10:00:00,1016.20,1019.42,1011.38,295,3.22,2025-12-16T10:30:00,1011.38,TARGET,1422.94,974.34
vwap,JINDALSTEL,2025-12-19,SHORT,2025-12-19T11:10:00,982.80,986.42,977.37,305,3.62,2025-12-19T11:20:00,986.42,STOP,-1103.26,-1553.71
vwap,JINDALSTEL,2025-12-22,SHORT,2025-12-22T13:40:00,999.50,1002.02,995.72,300,2.52,2025-12-22T14:00:00,1002.02,STOP,-756.55,-1206.89
vwap,JINDALSTEL,2025-12-24,SHORT,2025-12-24T11:40:00,1001.20,1003.80,997.30,299,2.60,2025-12-24T12:10:00,1003.80,STOP,-777.51,-1227.13
vwap,JINDALSTEL,2025-12-29,SHORT,2025-12-29T13:20:00,992.90,996.49,987.52,302,3.59,2025-12-29T15:10:00,990.60,TIME_STOP,694.60,245.34
vwap,JINDALSTEL,2025-12-30,LONG,2025-12-30T10:30:00,1006.90,1003.16,1012.50,297,3.74,2025-12-30T10:30:00,1003.16,STOP,-1109.37,-1557.12
vwap,JINDALSTEL,2026-01-05,SHORT,2026-01-05T14:10:00,1077.20,1080.07,1072.90,278,2.87,2026-01-05T14:30:00,1080.07,STOP,-797.86,-1247.65
vwap,JINDALSTEL,2026-01-12,LONG,2026-01-12T12:40:00,1023.60,1018.66,1031.02,293,4.94,2026-01-12T13:50:00,1018.66,STOP,-1448.60,-1897.39
vwap,JINDALSTEL,2026-01-13,SHORT,2026-01-13T12:40:00,1021.90,1025.72,1016.17,293,3.82,2026-01-13T13:00:00,1016.17,TARGET,1678.05,1230.19
vwap,JINDALSTEL,2026-01-14,LONG,2026-01-14T10:20:00,1021.90,1018.05,1027.67,293,3.85,2026-01-14T10:20:00,1027.67,TARGET,1690.65,1240.25
vwap,JINDALSTEL,2026-01-20,SHORT,2026-01-20T10:30:00,1048.50,1053.17,1041.49,286,4.67,2026-01-20T10:40:00,1053.17,STOP,-1336.36,-1787.17
vwap,JINDALSTEL,2026-01-23,SHORT,2026-01-23T11:40:00,1063.60,1069.36,1054.96,282,5.76,2026-01-23T12:10:00,1069.36,STOP,-1623.49,-2074.61
vwap,JINDALSTEL,2026-01-27,LONG,2026-01-27T13:20:00,1074.60,1070.56,1080.66,279,4.04,2026-01-27T13:40:00,1070.56,STOP,-1126.66,-1575.53
vwap,JINDALSTEL,2026-02-05,LONG,2026-02-05T11:30:00,1175.30,1170.86,1181.96,255,4.44,2026-02-05T11:40:00,1181.96,TARGET,1697.43,1246.61
vwap,JINDALSTEL,2026-02-06,SHORT,2026-02-06T10:20:00,1167.30,1171.68,1160.72,257,4.38,2026-02-06T11:00:00,1171.68,STOP,-1126.84,-1577.68
vwap,JINDALSTEL,2026-02-11,SHORT,2026-02-11T10:10:00,1191.10,1195.15,1185.03,251,4.05,2026-02-11T10:20:00,1192.70,REVERSE,-401.60,-850.35
vwap,JINDALSTEL,2026-02-12,LONG,2026-02-12T11:20:00,1194.70,1191.01,1200.23,251,3.69,2026-02-12T12:40:00,1200.23,TARGET,1389.10,938.25
vwap,JINDALSTEL,2026-02-19,SHORT,2026-02-19T10:20:00,1215.20,1219.46,1208.81,246,4.26,2026-02-19T12:10:00,1214.80,TIME_STOP,98.40,-349.93
vwap,JINDALSTEL,2026-02-20,LONG,2026-02-20T10:40:00,1224.10,1218.79,1232.07,245,5.31,2026-02-20T12:30:00,1226.30,TIME_STOP,539.00,88.74
vwap,JINDALSTEL,2026-02-24,SHORT,2026-02-24T13:10:00,1217.70,1220.70,1213.20,246,3.00,2026-02-24T13:30:00,1213.20,TARGET,1107.65,659.15
vwap,JINDALSTEL,2026-02-27,SHORT,2026-02-27T10:20:00,1250.70,1255.36,1243.71,239,4.66,2026-02-27T12:00:00,1255.36,STOP,-1114.51,-1563.72
vwap,JINDALSTEL,2026-03-06,LONG,2026-03-06T10:20:00,1188.20,1182.50,1196.76,252,5.70,2026-03-06T12:10:00,1185.60,TIME_STOP,-655.20,-1103.85
vwap,JINDALSTEL,2026-03-12,LONG,2026-03-12T11:10:00,1194.80,1189.38,1202.93,251,5.42,2026-03-12T11:30:00,1202.93,TARGET,2041.22,1589.85
vwap,LT,2024-03-18,LONG,2024-03-18T10:30:00,3560.40,3534.35,3599.47,84,26.05,2024-03-18T10:40:00,3549.20,REVERSE,-940.80,-1388.70
vwap,LT,2024-03-20,SHORT,2024-03-20T10:20:00,3501.10,3511.21,3485.93,85,10.11,2024-03-20T11:00:00,3511.21,STOP,-859.65,-1306.69
vwap,LT,2024-04-02,SHORT,2024-04-02T11:10:00,3805.10,3818.42,3785.12,78,13.32,2024-04-02T11:40:00,3785.12,TARGET,1558.80,1114.77
vwap,LT,2024-04-04,LONG,2024-04-04T13:10:00,3784.15,3771.11,3803.72,79,13.04,2024-04-04T13:20:00,3803.72,TARGET,1545.80,1096.22
vwap,LT,2024-04-18,LONG,2024-04-18T12:20:00,3610.00,3597.81,3628.29,83,12.19,2024-04-18T12:40:00,3597.81,STOP,-1012.18,-1460.86
vwap,LT,2024-04-23,SHORT,2024-04-23T13:50:00,3594.00,3601.17,3583.25,83,7.17,2024-04-23T14:30:00,3601.17,STOP,-594.76,-1042.66
vwap,LT,2024-04-26,SHORT,2024-04-26T10:10:00,3626.00,3638.49,3607.27,82,12.49,2024-04-26T12:00:00,3621.40,TIME_STOP,377.20,-68.52
vwap,LT,2024-04-29,SHORT,2024-04-29T14:00:00,3618.05,3627.18,3604.35,82,9.13,2024-04-29T14:00:00,3627.18,STOP,-748.84,-1194.43
vwap,LT,2024-04-30,SHORT,2024-04-30T13:10:00,3633.15,3639.71,3623.32,82,6.56,2024-04-30T13:30:00,3639.71,STOP,-537.61,-984.89
vwap,LT,2024-05-07,LONG,2024-05-07T12:30:00,3486.65,3474.47,3504.92,86,12.18,2024-05-07T12:40:00,3474.47,STOP,-1047.46,-1496.45
vwap,LT,2024-05-08,LONG,2024-05-08T12:10:00,3451.05,3433.68,3477.11,86,17.37,2024-05-08T14:00:00,3469.85,TIME_STOP,1616.80,1170.40
vwap,LT,2024-05-13,LONG,2024-05-13T12:30:00,3294.10,3281.41,3313.14,91,12.69,2024-05-13T13:00:00,3313.14,TARGET,1732.66,1281.72
vwap,LT,2024-05-16,SHORT,2024-05-16T13:50:00,3391.00,3402.63,3373.55,88,11.63,2024-05-16T14:00:00,3402.63,STOP,-1023.77,-1472.15
vwap,LT,2024-05-22,LONG,2024-05-22T10:20:00,3463.00,3453.05,3477.92,86,9.95,2024-05-22T11:50:00,3453.05,STOP,-855.53,-1301.62
vwap,LT,2024-05-27,SHORT,2024-05-27T10:30:00,3617.75,3630.63,3598.43,82,12.88,2024-05-27T10:30:00,3630.63,STOP,-1056.26,-1502.03
vwap,LT,2024-05-28,SHORT,2024-05-28T11:30:00,3654.60,3665.18,3638.74,82,10.58,2024-05-28T13:00:00,3665.18,STOP,-867.21,-1317.38
vwap,LT,2024-05-29,LONG,2024-05-29T13:50:00,3646.55,3637.65,3659.90,82,8.90,2024-05-29T14:50:00,3637.65,STOP,-729.86,-1177.84
vwap,LT,2024-05-30,LONG,2024-05-30T13:10:00,3642.80,3633.97,3656.05,82,8.83,2024-05-30T13:20:00,3633.97,STOP,-724.39,-1171.91
vwap,LT,2024-06-04,SHORT,2024-06-04T11:10:00,3571.95,3611.42,3512.74,63,39.47,2024-06-04T11:10:00,3512.74,TARGET,3729.96,3395.21
vwap,LT,2024-06-05,LONG,2024-06-05T14:10:00,3376.30,3344.58,3423.88,78,31.72,2024-06-05T15:10:00,3423.88,TARGET,3711.25,3313.44
vwap,LT,2024-06-14,SHORT,2024-06-14T12:30:00,3686.70,3694.90,3674.39,81,8.20,2024-06-14T14:20:00,3681.50,TIME_STOP,421.20,-26.42
vwap,LT,2024-06-18,SHORT,2024-06-18T14:00:00,3690.90,3698.01,3680.23,81,7.11,2024-06-18T15:20:00,3691.45,EOD,-44.55,-493.03
vwap,LT,2024-06-24,LONG,2024-06-24T11:30:00,3553.80,3540.15,3574.28,84,13.65,2024-06-24T12:50:00,3540.15,STOP,-1146.98,-1593.90
vwap,LT,2024-06-25,LONG,2024-06-25T11:50:00,3552.05,3541.49,3567.89,84,10.56,2024-06-25T12:00:00,3567.89,TARGET,1330.80,882.24
vwap,LT,2024-07-04,SHORT,2024-07-04T11:10:00,3617.15,3626.13,3603.68,82,8.98,2024-07-04T12:10:00,3626.13,STOP,-736.21,-1181.67
vwap,LT,2024-07-08,SHORT,2024-07-08T12:00:00,3602.80,3615.89,3583.16,83,13.09,2024-07-08T12:40:00,3615.89,STOP,-1086.87,-1536.23
vwap,LT,2024-07-10,SHORT,2024-07-10T10:10:00,3660.00,3669.87,3645.19,81,9.87,2024-07-10T10:10:00,3645.19,TARGET,1199.57,755.78
vwap,LT,2024-07-11,SHORT,2024-07-11T12:10:00,3641.55,3652.63,3624.94,82,11.08,2024-07-11T12:30:00,3624.94,TARGET,1362.42,915.53
vwap,LT,2024-07-12,LONG,2024-07-12T11:10:00,3657.75,3644.73,3677.27,82,13.02,2024-07-12T11:20:00,3644.73,STOP,-1067.32,-1516.42
vwap,LT,2024-07-18,LONG,2024-07-18T12:40:00,3650.50,3641.02,3664.72,82,9.48,2024-07-18T13:10:00,3664.72,TARGET,1166.41,716.53
vwap,LT,2024-07-19,SHORT,2024-07-19T10:10:00,3632.15,3643.07,3615.77,82,10.92,2024-07-19T11:30:00,3643.07,STOP,-895.62,-1343.04
vwap,LT,2024-07-22,LONG,2024-07-22T11:10:00,3637.80,3624.41,3657.88,82,13.39,2024-07-22T12:30:00,3624.41,STOP,-1097.65,-1544.28
vwap,LT,2024-07-23,SHORT,2024-07-23T12:10:00,3555.65,3580.23,3518.79,84,24.58,2024-07-23T12:20:00,3518.79,TARGET,3096.45,2650.76
vwap,LT,2024-08-01,SHORT,2024-08-01T12:10:00,3792.00,3801.49,3777.76,79,9.49,2024-08-01T12:40:00,3777.76,TARGET,1124.58,676.07
vwap,LT,2024-08-09,SHORT,2024-08-09T12:40:00,3578.15,3586.13,3566.18,83,7.98,2024-08-09T13:00:00,3586.13,STOP,-662.59,-1108.57
vwap,LT,2024-08-12,LONG,2024-08-12T11:10:00,3596.80,3587.08,3611.38,83,9.72,2024-08-12T11:40:00,3587.08,STOP,-806.69,-1253.88
vwap,LT,2024-08-13,SHORT,2024-08-13T12:40:00,3581.00,3587.56,3571.16,83,6.56,2024-08-13T13:00:00,3571.16,TARGET,817.10,371.88
vwap,LT,2024-08-16,LONG,2024-08-16T13:10:00,3563.95,3554.84,3577.62,84,9.11,2024-08-16T13:50:00,3577.62,TARGET,1148.41,698.49
vwap,LT,2024-08-19,SHORT,2024-08-19T10:40:00,3560.90,3569.03,3548.71,84,8.13,2024-08-19T10:50:00,3548.71,TARGET,1024.37,576.47
vwap,LT,2024-08-20,LONG,2024-08-20T10:00:00,3564.95,3557.68,3575.85,84,7.27,2024-08-20T10:20:00,3575.85,TARGET,915.46,465.59
vwap,LT,2024-08-23,SHORT,2024-08-23T12:40:00,3599.35,3605.30,3590.43,83,5.95,2024-08-23T13:20:00,3590.43,TARGET,740.61,293.05
vwap,LT,2024-08-28,SHORT,2024-08-28T10:30:00,3693.95,3703.56,3679.53,81,9.61,2024-08-28T11:40:00,3703.56,STOP,-778.71,-1228.11
vwap,LT,2024-08-29,LONG,2024-08-29T10:30:00,3704.05,3695.06,3717.54,80,8.99,2024-08-29T11:50:00,3695.06,STOP,-719.49,-1163.44
vwap,LT,2024-09-02,SHORT,2024-09-02T12:40:00,3683.65,3694.08,3668.00,81,10.43,2024-09-02T13:00:00,3668.00,TARGET,1267.61,820.99
vwap,LT,2024-09-03,LONG,2024-09-03T12:30:00,3683.75,3677.55,3693.05,81,6.20,2024-09-03T12:30:00,3693.05,TARGET,752.98,304.84
vwap,LT,2024-09-09,LONG,2024-09-09T10:10:00,3581.45,3570.05,3598.55,83,11.40,2024-09-09T10:20:00,3570.05,STOP,-946.05,-1391.23
vwap,LT,2024-09-19,SHORT,2024-09-19T10:40:00,3712.30,3723.36,3695.71,80,11.06,2024-09-19T11:10:00,3695.71,TARGET,1327.34,882.86
vwap,LT,2024-10-04,LONG,2024-10-04T12:20:00,3552.80,3538.51,3574.23,84,14.29,2024-10-04T12:20:00,3538.51,STOP,-1199.97,-1646.72
vwap,LT,2024-10-10,SHORT,2024-10-10T11:30:00,3507.60,3518.43,3491.36,85,10.83,2024-10-10T12:40:00,3491.36,TARGET,1380.68,934.50
vwap,LT,2024-10-11,LONG,2024-10-11T12:20:00,3488.15,3479.50,3501.12,86,8.65,2024-10-11T12:30:00,3479.50,STOP,-743.82,-1193.24
vwap,LT,2024-10-15,SHORT,2024-10-15T10:10:00,3534.10,3543.41,3520.14,84,9.31,2024-10-15T10:40:00,3543.41,STOP,-781.65,-1227.53
vwap,LT,2024-10-16,SHORT,2024-10-16T11:20:00,3539.65,3549.79,3524.44,84,10.14,2024-10-16T11:40:00,3524.44,TARGET,1278.05,833.01
vwap,LT,2024-11-04,SHORT,2024-11-04T10:10:00,3587.50,3603.65,3563.28,83,16.15,2024-11-04T11:00:00,3563.28,TARGET,2010.55,1565.42
vwap,LT,2024-11-05,LONG,2024-11-05T14:10:00,3565.00,3555.21,3579.68,84,9.79,2024-11-05T14:30:00,3579.68,TARGET,1233.17,783.06
vwap,LT,2024-11-11,LONG,2024-11-11T11:30:00,3660.10,3651.20,3673.45,81,8.90,2024-11-11T12:00:00,3651.20,STOP,-720.98,-1165.14
vwap,LT,2024-11-12,LONG,2024-11-12T12:00:00,3635.55,3624.29,3652.45,82,11.26,2024-11-12T12:50:00,3624.29,STOP,-923.67,-1370.15
vwap,LT,2024-11-22,SHORT,2024-11-22T10:00:00,3484.60,3498.56,3463.66,86,13.96,2024-11-22T10:00:00,3498.56,STOP,-1200.58,-1650.99
vwap,LT,2024-12-10,SHORT,2024-12-10T10:50:00,3926.40,3937.12,3910.32,76,10.72,2024-12-10T11:00:00,3937.12,STOP,-814.65,-1262.87
vwap,LT,2024-12-11,LONG,2024-12-11T10:40:00,3931.05,3920.07,3947.52,76,10.98,2024-12-11T12:20:00,3920.07,STOP,-834.34,-1281.85
vwap,LT,2024-12-13,LONG,2024-12-13T13:40:00,3875.95,3859.72,3900.30,77,16.23,2024-12-13T15:20:00,3894.95,EOD,1463.00,1014.23
vwap,LT,2024-12-16,SHORT,2024-12-16T11:40:00,3869.65,3882.44,3850.46,77,12.79,2024-12-16T13:30:00,3875.00,TIME_STOP,-411.95,-859.20
vwap,LT,2024-12-24,LONG,2024-12-24T10:20:00,3664.10,3652.72,3681.17,81,11.38,2024-12-24T11:10:00,3652.72,STOP,-922.03,-1366.53
vwap,LT,2024-12-31,LONG,2024-12-31T12:10:00,3595.70,3583.18,3614.48,83,12.52,2024-12-31T14:00:00,3614.48,TARGET,1558.98,1110.15
vwap,LT,2025-01-03,SHORT,2025-01-03T10:20:00,3683.30,3694.63,3666.31,81,11.33,2025-01-03T11:00:00,3694.63,STOP,-917.67,-1365.88
vwap,LT,2025-01-07,LONG,2025-01-07T13:40:00,3630.90,3620.55,3646.43,82,10.35,2025-01-07T15:20:00,3646.43,TARGET,1273.25,825.69
vwap,LT,2025-01-08,SHORT,2025-01-08T10:50:00,3608.00,3620.02,3589.98,83,12.02,2025-01-08T12:40:00,3613.00,TIME_STOP,-415.00,-864.51
vwap,LT,2025-01-10,LONG,2025-01-10T12:00:00,3532.60,3518.76,3553.36,84,13.84,2025-01-10T13:50:00,3530.40,TIME_STOP,-184.80,-629.77
vwap,LT,2025-01-16,SHORT,2025-01-16T10:30:00,3486.10,3496.66,3470.26,86,10.56,2025-01-16T10:40:00,3496.66,STOP,-908.38,-1358.76
vwap,LT,2025-01-23,LONG,2025-01-23T12:30:00,3524.85,3513.63,3541.68,85,11.22,2025-01-23T13:30:00,3513.63,STOP,-953.98,-1402.68
vwap,LT,2025-01-24,LONG,2025-01-24T12:10:00,3503.85,3493.81,3518.92,85,10.04,2025-01-24T12:30:00,3493.81,STOP,-853.82,-1299.92
vwap,LT,2025-01-28,SHORT,2025-01-28T10:10:00,3440.10,3454.69,3418.21,87,14.59,2025-01-28T10:10:00,3418.21,TARGET,1904.50,1456.99
vwap,LT,2025-01-30,SHORT,2025-01-30T12:30:00,3420.80,3438.97,3393.54,87,18.17,2025-01-30T14:20:00,3425.05,TIME_STOP,-369.75,-816.44
vwap,LT,2025-02-01,SHORT,2025-02-01T12:10:00,3522.05,3548.03,3483.09,85,25.98,2025-02-01T12:20:00,3483.09,TARGET,3311.98,2865.40
vwap,LT,2025-02-05,SHORT,2025-02-05T12:50:00,3419.70,3430.18,3403.98,87,10.48,2025-02-05T14:10:00,3403.98,TARGET,1367.64,922.40
vwap,LT,2025-02-11,SHORT,2025-02-11T10:00:00,3305.00,3316.34,3288.00,90,11.34,2025-02-11T11:50:00,3300.00,TIME_STOP,450.00,4.16
vwap,LT,2025-02-12,LONG,2025-02-12T11:50:00,3278.95,3265.80,3298.68,91,13.15,2025-02-12T13:30:00,3298.68,TARGET,1795.22,1346.29
vwap,LT,2025-02-18,LONG,2025-02-18T12:50:00,3219.05,3211.27,3230.72,93,7.78,2025-02-18T13:40:00,3230.72,TARGET,1085.07,635.20
vwap,LT,2025-02-24,SHORT,2025-02-24T11:40:00,3302.00,3311.02,3288.47,90,9.02,2025-02-24T12:00:00,3288.47,TARGET,1217.91,773.06
vwap,LT,2025-03-03,SHORT,2025-03-03T11:50:00,3168.95,3180.43,3151.73,94,11.48,2025-03-03T12:10:00,3180.43,STOP,-1079.16,-1526.79
vwap,LT,2025-03-04,LONG,2025-03-04T11:10:00,3200.00,3191.01,3213.48,93,8.99,2025-03-04T12:40:00,3213.48,TARGET,1253.52,806.18
vwap,LT,2025-03-07,SHORT,2025-03-07T12:30:00,3246.50,3255.08,3233.62,92,8.58,2025-03-07T12:30:00,3255.08,STOP,-789.68,-1238.29
vwap,LT,2025-03-17,SHORT,2025-03-17T11:10:00,3194.50,3204.21,3179.94,93,9.71,2025-03-17T12:20:00,3179.94,TARGET,1354.39,909.77
vwap,LT,2025-03-20,LONG,2025-03-20T11:10:00,3302.90,3293.37,3317.20,90,9.53,2025-03-20T13:00:00,3309.35,TIME_STOP,580.50,134.17
vwap,LT,2025-03-25,SHORT,2025-03-25T11:30:00,3468.75,3479.65,3452.40,86,10.90,2025-03-25T11:50:00,3452.40,TARGET,1405.86,959.45
vwap,LT,2025-04-02,LONG,2025-04-02T11:20:00,3451.70,3440.44,3468.59,86,11.26,2025-04-02T11:30:00,3440.44,STOP,-968.26,-1412.80
vwap,LT,2025-04-09,SHORT,2025-04-09T10:00:00,3122.50,3142.46,3092.56,96,19.96,2025-04-09T11:50:00,3117.35,TIME_STOP,494.40,45.13
vwap,LT,2025-04-16,SHORT,2025-04-16T13:40:00,3235.90,3243.36,3224.71,92,7.46,2025-04-16T15:10:00,3224.71,TARGET,1029.83,584.04
vwap,LT,2025-04-17,LONG,2025-04-17T13:20:00,3220.50,3209.34,3237.24,93,11.16,2025-04-17T13:50:00,3237.24,TARGET,1556.64,1106.21
vwap,LT,2025-04-22,SHORT,2025-04-22T10:40:00,3269.60,3277.78,3257.33,91,8.18,2025-04-22T11:30:00,3257.33,TARGET,1116.64,671.18
vwap,LT,2025-04-24,SHORT,2025-04-24T11:50:00,3285.00,3292.47,3273.79,91,7.47,2025-04-24T12:30:00,3292.47,STOP,-679.95,-1128.86
vwap,LT,2025-04-25,SHORT,2025-04-25T10:10:00,3260.80,3272.92,3242.62,92,12.12,2025-04-25T10:10:00,3272.92,STOP,-1114.87,-1565.69
vwap,LT,2025-04-29,SHORT,2025-04-29T13:20:00,3333.00,3341.46,3320.31,90,8.46,2025-04-29T14:10:00,3320.31,TARGET,1142.26,693.16
vwap,LT,2025-04-30,LONG,2025-04-30T10:00:00,3351.20,3341.20,3366.20,89,10.00,2025-04-30T10:00:00,3341.20,STOP,-889.71,-1336.43
vwap,LT,2025-05-02,SHORT,2025-05-02T11:50:00,3336.10,3347.00,3319.76,89,10.90,2025-05-02T12:20:00,3347.00,STOP,-969.71,-1415.81
vwap,LT,2025-05-06,LONG,2025-05-06T12:50:00,3334.00,3325.34,3346.99,89,8.66,2025-05-06T13:00:00,3346.99,TARGET,1156.37,710.41
vwap,LT,2025-05-07,LONG,2025-05-07T12:50:00,3335.90,3325.78,3351.09,89,10.12,2025-05-07T13:00:00,3325.78,STOP,-901.03,-1345.70
vwap,LT,2025-05-14,SHORT,2025-05-14T14:10:00,3577.50,3585.96,3564.81,83,8.46,2025-05-14T15:20:00,3580.90,EOD,-282.20,-727.81
vwap,LT,2025-05-15,LONG,2025-05-15T13:20:00,3600.80,3588.23,3619.65,83,12.57,2025-05-15T13:40:00,3619.65,TARGET,1564.40,1114.93
vwap,LT,2025-05-16,SHORT,2025-05-16T12:20:00,3605.90,3615.58,3591.38,83,9.68,2025-05-16T12:30:00,3610.10,REVERSE,-348.60,-797.80
vwap,LT,2025-05-19,SHORT,2025-05-19T11:30:00,3600.80,3608.91,3588.63,83,8.11,2025-05-19T11:50:00,3608.91,STOP,-673.23,-1122.03
vwap,LT,2025-05-20,SHORT,2025-05-20T12:00:00,3596.30,3605.30,3582.80,83,9.00,2025-05-20T12:40:00,3605.30,STOP,-746.87,-1195.17
vwap,LT,2025-05-27,LONG,2025-05-27T11:50:00,3653.00,3639.81,3672.79,82,13.19,2025-05-27T12:20:00,3639.81,STOP,-1081.89,-1530.40
vwap,LT,2025-06-02,LONG,2025-06-02T12:40:00,3678.70,3669.13,3693.06,81,9.57,2025-06-02T13:40:00,3693.06,TARGET,1163.02,715.19
vwap,LT,2025-06-04,SHORT,2025-06-04T11:00:00,3633.20,3643.05,3618.43,82,9.85,2025-06-04T12:50:00,3622.00,TIME_STOP,918.40,472.21
vwap,LT,2025-06-05,LONG,2025-06-05T11:30:00,3640.10,3632.41,3651.64,82,7.69,2025-06-05T11:50:00,3651.64,TARGET,946.35,497.91
vwap,LT,2025-06-11,LONG,2025-06-11T11:00:00,3687.10,3679.70,3698.20,81,7.40,2025-06-11T11:00:00,3679.70,STOP,-599.35,-1046.88
vwap,LT,2025-06-12,SHORT,2025-06-12T10:10:00,3668.00,3676.19,3655.71,81,8.19,2025-06-12T10:30:00,3676.19,STOP,-663.50,-1109.66
vwap,LT,2025-06-18,SHORT,2025-06-18T11:10:00,3610.00,3617.02,3599.46,83,7.02,2025-06-18T11:30:00,3599.46,TARGET,874.51,425.72
vwap,LT,2025-06-24,SHORT,2025-06-24T13:50:00,3613.30,3626.98,3592.78,83,13.68,2025-06-24T15:20:00,3613.40,EOD,-8.30,-458.16
vwap,LT,2025-06-25,LONG,2025-06-25T13:50:00,3633.80,3625.14,3646.79,82,8.66,2025-06-25T13:50:00,3625.14,STOP,-710.09,-1156.51
vwap,LT,2025-07-03,LONG,2025-07-03T11:00:00,3621.00,3613.69,3631.97,82,7.31,2025-07-03T11:10:00,3613.69,STOP,-599.58,-1044.51
vwap,LT,2025-07-07,SHORT,2025-07-07T11:40:00,3589.20,3596.91,3577.64,83,7.71,2025-07-07T13:00:00,3592.50,REVERSE,-273.90,-720.96
vwap,LT,2025-07-10,LONG,2025-07-10T10:40:00,3585.30,3579.78,3593.57,83,5.52,2025-07-10T10:40:00,3579.78,STOP,-457.87,-903.90
vwap,LT,2025-07-15,LONG,2025-07-15T11:10:00,3514.80,3507.16,3526.26,85,7.64,2025-07-15T11:40:00,3507.16,STOP,-649.26,-1096.91
vwap,LT,2025-07-17,SHORT,2025-07-17T11:00:00,3490.00,3496.89,3479.66,85,6.89,2025-07-17T11:10:00,3479.66,TARGET,878.94,434.62
vwap,LT,2025-07-21,LONG,2025-07-21T10:20:00,3477.00,3469.24,3488.64,86,7.76,2025-07-21T10:30:00,3488.64,TARGET,1000.94,551.66
vwap,LT,2025-07-23,SHORT,2025-07-23T10:40:00,3463.20,3469.66,3453.51,86,6.46,2025-07-23T12:30:00,3463.00,TIME_STOP,17.20,-429.54
vwap,LT,2025-07-25,SHORT,2025-07-25T10:20:00,3456.50,3463.15,3446.52,86,6.65,2025-07-25T11:20:00,3463.15,STOP,-572.08,-1018.39
vwap,LT,2025-07-29,LONG,2025-07-29T11:20:00,3441.50,3431.01,3457.24,87,10.49,2025-07-29T11:40:00,3457.24,TARGET,1369.29,919.14
vwap,LT,2025-08-05,SHORT,2025-08-05T10:00:00,3614.40,3622.78,3601.84,83,8.38,2025-08-05T10:20:00,3622.78,STOP,-695.26,-1145.78
vwap,LT,2025-08-06,SHORT,2025-08-06T11:40:00,3629.90,3637.55,3618.43,82,7.65,2025-08-06T11:40:00,3637.55,STOP,-626.95,-1073.90
vwap,LT,2025-08-08,SHORT,2025-08-08T13:20:00,3629.20,3636.20,3618.70,82,7.00,2025-08-08T14:10:00,3618.70,TARGET,860.89,415.14
vwap,LT,2025-08-11,LONG,2025-08-11T10:40:00,3637.80,3628.71,3651.44,82,9.09,2025-08-11T11:40:00,3628.71,STOP,-745.65,-1192.54
vwap,LT,2025-08-13,LONG,2025-08-13T10:00:00,3698.30,3688.79,3712.56,81,9.51,2025-08-13T11:00:00,3712.56,TARGET,1155.02,704.81
vwap,LT,2025-08-14,LONG,2025-08-14T14:10:00,3682.00,3674.51,3693.24,81,7.49,2025-08-14T14:10:00,3674.51,STOP,-606.91,-1053.82
vwap,LT,2025-08-21,LONG,2025-08-21T10:00:00,3628.40,3620.12,3640.82,82,8.28,2025-08-21T10:20:00,3640.82,TARGET,1018.32,571.26
vwap,LT,2025-08-22,SHORT,2025-08-22T10:50:00,3614.50,3622.54,3602.44,82,8.04,2025-08-22T12:10:00,3602.44,TARGET,988.74,544.90
vwap,LT,2025-08-28,LONG,2025-08-28T11:20:00,3570.10,3560.97,3583.80,84,9.13,2025-08-28T12:20:00,3560.97,STOP,-767.27,-1216.52
vwap,LT,2025-09-01,SHORT,2025-09-01T10:30:00,3585.90,3594.98,3572.28,83,9.08,2025-09-01T10:50:00,3594.98,STOP,-753.66,-1200.67
vwap,LT,2025-09-04,SHORT,2025-09-04T12:30:00,3581.10,3590.13,3567.55,83,9.03,2025-09-04T12:40:00,3590.13,STOP,-749.79,-1196.20
vwap,LT,2025-09-05,SHORT,2025-09-05T10:20:00,3577.00,3586.97,3562.04,83,9.97,2025-09-05T12:10:00,3565.00,TIME_STOP,996.00,551.41
vwap,LT,2025-09-11,SHORT,2025-09-11T12:50:00,3535.60,3541.15,3527.27,84,5.55,2025-09-11T13:30:00,3541.15,STOP,-466.57,-912.40
vwap,LT,2025-09-19,SHORT,2025-09-19T12:30:00,3683.60,3689.91,3674.13,81,6.31,2025-09-19T14:20:00,3679.50,TIME_STOP,332.10,-115.21
vwap,LT,2025-09-23,LONG,2025-09-23T13:10:00,3647.70,3641.41,3657.14,82,6.29,2025-09-23T13:40:00,3657.14,TARGET,774.26,325.01
vwap,LT,2025-09-25,SHORT,2025-09-25T11:00:00,3677.00,3686.32,3663.02,81,9.32,2025-09-25T11:30:00,3686.32,STOP,-755.11,-1202.44
vwap,LT,2025-10-01,LONG,2025-10-01T13:00:00,3658.40,3648.85,3672.72,82,9.55,2025-10-01T14:50:00,3672.72,TARGET,1174.49,723.63
vwap,LT,2025-10-07,SHORT,2025-10-07T11:30:00,3730.40,3738.80,3717.80,80,8.40,2025-10-07T11:30:00,3738.80,STOP,-671.81,-1119.96
vwap,LT,2025-10-08,LONG,2025-10-08T10:10:00,3752.90,3742.29,3768.82,79,10.61,2025-10-08T11:00:00,3742.29,STOP,-838.23,-1282.32
vwap,LT,2025-10-14,SHORT,2025-10-14T10:10:00,3760.60,3769.81,3746.79,79,9.21,2025-10-14T10:20:00,3769.81,STOP,-727.57,-1173.75
vwap,LT,2025-10-17,SHORT,2025-10-17T12:40:00,3854.90,3861.69,3844.72,77,6.79,2025-10-17T13:00:00,3844.72,TARGET,784.07,339.42
vwap,LT,2025-10-21,LONG,2025-10-21T14:10:00,3890.50,3879.82,3906.52,77,10.68,2025-10-21T14:40:00,3885.00,EOD_FORCED,-423.50,-872.54
vwap,LT,2025-10-29,SHORT,2025-10-29T13:00:00,3943.40,3957.00,3923.00,76,13.60,2025-10-29T13:10:00,3923.00,TARGET,1550.08,1101.69
vwap,LT,2025-11-03,SHORT,2025-11-03T11:30:00,4022.20,4030.25,4010.12,74,8.05,2025-11-03T12:00:00,4010.12,TARGET,893.94,448.15
vwap,LT,2025-11-07,LONG,2025-11-07T13:50:00,3889.00,3877.85,3905.72,77,11.15,2025-11-07T14:00:00,3877.85,STOP,-858.42,-1306.95
vwap,LT,2025-11-11,SHORT,2025-11-11T10:20:00,3917.50,3926.26,3904.37,76,8.76,2025-11-11T10:40:00,3904.37,TARGET,998.25,552.40
vwap,LT,2025-11-12,SHORT,2025-11-12T14:00:00,3945.20,3952.53,3934.20,76,7.33,2025-11-12T14:00:00,3949.90,REVERSE,-357.20,-807.22
vwap,LT,2025-11-18,SHORT,2025-11-18T10:10:00,4005.60,4014.01,3992.98,74,8.41,2025-11-18T10:30:00,3992.98,TARGET,934.04,490.12
vwap,LT,2025-11-19,LONG,2025-11-19T11:50:00,4014.00,4005.37,4026.94,74,8.63,2025-11-19T12:50:00,4005.37,STOP,-638.42,-1083.50
vwap,LT,2025-11-25,LONG,2025-11-25T10:20:00,4027.70,4019.39,4040.16,74,8.31,2025-11-25T10:50:00,4019.39,STOP,-614.83,-1061.44
vwap,LT,2025-11-26,LONG,2025-11-26T10:20:00,4039.10,4026.71,4057.69,74,12.39,2025-11-26T10:50:00,4057.69,TARGET,1375.72,926.35
vwap,LT,2025-11-28,LONG,2025-11-28T10:20:00,4098.90,4089.12,4113.57,73,9.78,2025-11-28T11:00:00,4089.12,STOP,-713.90,-1162.19
vwap,LT,2025-12-01,SHORT,2025-12-01T11:20:00,4065.40,4074.84,4051.24,73,9.44,2025-12-01T11:30:00,4074.84,STOP,-689.13,-1134.80
vwap,LT,2025-12-02,SHORT,2025-12-02T10:00:00,4061.60,4070.71,4047.94,73,9.11,2025-12-02T11:50:00,4048.90,TIME_STOP,927.10,483.05
vwap,LT,2025-12-04,LONG,2025-12-04T10:00:00,3994.00,3984.17,4008.74,75,9.83,2025-12-04T10:40:00,4008.74,TARGET,1105.53,655.38
vwap,LT,2025-12-05,LONG,2025-12-05T10:10:00,4006.70,3996.78,4021.58,74,9.92,2025-12-05T10:20:00,3996.78,STOP,-734.13,-1178.32
vwap,LT,2025-12-08,SHORT,2025-12-08T10:10:00,4011.70,4020.52,3998.48,74,8.82,2025-12-08T12:00:00,4008.20,TIME_STOP,259.00,-186.10
vwap,LT,2025-12-09,LONG,2025-12-09T11:50:00,4000.00,3989.32,4016.02,75,10.68,2025-12-09T12:10:00,4016.02,TARGET,1201.35,750.45
vwap,LT,2025-12-10,SHORT,2025-12-10T14:10:00,3997.50,4005.70,3985.19,75,8.20,2025-12-10T14:50:00,3985.19,TARGET,922.88,473.85
vwap,LT,2025-12-11,LONG,2025-12-11T12:10:00,4006.00,3997.65,4018.52,74,8.35,2025-12-11T12:30:00,3997.65,STOP,-617.55,-1061.75
vwap,LT,2025-12-17,SHORT,2025-12-17T10:20:00,4056.50,4064.26,4044.86,73,7.76,2025-12-17T10:40:00,4044.86,TARGET,849.72,406.17
vwap,LT,2025-12-18,LONG,2025-12-18T12:30:00,4049.90,4042.07,4061.65,74,7.83,2025-12-18T12:40:00,4061.65,TARGET,869.68,419.48
vwap,LT,2025-12-22,SHORT,2025-12-22T11:30:00,4072.20,4078.71,4062.44,73,6.51,2025-12-22T11:30:00,4078.71,STOP,-474.87,-921.13
vwap,LT,2025-12-29,SHORT,2025-12-29T13:20:00,4047.00,4051.98,4039.52,74,4.98,2025-12-29T13:40:00,4039.52,TARGET,553.16,104.36
vwap,LT,2025-12-30,LONG,2025-12-30T11:40:00,4045.10,4038.14,4055.54,74,6.96,2025-12-30T12:30:00,4055.54,TARGET,772.61,323.02
vwap,LT,2026-01-05,SHORT,2026-01-05T13:10:00,4165.20,4172.29,4154.56,72,7.09,2026-01-05T13:30:00,4154.56,TARGET,766.16,316.89
vwap,LT,2026-01-06,LONG,2026-01-06T10:20:00,4182.00,4171.82,4197.27,71,10.18,2026-01-06T10:20:00,4171.82,STOP,-722.86,-1167.70
vwap,LT,2026-01-07,LONG,2026-01-07T13:30:00,4143.30,4135.40,4155.14,72,7.90,2026-01-07T15:20:00,4155.14,TARGET,852.73,404.61
vwap,LT,2026-01-12,LONG,2026-01-12T13:50:00,4002.80,3990.67,4021.00,74,12.13,2026-01-12T14:50:00,4021.00,TARGET,1346.84,901.52
vwap,LT,2026-01-14,LONG,2026-01-14T12:10:00,3902.30,3889.61,3921.33,76,12.69,2026-01-14T12:10:00,3889.61,STOP,-964.18,-1408.32
vwap,LT,2026-01-19,LONG,2026-01-19T13:50:00,3849.50,3839.23,3864.91,77,10.27,2026-01-19T14:10:00,3864.91,TARGET,1186.70,741.20
vwap,LT,2026-01-20,SHORT,2026-01-20T10:50:00,3851.50,3862.14,3835.54,77,10.64,2026-01-20T11:10:00,3835.54,TARGET,1229.13,785.20
vwap,LT,2026-01-22,SHORT,2026-01-22T11:10:00,3761.00,3772.78,3743.34,79,11.78,2026-01-22T11:30:00,3772.78,STOP,-930.29,-1376.67
vwap,LT,2026-01-23,SHORT,2026-01-23T10:30:00,3772.00,3783.43,3754.85,79,11.43,2026-01-23T11:30:00,3754.85,TARGET,1354.82,908.85
vwap,LT,2026-02-02,LONG,2026-02-02T13:20:00,3917.80,3904.04,3938.43,76,13.76,2026-02-02T13:20:00,3904.04,STOP,-1045.45,-1491.29
vwap,LT,2026-02-05,LONG,2026-02-05T13:10:00,4071.90,4063.22,4084.92,73,8.68,2026-02-05T14:10:00,4063.22,STOP,-633.50,-1078.90
vwap,LT,2026-02-06,SHORT,2026-02-06T11:10:00,4062.50,4071.86,4048.46,73,9.36,2026-02-06T12:10:00,4048.46,TARGET,1024.89,580.82
vwap,LT,2026-02-13,LONG,2026-02-13T11:40:00,4184.90,4174.27,4200.85,71,10.63,2026-02-13T13:30:00,4190.90,TIME_STOP,426.00,-20.01
vwap,LT,2026-02-16,LONG,2026-02-16T13:30:00,4178.00,4170.83,4188.75,71,7.17,2026-02-16T14:10:00,4170.83,STOP,-508.80,-953.37
vwap,LT,2026-02-19,SHORT,2026-02-19T12:10:00,4297.40,4307.55,4282.17,69,10.15,2026-02-19T13:10:00,4307.55,STOP,-700.37,-1145.68
vwap,LT,2026-02-24,SHORT,2026-02-24T10:20:00,4385.10,4397.93,4365.86,68,12.83,2026-02-24T11:50:00,4365.86,TARGET,1308.53,862.23
vwap,LT,2026-02-26,LONG,2026-02-26T10:10:00,4331.10,4316.32,4353.26,69,14.78,2026-02-26T11:00:00,4316.32,STOP,-1019.53,-1467.03
vwap,LT,2026-02-27,LONG,2026-02-27T14:00:00,4292.70,4284.60,4304.85,69,8.10,2026-02-27T14:30:00,4284.60,STOP,-558.89,-1002.76
vwap,LT,2026-03-11,SHORT,2026-03-11T11:40:00,3868.40,3879.55,3851.67,77,11.15,2026-03-11T13:10:00,3851.67,TARGET,1288.26,842.42
vwap,ADANIPORTS,2024-03-18,LONG,2024-03-18T10:30:00,1250.35,1232.10,1277.73,136,18.25,2024-03-18T12:20:00,1255.75,TIME_STOP,734.40,478.78
vwap,ADANIPORTS,2024-03-19,SHORT,2024-03-19T10:40:00,1251.25,1258.40,1240.52,239,7.15,2024-03-19T11:40:00,1240.52,TARGET,2563.89,2117.24
vwap,ADANIPORTS,2024-03-20,LONG,2024-03-20T13:10:00,1244.85,1239.53,1252.83,240,5.32,2024-03-20T15:00:00,1248.65,TIME_STOP,912.00,463.17
vwap,ADANIPORTS,2024-03-28,LONG,2024-03-28T12:40:00,1332.85,1328.34,1339.62,225,4.51,2024-03-28T14:00:00,1339.62,TARGET,1523.32,1072.34
vwap,ADANIPORTS,2024-04-03,SHORT,2024-04-03T11:00:00,1393.40,1398.54,1385.69,215,5.14,2024-04-03T12:10:00,1398.54,STOP,-1105.31,-1555.51
vwap,ADANIPORTS,2024-04-04,SHORT,2024-04-04T10:00:00,1393.50,1398.35,1386.23,215,4.85,2024-04-04T10:50:00,1386.23,TARGET,1562.57,1114.34
vwap,ADANIPORTS,2024-04-05,LONG,2024-04-05T12:40:00,1374.60,1370.41,1380.88,218,4.19,2024-04-05T14:00:00,1380.88,TARGET,1369.43,918.91
vwap,ADANIPORTS,2024-04-10,LONG,2024-04-10T13:20:00,1354.95,1351.71,1359.82,221,3.24,2024-04-10T14:00:00,1351.71,STOP,-717.13,-1165.75
vwap,ADANIPORTS,2024-04-12,LONG,2024-04-12T10:10:00,1355.20,1351.53,1360.71,221,3.67,2024-04-12T10:20:00,1351.53,STOP,-811.96,-1260.60
vwap,ADANIPORTS,2024-04-18,LONG,2024-04-18T10:00:00,1330.35,1325.46,1337.69,225,4.89,2024-04-18T10:10:00,1325.46,STOP,-1100.58,-1548.75
vwap,ADANIPORTS,2024-04-19,LONG,2024-04-19T13:10:00,1309.40,1303.71,1317.94,229,5.69,2024-04-19T13:20:00,1303.71,STOP,-1303.18,-1751.98
vwap,ADANIPORTS,2024-04-25,LONG,2024-04-25T13:40:00,1326.00,1323.16,1330.26,226,2.84,2024-04-25T14:00:00,1330.26,TARGET,963.35,513.11
vwap,ADANIPORTS,2024-04-26,SHORT,2024-04-26T13:10:00,1325.40,1328.72,1320.43,226,3.32,2024-04-26T13:10:00,1328.72,STOP,-749.56,-1199.43
vwap,ADANIPORTS,2024-05-03,SHORT,2024-05-03T11:30:00,1322.00,1328.13,1312.80,226,6.13,2024-05-03T13:20:00,1318.95,TIME_STOP,689.30,241.66
vwap,ADANIPORTS,2024-05-07,SHORT,2024-05-07T10:30:00,1283.20,1289.34,1273.99,233,6.14,2024-05-07T10:50:00,1273.99,TARGET,2147.08,1700.21
vwap,ADANIPORTS,2024-05-08,SHORT,2024-05-08T11:10:00,1282.05,1287.83,1273.37,234,5.78,2024-05-08T11:20:00,1287.83,STOP,-1353.54,-1804.56
vwap,ADANIPORTS,2024-05-16,SHORT,2024-05-16T11:40:00,1338.55,1345.14,1328.67,224,6.59,2024-05-16T11:40:00,1343.00,REVERSE,-996.80,-1447.30
vwap,ADANIPORTS,2024-05-17,SHORT,2024-05-17T10:00:00,1328.85,1336.75,1317.00,225,7.90,2024-05-17T10:20:00,1336.75,STOP,-1777.13,-2226.95
vwap,ADANIPORTS,2024-05-22,SHORT,2024-05-22T10:50:00,1373.30,1379.83,1363.50,218,6.53,2024-05-22T12:00:00,1379.83,STOP,-1423.75,-1873.89
vwap,ADANIPORTS,2024-05-23,SHORT,2024-05-23T11:00:00,1373.90,1379.44,1365.59,218,5.54,2024-05-23T11:10:00,1379.44,STOP,-1207.62,-1657.79
vwap,ADANIPORTS,2024-05-29,LONG,2024-05-29T12:10:00,1413.60,1407.79,1422.32,212,5.81,2024-05-29T13:10:00,1422.32,TARGET,1848.01,1397.10
vwap,ADANIPORTS,2024-05-31,SHORT,2024-05-31T10:30:00,1394.80,1402.45,1383.33,215,7.65,2024-05-31T10:50:00,1402.45,STOP,-1644.44,-2095.49
vwap,ADANIPORTS,2024-06-04,SHORT,2024-06-04T11:10:00,1346.35,1371.11,1309.20,100,24.76,2024-06-04T11:20:00,1309.20,TARGET,3714.62,3515.46
vwap,ADANIPORTS,2024-06-05,LONG,2024-06-05T12:30:00,1287.05,1257.51,1331.36,84,29.54,2024-06-05T14:20:00,1313.00,TIME_STOP,2179.80,2016.00
vwap,ADANIPORTS,2024-06-12,SHORT,2024-06-12T13:50:00,1398.55,1402.70,1392.32,214,4.15,2024-06-12T14:20:00,1392.32,TARGET,1332.20,884.26
vwap,ADANIPORTS,2024-06-13,SHORT,2024-06-13T11:10:00,1397.05,1401.60,1390.23,214,4.55,2024-06-13T11:20:00,1390.23,TARGET,1459.60,1012.24
vwap,ADANIPORTS,2024-07-01,LONG,2024-07-01T10:10:00,1488.60,1482.64,1497.54,201,5.96,2024-07-01T10:10:00,1482.64,STOP,-1197.44,-1645.36
vwap,ADANIPORTS,2024-07-02,LONG,2024-07-02T10:50:00,1488.00,1482.94,1495.60,201,5.06,2024-07-02T11:00:00,1482.94,STOP,-1017.96,-1465.83
vwap,ADANIPORTS,2024-07-09,SHORT,2024-07-09T12:40:00,1481.15,1485.20,1475.07,202,4.05,2024-07-09T13:00:00,1485.20,STOP,-818.53,-1267.93
vwap,ADANIPORTS,2024-07-10,SHORT,2024-07-10T10:30:00,1470.80,1475.81,1463.28,203,5.01,2024-07-10T10:40:00,1463.28,TARGET,1526.89,1080.18
vwap,ADANIPORTS,2024-07-11,SHORT,2024-07-11T12:10:00,1478.30,1482.64,1471.79,202,4.34,2024-07-11T12:10:00,1482.64,STOP,-877.29,-1325.87
vwap,ADANIPORTS,2024-07-16,SHORT,2024-07-16T13:00:00,1496.00,1499.20,1491.20,200,3.20,2024-07-16T14:10:00,1499.20,STOP,-640.62,-1089.90
vwap,ADANIPORTS,2024-07-18,LONG,2024-07-18T13:40:00,1494.70,1490.18,1501.47,200,4.52,2024-07-18T14:20:00,1501.47,TARGET,1354.82,905.40
vwap,ADANIPORTS,2024-07-19,SHORT,2024-07-19T10:20:00,1484.90,1490.71,1476.18,202,5.81,2024-07-19T10:20:00,1490.71,STOP,-1173.99,-1624.79
vwap,ADANIPORTS,2024-07-23,SHORT,2024-07-23T12:40:00,1443.30,1454.71,1426.18,207,11.41,2024-07-23T12:40:00,1454.71,STOP,-2362.73,-2812.65
vwap,ADANIPORTS,2024-07-24,SHORT,2024-07-24T11:40:00,1492.50,1499.59,1481.86,201,7.09,2024-07-24T13:30:00,1481.86,TARGET,2138.33,1689.94
vwap,ADANIPORTS,2024-07-25,LONG,2024-07-25T10:50:00,1496.85,1490.48,1506.40,200,6.37,2024-07-25T11:20:00,1490.48,STOP,-1273.24,-1721.34
vwap,ADANIPORTS,2024-08-01,SHORT,2024-08-01T12:40:00,1572.00,1577.56,1563.66,190,5.56,2024-08-01T12:50:00,1577.56,STOP,-1056.06,-1504.87
vwap,ADANIPORTS,2024-08-02,LONG,2024-08-02T11:20:00,1588.95,1578.50,1604.62,188,10.45,2024-08-02T13:10:00,1594.35,TIME_STOP,1015.20,566.35
vwap,ADANIPORTS,2024-08-07,LONG,2024-08-07T10:10:00,1529.00,1519.94,1542.60,196,9.06,2024-08-07T10:40:00,1542.60,TARGET,2664.72,2213.19
vwap,ADANIPORTS,2024-08-08,SHORT,2024-08-08T13:30:00,1531.35,1537.81,1521.66,195,6.46,2024-08-08T15:00:00,1521.66,TARGET,1889.14,1442.63
vwap,ADANIPORTS,2024-08-09,LONG,2024-08-09T13:30:00,1529.95,1525.82,1536.15,196,4.13,2024-08-09T14:10:00,1536.15,TARGET,1214.43,763.72
vwap,ADANIPORTS,2024-08-16,LONG,2024-08-16T13:40:00,1480.30,1475.62,1487.32,202,4.68,2024-08-16T13:50:00,1487.32,TARGET,1417.79,968.19
vwap,ADANIPORTS,2024-08-20,SHORT,2024-08-20T11:50:00,1490.20,1494.07,1484.39,201,3.87,2024-08-20T12:20:00,1494.07,STOP,-778.50,-1228.38
vwap,ADANIPORTS,2024-08-27,LONG,2024-08-27T10:00:00,1491.75,1487.88,1497.56,201,3.87,2024-08-27T10:10:00,1487.88,STOP,-778.10,-1227.28
vwap,ADANIPORTS,2024-08-28,LONG,2024-08-28T11:30:00,1485.30,1482.36,1489.71,201,2.94,2024-08-28T12:30:00,1482.36,STOP,-591.04,-1038.41
vwap,ADANIPORTS,2024-08-29,LONG,2024-08-29T13:10:00,1475.95,1471.08,1483.26,203,4.87,2024-08-29T13:20:00,1471.08,STOP,-988.70,-1437.39
vwap,ADANIPORTS,2024-09-03,SHORT,2024-09-03T11:10:00,1486.00,1489.24,1481.13,201,3.24,2024-09-03T13:00:00,1488.20,TIME_STOP,-442.20,-890.56
vwap,ADANIPORTS,2024-09-11,SHORT,2024-09-11T13:10:00,1447.35,1450.78,1442.20,207,3.43,2024-09-11T13:40:00,1442.20,TARGET,1066.11,617.51
vwap,ADANIPORTS,2024-09-12,LONG,2024-09-12T10:00:00,1458.00,1451.63,1467.56,205,6.37,2024-09-12T10:10:00,1467.56,TARGET,1960.30,1510.50
vwap,ADANIPORTS,2024-09-13,SHORT,2024-09-13T11:50:00,1453.00,1457.75,1445.87,206,4.75,2024-09-13T13:40:00,1453.95,TIME_STOP,-195.70,-644.82
vwap,ADANIPORTS,2024-09-16,SHORT,2024-09-16T10:30:00,1452.70,1456.38,1447.18,206,3.68,2024-09-16T10:30:00,1456.38,STOP,-757.81,-1207.26
vwap,ADANIPORTS,2024-09-18,SHORT,2024-09-18T12:00:00,1429.00,1432.87,1423.20,209,3.87,2024-09-18T12:50:00,1423.20,TARGET,1211.73,764.65
vwap,ADANIPORTS,2024-09-19,SHORT,2024-09-19T10:20:00,1420.95,1425.90,1413.53,211,4.95,2024-09-19T11:10:00,1413.53,TARGET,1566.67,1118.11
vwap,ADANIPORTS,2024-09-25,SHORT,2024-09-25T10:00:00,1446.50,1451.05,1439.68,207,4.55,2024-09-25T11:20:00,1451.05,STOP,-941.26,-1391.10
vwap,ADANIPORTS,2024-09-27,SHORT,2024-09-27T14:10:00,1460.95,1464.84,1455.12,205,3.89,2024-09-27T14:10:00,1455.12,TARGET,1194.68,746.33
vwap,ADANIPORTS,2024-09-30,LONG,2024-09-30T11:40:00,1461.75,1455.42,1471.24,205,6.33,2024-09-30T12:20:00,1455.42,STOP,-1296.84,-1745.36
vwap,ADANIPORTS,2024-10-03,SHORT,2024-10-03T11:30:00,1445.30,1450.29,1437.81,207,4.99,2024-10-03T11:40:00,1437.81,TARGET,1550.14,1102.54
vwap,ADANIPORTS,2024-10-04,LONG,2024-10-04T11:20:00,1431.40,1424.30,1442.04,209,7.10,2024-10-04T12:00:00,1442.04,TARGET,2224.35,1773.94
vwap,ADANIPORTS,2024-10-08,LONG,2024-10-08T10:10:00,1382.70,1373.67,1396.25,216,9.03,2024-10-08T11:30:00,1396.25,TARGET,2926.61,2476.42
vwap,ADANIPORTS,2024-10-11,SHORT,2024-10-11T11:30:00,1412.20,1416.89,1405.16,212,4.69,2024-10-11T13:20:00,1411.30,TIME_STOP,190.80,-258.14
vwap,ADANIPORTS,2024-10-14,SHORT,2024-10-14T11:30:00,1410.00,1413.84,1404.24,212,3.84,2024-10-14T13:20:00,1409.00,TIME_STOP,212.00,-236.22
vwap,ADANIPORTS,2024-10-18,LONG,2024-10-18T12:10:00,1402.15,1396.79,1410.18,213,5.36,2024-10-18T12:40:00,1410.18,TARGET,1711.19,1261.92
vwap,ADANIPORTS,2024-10-24,LONG,2024-10-24T11:00:00,1349.15,1343.17,1358.11,222,5.98,2024-10-24T11:50:00,1358.11,TARGET,1989.89,1539.13
vwap,ADANIPORTS,2024-10-28,LONG,2024-10-28T11:30:00,1352.20,1344.87,1363.20,221,7.33,2024-10-28T13:20:00,1362.15,TIME_STOP,2198.95,1749.05
vwap,ADANIPORTS,2024-10-29,SHORT,2024-10-29T10:00:00,1336.60,1343.68,1325.98,224,7.08,2024-10-29T10:20:00,1343.68,STOP,-1585.93,-2036.22
vwap,ADANIPORTS,2024-11-07,SHORT,2024-11-07T10:20:00,1355.80,1362.25,1346.12,221,6.45,2024-11-07T11:00:00,1362.25,STOP,-1425.53,-1876.04
vwap,ADANIPORTS,2024-11-08,LONG,2024-11-08T13:20:00,1359.35,1355.20,1365.57,220,4.15,2024-11-08T13:30:00,1355.20,STOP,-912.78,-1360.68
vwap,ADANIPORTS,2024-11-11,LONG,2024-11-11T11:30:00,1355.60,1350.53,1363.21,221,5.07,2024-11-11T12:00:00,1350.53,STOP,-1121.52,-1570.06
vwap,ADANIPORTS,2024-11-12,LONG,2024-11-12T12:00:00,1349.85,1345.54,1356.31,222,4.31,2024-11-12T12:10:00,1345.54,STOP,-955.94,-1404.72
vwap,ADANIPORTS,2024-11-22,LONG,2024-11-22T11:50:00,1131.60,1115.94,1155.09,159,15.66,2024-11-22T13:00:00,1155.09,TARGET,3735.15,3462.46
vwap,ADANIPORTS,2024-11-27,LONG,2024-11-27T12:10:00,1164.20,1151.87,1182.69,202,12.33,2024-11-27T12:50:00,1182.69,TARGET,3734.59,3379.04
vwap,ADANIPORTS,2024-11-28,SHORT,2024-11-28T12:20:00,1194.50,1204.53,1179.45,249,10.03,2024-11-28T12:40:00,1179.45,TARGET,3747.45,3304.12
vwap,ADANIPORTS,2024-11-29,LONG,2024-11-29T12:50:00,1195.50,1188.24,1206.39,250,7.26,2024-11-29T12:50:00,1188.24,STOP,-1814.83,-2261.78
vwap,ADANIPORTS,2024-12-05,SHORT,2024-12-05T10:10:00,1264.85,1272.74,1253.02,237,7.89,2024-12-05T12:00:00,1262.25,TIME_STOP,616.20,167.01
vwap,ADANIPORTS,2024-12-06,SHORT,2024-12-06T11:10:00,1270.45,1276.41,1261.51,236,5.96,2024-12-06T13:00:00,1265.80,TIME_STOP,1097.40,648.48
vwap,ADANIPORTS,2024-12-09,LONG,2024-12-09T12:00:00,1267.00,1262.95,1273.07,236,4.05,2024-12-09T12:10:00,1273.07,TARGET,1433.37,983.78
vwap,ADANIPORTS,2024-12-13,SHORT,2024-12-13T10:50:00,1235.40,1240.58,1227.63,242,5.18,2024-12-13T11:10:00,1240.58,STOP,-1253.43,-1702.82
vwap,ADANIPORTS,2024-12-16,SHORT,2024-12-16T10:30:00,1244.05,1248.44,1237.46,241,4.39,2024-12-16T10:40:00,1248.44,STOP,-1059.15,-1509.67
vwap,ADANIPORTS,2024-12-17,LONG,2024-12-17T10:00:00,1246.90,1243.04,1252.70,240,3.86,2024-12-17T10:40:00,1252.70,TARGET,1391.18,941.25
vwap,ADANIPORTS,2024-12-24,LONG,2024-12-24T10:10:00,1195.45,1190.70,1202.58,250,4.75,2024-12-24T10:40:00,1202.58,TARGET,1782.56,1332.93
vwap,ADANIPORTS,2024-12-30,SHORT,2024-12-30T12:00:00,1238.55,1244.13,1230.18,242,5.58,2024-12-30T12:10:00,1244.13,STOP,-1350.70,-1801.30
vwap,ADANIPORTS,2024-12-31,LONG,2024-12-31T13:00:00,1228.95,1223.76,1236.73,244,5.19,2024-12-31T13:00:00,1223.76,STOP,-1266.10,-1714.94
vwap,ADANIPORTS,2025-01-01,SHORT,2025-01-01T10:00:00,1211.00,1216.63,1202.56,247,5.63,2025-01-01T10:40:00,1216.63,STOP,-1389.40,-1839.11
vwap,ADANIPORTS,2025-01-02,LONG,2025-01-02T14:00:00,1221.60,1217.74,1227.39,245,3.86,2025-01-02T15:00:00,1227.39,TARGET,1419.16,969.15
vwap,ADANIPORTS,2025-01-03,SHORT,2025-01-03T11:00:00,1216.15,1220.78,1209.20,246,4.63,2025-01-03T11:00:00,1220.78,STOP,-1139.62,-1589.23
vwap,ADANIPORTS,2025-01-07,LONG,2025-01-07T10:50:00,1178.40,1172.48,1187.28,254,5.92,2025-01-07T10:50:00,1172.48,STOP,-1503.72,-1951.56
vwap,ADANIPORTS,2025-01-14,LONG,2025-01-14T11:30:00,1125.05,1117.10,1136.97,266,7.95,2025-01-14T13:00:00,1117.10,STOP,-2114.35,-2561.66
vwap,ADANIPORTS,2025-01-15,SHORT,2025-01-15T13:40:00,1121.40,1125.52,1115.22,267,4.12,2025-01-15T15:00:00,1125.52,STOP,-1100.61,-1550.55
vwap,ADANIPORTS,2025-01-20,LONG,2025-01-20T11:50:00,1164.70,1160.19,1171.47,257,4.51,2025-01-20T12:00:00,1160.19,STOP,-1159.66,-1607.78
vwap,ADANIPORTS,2025-01-23,LONG,2025-01-23T10:10:00,1105.15,1100.01,1112.86,271,5.14,2025-01-23T11:40:00,1112.86,TARGET,2089.49,1638.68
vwap,ADANIPORTS,2025-01-24,SHORT,2025-01-24T10:00:00,1095.15,1099.49,1088.64,273,4.34,2025-01-24T10:20:00,1088.64,TARGET,1778.52,1331.39
vwap,ADANIPORTS,2025-01-28,LONG,2025-01-28T12:20:00,1082.55,1076.96,1090.94,277,5.59,2025-01-28T12:30:00,1076.96,STOP,-1548.58,-1997.22
vwap,ADANIPORTS,2025-01-30,SHORT,2025-01-30T13:40:00,1038.65,1050.57,1020.78,209,11.92,2025-01-30T13:40:00,1050.57,STOP,-2490.25,-2817.73
vwap,ADANIPORTS,2025-01-31,LONG,2025-01-31T10:10:00,1091.25,1080.36,1107.58,229,10.89,2025-01-31T11:00:00,1107.58,TARGET,3739.36,3361.71
vwap,ADANIPORTS,2025-02-01,SHORT,2025-02-01T12:20:00,1094.65,1103.03,1082.09,274,8.38,2025-02-01T12:20:00,1103.03,STOP,-2294.91,-2746.53
vwap,ADANIPORTS,2025-02-03,LONG,2025-02-03T13:20:00,1085.30,1078.87,1094.94,276,6.43,2025-02-03T15:10:00,1085.05,TIME_STOP,-69.00,-518.26
vwap,ADANIPORTS,2025-02-07,SHORT,2025-02-07T13:50:00,1149.55,1155.15,1141.15,260,5.60,2025-02-07T14:10:00,1141.15,TARGET,2182.70,1736.01
vwap,ADANIPORTS,2025-02-11,SHORT,2025-02-11T11:50:00,1132.15,1139.10,1121.72,264,6.95,2025-02-11T13:10:00,1121.72,TARGET,2753.91,2307.64
vwap,ADANIPORTS,2025-02-12,LONG,2025-02-12T12:10:00,1137.85,1129.36,1150.58,263,8.49,2025-02-12T14:00:00,1131.90,TIME_STOP,-1564.85,-2012.56
vwap,ADANIPORTS,2025-02-13,SHORT,2025-02-13T13:50:00,1130.65,1136.18,1122.35,265,5.53,2025-02-13T14:10:00,1122.35,TARGET,2198.24,1750.46
vwap,ADANIPORTS,2025-02-18,LONG,2025-02-18T13:40:00,1076.00,1071.35,1082.98,278,4.65,2025-02-18T14:30:00,1082.98,TARGET,1940.23,1490.08
vwap,ADANIPORTS,2025-02-19,LONG,2025-02-19T14:10:00,1084.80,1080.74,1090.89,276,4.06,2025-02-19T14:20:00,1080.74,STOP,-1120.54,-1568.81
vwap,ADANIPORTS,2025-02-21,SHORT,2025-02-21T10:20:00,1093.30,1099.18,1084.47,274,5.88,2025-02-21T11:00:00,1099.18,STOP,-1612.32,-2062.88
vwap,ADANIPORTS,2025-02-27,LONG,2025-02-27T12:50:00,1080.40,1076.92,1085.62,277,3.48,2025-02-27T14:10:00,1076.92,STOP,-964.18,-1412.37
vwap,ADANIPORTS,2025-02-28,LONG,2025-02-28T11:20:00,1076.80,1072.00,1084.00,278,4.80,2025-02-28T12:10:00,1074.35,REVERSE,-681.10,-1129.61
vwap,ADANIPORTS,2025-03-04,LONG,2025-03-04T11:20:00,1058.90,1054.15,1066.02,283,4.75,2025-03-04T11:30:00,1054.15,STOP,-1344.18,-1792.67
vwap,ADANIPORTS,2025-03-12,LONG,2025-03-12T10:00:00,1153.65,1148.87,1160.81,260,4.78,2025-03-12T10:00:00,1148.87,STOP,-1241.92,-1690.91
vwap,ADANIPORTS,2025-03-13,LONG,2025-03-13T10:10:00,1130.00,1123.96,1139.06,265,6.04,2025-03-13T10:30:00,1139.06,TARGET,2401.52,1950.54
vwap,ADANIPORTS,2025-03-17,SHORT,2025-03-17T12:50:00,1128.00,1132.53,1121.21,265,4.53,2025-03-17T13:20:00,1132.53,STOP,-1200.23,-1649.51
vwap,ADANIPORTS,2025-03-20,SHORT,2025-03-20T10:10:00,1167.70,1172.02,1161.21,256,4.32,2025-03-20T10:20:00,1161.21,TARGET,1660.52,1213.37
vwap,ADANIPORTS,2025-03-27,LONG,2025-03-27T13:00:00,1186.95,1183.30,1192.43,252,3.65,2025-03-27T14:10:00,1192.43,TARGET,1380.42,930.72
vwap,ADANIPORTS,2025-03-28,SHORT,2025-03-28T12:40:00,1184.15,1189.59,1175.98,253,5.44,2025-03-28T14:00:00,1175.98,TARGET,2066.13,1618.30
vwap,ADANIPORTS,2025-04-01,SHORT,2025-04-01T11:20:00,1178.95,1185.98,1168.40,254,7.03,2025-04-01T13:10:00,1176.15,TIME_STOP,711.20,262.55
vwap,ADANIPORTS,2025-04-02,LONG,2025-04-02T10:50:00,1183.50,1177.42,1192.62,253,6.08,2025-04-02T12:20:00,1192.62,TARGET,2307.85,1856.98
vwap,ADANIPORTS,2025-04-04,SHORT,2025-04-04T10:00:00,1172.40,1178.32,1163.52,255,5.92,2025-04-04T10:20:00,1163.52,TARGET,2265.42,1818.68
vwap,ADANIPORTS,2025-04-09,SHORT,2025-04-09T10:00:00,1116.20,1123.72,1104.92,268,7.52,2025-04-09T11:20:00,1123.72,STOP,-2015.42,-2465.64
vwap,ADANIPORTS,2025-04-21,LONG,2025-04-21T14:00:00,1246.20,1241.30,1253.55,240,4.90,2025-04-21T14:00:00,1241.30,STOP,-1175.69,-1623.44
vwap,ADANIPORTS,2025-04-23,LONG,2025-04-23T13:00:00,1238.50,1234.37,1244.70,242,4.13,2025-04-23T14:50:00,1238.70,TIME_STOP,48.40,-401.21
vwap,ADANIPORTS,2025-04-24,SHORT,2025-04-24T13:10:00,1239.40,1242.25,1235.13,242,2.85,2025-04-24T13:10:00,1235.13,TARGET,1033.89,584.76
vwap,ADANIPORTS,2025-04-28,LONG,2025-04-28T10:50:00,1204.50,1198.68,1213.22,249,5.82,2025-04-28T11:10:00,1213.22,TARGET,2172.39,1720.88
vwap,ADANIPORTS,2025-05-08,SHORT,2025-05-08T14:00:00,1343.90,1348.93,1336.36,223,5.03,2025-05-08T14:50:00,1336.36,TARGET,1681.72,1233.45
vwap,ADANIPORTS,2025-05-22,SHORT,2025-05-22T10:20:00,1383.30,1389.59,1373.86,216,6.29,2025-05-22T11:10:00,1373.86,TARGET,2039.27,1592.61
vwap,ADANIPORTS,2025-05-27,LONG,2025-05-27T11:30:00,1407.90,1403.21,1414.94,213,4.69,2025-05-27T11:30:00,1414.94,TARGET,1499.19,1048.25
vwap,ADANIPORTS,2025-06-04,LONG,2025-06-04T13:00:00,1435.10,1431.25,1440.88,209,3.85,2025-06-04T13:00:00,1440.88,TARGET,1208.08,757.27
vwap,ADANIPORTS,2025-06-12,LONG,2025-06-12T13:00:00,1461.30,1457.42,1467.13,205,3.88,2025-06-12T13:00:00,1457.42,STOP,-796.25,-1245.00
vwap,ADANIPORTS,2025-06-17,SHORT,2025-06-17T11:40:00,1398.90,1402.70,1393.20,214,3.80,2025-06-17T12:00:00,1393.20,TARGET,1220.60,772.47
vwap,ADANIPORTS,2025-06-20,LONG,2025-06-20T11:00:00,1347.50,1343.04,1354.19,222,4.46,2025-06-20T11:00:00,1354.19,TARGET,1485.46,1035.63
vwap,ADANIPORTS,2025-07-01,SHORT,2025-07-01T14:10:00,1444.00,1447.45,1438.83,207,3.45,2025-07-01T14:40:00,1447.45,STOP,-713.92,-1162.82
vwap,ADANIPORTS,2025-07-02,SHORT,2025-07-02T10:10:00,1445.50,1449.80,1439.05,207,4.30,2025-07-02T11:00:00,1449.80,STOP,-890.40,-1339.90
vwap,ADANIPORTS,2025-07-03,LONG,2025-07-03T10:40:00,1448.40,1444.82,1453.78,207,3.58,2025-07-03T11:10:00,1444.82,STOP,-741.83,-1191.00
vwap,ADANIPORTS,2025-07-07,LONG,2025-07-07T13:00:00,1432.20,1428.88,1437.18,209,3.32,2025-07-07T13:00:00,1428.88,STOP,-693.31,-1141.78
vwap,ADANIPORTS,2025-07-10,SHORT,2025-07-10T11:10:00,1441.80,1444.83,1437.25,208,3.03,2025-07-10T11:40:00,1437.25,TARGET,945.41,496.27
vwap,ADANIPORTS,2025-07-11,SHORT,2025-07-11T10:30:00,1437.80,1441.32,1432.53,208,3.52,2025-07-11T11:00:00,1432.53,TARGET,1097.08,649.31
vwap,ADANIPORTS,2025-07-14,LONG,2025-07-14T10:50:00,1439.70,1435.30,1446.30,208,4.40,2025-07-14T11:20:00,1435.30,STOP,-914.86,-1363.36
vwap,ADANIPORTS,2025-07-15,LONG,2025-07-15T10:50:00,1436.60,1432.91,1442.14,208,3.69,2025-07-15T11:10:00,1442.14,TARGET,1151.53,702.45
vwap,ADANIPORTS,2025-07-18,SHORT,2025-07-18T10:00:00,1450.30,1454.26,1444.36,206,3.96,2025-07-18T10:10:00,1444.36,TARGET,1224.36,777.13
vwap,ADANIPORTS,2025-07-21,LONG,2025-07-21T11:20:00,1442.20,1438.12,1448.32,208,4.08,2025-07-21T13:10:00,1446.10,TIME_STOP,811.20,360.63
vwap,ADANIPORTS,2025-07-22,SHORT,2025-07-22T10:30:00,1441.60,1445.21,1436.19,208,3.61,2025-07-22T10:50:00,1445.21,STOP,-750.30,-1200.64
vwap,ADANIPORTS,2025-07-29,LONG,2025-07-29T12:50:00,1384.00,1380.67,1389.00,216,3.33,2025-07-29T13:10:00,1389.00,TARGET,1080.04,630.82
vwap,ADANIPORTS,2025-07-30,SHORT,2025-07-30T14:10:00,1394.00,1396.46,1390.31,215,2.46,2025-07-30T15:20:00,1396.30,EOD,-494.50,-944.44
vwap,ADANIPORTS,2025-07-31,LONG,2025-07-31T13:10:00,1393.00,1389.12,1398.82,215,3.88,2025-07-31T13:50:00,1389.12,STOP,-834.30,-1282.92
vwap,ADANIPORTS,2025-08-04,LONG,2025-08-04T13:40:00,1375.00,1370.91,1381.13,218,4.09,2025-08-04T13:50:00,1381.13,TARGET,1336.84,886.21
vwap,ADANIPORTS,2025-08-05,SHORT,2025-08-05T10:10:00,1371.80,1377.59,1363.11,218,5.79,2025-08-05T11:20:00,1377.59,STOP,-1262.25,-1711.78
vwap,ADANIPORTS,2025-08-08,SHORT,2025-08-08T10:40:00,1327.50,1333.99,1317.76,225,6.49,2025-08-08T11:20:00,1333.99,STOP,-1460.52,-1909.64
vwap,ADANIPORTS,2025-08-11,LONG,2025-08-11T11:10:00,1332.40,1327.12,1340.32,225,5.28,2025-08-11T11:40:00,1327.12,STOP,-1188.02,-1636.81
vwap,ADANIPORTS,2025-08-12,SHORT,2025-08-12T11:50:00,1335.50,1339.92,1328.87,224,4.42,2025-08-12T12:20:00,1339.92,STOP,-989.46,-1438.93
vwap,ADANIPORTS,2025-08-21,SHORT,2025-08-21T11:40:00,1366.80,1370.22,1361.67,219,3.42,2025-08-21T12:30:00,1361.67,TARGET,1123.95,675.80
vwap,ADANIPORTS,2025-08-28,LONG,2025-08-28T10:40:00,1323.50,1318.89,1330.42,226,4.61,2025-08-28T11:00:00,1330.42,TARGET,1563.71,1113.87
vwap,ADANIPORTS,2025-08-29,LONG,2025-08-29T12:00:00,1318.70,1314.43,1325.11,227,4.27,2025-08-29T13:50:00,1314.43,STOP,-970.19,-1418.48
vwap,ADANIPORTS,2025-09-03,SHORT,2025-09-03T12:00:00,1332.70,1335.59,1328.37,225,2.89,2025-09-03T12:10:00,1335.59,STOP,-650.05,-1100.32
vwap,ADANIPORTS,2025-09-04,SHORT,2025-09-04T11:30:00,1327.60,1332.18,1320.73,225,4.58,2025-09-04T12:00:00,1332.18,STOP,-1031.18,-1480.02
vwap,ADANIPORTS,2025-09-11,SHORT,2025-09-11T13:40:00,1395.00,1399.67,1388.00,215,4.67,2025-09-11T15:20:00,1392.70,EOD,494.50,44.98
vwap,ADANIPORTS,2025-09-12,LONG,2025-09-12T10:10:00,1398.50,1394.59,1404.37,214,3.91,2025-09-12T11:10:00,1404.37,TARGET,1255.14,805.28
vwap,ADANIPORTS,2025-09-15,SHORT,2025-09-15T12:40:00,1398.00,1400.97,1393.55,214,2.97,2025-09-15T13:20:00,1400.97,STOP,-634.72,-1083.95
vwap,ADANIPORTS,2025-09-17,LONG,2025-09-17T12:00:00,1405.60,1402.84,1409.75,213,2.76,2025-09-17T13:10:00,1409.75,TARGET,883.36,433.61
vwap,ADANIPORTS,2025-09-23,LONG,2025-09-23T13:20:00,1445.60,1440.34,1453.50,207,5.26,2025-09-23T15:10:00,1442.90,TIME_STOP,-558.90,-1007.34
vwap,ADANIPORTS,2025-09-24,LONG,2025-09-24T12:20:00,1450.50,1445.21,1458.43,206,5.29,2025-09-24T12:20:00,1445.21,STOP,-1088.95,-1536.34
vwap,ADANIPORTS,2025-09-30,LONG,2025-09-30T10:00:00,1397.00,1392.43,1403.86,214,4.57,2025-09-30T11:50:00,1397.80,TIME_STOP,171.20,-277.37
vwap,ADANIPORTS,2025-10-01,SHORT,2025-10-01T11:10:00,1394.70,1398.46,1389.06,215,3.76,2025-10-01T11:20:00,1398.46,STOP,-808.30,-1258.70
vwap,ADANIPORTS,2025-10-07,SHORT,2025-10-07T12:00:00,1403.60,1407.38,1397.93,213,3.78,2025-10-07T12:10:00,1407.38,STOP,-804.66,-1253.71
vwap,ADANIPORTS,2025-10-08,LONG,2025-10-08T13:50:00,1400.70,1396.65,1406.78,214,4.05,2025-10-08T14:10:00,1396.65,STOP,-867.08,-1316.06
vwap,ADANIPORTS,2025-10-09,LONG,2025-10-09T13:40:00,1396.80,1393.87,1401.19,214,2.93,2025-10-09T14:10:00,1393.87,STOP,-626.11,-1074.01
vwap,ADANIPORTS,2025-10-13,LONG,2025-10-13T10:30:00,1411.40,1407.04,1417.93,212,4.36,2025-10-13T10:50:00,1417.93,TARGET,1385.21,935.34
vwap,ADANIPORTS,2025-10-14,SHORT,2025-10-14T11:30:00,1423.30,1427.54,1416.94,210,4.24,2025-10-14T11:50:00,1427.54,STOP,-890.90,-1339.91
vwap,ADANIPORTS,2025-10-17,LONG,2025-10-17T10:50:00,1481.40,1477.21,1487.68,202,4.19,2025-10-17T11:10:00,1487.68,TARGET,1268.83,819.01
vwap,ADANIPORTS,2025-10-23,SHORT,2025-10-23T10:00:00,1472.10,1476.77,1465.09,203,4.67,2025-10-23T10:00:00,1476.77,STOP,-948.67,-1397.63
vwap,ADANIPORTS,2025-10-30,SHORT,2025-10-30T14:00:00,1454.40,1457.31,1450.04,206,2.91,2025-10-30T14:20:00,1457.31,STOP,-598.50,-1048.36
vwap,ADANIPORTS,2025-10-31,LONG,2025-10-31T13:10:00,1456.30,1452.56,1461.90,206,3.74,2025-10-31T14:00:00,1452.56,STOP,-769.73,-1219.15
vwap,ADANIPORTS,2025-11-03,LONG,2025-11-03T13:40:00,1452.80,1449.08,1458.38,206,3.72,2025-11-03T14:10:00,1449.08,STOP,-766.11,-1214.45
vwap,ADANIPORTS,2025-11-04,LONG,2025-11-04T11:40:00,1447.00,1443.66,1452.01,207,3.34,2025-11-04T13:00:00,1452.01,TARGET,1037.06,586.99
vwap,ADANIPORTS,2025-11-06,SHORT,2025-11-06T12:50:00,1448.00,1453.56,1439.65,207,5.56,2025-11-06T12:50:00,1452.90,REVERSE,-1014.30,-1464.66
vwap,ADANIPORTS,2025-11-07,LONG,2025-11-07T11:20:00,1450.50,1444.72,1459.17,206,5.78,2025-11-07T11:20:00,1459.17,TARGET,1785.58,1336.04
vwap,ADANIPORTS,2025-11-10,LONG,2025-11-10T10:30:00,1453.50,1448.76,1460.62,206,4.74,2025-11-10T12:20:00,1451.00,TIME_STOP,-515.00,-963.75
vwap,ADANIPORTS,2025-11-11,LONG,2025-11-11T13:30:00,1447.10,1444.24,1451.39,207,2.86,2025-11-11T13:30:00,1451.39,TARGET,888.43,438.44
vwap,ADANIPORTS,2025-11-14,SHORT,2025-11-14T14:10:00,1507.60,1511.66,1501.51,198,4.06,2025-11-14T15:00:00,1511.66,STOP,-804.50,-1252.86
vwap,ADANIPORTS,2025-11-17,SHORT,2025-11-17T10:50:00,1506.50,1510.59,1500.36,199,4.09,2025-11-17T12:30:00,1510.59,STOP,-814.02,-1264.32
vwap,ADANIPORTS,2025-11-18,SHORT,2025-11-18T10:10:00,1506.10,1509.70,1500.70,199,3.60,2025-11-18T10:30:00,1500.70,TARGET,1074.47,625.70
vwap,ADANIPORTS,2025-11-25,SHORT,2025-11-25T11:10:00,1478.50,1482.01,1473.24,202,3.51,2025-11-25T13:00:00,1482.01,STOP,-708.31,-1156.83
vwap,ADANIPORTS,2025-11-27,LONG,2025-11-27T11:10:00,1509.90,1506.59,1514.87,198,3.31,2025-11-27T11:50:00,1506.59,STOP,-655.59,-1103.54
vwap,ADANIPORTS,2025-12-01,SHORT,2025-12-01T13:30:00,1529.00,1533.45,1522.33,196,4.45,2025-12-01T15:20:00,1533.45,STOP,-872.05,-1322.23
vwap,ADANIPORTS,2025-12-04,LONG,2025-12-04T10:10:00,1504.90,1500.53,1511.45,199,4.37,2025-12-04T10:30:00,1500.53,STOP,-869.37,-1317.94
vwap,ADANIPORTS,2025-12-05,SHORT,2025-12-05T10:00:00,1495.70,1499.83,1489.51,200,4.13,2025-12-05T10:00:00,1499.83,STOP,-825.01,-1274.34
vwap,ADANIPORTS,2025-12-08,SHORT,2025-12-08T10:00:00,1500.10,1503.96,1494.32,199,3.86,2025-12-08T10:10:00,1494.32,TARGET,1151.05,704.14
vwap,ADANIPORTS,2025-12-09,LONG,2025-12-09T12:00:00,1487.50,1482.76,1494.61,201,4.74,2025-12-09T12:20:00,1494.61,TARGET,1429.58,980.03
vwap,ADANIPORTS,2025-12-11,LONG,2025-12-11T10:50:00,1506.90,1502.11,1514.09,199,4.79,2025-12-11T11:00:00,1502.11,STOP,-953.50,-1402.60
vwap,ADANIPORTS,2025-12-18,LONG,2025-12-18T12:00:00,1490.20,1486.62,1495.57,201,3.58,2025-12-18T13:50:00,1491.40,TIME_STOP,241.20,-208.28
vwap,ADANIPORTS,2025-12-24,LONG,2025-12-24T12:20:00,1506.90,1504.05,1511.18,199,2.85,2025-12-24T13:30:00,1504.05,STOP,-567.73,-1017.11
vwap,ADANIPORTS,2025-12-30,LONG,2025-12-30T11:00:00,1466.70,1463.34,1471.74,204,3.36,2025-12-30T11:10:00,1463.34,STOP,-685.40,-1133.69
vwap,ADANIPORTS,2026-01-05,LONG,2026-01-05T12:50:00,1488.90,1486.07,1493.15,201,2.83,2026-01-05T12:50:00,1493.15,TARGET,853.36,403.81
vwap,ADANIPORTS,2026-01-12,LONG,2026-01-12T13:20:00,1435.60,1429.47,1444.80,208,6.13,2026-01-12T15:00:00,1444.80,TARGET,1913.90,1464.55
vwap,ADANIPORTS,2026-01-13,SHORT,2026-01-13T12:10:00,1431.60,1436.49,1424.26,209,4.89,2026-01-13T14:00:00,1424.60,TIME_STOP,1463.00,1015.29
vwap,ADANIPORTS,2026-01-14,LONG,2026-01-14T11:00:00,1434.80,1430.49,1441.26,209,4.31,2026-01-14T12:50:00,1435.90,TIME_STOP,229.90,-220.08
vwap,ADANIPORTS,2026-01-21,LONG,2026-01-21T13:00:00,1389.40,1382.94,1399.10,215,6.46,2026-01-21T13:30:00,1382.94,STOP,-1389.95,-1836.99
vwap,ADANIPORTS,2026-01-23,SHORT,2026-01-23T10:00:00,1393.00,1398.41,1384.89,215,5.41,2026-01-23T10:10:00,1398.41,STOP,-1162.60,-1612.71
vwap,ADANIPORTS,2026-01-27,LONG,2026-01-27T10:40:00,1367.50,1355.91,1384.89,215,11.59,2026-01-27T10:40:00,1355.91,STOP,-2492.73,-2931.88
vwap,ADANIPORTS,2026-02-02,LONG,2026-02-02T14:10:00,1393.60,1387.62,1402.58,215,5.98,2026-02-02T15:00:00,1402.58,TARGET,1929.67,1478.79
vwap,ADANIPORTS,2026-02-06,SHORT,2026-02-06T10:20:00,1556.70,1562.65,1547.78,192,5.95,2026-02-06T10:50:00,1547.78,TARGET,1713.05,1266.00
vwap,ADANIPORTS,2026-02-11,LONG,2026-02-11T13:50:00,1554.40,1550.81,1559.79,193,3.59,2026-02-11T14:40:00,1550.81,STOP,-693.01,-1142.49
vwap,ADANIPORTS,2026-02-12,SHORT,2026-02-12T10:00:00,1545.50,1549.16,1540.01,194,3.66,2026-02-12T11:10:00,1540.01,TARGET,1065.71,616.76
vwap,ADANIPORTS,2026-02-16,LONG,2026-02-16T12:10:00,1532.60,1526.76,1541.35,195,5.84,2026-02-16T12:10:00,1541.35,TARGET,1707.21,1257.65
vwap,ADANIPORTS,2026-02-20,LONG,2026-02-20T12:50:00,1524.40,1519.71,1531.44,196,4.69,2026-02-20T13:10:00,1519.71,STOP,-920.16,-1367.64
vwap,ADANIPORTS,2026-02-24,SHORT,2026-02-24T10:30:00,1540.60,1545.58,1533.13,194,4.98,2026-02-24T11:20:00,1545.58,STOP,-966.26,-1415.30
vwap,ADANIPORTS,2026-02-26,LONG,2026-02-26T11:30:00,1548.40,1543.14,1556.30,193,5.26,2026-02-26T11:50:00,1543.14,STOP,-1016.09,-1463.59
vwap,ADANIPORTS,2026-02-27,LONG,2026-02-27T14:10:00,1541.00,1537.66,1546.01,194,3.34,2026-02-27T14:30:00,1537.66,STOP,-648.44,-1096.38
vwap,ADANIPORTS,2026-03-10,SHORT,2026-03-10T11:40:00,1423.20,1430.00,1413.00,210,6.80,2026-03-10T13:30:00,1425.60,TIME_STOP,-504.00,-952.69
vwap,ADANIPORTS,2026-03-11,SHORT,2026-03-11T13:10:00,1427.40,1433.49,1418.26,210,6.09,2026-03-11T14:10:00,1418.26,TARGET,1918.43,1470.24
htf,INDUSINDBK,2024-04-05,SHORT,2024-04-05T12:50:00,1534.85,1538.95,1528.70,195,4.10,2024-04-05T13:20:00,1536.20,REVERSE,-263.25,-712.39
htf,INDUSINDBK,2024-04-22,SHORT,2024-04-22T13:00:00,1479.75,1485.17,1471.62,202,5.42,2024-04-22T14:00:00,1471.62,TARGET,1642.58,1195.45
htf,INDUSINDBK,2024-04-23,SHORT,2024-04-23T14:00:00,1476.55,1479.97,1471.42,203,3.42,2024-04-23T15:20:00,1473.05,EOD,710.50,261.42
htf,INDUSINDBK,2024-04-25,LONG,2024-04-25T10:10:00,1483.50,1479.48,1489.53,202,4.02,2024-04-25T10:20:00,1489.53,TARGET,1219.04,768.63
htf,INDUSINDBK,2024-04-26,SHORT,2024-04-26T10:30:00,1478.00,1485.27,1467.10,202,7.27,2024-04-26T11:10:00,1467.10,TARGET,2202.04,1755.86
htf,INDUSINDBK,2024-05-06,SHORT,2024-05-06T13:10:00,1493.00,1497.96,1485.55,200,4.96,2024-05-06T14:20:00,1497.96,STOP,-992.86,-1441.51
htf,INDUSINDBK,2024-05-09,SHORT,2024-05-09T10:40:00,1433.80,1439.28,1425.58,209,5.48,2024-05-09T11:10:00,1425.58,TARGET,1717.03,1268.82
htf,INDUSINDBK,2024-05-24,LONG,2024-05-24T11:40:00,1438.50,1433.50,1446.00,208,5.00,2024-05-24T13:30:00,1441.00,TIME_STOP,520.00,70.80
htf,INDUSINDBK,2024-05-28,LONG,2024-05-28T10:30:00,1469.70,1463.43,1479.11,204,6.27,2024-05-28T11:30:00,1463.43,STOP,-1279.24,-1728.01
htf,INDUSINDBK,2024-05-29,LONG,2024-05-29T13:00:00,1454.85,1450.42,1461.49,206,4.43,2024-05-29T14:30:00,1450.42,STOP,-912.08,-1360.95
htf,INDUSINDBK,2024-05-30,LONG,2024-05-30T12:40:00,1465.25,1460.42,1472.49,204,4.83,2024-05-30T13:20:00,1460.42,STOP,-984.88,-1432.51
htf,INDUSINDBK,2024-06-04,SHORT,2024-06-04T11:10:00,1399.35,1415.55,1375.04,154,16.20,2024-06-04T11:20:00,1415.55,STOP,-2495.40,-2820.52
htf,INDUSINDBK,2024-06-07,LONG,2024-06-07T11:30:00,1486.25,1480.14,1495.42,201,6.11,2024-06-07T11:50:00,1495.42,TARGET,1843.44,1393.96
htf,INDUSINDBK,2024-06-18,LONG,2024-06-18T10:10:00,1507.55,1502.02,1515.85,198,5.53,2024-06-18T10:20:00,1502.02,STOP,-1095.07,-1541.99
htf,INDUSINDBK,2024-07-03,SHORT,2024-07-03T11:30:00,1432.35,1437.30,1424.93,209,4.95,2024-07-03T12:00:00,1437.30,STOP,-1033.78,-1483.60
htf,INDUSINDBK,2024-07-04,SHORT,2024-07-04T10:30:00,1439.70,1444.31,1432.79,208,4.61,2024-07-04T12:20:00,1442.45,TIME_STOP,-572.00,-1021.62
htf,INDUSINDBK,2024-07-09,SHORT,2024-07-09T10:10:00,1432.65,1437.43,1425.48,209,4.78,2024-07-09T12:00:00,1432.00,TIME_STOP,135.85,-313.18
htf,INDUSINDBK,2024-07-23,SHORT,2024-07-23T10:10:00,1419.20,1423.43,1412.85,211,4.23,2024-07-23T10:20:00,1423.43,STOP,-892.55,-1342.40
htf,INDUSINDBK,2024-07-31,LONG,2024-07-31T12:00:00,1426.50,1422.59,1432.36,210,3.91,2024-07-31T13:40:00,1422.59,STOP,-821.02,-1269.75
htf,INDUSINDBK,2024-08-07,SHORT,2024-08-07T10:20:00,1372.00,1377.80,1363.30,218,5.80,2024-08-07T11:10:00,1363.30,TARGET,1897.51,1450.29
htf,INDUSINDBK,2024-08-09,SHORT,2024-08-09T11:00:00,1346.05,1350.50,1339.38,222,4.45,2024-08-09T11:10:00,1348.35,REVERSE,-510.60,-959.22
htf,INDUSINDBK,2024-08-21,LONG,2024-08-21T12:00:00,1380.50,1376.54,1386.44,217,3.96,2024-08-21T13:20:00,1376.54,STOP,-859.64,-1308.35
htf,INDUSINDBK,2024-08-23,LONG,2024-08-23T11:30:00,1381.95,1378.02,1387.84,217,3.93,2024-08-23T12:20:00,1378.02,STOP,-852.48,-1301.67
htf,INDUSINDBK,2024-09-04,LONG,2024-09-04T14:00:00,1436.30,1433.39,1440.66,208,2.91,2024-09-04T14:50:00,1433.39,STOP,-604.39,-1052.06
htf,INDUSINDBK,2024-09-05,SHORT,2024-09-05T11:10:00,1432.50,1436.07,1427.14,209,3.57,2024-09-05T11:20:00,1436.07,STOP,-746.31,-1195.96
htf,INDUSINDBK,2024-09-17,LONG,2024-09-17T11:10:00,1471.70,1467.94,1477.34,203,3.76,2024-09-17T13:00:00,1474.50,TIME_STOP,568.40,119.84
htf,INDUSINDBK,2024-09-20,LONG,2024-09-20T11:00:00,1487.50,1482.37,1495.19,201,5.13,2024-09-20T12:50:00,1489.85,TIME_STOP,472.35,23.51
htf,INDUSINDBK,2024-09-26,SHORT,2024-09-26T11:50:00,1438.45,1441.95,1433.19,208,3.50,2024-09-26T12:00:00,1441.95,STOP,-728.99,-1178.33
htf,INDUSINDBK,2024-10-04,SHORT,2024-10-04T13:10:00,1389.30,1394.97,1380.80,215,5.67,2024-10-04T15:00:00,1382.00,TIME_STOP,1569.50,1122.63
htf,INDUSINDBK,2024-10-08,SHORT,2024-10-08T14:10:00,1360.40,1365.62,1352.57,220,5.22,2024-10-08T14:10:00,1364.55,REVERSE,-913.00,-1362.62
htf,INDUSINDBK,2024-10-11,SHORT,2024-10-11T11:20:00,1347.35,1351.77,1340.73,222,4.42,2024-10-11T12:50:00,1340.73,TARGET,1470.35,1022.79
htf,INDUSINDBK,2024-10-31,SHORT,2024-10-31T12:30:00,1053.80,1057.62,1048.07,284,3.82,2024-10-31T12:40:00,1048.07,TARGET,1626.19,1178.49
htf,INDUSINDBK,2024-11-08,SHORT,2024-11-08T14:10:00,1054.90,1057.99,1050.27,284,3.09,2024-11-08T14:40:00,1050.27,TARGET,1316.20,867.80
htf,INDUSINDBK,2024-11-13,SHORT,2024-11-13T10:20:00,1054.20,1058.64,1047.54,284,4.44,2024-11-13T11:20:00,1047.54,TARGET,1891.97,1444.30
htf,INDUSINDBK,2024-11-19,SHORT,2024-11-19T12:50:00,1021.35,1024.80,1016.17,293,3.45,2024-11-19T14:10:00,1016.17,TARGET,1517.17,1069.42
htf,INDUSINDBK,2024-11-28,SHORT,2024-11-28T11:10:00,1000.40,1003.97,995.05,299,3.57,2024-11-28T11:20:00,995.05,TARGET,1600.42,1152.95
htf,INDUSINDBK,2024-12-05,LONG,2024-12-05T12:40:00,1001.40,998.63,1005.55,299,2.77,2024-12-05T12:40:00,998.63,STOP,-827.11,-1275.62
htf,INDUSINDBK,2024-12-10,SHORT,2024-12-10T12:30:00,983.40,985.13,980.80,305,1.73,2024-12-10T12:40:00,980.80,TARGET,792.23,342.92
htf,INDUSINDBK,2024-12-11,SHORT,2024-12-11T10:20:00,982.35,984.55,979.04,305,2.20,2024-12-11T11:30:00,984.55,STOP,-672.13,-1122.06
htf,INDUSINDBK,2024-12-13,LONG,2024-12-13T13:10:00,986.20,982.11,992.34,304,4.09,2024-12-13T15:00:00,985.30,TIME_STOP,-273.60,-723.10
htf,INDUSINDBK,2024-12-26,SHORT,2024-12-26T10:20:00,934.05,937.32,929.15,321,3.27,2024-12-26T10:50:00,929.15,TARGET,1573.27,1124.70
htf,INDUSINDBK,2024-12-30,LONG,2024-12-30T10:20:00,958.00,954.65,963.02,313,3.35,2024-12-30T11:20:00,963.02,TARGET,1571.55,1120.59
htf,INDUSINDBK,2025-01-09,SHORT,2025-01-09T10:50:00,978.40,982.57,972.15,306,4.17,2025-01-09T11:00:00,972.15,TARGET,1913.93,1466.28
htf,INDUSINDBK,2025-01-14,SHORT,2025-01-14T13:30:00,960.10,963.58,954.87,312,3.48,2025-01-14T14:00:00,963.58,STOP,-1087.16,-1537.30
htf,INDUSINDBK,2025-01-20,LONG,2025-01-20T11:10:00,971.55,966.49,979.14,308,5.06,2025-01-20T11:30:00,979.14,TARGET,2338.53,1887.92
htf,INDUSINDBK,2025-02-03,LONG,2025-02-03T10:30:00,1016.20,1009.28,1026.58,295,6.92,2025-02-03T12:20:00,1015.25,TIME_STOP,-280.25,-729.71
htf,INDUSINDBK,2025-02-12,SHORT,2025-02-12T14:10:00,1035.50,1040.50,1028.00,289,5.00,2025-02-12T15:10:00,1040.50,STOP,-1444.56,-1894.53
htf,INDUSINDBK,2025-02-13,SHORT,2025-02-13T14:00:00,1041.10,1045.15,1035.03,288,4.05,2025-02-13T14:50:00,1045.15,STOP,-1166.02,-1616.65
htf,INDUSINDBK,2025-02-19,LONG,2025-02-19T10:20:00,1037.35,1033.01,1043.86,289,4.34,2025-02-19T10:50:00,1033.01,STOP,-1254.06,-1702.81
htf,INDUSINDBK,2025-02-25,SHORT,2025-02-25T13:40:00,1033.20,1035.88,1029.19,290,2.68,2025-02-25T14:00:00,1029.19,TARGET,1164.03,715.46
htf,INDUSINDBK,2025-03-04,SHORT,2025-03-04T13:10:00,982.65,986.80,976.43,305,4.15,2025-03-04T13:50:00,986.80,STOP,-1264.66,-1715.18
htf,INDUSINDBK,2025-03-05,SHORT,2025-03-05T10:30:00,982.20,985.93,976.61,305,3.73,2025-03-05T11:50:00,985.93,STOP,-1137.20,-1587.41
htf,INDUSINDBK,2025-03-17,SHORT,2025-03-17T12:50:00,683.45,687.74,677.01,438,4.29,2025-03-17T14:40:00,680.50,TIME_STOP,1292.10,844.04
htf,INDUSINDBK,2025-03-24,SHORT,2025-03-24T11:40:00,676.05,678.73,672.03,443,2.68,2025-03-24T13:10:00,672.03,TARGET,1779.37,1331.47
htf,INDUSINDBK,2025-03-28,SHORT,2025-03-28T12:10:00,660.80,664.14,655.79,453,3.34,2025-03-28T12:20:00,655.79,TARGET,2271.01,1823.70
htf,INDUSINDBK,2025-04-09,LONG,2025-04-09T12:30:00,681.75,678.38,686.81,440,3.37,2025-04-09T12:50:00,678.38,STOP,-1484.24,-1933.08
htf,INDUSINDBK,2025-04-23,LONG,2025-04-23T13:10:00,799.60,795.99,805.02,375,3.61,2025-04-23T14:20:00,795.99,STOP,-1354.01,-1802.77
htf,INDUSINDBK,2025-04-25,LONG,2025-04-25T13:10:00,822.60,818.21,829.19,364,4.39,2025-04-25T15:00:00,822.90,TIME_STOP,109.20,-340.02
htf,INDUSINDBK,2025-04-29,LONG,2025-04-29T13:30:00,837.30,833.62,842.83,358,3.68,2025-04-29T15:20:00,837.10,TIME_STOP,-71.60,-521.18
htf,INDUSINDBK,2025-04-30,LONG,2025-04-30T13:10:00,836.95,832.17,844.13,358,4.78,2025-04-30T13:20:00,832.17,STOP,-1712.54,-2160.69
htf,INDUSINDBK,2025-05-08,SHORT,2025-05-08T10:50:00,827.10,831.62,820.32,362,4.52,2025-05-08T12:40:00,825.75,TIME_STOP,488.70,39.95
htf,INDUSINDBK,2025-05-12,SHORT,2025-05-12T10:40:00,816.85,821.07,810.53,367,4.22,2025-05-12T11:30:00,810.53,TARGET,2321.10,1873.16
htf,INDUSINDBK,2025-05-22,LONG,2025-05-22T10:30:00,793.00,785.15,804.78,318,7.85,2025-05-22T10:40:00,785.15,STOP,-2497.71,-2874.10
htf,INDUSINDBK,2025-05-30,LONG,2025-05-30T14:00:00,815.50,813.36,818.72,367,2.14,2025-05-30T15:00:00,818.72,TARGET,1180.37,730.55
htf,INDUSINDBK,2025-06-11,LONG,2025-06-11T11:20:00,845.85,843.39,849.54,354,2.46,2025-06-11T12:10:00,849.54,TARGET,1306.64,856.52
htf,INDUSINDBK,2025-06-20,LONG,2025-06-20T11:00:00,842.75,839.98,846.91,355,2.77,2025-06-20T12:30:00,839.98,STOP,-983.72,-1431.74
htf,INDUSINDBK,2025-06-23,LONG,2025-06-23T13:10:00,840.35,836.73,845.78,356,3.62,2025-06-23T15:00:00,840.60,TIME_STOP,89.00,-359.81
htf,INDUSINDBK,2025-06-24,SHORT,2025-06-24T10:10:00,833.05,837.69,826.09,360,4.64,2025-06-24T11:40:00,837.69,STOP,-1669.48,-2120.58
htf,INDUSINDBK,2025-06-25,SHORT,2025-06-25T12:20:00,831.20,833.94,827.09,360,2.74,2025-06-25T13:20:00,833.94,STOP,-985.98,-1435.57
htf,INDUSINDBK,2025-06-26,LONG,2025-06-26T12:20:00,833.05,830.16,837.39,360,2.89,2025-06-26T12:50:00,830.16,STOP,-1041.83,-1490.90
htf,INDUSINDBK,2025-07-03,SHORT,2025-07-03T11:10:00,859.40,862.62,854.57,349,3.22,2025-07-03T11:20:00,862.00,REVERSE,-907.40,-1357.98
htf,INDUSINDBK,2025-07-18,SHORT,2025-07-18T13:40:00,867.65,870.26,863.74,345,2.61,2025-07-18T13:40:00,869.55,REVERSE,-655.50,-1105.00
htf,INDUSINDBK,2025-07-22,SHORT,2025-07-22T11:00:00,848.65,854.29,840.19,353,5.64,2025-07-22T12:50:00,846.00,TIME_STOP,935.45,486.79
htf,INDUSINDBK,2025-07-30,SHORT,2025-07-30T11:10:00,802.95,806.59,797.49,373,3.64,2025-07-30T13:00:00,797.49,TARGET,2036.72,1589.00
htf,INDUSINDBK,2025-08-06,LONG,2025-08-06T13:50:00,811.25,808.01,816.10,369,3.24,2025-08-06T14:10:00,808.01,STOP,-1194.00,-1642.13
htf,INDUSINDBK,2025-08-08,SHORT,2025-08-08T10:30:00,795.10,798.03,790.70,377,2.93,2025-08-08T12:20:00,793.40,TIME_STOP,640.90,191.75
htf,INDUSINDBK,2025-08-14,SHORT,2025-08-14T11:20:00,773.05,775.13,769.93,388,2.08,2025-08-14T13:10:00,769.93,TARGET,1211.12,762.11
htf,INDUSINDBK,2025-08-19,LONG,2025-08-19T11:50:00,788.80,786.65,792.03,380,2.15,2025-08-19T13:30:00,786.65,STOP,-817.87,-1266.87
htf,INDUSINDBK,2025-08-22,SHORT,2025-08-22T11:30:00,769.30,771.20,766.45,389,1.90,2025-08-22T11:40:00,770.20,REVERSE,-350.10,-799.25
htf,INDUSINDBK,2025-09-05,LONG,2025-09-05T14:10:00,758.05,756.03,761.08,395,2.02,2025-09-05T14:10:00,756.03,STOP,-799.06,-1247.61
htf,INDUSINDBK,2025-09-08,SHORT,2025-09-08T10:40:00,753.50,755.79,750.06,398,2.29,2025-09-08T10:50:00,750.06,TARGET,1368.63,919.81
htf,INDUSINDBK,2025-09-16,SHORT,2025-09-16T14:00:00,740.35,741.96,737.94,405,1.61,2025-09-16T14:20:00,741.96,STOP,-651.72,-1101.97
htf,INDUSINDBK,2025-09-17,LONG,2025-09-17T10:10:00,743.70,741.87,746.44,403,1.83,2025-09-17T10:20:00,741.87,STOP,-736.25,-1185.26
htf,INDUSINDBK,2025-10-01,SHORT,2025-10-01T10:50:00,727.05,730.05,722.55,412,3.00,2025-10-01T11:10:00,730.05,STOP,-1235.24,-1685.48
htf,INDUSINDBK,2025-10-13,LONG,2025-10-13T13:10:00,763.25,761.08,766.50,393,2.17,2025-10-13T14:00:00,761.08,STOP,-851.76,-1301.05
htf,INDUSINDBK,2025-10-31,LONG,2025-10-31T12:00:00,805.10,802.46,809.05,372,2.64,2025-10-31T12:20:00,802.46,STOP,-980.24,-1428.75
htf,INDUSINDBK,2025-11-03,LONG,2025-11-03T11:00:00,798.70,795.51,803.48,375,3.19,2025-11-03T12:50:00,799.90,TIME_STOP,450.00,0.39
htf,INDUSINDBK,2025-11-17,LONG,2025-11-17T12:10:00,852.80,849.04,858.44,351,3.76,2025-11-17T13:10:00,858.44,TARGET,1978.77,1528.29
htf,INDUSINDBK,2025-11-18,LONG,2025-11-18T12:20:00,853.50,851.29,856.81,351,2.21,2025-11-18T12:50:00,851.29,STOP,-774.52,-1223.31
htf,INDUSINDBK,2025-11-25,LONG,2025-11-25T14:10:00,840.00,837.62,843.56,357,2.38,2025-11-25T15:20:00,840.10,EOD,35.70,-414.15
htf,INDUSINDBK,2025-11-27,LONG,2025-11-27T10:50:00,854.65,851.78,858.95,351,2.87,2025-11-27T11:00:00,851.78,STOP,-1006.21,-1455.43
htf,INDUSINDBK,2025-12-01,LONG,2025-12-01T10:20:00,856.45,854.56,859.28,350,1.89,2025-12-01T10:30:00,856.05,REVERSE,-140.00,-589.53
htf,INDUSINDBK,2025-12-03,SHORT,2025-12-03T10:10:00,844.30,847.39,839.66,355,3.09,2025-12-03T11:00:00,847.39,STOP,-1097.75,-1548.16
htf,INDUSINDBK,2025-12-05,LONG,2025-12-05T12:50:00,865.00,861.57,870.15,346,3.43,2025-12-05T13:10:00,870.15,TARGET,1781.94,1331.67
htf,INDUSINDBK,2025-12-10,SHORT,2025-12-10T11:00:00,840.25,843.43,835.48,357,3.18,2025-12-10T11:10:00,835.48,TARGET,1703.47,1254.79
htf,INDUSINDBK,2025-12-11,LONG,2025-12-11T12:10:00,841.35,838.10,846.22,356,3.25,2025-12-11T13:10:00,838.10,STOP,-1156.79,-1605.20
htf,INDUSINDBK,2025-12-18,SHORT,2025-12-18T14:10:00,833.60,835.64,830.54,359,2.04,2025-12-18T15:00:00,835.64,STOP,-732.55,-1181.99
htf,INDUSINDBK,2025-12-26,LONG,2025-12-26T10:10:00,857.95,854.92,862.50,349,3.03,2025-12-26T10:10:00,854.92,STOP,-1058.29,-1506.63
htf,INDUSINDBK,2026-01-06,LONG,2026-01-06T10:10:00,911.65,906.83,918.87,329,4.82,2026-01-06T10:50:00,918.87,TARGET,2377.01,1925.33
htf,INDUSINDBK,2026-01-13,LONG,2026-01-13T13:50:00,901.65,898.73,906.04,332,2.92,2026-01-13T14:10:00,898.73,STOP,-970.82,-1419.11
htf,INDUSINDBK,2026-01-22,SHORT,2026-01-22T10:10:00,899.60,904.43,892.36,333,4.83,2026-01-22T10:20:00,904.43,STOP,-1608.32,-2058.88
htf,INDUSINDBK,2026-01-23,SHORT,2026-01-23T13:20:00,903.15,906.37,898.32,332,3.22,2026-01-23T13:30:00,898.32,TARGET,1603.56,1155.00
htf,INDUSINDBK,2026-01-30,LONG,2026-01-30T11:10:00,901.60,898.34,906.49,332,3.26,2026-01-30T11:20:00,898.34,STOP,-1082.94,-1531.12
htf,INDUSINDBK,2026-02-16,SHORT,2026-02-16T10:10:00,918.05,922.02,912.09,326,3.97,2026-02-16T10:10:00,919.95,REVERSE,-619.40,-1068.79
htf,INDUSINDBK,2026-02-24,SHORT,2026-02-24T13:40:00,919.50,922.57,914.89,326,3.07,2026-02-24T13:40:00,922.57,STOP,-1001.99,-1452.38
htf,INDUSINDBK,2026-03-11,SHORT,2026-03-11T11:10:00,894.10,898.39,887.66,335,4.29,2026-03-11T11:20:00,887.66,TARGET,2156.32,1708.65
htf,PNB,2024-03-18,LONG,2024-03-18T13:30:00,115.60,114.81,116.79,2595,0.79,2024-03-18T15:20:00,116.79,TARGET,3093.13,2640.84
htf,PNB,2024-03-19,SHORT,2024-03-19T10:30:00,114.58,115.27,113.54,2618,0.69,2024-03-19T10:30:00,115.27,STOP,-1811.79,-2263.11
htf,PNB,2024-03-28,LONG,2024-03-28T11:00:00,120.51,120.04,121.22,2489,0.47,2024-03-28T12:20:00,120.04,STOP,-1170.80,-1619.85
htf,PNB,2024-04-03,LONG,2024-04-03T12:30:00,122.89,122.51,123.46,2441,0.38,2024-04-03T12:30:00,123.46,TARGET,1390.21,939.21
htf,PNB,2024-04-29,LONG,2024-04-29T12:40:00,132.56,132.06,133.31,2263,0.50,2024-04-29T12:50:00,133.31,TARGET,1687.11,1235.87
htf,PNB,2024-04-30,LONG,2024-04-30T12:50:00,134.21,133.62,135.09,2235,0.59,2024-04-30T13:20:00,135.09,TARGET,1971.39,1519.97
htf,PNB,2024-05-03,SHORT,2024-05-03T10:10:00,133.63,134.50,132.33,2245,0.87,2024-05-03T11:30:00,132.33,TARGET,2916.50,2468.69
htf,PNB,2024-05-09,SHORT,2024-05-09T14:00:00,120.90,121.57,119.89,2481,0.67,2024-05-09T14:00:00,119.89,TARGET,2508.68,2060.63
htf,PNB,2024-05-16,LONG,2024-05-16T10:10:00,122.06,121.51,122.88,2457,0.55,2024-05-16T11:00:00,121.58,REVERSE,-1179.36,-1628.33
htf,PNB,2024-05-22,LONG,2024-05-22T14:10:00,122.99,122.60,123.57,2439,0.39,2024-05-22T14:20:00,122.60,STOP,-948.24,-1397.49
htf,PNB,2024-05-24,LONG,2024-05-24T12:30:00,123.37,122.95,124.00,2431,0.42,2024-05-24T14:20:00,123.37,TIME_STOP,0.00,-449.87
htf,PNB,2024-05-27,LONG,2024-05-27T10:30:00,123.62,123.06,124.45,2426,0.56,2024-05-27T11:40:00,124.45,TARGET,2023.88,1572.51
htf,PNB,2024-05-30,LONG,2024-05-30T11:00:00,125.46,124.93,126.25,2391,0.53,2024-05-30T11:10:00,124.93,STOP,-1259.44,-1708.46
htf,PNB,2024-06-14,LONG,2024-06-14T10:00:00,123.67,123.27,124.28,2425,0.40,2024-06-14T10:00:00,124.28,TARGET,1468.14,1017.19
htf,PNB,2024-06-24,SHORT,2024-06-24T13:50:00,122.17,122.63,121.48,2455,0.46,2024-06-24T15:20:00,121.48,TARGET,1689.05,1240.43
htf,PNB,2024-07-02,SHORT,2024-07-02T12:00:00,118.78,119.14,118.23,2525,0.36,2024-07-02T12:10:00,118.23,TARGET,1378.56,929.72
htf,PNB,2024-07-03,SHORT,2024-07-03T13:00:00,117.67,118.04,117.11,2549,0.37,2024-07-03T13:40:00,118.04,STOP,-954.11,-1404.74
htf,PNB,2024-07-08,SHORT,2024-07-08T12:30:00,118.52,118.94,117.89,2531,0.42,2024-07-08T14:20:00,117.89,TARGET,1596.71,1147.94
htf,PNB,2024-07-24,SHORT,2024-07-24T11:20:00,113.62,114.30,112.59,2640,0.68,2024-07-24T12:20:00,112.59,TARGET,2710.65,2262.75
htf,PNB,2024-08-08,SHORT,2024-08-08T11:00:00,111.37,111.85,110.65,2693,0.48,2024-08-08T11:10:00,111.85,STOP,-1286.48,-1737.33
htf,PNB,2024-08-29,SHORT,2024-08-29T13:50:00,111.77,111.97,111.46,2684,0.20,2024-08-29T14:30:00,111.46,TARGET,823.52,374.15
htf,PNB,2024-09-03,LONG,2024-09-03T13:20:00,113.08,112.86,113.41,2652,0.22,2024-09-03T13:30:00,112.86,STOP,-581.19,-1030.59
htf,PNB,2024-09-11,SHORT,2024-09-11T11:30:00,106.56,106.95,105.98,2815,0.39,2024-09-11T12:10:00,105.98,TARGET,1641.90,1193.19
htf,PNB,2024-09-18,SHORT,2024-09-18T14:10:00,105.15,105.61,104.46,2853,0.46,2024-09-18T14:10:00,105.61,STOP,-1306.77,-1757.74
htf,PNB,2024-09-19,SHORT,2024-09-19T10:00:00,105.28,105.81,104.48,2849,0.53,2024-09-19T11:20:00,104.48,TARGET,2281.82,1833.62
htf,PNB,2024-09-20,SHORT,2024-09-20T13:50:00,104.62,105.00,104.06,2867,0.38,2024-09-20T13:50:00,105.00,STOP,-1077.28,-1528.01
htf,PNB,2024-10-07,SHORT,2024-10-07T10:00:00,102.36,102.94,101.49,2930,0.58,2024-10-07T10:30:00,101.49,TARGET,2559.52,2111.56
htf,PNB,2024-10-10,SHORT,2024-10-10T14:10:00,100.53,100.83,100.09,2984,0.30,2024-10-10T15:20:00,100.83,STOP,-884.74,-1335.38
htf,PNB,2024-10-11,SHORT,2024-10-11T11:10:00,100.78,101.12,100.27,2976,0.34,2024-10-11T12:20:00,101.12,STOP,-1004.50,-1455.14
htf,PNB,2024-10-15,LONG,2024-10-15T10:50:00,102.14,101.93,102.45,2937,0.21,2024-10-15T10:50:00,101.93,STOP,-610.65,-1060.16
htf,PNB,2024-10-31,LONG,2024-10-31T10:00:00,97.31,96.95,97.85,3082,0.36,2024-10-31T10:10:00,97.07,REVERSE,-739.68,-1188.99
htf,PNB,2024-11-12,SHORT,2024-11-12T10:00:00,101.56,101.98,100.93,2953,0.42,2024-11-12T10:00:00,101.98,STOP,-1231.28,-1682.07
htf,PNB,2024-12-06,LONG,2024-12-06T10:30:00,106.64,105.98,107.63,2813,0.66,2024-12-06T10:30:00,105.98,STOP,-1850.17,-2298.75
htf,PNB,2024-12-10,LONG,2024-12-10T10:10:00,106.27,105.93,106.79,2822,0.34,2024-12-10T10:30:00,105.93,STOP,-971.24,-1420.36
htf,PNB,2024-12-17,SHORT,2024-12-17T10:20:00,104.83,105.11,104.42,2861,0.28,2024-12-17T10:50:00,105.11,STOP,-789.08,-1239.55
htf,PNB,2024-12-19,SHORT,2024-12-19T14:10:00,100.39,100.79,99.80,2988,0.40,2024-12-19T15:00:00,100.79,STOP,-1181.64,-1632.47
htf,PNB,2024-12-24,SHORT,2024-12-24T10:50:00,98.90,99.21,98.43,3033,0.31,2024-12-24T11:30:00,98.43,TARGET,1414.26,965.38
htf,PNB,2024-12-27,SHORT,2024-12-27T12:20:00,99.22,99.51,98.78,3023,0.29,2024-12-27T14:00:00,99.51,STOP,-879.94,-1330.51
htf,PNB,2024-12-30,SHORT,2024-12-30T13:30:00,99.05,99.42,98.49,3028,0.37,2024-12-30T13:30:00,98.49,TARGET,1686.75,1238.13
htf,PNB,2025-01-15,SHORT,2025-01-15T13:40:00,95.23,95.63,94.63,3150,0.40,2025-01-15T14:50:00,95.63,STOP,-1262.85,-1713.76
htf,PNB,2025-01-24,SHORT,2025-01-24T14:10:00,94.34,94.82,93.62,3179,0.48,2025-01-24T14:10:00,94.82,STOP,-1523.01,-1974.02
htf,PNB,2025-01-27,SHORT,2025-01-27T14:00:00,93.39,93.86,92.68,3212,0.47,2025-01-27T14:50:00,92.68,TARGET,2280.40,1832.15
htf,PNB,2025-02-01,LONG,2025-02-01T12:30:00,97.91,97.24,98.92,3064,0.67,2025-02-01T12:30:00,97.24,STOP,-2064.97,-2513.42
htf,PNB,2025-02-13,SHORT,2025-02-13T13:20:00,92.66,93.00,92.16,3237,0.34,2025-02-13T13:20:00,93.00,STOP,-1085.80,-1536.52
htf,PNB,2025-03-04,SHORT,2025-03-04T12:30:00,84.85,85.23,84.28,3535,0.38,2025-03-04T14:20:00,85.23,STOP,-1344.14,-1795.06
htf,PNB,2025-03-27,LONG,2025-03-27T10:20:00,92.31,91.87,92.96,3249,0.44,2025-03-27T12:00:00,91.87,STOP,-1416.45,-1865.26
htf,PNB,2025-04-02,LONG,2025-04-02T11:10:00,93.98,93.52,94.66,3192,0.46,2025-04-02T13:00:00,94.12,TIME_STOP,446.88,-3.43
htf,PNB,2025-04-09,LONG,2025-04-09T13:10:00,93.67,93.30,94.23,3202,0.37,2025-04-09T13:20:00,93.30,STOP,-1199.13,-1648.12
htf,PNB,2025-05-02,SHORT,2025-05-02T11:30:00,97.80,98.15,97.28,3067,0.35,2025-05-02T11:30:00,97.28,TARGET,1590.21,1141.48
htf,PNB,2025-05-07,SHORT,2025-05-07T12:50:00,91.77,92.37,90.87,3269,0.60,2025-05-07T12:50:00,92.37,STOP,-1955.17,-2406.63
htf,PNB,2025-05-09,SHORT,2025-05-09T13:30:00,89.00,89.42,88.37,3370,0.42,2025-05-09T14:50:00,89.42,STOP,-1421.81,-1872.77
htf,PNB,2025-05-23,LONG,2025-05-23T11:50:00,97.63,97.31,98.11,3072,0.32,2025-05-23T13:40:00,97.64,TIME_STOP,30.72,-419.18
htf,PNB,2025-05-27,LONG,2025-05-27T11:30:00,98.38,98.12,98.77,3049,0.26,2025-05-27T12:30:00,98.77,TARGET,1191.80,740.96
htf,PNB,2025-05-30,LONG,2025-05-30T12:40:00,99.13,98.84,99.56,3026,0.29,2025-05-30T13:00:00,99.56,TARGET,1308.31,857.38
htf,PNB,2025-06-03,LONG,2025-06-03T13:30:00,105.83,105.47,106.37,2834,0.36,2025-06-03T14:20:00,106.37,TARGET,1524.59,1073.56
htf,PNB,2025-06-17,SHORT,2025-06-17T12:30:00,103.70,104.00,103.26,2892,0.30,2025-06-17T12:50:00,103.26,TARGET,1285.77,836.89
htf,PNB,2025-06-25,LONG,2025-06-25T10:30:00,106.09,105.82,106.50,2827,0.27,2025-06-25T11:50:00,105.82,STOP,-774.64,-1223.93
htf,PNB,2025-07-14,SHORT,2025-07-14T12:40:00,110.46,110.80,109.96,2715,0.34,2025-07-14T14:30:00,110.55,TIME_STOP,-244.35,-694.38
htf,PNB,2025-07-17,LONG,2025-07-17T14:00:00,113.59,113.31,114.01,2641,0.28,2025-07-17T15:20:00,113.65,EOD,158.46,-291.65
htf,PNB,2025-07-21,LONG,2025-07-21T13:20:00,113.19,112.91,113.61,2650,0.28,2025-07-21T13:50:00,112.91,STOP,-744.42,-1193.79
htf,PNB,2025-07-25,SHORT,2025-07-25T11:30:00,109.35,109.70,108.82,2743,0.35,2025-07-25T11:50:00,108.82,TARGET,1453.41,1004.58
htf,PNB,2025-07-28,SHORT,2025-07-28T10:50:00,108.75,109.11,108.21,2758,0.36,2025-07-28T12:40:00,108.32,TIME_STOP,1185.94,736.93
htf,PNB,2025-08-05,SHORT,2025-08-05T10:30:00,104.20,104.50,103.74,2879,0.30,2025-08-05T10:40:00,104.50,STOP,-875.76,-1326.41
htf,PNB,2025-08-07,SHORT,2025-08-07T11:30:00,103.62,103.94,103.13,2895,0.32,2025-08-07T13:10:00,103.13,TARGET,1408.09,959.18
htf,PNB,2025-08-13,LONG,2025-08-13T14:00:00,106.94,106.70,107.29,2805,0.24,2025-08-13T14:20:00,106.70,STOP,-663.82,-1113.27
htf,PNB,2025-08-19,LONG,2025-08-19T10:30:00,107.30,106.99,107.76,2795,0.31,2025-08-19T12:20:00,107.39,TIME_STOP,251.55,-198.49
htf,PNB,2025-08-21,LONG,2025-08-21T10:20:00,107.54,107.36,107.80,2789,0.18,2025-08-21T10:30:00,107.80,TARGET,735.68,285.24
htf,PNB,2025-08-29,SHORT,2025-08-29T13:10:00,101.50,101.82,101.02,2955,0.32,2025-08-29T14:40:00,101.02,TARGET,1428.74,979.91
htf,PNB,2025-09-05,LONG,2025-09-05T14:10:00,103.88,103.60,104.30,2887,0.28,2025-09-05T14:10:00,103.60,STOP,-809.16,-1258.41
htf,PNB,2025-09-09,LONG,2025-09-09T11:40:00,104.52,104.25,104.92,2870,0.27,2025-09-09T11:50:00,104.25,STOP,-773.55,-1222.93
htf,PNB,2025-09-17,LONG,2025-09-17T10:30:00,108.87,108.63,109.22,2755,0.24,2025-09-17T10:30:00,109.22,TARGET,977.29,526.65
htf,PNB,2025-09-23,LONG,2025-09-23T12:40:00,113.90,113.56,114.42,2633,0.34,2025-09-23T13:10:00,113.56,STOP,-906.02,-1355.19
htf,PNB,2025-09-24,LONG,2025-09-24T10:10:00,114.07,113.70,114.63,2629,0.37,2025-09-24T10:30:00,113.70,STOP,-977.31,-1426.41
htf,PNB,2025-09-25,SHORT,2025-09-25T12:20:00,111.56,111.89,111.06,2689,0.33,2025-09-25T13:10:00,111.89,STOP,-897.27,-1347.92
htf,PNB,2025-10-01,LONG,2025-10-01T14:10:00,112.49,112.10,113.07,2666,0.39,2025-10-01T15:20:00,112.61,EOD,319.92,-130.17
htf,PNB,2025-10-07,LONG,2025-10-07T12:20:00,114.72,114.41,115.19,2615,0.31,2025-10-07T13:10:00,114.41,STOP,-819.01,-1268.39
htf,PNB,2025-10-13,LONG,2025-10-13T13:20:00,116.94,116.64,117.39,2565,0.30,2025-10-13T14:30:00,117.39,TARGET,1160.22,709.42
htf,PNB,2025-10-16,LONG,2025-10-16T13:40:00,117.18,116.86,117.66,2560,0.32,2025-10-16T14:20:00,116.86,STOP,-821.92,-1271.28
htf,PNB,2025-10-21,LONG,2025-10-21T14:10:00,118.01,117.36,118.98,2542,0.65,2025-10-21T14:40:00,117.36,STOP,-1647.55,-2096.29
htf,PNB,2025-10-30,LONG,2025-10-30T11:10:00,121.17,120.77,121.77,2475,0.40,2025-10-30T11:20:00,121.77,TARGET,1487.79,1036.83
htf,PNB,2025-11-04,LONG,2025-11-04T13:50:00,123.51,123.15,124.05,2428,0.36,2025-11-04T14:00:00,123.15,STOP,-870.38,-1319.55
htf,PNB,2025-11-06,SHORT,2025-11-06T10:10:00,122.50,122.88,121.92,2448,0.38,2025-11-06T10:20:00,121.92,TARGET,1411.93,963.17
htf,PNB,2025-11-10,SHORT,2025-11-10T11:10:00,121.77,122.12,121.25,2463,0.35,2025-11-10T11:20:00,121.99,REVERSE,-541.86,-992.15
htf,PNB,2025-11-25,SHORT,2025-11-25T12:40:00,122.28,122.61,121.78,2453,0.33,2025-11-25T13:10:00,122.61,STOP,-811.31,-1261.85
htf,PNB,2025-11-28,LONG,2025-11-28T11:20:00,124.80,124.46,125.31,2403,0.34,2025-11-28T12:10:00,124.46,STOP,-821.66,-1270.89
htf,PNB,2025-12-08,SHORT,2025-12-08T10:10:00,119.77,120.18,119.16,2504,0.41,2025-12-08T10:50:00,119.16,TARGET,1533.07,1084.36
htf,PNB,2025-12-10,SHORT,2025-12-10T11:50:00,117.37,117.72,116.85,2556,0.35,2025-12-10T12:10:00,117.72,STOP,-890.53,-1341.19
htf,PNB,2025-12-12,SHORT,2025-12-12T10:50:00,117.10,117.41,116.63,2561,0.31,2025-12-12T11:50:00,117.41,STOP,-805.08,-1255.52
htf,PNB,2025-12-18,LONG,2025-12-18T11:50:00,118.89,118.57,119.37,2523,0.32,2025-12-18T12:20:00,119.37,TARGET,1210.18,759.33
htf,PNB,2025-12-19,LONG,2025-12-19T12:20:00,119.19,118.89,119.64,2516,0.30,2025-12-19T14:10:00,119.18,TIME_STOP,-25.16,-474.96
htf,PNB,2025-12-29,LONG,2025-12-29T12:10:00,120.79,120.34,121.46,2483,0.45,2025-12-29T12:30:00,120.34,STOP,-1113.74,-1562.79
htf,PNB,2025-12-30,LONG,2025-12-30T10:20:00,120.41,120.01,121.01,2491,0.40,2025-12-30T10:20:00,121.01,TARGET,1489.04,1038.01
htf,PNB,2026-01-06,LONG,2026-01-06T12:00:00,125.71,125.30,126.32,2386,0.41,2026-01-06T13:50:00,125.48,TIME_STOP,-548.78,-998.28
htf,PNB,2026-01-13,SHORT,2026-01-13T13:20:00,122.86,123.27,122.24,2441,0.41,2026-01-13T13:50:00,123.27,STOP,-1012.54,-1463.15
htf,PNB,2026-01-19,SHORT,2026-01-19T14:10:00,125.57,126.75,123.80,2120,1.18,2026-01-19T14:10:00,126.75,STOP,-2499.42,-2900.61
htf,PNB,2026-01-30,LONG,2026-01-30T10:00:00,125.12,124.56,125.96,2397,0.56,2026-01-30T10:00:00,124.60,REVERSE,-1246.44,-1695.37
htf,PNB,2026-02-04,LONG,2026-02-04T14:10:00,123.81,123.50,124.28,2423,0.31,2026-02-04T14:20:00,124.28,TARGET,1141.15,690.30
htf,PNB,2026-02-24,LONG,2026-02-24T10:20:00,131.32,130.84,132.04,2284,0.48,2026-02-24T11:30:00,132.04,TARGET,1645.66,1194.52
htf,PNB,2026-03-11,SHORT,2026-03-11T12:00:00,116.57,116.96,115.98,2573,0.39,2026-03-11T12:20:00,116.96,STOP,-1008.41,-1459.07
htf,BANKBARODA,2024-03-28,LONG,2024-03-28T10:00:00,245.15,244.08,246.76,1223,1.07,2024-03-28T10:50:00,246.76,TARGET,1965.21,1514.00
htf,BANKBARODA,2024-04-03,LONG,2024-04-03T14:00:00,253.22,252.50,254.29,1184,0.72,2024-04-03T14:00:00,254.29,TARGET,1272.46,821.79
htf,BANKBARODA,2024-04-05,LONG,2024-04-05T11:20:00,253.90,252.90,255.41,1181,1.00,2024-04-05T11:40:00,252.90,STOP,-1185.70,-1634.60
htf,BANKBARODA,2024-04-09,LONG,2024-04-09T10:10:00,253.22,252.10,254.90,1184,1.12,2024-04-09T10:20:00,252.10,STOP,-1322.53,-1771.26
htf,BANKBARODA,2024-04-18,SHORT,2024-04-18T13:50:00,245.15,246.20,243.57,1223,1.05,2024-04-18T14:40:00,243.57,TARGET,1927.46,1479.18
htf,BANKBARODA,2024-04-25,LONG,2024-04-25T10:10:00,247.76,246.88,249.08,1210,0.88,2024-04-25T10:10:00,249.08,TARGET,1597.26,1146.38
htf,BANKBARODA,2024-04-29,LONG,2024-04-29T11:50:00,253.66,252.67,255.14,1182,0.99,2024-04-29T12:40:00,255.14,TARGET,1750.72,1299.66
htf,BANKBARODA,2024-05-14,SHORT,2024-05-14T10:10:00,242.64,244.29,240.16,1236,1.65,2024-05-14T12:00:00,242.88,TIME_STOP,-296.64,-746.72
htf,BANKBARODA,2024-05-17,SHORT,2024-05-17T12:10:00,245.34,246.35,243.82,1222,1.01,2024-05-17T12:30:00,245.20,EOD_FORCED,171.08,-278.50
htf,BANKBARODA,2024-05-21,LONG,2024-05-21T10:30:00,248.49,247.30,250.27,1207,1.19,2024-05-21T10:50:00,247.30,STOP,-1436.07,-1884.89
htf,BANKBARODA,2024-05-27,LONG,2024-05-27T12:40:00,254.04,253.10,255.45,1180,0.94,2024-05-27T14:00:00,255.45,TARGET,1668.84,1217.94
htf,BANKBARODA,2024-06-12,LONG,2024-06-12T10:10:00,260.62,259.52,262.27,1151,1.10,2024-06-12T10:30:00,262.27,TARGET,1903.64,1452.25
htf,BANKBARODA,2024-06-14,LONG,2024-06-14T10:10:00,266.13,265.30,267.38,1127,0.83,2024-06-14T11:10:00,267.38,TARGET,1404.94,954.00
htf,BANKBARODA,2024-06-20,LONG,2024-06-20T13:30:00,268.79,268.02,269.94,1116,0.77,2024-06-20T13:30:00,268.40,REVERSE,-435.24,-884.87
htf,BANKBARODA,2024-06-25,SHORT,2024-06-25T12:00:00,264.10,264.88,262.92,1135,0.78,2024-06-25T12:20:00,262.92,TARGET,1334.25,885.62
htf,BANKBARODA,2024-06-26,SHORT,2024-06-26T13:40:00,264.00,264.81,262.78,1136,0.81,2024-06-26T14:10:00,264.81,STOP,-921.25,-1371.80
htf,BANKBARODA,2024-07-03,SHORT,2024-07-03T11:10:00,257.77,258.91,256.06,1163,1.14,2024-07-03T12:10:00,258.91,STOP,-1327.47,-1778.14
htf,BANKBARODA,2024-07-04,SHORT,2024-07-04T10:40:00,257.04,258.11,255.44,1167,1.07,2024-07-04T11:30:00,258.11,STOP,-1247.26,-1698.14
htf,BANKBARODA,2024-07-09,SHORT,2024-07-09T12:30:00,254.48,255.30,253.25,1178,0.82,2024-07-09T13:30:00,253.25,TARGET,1450.14,1001.56
htf,BANKBARODA,2024-07-11,SHORT,2024-07-11T10:30:00,248.34,249.23,247.00,1208,0.89,2024-07-11T12:20:00,247.62,TIME_STOP,869.76,420.42
htf,BANKBARODA,2024-07-12,SHORT,2024-07-12T12:00:00,247.71,248.49,246.54,1211,0.78,2024-07-12T12:40:00,246.54,TARGET,1413.14,964.23
htf,BANKBARODA,2024-08-13,LONG,2024-08-13T11:00:00,237.61,236.75,238.91,1262,0.86,2024-08-13T12:00:00,236.75,STOP,-1089.57,-1538.55
htf,BANKBARODA,2024-08-27,LONG,2024-08-27T11:20:00,243.56,242.94,244.49,1231,0.62,2024-08-27T11:40:00,242.94,STOP,-766.66,-1215.81
htf,BANKBARODA,2024-08-28,SHORT,2024-08-28T13:20:00,241.91,242.38,241.20,1240,0.47,2024-08-28T14:10:00,241.20,TARGET,879.49,430.19
htf,BANKBARODA,2024-09-02,SHORT,2024-09-02T10:00:00,240.85,241.62,239.69,1245,0.77,2024-09-02T11:30:00,241.62,STOP,-963.07,-1413.58
htf,BANKBARODA,2024-09-11,SHORT,2024-09-11T12:30:00,227.90,228.62,226.82,1316,0.72,2024-09-11T13:40:00,226.82,TARGET,1421.26,972.45
htf,BANKBARODA,2024-09-17,LONG,2024-09-17T12:20:00,231.62,231.02,232.52,1295,0.60,2024-09-17T12:40:00,232.52,TARGET,1166.22,715.43
htf,BANKBARODA,2024-09-18,LONG,2024-09-18T12:20:00,232.00,231.39,232.91,1293,0.61,2024-09-18T13:40:00,231.39,STOP,-788.69,-1238.06
htf,BANKBARODA,2024-09-25,LONG,2024-09-25T14:10:00,234.81,234.15,235.80,1277,0.66,2024-09-25T14:30:00,234.15,STOP,-842.77,-1291.92
htf,BANKBARODA,2024-10-14,SHORT,2024-10-14T12:30:00,234.95,235.60,233.98,1276,0.65,2024-10-14T12:50:00,235.60,STOP,-826.65,-1276.97
htf,BANKBARODA,2024-10-16,SHORT,2024-10-16T10:50:00,235.29,235.95,234.31,1275,0.66,2024-10-16T11:30:00,235.95,STOP,-835.30,-1285.92
htf,BANKBARODA,2024-10-29,LONG,2024-10-29T12:10:00,243.07,242.03,244.63,1234,1.04,2024-10-29T14:00:00,244.63,TARGET,1927.73,1476.36
htf,BANKBARODA,2024-11-12,SHORT,2024-11-12T10:30:00,249.16,250.25,247.52,1204,1.09,2024-11-12T12:10:00,247.52,TARGET,1969.49,1520.99
htf,BANKBARODA,2024-11-19,SHORT,2024-11-19T12:10:00,234.23,235.09,232.94,1280,0.86,2024-11-19T14:00:00,233.74,TIME_STOP,627.20,177.95
htf,BANKBARODA,2024-11-27,LONG,2024-11-27T11:50:00,238.82,237.97,240.10,1256,0.85,2024-11-27T12:00:00,240.10,TARGET,1603.26,1152.12
htf,BANKBARODA,2024-11-28,LONG,2024-11-28T10:00:00,239.93,238.99,241.34,1250,0.94,2024-11-28T10:20:00,241.34,TARGET,1757.22,1306.04
htf,BANKBARODA,2024-12-09,LONG,2024-12-09T11:50:00,255.31,254.46,256.58,1175,0.85,2024-12-09T12:30:00,254.46,STOP,-996.65,-1445.89
htf,BANKBARODA,2024-12-17,SHORT,2024-12-17T10:10:00,248.73,249.46,247.63,1206,0.73,2024-12-17T10:50:00,249.46,STOP,-880.42,-1331.04
htf,BANKBARODA,2024-12-24,SHORT,2024-12-24T11:40:00,236.61,237.47,235.33,1267,0.86,2024-12-24T12:30:00,235.33,TARGET,1626.61,1178.15
htf,BANKBARODA,2024-12-27,SHORT,2024-12-27T12:20:00,237.52,238.24,236.45,1263,0.72,2024-12-27T13:50:00,238.24,STOP,-903.40,-1354.06
htf,BANKBARODA,2025-01-01,SHORT,2025-01-01T13:20:00,232.21,232.81,231.31,1291,0.60,2025-01-01T13:40:00,232.81,STOP,-771.50,-1221.75
htf,BANKBARODA,2025-01-08,SHORT,2025-01-08T10:50:00,222.97,223.89,221.59,1345,0.92,2025-01-08T12:40:00,223.51,TIME_STOP,-726.30,-1176.69
htf,BANKBARODA,2025-01-09,SHORT,2025-01-09T11:10:00,222.58,223.49,221.22,1347,0.91,2025-01-09T11:40:00,223.49,STOP,-1224.49,-1675.13
htf,BANKBARODA,2025-01-15,SHORT,2025-01-15T13:20:00,215.88,216.67,214.69,1389,0.79,2025-01-15T13:50:00,214.69,TARGET,1648.34,1199.79
htf,BANKBARODA,2025-01-24,LONG,2025-01-24T11:50:00,221.60,220.68,222.98,1353,0.92,2025-01-24T12:10:00,220.68,STOP,-1243.24,-1692.05
htf,BANKBARODA,2025-01-30,SHORT,2025-01-30T13:40:00,215.47,216.16,214.43,1392,0.69,2025-01-30T14:20:00,216.16,STOP,-962.54,-1413.17
htf,BANKBARODA,2025-02-01,SHORT,2025-02-01T12:00:00,205.04,206.12,203.42,1463,1.08,2025-02-01T12:00:00,206.12,STOP,-1581.91,-2033.06
htf,BANKBARODA,2025-02-13,SHORT,2025-02-13T12:20:00,204.97,205.66,203.94,1463,0.69,2025-02-13T13:30:00,203.94,TARGET,1509.86,1061.18
htf,BANKBARODA,2025-02-18,SHORT,2025-02-18T12:50:00,197.98,198.85,196.68,1515,0.87,2025-02-18T13:00:00,196.68,TARGET,1966.39,1517.96
htf,BANKBARODA,2025-02-25,SHORT,2025-02-25T10:20:00,200.68,201.37,199.64,1494,0.69,2025-02-25T10:30:00,199.64,TARGET,1554.24,1105.68
htf,BANKBARODA,2025-03-04,SHORT,2025-03-04T13:20:00,189.28,190.08,188.08,1584,0.80,2025-03-04T14:10:00,190.08,STOP,-1267.17,-1717.85
htf,BANKBARODA,2025-03-12,SHORT,2025-03-12T12:00:00,195.80,196.60,194.61,1532,0.80,2025-03-12T12:10:00,196.60,STOP,-1218.46,-1669.33
htf,BANKBARODA,2025-03-17,LONG,2025-03-17T11:30:00,198.57,197.95,199.50,1510,0.62,2025-03-17T12:00:00,197.95,STOP,-936.39,-1385.45
htf,BANKBARODA,2025-03-25,LONG,2025-03-25T13:10:00,215.86,215.09,217.02,1389,0.77,2025-03-25T13:20:00,215.09,STOP,-1072.57,-1521.51
htf,BANKBARODA,2025-04-02,LONG,2025-04-02T11:10:00,223.00,221.80,224.81,1345,1.20,2025-04-02T11:40:00,221.80,STOP,-1619.30,-2067.99
htf,BANKBARODA,2025-05-06,SHORT,2025-05-06T10:00:00,237.85,238.97,236.18,1261,1.12,2025-05-06T10:40:00,238.97,STOP,-1408.01,-1858.96
htf,BANKBARODA,2025-05-20,LONG,2025-05-20T12:30:00,232.62,231.86,233.75,1289,0.76,2025-05-20T12:50:00,231.86,STOP,-974.55,-1423.59
htf,BANKBARODA,2025-05-27,LONG,2025-05-27T12:30:00,233.41,232.73,234.43,1285,0.68,2025-05-27T14:00:00,232.73,STOP,-870.18,-1319.43
htf,BANKBARODA,2025-06-04,LONG,2025-06-04T11:00:00,245.92,245.12,247.12,1219,0.80,2025-06-04T12:50:00,245.59,TIME_STOP,-402.27,-851.63
htf,BANKBARODA,2025-06-17,SHORT,2025-06-17T11:40:00,239.32,240.01,238.28,1253,0.69,2025-06-17T12:50:00,238.28,TARGET,1304.45,855.63
htf,BANKBARODA,2025-06-18,SHORT,2025-06-18T10:40:00,238.60,239.22,237.67,1257,0.62,2025-06-18T10:40:00,239.00,REVERSE,-502.80,-953.06
htf,BANKBARODA,2025-06-20,SHORT,2025-06-20T14:10:00,232.90,233.56,231.90,1288,0.66,2025-06-20T15:00:00,233.56,STOP,-854.96,-1305.56
htf,BANKBARODA,2025-07-07,SHORT,2025-07-07T13:30:00,241.62,242.23,240.71,1241,0.61,2025-07-07T14:50:00,240.71,TARGET,1131.79,682.87
htf,BANKBARODA,2025-07-11,SHORT,2025-07-11T13:30:00,237.88,238.69,236.66,1261,0.81,2025-07-11T15:20:00,236.99,TIME_STOP,1122.29,673.18
htf,BANKBARODA,2025-07-28,LONG,2025-07-28T10:30:00,245.53,244.00,247.83,1221,1.53,2025-07-28T10:50:00,244.00,STOP,-1869.10,-2317.39
htf,BANKBARODA,2025-07-29,SHORT,2025-07-29T11:20:00,241.15,242.08,239.75,1244,0.93,2025-07-29T11:20:00,242.08,STOP,-1162.64,-1613.50
htf,BANKBARODA,2025-07-30,LONG,2025-07-30T12:10:00,242.50,241.82,243.52,1237,0.68,2025-07-30T13:30:00,241.82,STOP,-839.89,-1289.22
htf,BANKBARODA,2025-08-05,SHORT,2025-08-05T14:10:00,240.17,240.76,239.29,1249,0.59,2025-08-05T14:40:00,240.76,STOP,-734.40,-1184.91
htf,BANKBARODA,2025-08-06,LONG,2025-08-06T13:10:00,242.72,241.89,243.96,1235,0.83,2025-08-06T14:30:00,241.89,STOP,-1021.45,-1470.33
htf,BANKBARODA,2025-08-08,SHORT,2025-08-08T12:10:00,239.71,240.38,238.71,1251,0.67,2025-08-08T12:30:00,240.38,STOP,-833.42,-1283.86
htf,BANKBARODA,2025-08-13,LONG,2025-08-13T10:00:00,244.17,243.55,245.10,1228,0.62,2025-08-13T10:30:00,243.55,STOP,-761.95,-1211.14
htf,BANKBARODA,2025-08-14,SHORT,2025-08-14T12:50:00,241.81,242.32,241.04,1240,0.51,2025-08-14T13:00:00,242.32,STOP,-634.46,-1084.70
htf,BANKBARODA,2025-08-21,LONG,2025-08-21T10:10:00,246.01,245.56,246.69,1219,0.45,2025-08-21T10:30:00,246.69,TARGET,825.93,375.48
htf,BANKBARODA,2025-08-29,SHORT,2025-08-29T14:10:00,232.40,232.98,231.53,1290,0.58,2025-08-29T14:20:00,232.98,STOP,-752.03,-1202.29
htf,BANKBARODA,2025-09-08,SHORT,2025-09-08T14:10:00,234.95,235.49,234.14,1276,0.54,2025-09-08T14:30:00,235.49,STOP,-690.02,-1140.23
htf,BANKBARODA,2025-09-15,LONG,2025-09-15T13:40:00,238.01,237.57,238.67,1260,0.44,2025-09-15T14:30:00,238.67,TARGET,827.87,377.41
htf,BANKBARODA,2025-09-23,LONG,2025-09-23T12:40:00,253.07,252.31,254.21,1185,0.76,2025-09-23T13:40:00,254.21,TARGET,1345.33,894.49
htf,BANKBARODA,2025-09-25,LONG,2025-09-25T10:20:00,255.62,254.74,256.94,1173,0.88,2025-09-25T10:40:00,254.74,STOP,-1028.47,-1477.47
htf,BANKBARODA,2025-10-01,LONG,2025-10-01T13:50:00,260.35,259.25,261.99,1152,1.10,2025-10-01T14:10:00,259.25,STOP,-1261.77,-1710.70
htf,BANKBARODA,2025-10-13,LONG,2025-10-13T10:30:00,267.70,266.88,268.93,1120,0.82,2025-10-13T11:00:00,266.88,STOP,-916.31,-1365.36
htf,BANKBARODA,2025-10-15,LONG,2025-10-15T10:10:00,266.35,265.49,267.64,1126,0.86,2025-10-15T10:50:00,267.64,TARGET,1453.41,1002.45
htf,BANKBARODA,2025-10-30,LONG,2025-10-30T10:30:00,276.35,275.33,277.88,1085,1.02,2025-10-30T10:30:00,275.33,STOP,-1105.98,-1554.91
htf,BANKBARODA,2025-11-06,LONG,2025-11-06T10:00:00,289.50,288.32,291.27,1036,1.18,2025-11-06T10:00:00,288.32,STOP,-1223.89,-1672.85
htf,BANKBARODA,2025-11-07,LONG,2025-11-07T11:30:00,287.45,286.36,289.09,1043,1.09,2025-11-07T13:00:00,289.09,TARGET,1712.25,1261.25
htf,BANKBARODA,2025-11-12,SHORT,2025-11-12T12:10:00,285.30,286.15,284.02,1051,0.85,2025-11-12T12:20:00,286.15,STOP,-898.60,-1349.05
htf,BANKBARODA,2025-11-18,LONG,2025-11-18T11:00:00,289.00,288.20,290.20,1038,0.80,2025-11-18T11:50:00,288.20,STOP,-827.09,-1276.45
htf,BANKBARODA,2025-11-19,LONG,2025-11-19T10:10:00,288.60,287.85,289.72,1039,0.75,2025-11-19T10:10:00,289.72,TARGET,1162.96,712.30
htf,BANKBARODA,2025-12-04,SHORT,2025-12-04T11:40:00,287.65,288.68,286.11,1042,1.03,2025-12-04T13:30:00,287.50,TIME_STOP,156.30,-293.18
htf,BANKBARODA,2025-12-08,SHORT,2025-12-08T10:10:00,288.50,289.56,286.91,1039,1.06,2025-12-08T11:20:00,286.91,TARGET,1651.92,1203.53
htf,BANKBARODA,2025-12-10,SHORT,2025-12-10T11:30:00,287.25,288.08,286.00,1044,0.83,2025-12-10T12:30:00,286.00,TARGET,1306.85,857.99
htf,BANKBARODA,2025-12-12,SHORT,2025-12-12T10:20:00,284.55,285.41,283.26,1054,0.86,2025-12-12T10:40:00,283.26,TARGET,1360.40,911.54
htf,BANKBARODA,2025-12-29,LONG,2025-12-29T12:10:00,289.90,289.32,290.76,1034,0.58,2025-12-29T12:30:00,289.32,STOP,-595.45,-1044.64
htf,BANKBARODA,2025-12-30,SHORT,2025-12-30T12:10:00,287.15,288.09,285.75,1044,0.94,2025-12-30T12:30:00,288.09,STOP,-976.90,-1427.31
htf,BANKBARODA,2026-01-06,LONG,2026-01-06T11:20:00,306.90,305.95,308.33,977,0.95,2026-01-06T11:20:00,305.95,STOP,-928.77,-1377.83
htf,BANKBARODA,2026-01-07,LONG,2026-01-07T10:00:00,306.90,305.82,308.53,977,1.08,2026-01-07T11:20:00,308.53,TARGET,1588.09,1137.13
htf,BANKBARODA,2026-01-13,SHORT,2026-01-13T12:00:00,300.20,301.20,298.69,999,1.00,2026-01-13T12:30:00,301.20,STOP,-1002.48,-1453.08
htf,BANKBARODA,2026-01-27,SHORT,2026-01-27T12:40:00,298.80,299.81,297.29,1004,1.01,2026-01-27T12:50:00,297.29,TARGET,1517.05,1068.20
htf,BANKBARODA,2026-02-11,LONG,2026-02-11T11:40:00,291.00,289.99,292.51,1030,1.01,2026-02-11T12:00:00,289.99,STOP,-1037.39,-1486.20
htf,BANKBARODA,2026-02-16,SHORT,2026-02-16T10:00:00,286.55,287.49,285.14,1046,0.94,2026-02-16T10:00:00,286.95,REVERSE,-418.40,-868.31
htf,BANKBARODA,2026-02-24,LONG,2026-02-24T11:30:00,313.75,312.49,315.64,956,1.26,2026-02-24T11:50:00,312.49,STOP,-1205.38,-1654.39
htf,BANKBARODA,2026-03-11,SHORT,2026-03-11T11:20:00,291.95,293.01,290.36,1027,1.06,2026-03-11T11:40:00,290.36,TARGET,1629.44,1180.92
htf,WIPRO,2024-04-12,SHORT,2024-04-12T10:00:00,227.50,228.27,226.35,1318,0.77,2024-04-12T10:30:00,228.27,STOP,-1012.50,-1463.02
htf,WIPRO,2024-04-23,LONG,2024-04-23T12:20:00,221.05,220.45,221.94,1357,0.60,2024-04-23T14:10:00,221.40,TIME_STOP,474.95,24.65
htf,WIPRO,2024-04-30,SHORT,2024-04-30T11:10:00,221.10,221.62,220.31,1356,0.52,2024-04-30T11:30:00,221.62,STOP,-710.53,-1160.78
htf,WIPRO,2024-05-07,SHORT,2024-05-07T10:30:00,218.50,219.14,217.54,1372,0.64,2024-05-07T10:50:00,217.54,TARGET,1314.60,865.92
htf,WIPRO,2024-05-09,LONG,2024-05-09T12:20:00,221.75,221.00,222.88,1352,0.75,2024-05-09T12:40:00,221.00,STOP,-1019.66,-1468.61
htf,WIPRO,2024-05-15,LONG,2024-05-15T11:00:00,218.50,217.79,219.56,1372,0.71,2024-05-15T12:50:00,219.00,TIME_STOP,686.00,235.81
htf,WIPRO,2024-05-21,LONG,2024-05-21T11:10:00,220.80,220.26,221.61,1358,0.54,2024-05-21T12:50:00,221.61,TARGET,1101.27,650.68
htf,WIPRO,2024-05-28,SHORT,2024-05-28T12:00:00,217.30,217.79,216.56,1380,0.49,2024-05-28T12:40:00,216.56,TARGET,1017.79,568.74
htf,WIPRO,2024-06-04,SHORT,2024-06-04T11:10:00,209.35,210.75,207.25,1433,1.40,2024-06-04T11:50:00,210.75,STOP,-2004.58,-2456.08
htf,WIPRO,2024-07-09,LONG,2024-07-09T11:50:00,258.40,257.63,259.56,1160,0.77,2024-07-09T13:40:00,258.90,TIME_STOP,580.00,129.95
htf,WIPRO,2024-07-11,SHORT,2024-07-11T10:30:00,255.05,256.02,253.60,1176,0.97,2024-07-11T11:10:00,253.60,TARGET,1703.94,1255.31
htf,WIPRO,2024-07-16,LONG,2024-07-16T13:10:00,267.55,266.90,268.52,1121,0.65,2024-07-16T15:00:00,267.95,TIME_STOP,448.40,-1.82
htf,WIPRO,2024-07-24,SHORT,2024-07-24T13:00:00,239.65,240.45,238.45,1251,0.80,2024-07-24T14:50:00,239.55,TIME_STOP,125.10,-324.51
htf,WIPRO,2024-07-31,LONG,2024-07-31T10:30:00,250.25,249.53,251.33,1198,0.72,2024-07-31T11:00:00,249.53,STOP,-858.59,-1307.65
htf,WIPRO,2024-08-08,SHORT,2024-08-08T10:00:00,235.60,236.43,234.35,1273,0.83,2024-08-08T11:00:00,234.35,TARGET,1585.23,1136.54
htf,WIPRO,2024-08-09,SHORT,2024-08-09T13:00:00,234.25,234.83,233.39,1280,0.58,2024-08-09T14:00:00,234.83,STOP,-736.41,-1186.72
htf,WIPRO,2024-08-13,SHORT,2024-08-13T14:10:00,233.55,234.14,232.66,1284,0.59,2024-08-13T14:20:00,234.14,STOP,-762.90,-1213.29
htf,WIPRO,2024-08-20,LONG,2024-08-20T14:00:00,250.15,249.56,251.03,1199,0.59,2024-08-20T15:20:00,251.03,TARGET,1059.81,609.12
htf,WIPRO,2024-09-03,LONG,2024-09-03T10:10:00,258.10,257.14,259.54,1162,0.96,2024-09-03T10:10:00,257.14,STOP,-1112.35,-1561.38
htf,WIPRO,2024-09-06,SHORT,2024-09-06T11:00:00,250.20,251.13,248.81,1199,0.93,2024-09-06T11:20:00,251.13,STOP,-1111.38,-1562.20
htf,WIPRO,2024-09-11,LONG,2024-09-11T12:00:00,250.25,249.54,251.31,1198,0.71,2024-09-11T12:30:00,251.31,TARGET,1275.64,824.99
htf,WIPRO,2024-09-12,LONG,2024-09-12T11:00:00,249.25,248.29,250.70,1203,0.96,2024-09-12T12:50:00,249.95,TIME_STOP,842.10,391.70
htf,WIPRO,2024-09-17,LONG,2024-09-17T11:40:00,264.20,263.35,265.47,1135,0.85,2024-09-17T13:30:00,264.10,TIME_STOP,-113.50,-563.22
htf,WIPRO,2024-09-19,SHORT,2024-09-19T10:20:00,256.10,257.70,253.70,1171,1.60,2024-09-19T11:10:00,257.70,STOP,-1871.48,-2322.73
htf,WIPRO,2024-09-30,LONG,2024-09-30T13:40:00,259.60,258.85,260.72,1155,0.75,2024-09-30T14:10:00,258.85,STOP,-862.22,-1311.34
htf,WIPRO,2024-10-07,SHORT,2024-10-07T10:50:00,254.65,255.78,252.96,1178,1.13,2024-10-07T11:00:00,252.96,TARGET,1992.19,1543.72
htf,WIPRO,2024-10-10,SHORT,2024-10-10T13:30:00,252.45,253.29,251.19,1188,0.84,2024-10-10T13:30:00,251.19,TARGET,1493.22,1044.48
htf,WIPRO,2024-10-11,SHORT,2024-10-11T10:50:00,252.45,253.58,250.76,1188,1.13,2024-10-11T12:20:00,250.76,TARGET,2005.85,1557.49
htf,WIPRO,2024-10-22,LONG,2024-10-22T10:10:00,265.00,263.95,266.57,1132,1.05,2024-10-22T10:10:00,263.95,STOP,-1184.64,-1633.72
htf,WIPRO,2024-10-23,LONG,2024-10-23T10:40:00,263.25,262.06,265.03,1139,1.19,2024-10-23T12:30:00,263.45,TIME_STOP,227.80,-222.13
htf,WIPRO,2024-10-29,LONG,2024-10-29T12:20:00,266.30,265.46,267.55,1126,0.84,2024-10-29T12:40:00,265.46,STOP,-940.63,-1389.70
htf,WIPRO,2024-11-07,LONG,2024-11-07T11:40:00,268.20,266.96,270.06,1118,1.24,2024-11-07T11:40:00,266.96,STOP,-1387.26,-1835.99
htf,WIPRO,2024-11-11,LONG,2024-11-11T10:10:00,274.50,273.46,276.06,1092,1.04,2024-11-11T10:50:00,276.06,TARGET,1699.03,1248.12
htf,WIPRO,2024-11-12,LONG,2024-11-12T10:00:00,276.20,275.16,277.76,1086,1.04,2024-11-12T10:40:00,275.16,STOP,-1133.04,-1582.12
htf,WIPRO,2024-11-14,SHORT,2024-11-14T11:30:00,270.75,271.76,269.24,1108,1.01,2024-11-14T13:20:00,270.60,TIME_STOP,166.20,-283.66
htf,WIPRO,2024-12-09,LONG,2024-12-09T12:10:00,285.40,284.66,286.51,1051,0.74,2024-12-09T13:30:00,286.51,TARGET,1162.80,711.99
htf,WIPRO,2024-12-11,LONG,2024-12-11T11:30:00,294.45,293.48,295.90,1018,0.97,2024-12-11T13:00:00,295.90,TARGET,1476.46,1025.73
htf,WIPRO,2024-12-13,LONG,2024-12-13T12:30:00,295.20,294.08,296.88,1016,1.12,2024-12-13T13:00:00,296.88,TARGET,1703.17,1252.01
htf,WIPRO,2024-12-17,LONG,2024-12-17T12:30:00,295.50,294.66,296.75,1015,0.84,2024-12-17T13:30:00,294.66,STOP,-847.76,-1297.02
htf,WIPRO,2024-12-19,LONG,2024-12-19T13:20:00,297.05,295.82,298.90,1009,1.23,2024-12-19T14:00:00,298.90,TARGET,1865.18,1414.20
htf,WIPRO,2024-12-24,SHORT,2024-12-24T11:00:00,293.85,294.92,292.25,1020,1.07,2024-12-24T11:00:00,294.25,REVERSE,-408.00,-857.90
htf,WIPRO,2024-12-26,SHORT,2024-12-26T12:00:00,291.45,292.31,290.16,1029,0.86,2024-12-26T13:50:00,291.35,TIME_STOP,102.90,-346.88
htf,WIPRO,2025-01-01,SHORT,2025-01-01T10:00:00,286.65,287.68,285.10,1046,1.03,2025-01-01T10:50:00,287.68,STOP,-1079.11,-1529.67
htf,WIPRO,2025-01-02,LONG,2025-01-02T11:10:00,288.80,287.62,290.56,1038,1.18,2025-01-02T11:50:00,287.62,STOP,-1219.65,-1668.40
htf,WIPRO,2025-01-07,SHORT,2025-01-07T10:10:00,278.70,279.99,276.76,1076,1.29,2025-01-07T10:10:00,279.99,STOP,-1392.47,-1843.34
htf,WIPRO,2025-01-09,SHORT,2025-01-09T12:20:00,280.45,281.49,278.89,1069,1.04,2025-01-09T13:10:00,278.89,TARGET,1664.74,1216.29
htf,WIPRO,2025-01-16,SHORT,2025-01-16T10:00:00,277.45,278.51,275.86,1081,1.06,2025-01-16T10:00:00,278.51,STOP,-1146.10,-1596.85
htf,WIPRO,2025-02-07,LONG,2025-02-07T10:50:00,309.10,307.96,310.81,970,1.14,2025-02-07T12:40:00,310.81,TARGET,1658.44,1207.46
htf,WIPRO,2025-02-13,SHORT,2025-02-13T10:50:00,302.85,303.97,301.17,990,1.12,2025-02-13T12:20:00,301.17,TARGET,1659.09,1210.60
htf,WIPRO,2025-02-20,LONG,2025-02-20T12:50:00,305.45,304.67,306.62,982,0.78,2025-02-20T13:00:00,304.67,STOP,-767.08,-1216.44
htf,WIPRO,2025-02-27,SHORT,2025-02-27T13:20:00,284.95,285.81,283.67,1052,0.86,2025-02-27T14:20:00,285.81,STOP,-900.25,-1350.58
htf,WIPRO,2025-03-06,LONG,2025-03-06T11:20:00,278.20,277.18,279.72,1078,1.02,2025-03-06T11:30:00,277.18,STOP,-1094.30,-1543.33
htf,WIPRO,2025-03-13,SHORT,2025-03-13T11:40:00,258.70,259.72,257.17,1159,1.02,2025-03-13T13:30:00,258.25,TIME_STOP,521.55,72.19
htf,WIPRO,2025-03-19,SHORT,2025-03-19T12:20:00,253.45,254.30,252.17,1183,0.85,2025-03-19T12:40:00,254.30,STOP,-1011.07,-1461.57
htf,WIPRO,2025-03-21,LONG,2025-03-21T12:30:00,261.90,260.72,263.66,1145,1.18,2025-03-21T13:10:00,260.72,STOP,-1346.61,-1795.41
htf,WIPRO,2025-03-24,LONG,2025-03-24T10:30:00,260.25,259.19,261.83,1152,1.06,2025-03-24T12:20:00,261.40,TIME_STOP,1324.80,874.09
htf,WIPRO,2025-03-27,LONG,2025-03-27T11:50:00,265.25,264.25,266.75,1131,1.00,2025-03-27T12:50:00,264.25,STOP,-1132.18,-1581.33
htf,WIPRO,2025-04-25,LONG,2025-04-25T13:30:00,235.80,234.79,237.31,1272,1.01,2025-04-25T15:10:00,234.79,STOP,-1278.47,-1727.42
htf,WIPRO,2025-04-29,LONG,2025-04-29T13:00:00,235.75,235.00,236.87,1272,0.75,2025-04-29T13:40:00,236.87,TARGET,1422.81,971.93
htf,WIPRO,2025-05-07,LONG,2025-05-07T12:10:00,236.60,235.80,237.80,1267,0.80,2025-05-07T14:00:00,237.60,TIME_STOP,1267.00,816.39
htf,WIPRO,2025-05-08,SHORT,2025-05-08T11:10:00,236.40,237.10,235.35,1269,0.70,2025-05-08T13:00:00,235.85,TIME_STOP,697.95,248.49
htf,WIPRO,2025-05-09,LONG,2025-05-09T11:40:00,236.70,235.68,238.23,1267,1.02,2025-05-09T11:40:00,235.68,STOP,-1292.67,-1741.55
htf,WIPRO,2025-05-15,LONG,2025-05-15T13:10:00,246.40,245.66,247.51,1217,0.74,2025-05-15T13:10:00,247.51,TARGET,1347.67,896.86
htf,WIPRO,2025-06-13,LONG,2025-06-13T10:50:00,254.40,253.26,256.12,1179,1.14,2025-06-13T12:40:00,254.15,TIME_STOP,-294.75,-744.44
htf,WIPRO,2025-06-23,LONG,2025-06-23T14:10:00,257.60,257.03,258.45,1164,0.57,2025-06-23T14:10:00,257.03,STOP,-663.34,-1112.61
htf,WIPRO,2025-07-15,SHORT,2025-07-15T10:00:00,247.00,247.76,245.87,1214,0.76,2025-07-15T10:30:00,247.76,STOP,-917.19,-1367.67
htf,WIPRO,2025-07-25,SHORT,2025-07-25T10:10:00,251.80,252.53,250.70,1191,0.73,2025-07-25T10:30:00,250.70,TARGET,1312.14,863.28
htf,WIPRO,2025-07-30,SHORT,2025-07-30T10:30:00,243.55,244.28,242.45,1231,0.73,2025-07-30T10:30:00,244.28,STOP,-899.97,-1350.36
htf,WIPRO,2025-08-05,SHORT,2025-08-05T10:20:00,238.85,239.53,237.82,1256,0.68,2025-08-05T11:00:00,239.53,STOP,-859.15,-1309.79
htf,WIPRO,2025-08-08,SHORT,2025-08-08T11:00:00,234.20,234.80,233.29,1280,0.60,2025-08-08T12:50:00,234.80,STOP,-773.20,-1223.44
htf,WIPRO,2025-08-13,LONG,2025-08-13T13:20:00,235.85,235.35,236.60,1271,0.50,2025-08-13T13:30:00,235.35,STOP,-634.27,-1083.44
htf,WIPRO,2025-08-19,LONG,2025-08-19T11:20:00,240.10,239.55,240.92,1249,0.55,2025-08-19T12:00:00,240.92,TARGET,1021.90,571.30
htf,WIPRO,2025-08-21,LONG,2025-08-21T10:40:00,244.90,244.25,245.88,1224,0.65,2025-08-21T10:50:00,244.25,STOP,-801.42,-1250.45
htf,WIPRO,2025-08-22,LONG,2025-08-22T13:00:00,243.55,242.82,244.64,1231,0.73,2025-08-22T14:10:00,243.15,REVERSE,-492.40,-941.75
htf,WIPRO,2025-08-28,LONG,2025-08-28T13:40:00,244.95,244.39,245.79,1224,0.56,2025-08-28T15:20:00,244.39,STOP,-686.32,-1135.54
htf,WIPRO,2025-08-29,LONG,2025-08-29T11:00:00,245.00,244.21,246.18,1224,0.79,2025-08-29T11:20:00,244.21,STOP,-962.94,-1412.03
htf,WIPRO,2025-09-15,LONG,2025-09-15T13:30:00,244.90,244.54,245.44,1224,0.36,2025-09-15T13:40:00,244.54,STOP,-441.06,-890.37
htf,WIPRO,2025-10-08,LONG,2025-10-08T13:20:00,238.40,237.80,239.31,1258,0.60,2025-10-08T15:10:00,238.30,TIME_STOP,-125.80,-575.57
htf,WIPRO,2025-10-16,LONG,2025-10-16T11:10:00,243.90,243.17,245.00,1230,0.73,2025-10-16T11:20:00,245.00,TARGET,1348.41,897.40
htf,WIPRO,2025-10-27,SHORT,2025-10-27T13:40:00,237.70,238.13,237.05,1262,0.43,2025-10-27T15:20:00,237.80,EOD,-126.20,-576.26
htf,WIPRO,2025-10-31,SHORT,2025-10-31T11:50:00,235.70,236.08,235.14,1272,0.38,2025-10-31T13:30:00,235.14,TARGET,716.41,267.23
htf,WIPRO,2025-11-11,LONG,2025-11-11T12:40:00,234.25,233.74,235.01,1280,0.51,2025-11-11T13:00:00,235.01,TARGET,971.56,521.07
htf,WIPRO,2025-11-17,LONG,2025-11-17T12:50:00,237.95,237.42,238.74,1260,0.53,2025-11-17T13:20:00,237.42,STOP,-662.91,-1112.14
htf,WIPRO,2025-12-01,LONG,2025-12-01T12:30:00,243.65,243.18,244.36,1231,0.47,2025-12-01T13:00:00,243.18,STOP,-578.90,-1028.37
htf,WIPRO,2025-12-02,LONG,2025-12-02T12:30:00,243.90,243.43,244.61,1230,0.47,2025-12-02T14:20:00,243.65,TIME_STOP,-307.50,-757.26
htf,WIPRO,2025-12-10,SHORT,2025-12-10T11:50:00,251.80,252.49,250.76,1191,0.69,2025-12-10T12:20:00,252.49,STOP,-825.62,-1276.08
htf,WIPRO,2025-12-11,SHORT,2025-12-11T10:00:00,251.65,252.34,250.61,1192,0.69,2025-12-11T10:10:00,252.34,STOP,-826.94,-1277.51
htf,WIPRO,2025-12-12,LONG,2025-12-12T11:30:00,252.55,252.00,253.37,1187,0.55,2025-12-12T13:00:00,253.37,TARGET,976.64,526.25
htf,WIPRO,2025-12-16,LONG,2025-12-16T13:50:00,253.60,253.24,254.14,1182,0.36,2025-12-16T13:50:00,253.55,REVERSE,-59.10,-508.69
htf,WIPRO,2026-01-06,SHORT,2026-01-06T14:00:00,257.55,258.04,256.82,1164,0.49,2026-01-06T14:50:00,258.04,STOP,-570.12,-1020.23
htf,WIPRO,2026-01-13,SHORT,2026-01-13T10:00:00,256.10,257.07,254.65,1171,0.97,2026-01-13T10:00:00,256.60,REVERSE,-585.50,-1035.78
htf,WIPRO,2026-01-22,SHORT,2026-01-22T13:20:00,234.05,234.58,233.25,1281,0.53,2026-01-22T13:20:00,233.25,TARGET,1018.48,569.51
htf,WIPRO,2026-01-23,SHORT,2026-01-23T11:40:00,233.55,234.18,232.61,1284,0.63,2026-01-23T12:40:00,234.18,STOP,-808.43,-1258.86
htf,WIPRO,2026-01-27,SHORT,2026-01-27T13:00:00,233.05,233.73,232.03,1287,0.68,2026-01-27T14:40:00,233.73,STOP,-872.30,-1322.86
htf,WIPRO,2026-01-29,LONG,2026-01-29T11:30:00,237.00,236.40,237.89,1265,0.60,2026-01-29T12:50:00,237.89,TARGET,1129.15,678.60
htf,WIPRO,2026-02-05,SHORT,2026-02-05T11:30:00,233.53,234.23,232.48,1284,0.70,2026-02-05T11:50:00,232.48,TARGET,1353.90,905.14
htf,WIPRO,2026-02-11,SHORT,2026-02-11T10:10:00,231.11,231.69,230.24,1298,0.58,2026-02-11T12:00:00,230.77,TIME_STOP,441.32,-8.32
htf,WIPRO,2026-02-18,SHORT,2026-02-18T10:10:00,210.88,211.82,209.46,1422,0.94,2026-02-18T10:40:00,211.82,STOP,-1341.93,-1792.74
htf,WIPRO,2026-02-19,SHORT,2026-02-19T12:50:00,211.94,212.49,211.11,1415,0.55,2026-02-19T13:10:00,212.49,STOP,-784.90,-1235.33
htf,WIPRO,2026-02-26,SHORT,2026-02-26T12:00:00,200.54,201.23,199.51,1495,0.69,2026-02-26T13:00:00,199.51,TARGET,1544.73,1096.17
htf,WIPRO,2026-03-06,SHORT,2026-03-06T12:40:00,196.34,196.88,195.53,1527,0.54,2026-03-06T14:30:00,196.26,TIME_STOP,122.16,-327.47
htf,WIPRO,2026-03-12,LONG,2026-03-12T11:50:00,202.79,201.96,204.04,1479,0.83,2026-03-12T12:20:00,201.96,STOP,-1231.62,-1680.59
htf,HCLTECH,2024-03-18,SHORT,2024-03-18T13:10:00,1653.25,1658.54,1645.32,181,5.29,2024-03-18T13:30:00,1658.30,REVERSE,-914.05,-1363.59
htf,HCLTECH,2024-03-21,SHORT,2024-03-21T12:20:00,1584.00,1590.36,1574.46,189,6.36,2024-03-21T12:20:00,1590.36,STOP,-1202.55,-1652.51
htf,HCLTECH,2024-03-26,SHORT,2024-03-26T11:20:00,1559.35,1565.92,1549.49,192,6.57,2024-03-26T11:30:00,1563.00,REVERSE,-700.80,-1150.42
htf,HCLTECH,2024-04-10,LONG,2024-04-10T10:30:00,1546.80,1542.37,1553.44,193,4.43,2024-04-10T12:20:00,1546.25,TIME_STOP,-106.15,-553.87
htf,HCLTECH,2024-04-22,SHORT,2024-04-22T14:00:00,1456.60,1460.58,1450.64,205,3.98,2024-04-22T14:50:00,1460.58,STOP,-814.89,-1263.41
htf,HCLTECH,2024-05-14,SHORT,2024-05-14T10:20:00,1311.45,1315.05,1306.06,228,3.60,2024-05-14T11:10:00,1315.05,STOP,-819.72,-1268.85
htf,HCLTECH,2024-05-21,LONG,2024-05-21T13:40:00,1339.50,1335.52,1345.48,223,3.98,2024-05-21T14:00:00,1345.48,TARGET,1332.63,883.57
htf,HCLTECH,2024-05-24,LONG,2024-05-24T11:30:00,1352.55,1348.98,1357.91,221,3.57,2024-05-24T12:00:00,1350.95,REVERSE,-353.60,-801.71
htf,HCLTECH,2024-05-28,LONG,2024-05-28T10:40:00,1355.00,1351.00,1361.00,221,4.00,2024-05-28T12:30:00,1353.00,TIME_STOP,-442.00,-890.85
htf,HCLTECH,2024-05-29,LONG,2024-05-29T13:20:00,1359.55,1356.78,1363.71,220,2.77,2024-05-29T13:40:00,1356.78,STOP,-609.59,-1057.78
htf,HCLTECH,2024-05-31,SHORT,2024-05-31T13:20:00,1331.90,1336.28,1325.33,225,4.38,2024-05-31T13:40:00,1336.28,STOP,-985.68,-1435.93
htf,HCLTECH,2024-06-10,LONG,2024-06-10T13:00:00,1419.00,1414.37,1425.95,211,4.63,2024-06-10T14:30:00,1414.37,STOP,-977.41,-1425.80
htf,HCLTECH,2024-06-18,SHORT,2024-06-18T10:00:00,1430.95,1434.76,1425.24,209,3.81,2024-06-18T11:50:00,1433.20,TIME_STOP,-470.25,-919.21
htf,HCLTECH,2024-06-20,SHORT,2024-06-20T10:10:00,1431.05,1434.80,1425.43,209,3.75,2024-06-20T10:20:00,1434.80,STOP,-783.35,-1232.57
htf,HCLTECH,2024-06-25,LONG,2024-06-25T11:20:00,1442.30,1438.92,1447.37,208,3.38,2024-06-25T12:30:00,1438.92,STOP,-702.80,-1152.27
htf,HCLTECH,2024-06-26,LONG,2024-06-26T14:10:00,1444.40,1441.87,1448.20,207,2.53,2024-06-26T15:10:00,1441.87,STOP,-524.09,-972.18
htf,HCLTECH,2024-07-03,LONG,2024-07-03T12:50:00,1485.00,1481.19,1490.72,202,3.81,2024-07-03T14:40:00,1483.85,TIME_STOP,-232.30,-682.08
htf,HCLTECH,2024-07-08,LONG,2024-07-08T13:10:00,1518.65,1514.07,1525.51,197,4.58,2024-07-08T15:00:00,1525.51,TARGET,1352.40,902.63
htf,HCLTECH,2024-07-12,LONG,2024-07-12T10:10:00,1520.25,1514.37,1529.07,197,5.88,2024-07-12T10:40:00,1529.07,TARGET,1737.15,1286.61
htf,HCLTECH,2024-07-16,LONG,2024-07-16T12:00:00,1576.50,1570.88,1584.93,190,5.62,2024-07-16T12:30:00,1570.88,STOP,-1067.82,-1516.32
htf,HCLTECH,2024-07-18,LONG,2024-07-18T10:50:00,1575.55,1569.79,1584.20,190,5.76,2024-07-18T11:30:00,1569.79,STOP,-1095.33,-1543.54
htf,HCLTECH,2024-07-23,SHORT,2024-07-23T12:30:00,1567.90,1572.92,1560.37,191,5.02,2024-07-23T12:30:00,1572.92,STOP,-958.91,-1408.84
htf,HCLTECH,2024-07-25,LONG,2024-07-25T10:10:00,1592.95,1586.62,1602.44,188,6.33,2024-07-25T10:40:00,1586.62,STOP,-1189.29,-1637.61
htf,HCLTECH,2024-08-08,SHORT,2024-08-08T13:10:00,1576.30,1582.77,1566.59,190,6.47,2024-08-08T13:10:00,1566.59,TARGET,1844.25,1396.38
htf,HCLTECH,2024-08-12,LONG,2024-08-12T11:40:00,1595.25,1590.51,1602.36,188,4.74,2024-08-12T13:30:00,1599.15,TIME_STOP,733.20,282.79
htf,HCLTECH,2024-08-13,LONG,2024-08-13T10:10:00,1598.25,1592.55,1606.80,187,5.70,2024-08-13T11:10:00,1606.80,TARGET,1598.45,1148.94
htf,HCLTECH,2024-08-20,LONG,2024-08-20T13:20:00,1678.80,1674.92,1684.63,178,3.88,2024-08-20T13:20:00,1677.45,REVERSE,-240.30,-688.36
htf,HCLTECH,2024-08-28,LONG,2024-08-28T10:50:00,1724.15,1717.00,1734.88,173,7.15,2024-08-28T11:40:00,1734.88,TARGET,1855.64,1406.83
htf,HCLTECH,2024-08-29,LONG,2024-08-29T10:20:00,1738.80,1732.03,1748.95,172,6.77,2024-08-29T12:10:00,1743.00,TIME_STOP,722.40,273.25
htf,HCLTECH,2024-09-06,SHORT,2024-09-06T10:10:00,1766.25,1773.04,1756.06,169,6.79,2024-09-06T10:10:00,1756.06,TARGET,1721.33,1274.88
htf,HCLTECH,2024-09-09,SHORT,2024-09-09T14:00:00,1754.70,1758.77,1748.59,170,4.07,2024-09-09T14:50:00,1748.59,TARGET,1037.88,591.21
htf,HCLTECH,2024-09-12,LONG,2024-09-12T14:10:00,1792.05,1786.92,1799.75,167,5.13,2024-09-12T14:50:00,1799.75,TARGET,1285.39,835.52
htf,HCLTECH,2024-09-17,LONG,2024-09-17T10:20:00,1816.00,1811.39,1822.92,165,4.61,2024-09-17T12:10:00,1822.00,TIME_STOP,990.00,539.80
htf,HCLTECH,2024-09-25,SHORT,2024-09-25T12:10:00,1759.80,1765.87,1750.70,170,6.07,2024-09-25T13:20:00,1765.87,STOP,-1031.13,-1480.65
htf,HCLTECH,2024-10-04,SHORT,2024-10-04T13:20:00,1784.15,1792.50,1771.62,168,8.35,2024-10-04T14:30:00,1771.62,TARGET,2105.27,1657.24
htf,HCLTECH,2024-10-07,SHORT,2024-10-07T10:50:00,1777.65,1784.93,1766.73,168,7.28,2024-10-07T12:40:00,1774.05,TIME_STOP,604.80,157.29
htf,HCLTECH,2024-10-08,SHORT,2024-10-08T13:00:00,1767.85,1773.84,1758.87,169,5.99,2024-10-08T13:10:00,1773.84,STOP,-1011.97,-1460.87
htf,HCLTECH,2024-10-24,SHORT,2024-10-24T10:40:00,1838.70,1844.66,1829.77,163,5.96,2024-10-24T11:00:00,1844.66,STOP,-970.90,-1421.19
htf,HCLTECH,2024-10-29,LONG,2024-10-29T14:10:00,1869.20,1864.62,1876.07,160,4.58,2024-10-29T14:10:00,1864.62,STOP,-732.47,-1180.53
htf,HCLTECH,2024-10-30,SHORT,2024-10-30T10:10:00,1858.40,1864.58,1849.13,161,6.18,2024-10-30T10:20:00,1864.58,STOP,-995.18,-1444.73
htf,HCLTECH,2024-11-07,LONG,2024-11-07T13:30:00,1834.85,1829.73,1842.53,163,5.12,2024-11-07T13:40:00,1829.73,STOP,-834.86,-1282.86
htf,HCLTECH,2024-11-19,SHORT,2024-11-19T12:30:00,1854.10,1859.32,1846.27,161,5.22,2024-11-19T14:00:00,1846.27,TARGET,1261.14,814.32
htf,HCLTECH,2024-12-02,SHORT,2024-12-02T12:30:00,1855.45,1860.03,1848.58,161,4.58,2024-12-02T12:30:00,1857.90,REVERSE,-394.45,-842.84
htf,HCLTECH,2024-12-24,SHORT,2024-12-24T12:00:00,1908.55,1913.33,1901.38,157,4.78,2024-12-24T12:10:00,1901.38,TARGET,1125.96,677.34
htf,HCLTECH,2024-12-27,SHORT,2024-12-27T11:50:00,1892.00,1897.15,1884.27,158,5.15,2024-12-27T13:40:00,1891.50,TIME_STOP,79.00,-369.34
htf,HCLTECH,2024-12-31,SHORT,2024-12-31T10:10:00,1899.60,1911.63,1881.56,157,12.03,2024-12-31T10:10:00,1881.56,TARGET,2833.03,2387.80
htf,HCLTECH,2025-01-03,LONG,2025-01-03T11:50:00,1958.65,1951.58,1969.25,153,7.07,2025-01-03T11:50:00,1952.75,REVERSE,-902.70,-1351.53
htf,HCLTECH,2025-01-06,LONG,2025-01-06T14:10:00,1953.45,1947.60,1962.22,153,5.85,2025-01-06T15:20:00,1953.00,EOD,-68.85,-517.12
htf,HCLTECH,2025-01-07,SHORT,2025-01-07T10:10:00,1933.10,1942.26,1919.36,155,9.16,2025-01-07T10:10:00,1942.26,STOP,-1419.99,-1870.50
htf,HCLTECH,2025-01-20,SHORT,2025-01-20T10:40:00,1781.05,1788.87,1769.32,168,7.82,2025-01-20T10:40:00,1785.20,REVERSE,-697.20,-1146.55
htf,HCLTECH,2025-01-23,LONG,2025-01-23T12:50:00,1823.05,1816.97,1832.17,164,6.08,2025-01-23T14:00:00,1816.97,STOP,-996.76,-1444.48
htf,HCLTECH,2025-01-30,SHORT,2025-01-30T14:00:00,1708.55,1713.70,1700.83,175,5.15,2025-01-30T14:10:00,1700.83,TARGET,1351.33,903.84
htf,HCLTECH,2025-01-31,SHORT,2025-01-31T12:20:00,1716.95,1722.27,1708.97,174,5.32,2025-01-31T13:10:00,1722.27,STOP,-925.75,-1374.57
htf,HCLTECH,2025-02-01,SHORT,2025-02-01T10:00:00,1717.05,1721.98,1709.66,174,4.93,2025-02-01T10:40:00,1709.66,TARGET,1286.19,839.00
htf,HCLTECH,2025-02-03,SHORT,2025-02-03T14:00:00,1687.90,1693.45,1679.58,177,5.55,2025-02-03T15:00:00,1693.45,STOP,-982.29,-1431.17
htf,HCLTECH,2025-02-10,LONG,2025-02-10T11:00:00,1724.75,1719.51,1732.61,173,5.24,2025-02-10T11:30:00,1732.61,TARGET,1360.01,911.42
htf,HCLTECH,2025-02-11,SHORT,2025-02-11T13:10:00,1725.55,1730.04,1718.82,173,4.49,2025-02-11T13:10:00,1718.82,TARGET,1165.13,718.23
htf,HCLTECH,2025-02-12,SHORT,2025-02-12T10:10:00,1723.45,1730.01,1713.61,174,6.56,2025-02-12T10:40:00,1713.61,TARGET,1711.57,1263.03
htf,HCLTECH,2025-02-13,LONG,2025-02-13T10:20:00,1722.80,1716.75,1731.88,174,6.05,2025-02-13T10:30:00,1716.75,STOP,-1053.33,-1502.19
htf,HCLTECH,2025-02-18,SHORT,2025-02-18T12:30:00,1709.10,1713.08,1703.14,175,3.98,2025-02-18T13:50:00,1713.08,STOP,-695.81,-1144.97
htf,HCLTECH,2025-03-03,SHORT,2025-03-03T12:30:00,1579.15,1583.67,1572.37,189,4.52,2025-03-03T14:20:00,1573.25,TIME_STOP,1115.10,668.25
htf,HCLTECH,2025-03-13,SHORT,2025-03-13T12:30:00,1531.05,1536.34,1523.11,195,5.29,2025-03-13T12:50:00,1536.34,STOP,-1032.15,-1480.76
htf,HCLTECH,2025-03-19,SHORT,2025-03-19T11:30:00,1530.45,1535.19,1523.34,196,4.74,2025-03-19T13:20:00,1535.19,STOP,-928.46,-1379.11
htf,HCLTECH,2025-03-21,LONG,2025-03-21T11:00:00,1578.00,1569.64,1590.54,190,8.36,2025-03-21T12:10:00,1590.54,TARGET,2381.93,1930.42
htf,HCLTECH,2025-03-24,LONG,2025-03-24T11:30:00,1578.55,1572.23,1588.02,190,6.32,2025-03-24T12:50:00,1588.02,TARGET,1799.96,1348.73
htf,HCLTECH,2025-03-27,LONG,2025-03-27T10:00:00,1633.85,1627.27,1643.72,183,6.58,2025-03-27T11:20:00,1627.27,STOP,-1203.93,-1651.52
htf,HCLTECH,2025-04-17,LONG,2025-04-17T12:30:00,1417.20,1410.88,1426.68,211,6.32,2025-04-17T12:40:00,1426.68,TARGET,1999.99,1549.95
htf,HCLTECH,2025-04-22,LONG,2025-04-22T11:50:00,1481.30,1474.78,1491.08,202,6.52,2025-04-22T13:20:00,1491.08,TARGET,1974.74,1524.42
htf,HCLTECH,2025-04-25,LONG,2025-04-25T12:30:00,1585.00,1578.06,1595.42,189,6.94,2025-04-25T12:30:00,1578.06,STOP,-1312.47,-1760.83
htf,HCLTECH,2025-04-30,LONG,2025-04-30T13:40:00,1572.10,1567.30,1579.29,190,4.80,2025-04-30T15:10:00,1567.30,STOP,-911.28,-1358.65
htf,HCLTECH,2025-05-02,LONG,2025-05-02T10:10:00,1578.10,1570.73,1589.15,190,7.37,2025-05-02T10:30:00,1570.73,STOP,-1399.42,-1848.13
htf,HCLTECH,2025-05-15,LONG,2025-05-15T10:20:00,1638.70,1632.20,1648.45,183,6.50,2025-05-15T10:40:00,1648.45,TARGET,1783.85,1332.69
htf,HCLTECH,2025-05-20,SHORT,2025-05-20T13:00:00,1647.00,1651.54,1640.19,182,4.54,2025-05-20T14:40:00,1640.19,TARGET,1239.46,790.76
htf,HCLTECH,2025-05-30,SHORT,2025-05-30T12:30:00,1653.40,1657.29,1647.56,181,3.89,2025-05-30T13:10:00,1657.29,STOP,-704.79,-1154.21
htf,HCLTECH,2025-06-13,LONG,2025-06-13T12:00:00,1703.10,1697.27,1711.84,176,5.83,2025-06-13T13:10:00,1697.27,STOP,-1025.87,-1474.72
htf,HCLTECH,2025-06-24,LONG,2025-06-24T10:10:00,1718.50,1712.05,1728.17,174,6.45,2025-06-24T12:00:00,1718.20,TIME_STOP,-52.20,-500.69
htf,HCLTECH,2025-06-25,LONG,2025-06-25T10:20:00,1710.60,1704.33,1720.00,175,6.27,2025-06-25T12:10:00,1710.60,TIME_STOP,0.00,-449.03
htf,HCLTECH,2025-06-26,LONG,2025-06-26T14:10:00,1722.20,1717.35,1729.47,174,4.85,2025-06-26T15:20:00,1723.50,EOD,226.20,-223.46
htf,HCLTECH,2025-07-03,SHORT,2025-07-03T13:30:00,1717.10,1721.15,1711.03,174,4.05,2025-07-03T13:40:00,1721.15,STOP,-704.03,-1152.72
htf,HCLTECH,2025-07-22,SHORT,2025-07-22T12:40:00,1528.90,1531.62,1524.82,196,2.72,2025-07-22T13:10:00,1524.82,TARGET,799.95,351.05
htf,HCLTECH,2025-07-30,SHORT,2025-07-30T14:10:00,1471.60,1474.24,1467.64,203,2.64,2025-07-30T14:30:00,1474.24,STOP,-536.04,-984.54
htf,HCLTECH,2025-08-08,SHORT,2025-08-08T10:50:00,1462.90,1466.43,1457.60,205,3.53,2025-08-08T10:50:00,1466.43,STOP,-724.00,-1174.38
htf,HCLTECH,2025-08-11,LONG,2025-08-11T10:30:00,1476.40,1472.62,1482.06,203,3.78,2025-08-11T10:50:00,1482.06,TARGET,1149.98,699.56
htf,HCLTECH,2025-08-13,LONG,2025-08-13T13:00:00,1500.70,1497.19,1505.96,199,3.51,2025-08-13T14:40:00,1505.96,TARGET,1046.73,597.99
htf,HCLTECH,2025-08-14,LONG,2025-08-14T10:40:00,1504.30,1500.99,1509.27,199,3.31,2025-08-14T10:40:00,1500.99,STOP,-659.63,-1108.17
htf,HCLTECH,2025-09-03,SHORT,2025-09-03T10:10:00,1462.00,1465.71,1456.43,205,3.71,2025-09-03T10:50:00,1456.43,TARGET,1140.99,692.28
htf,HCLTECH,2025-09-04,SHORT,2025-09-04T10:50:00,1457.80,1460.44,1453.84,205,2.64,2025-09-04T10:50:00,1453.84,TARGET,812.72,365.06
htf,HCLTECH,2025-09-15,LONG,2025-09-15T13:10:00,1462.50,1459.92,1466.37,205,2.58,2025-09-15T14:10:00,1466.37,TARGET,793.80,343.48
htf,HCLTECH,2025-09-30,SHORT,2025-09-30T14:10:00,1393.70,1396.59,1389.37,215,2.89,2025-09-30T14:20:00,1389.37,TARGET,930.68,481.91
htf,HCLTECH,2025-10-03,SHORT,2025-10-03T10:50:00,1386.80,1390.39,1381.41,216,3.59,2025-10-03T12:40:00,1383.60,TIME_STOP,691.20,242.40
htf,HCLTECH,2025-10-13,LONG,2025-10-13T13:10:00,1490.00,1485.55,1496.68,201,4.45,2025-10-13T14:30:00,1496.68,TARGET,1342.28,892.03
htf,HCLTECH,2025-10-29,LONG,2025-10-29T10:40:00,1546.30,1542.16,1552.50,194,4.14,2025-10-29T10:50:00,1542.16,STOP,-802.35,-1251.73
htf,HCLTECH,2025-10-31,LONG,2025-10-31T11:50:00,1550.20,1546.88,1555.18,193,3.32,2025-10-31T11:50:00,1546.88,STOP,-640.25,-1088.56
htf,HCLTECH,2025-11-14,LONG,2025-11-14T11:00:00,1593.60,1589.76,1599.36,188,3.84,2025-11-14T11:40:00,1589.76,STOP,-722.47,-1171.32
htf,HCLTECH,2025-12-02,LONG,2025-12-02T13:20:00,1635.70,1632.08,1641.13,183,3.62,2025-12-02T15:10:00,1636.20,TIME_STOP,91.50,-357.57
htf,HCLTECH,2025-12-03,SHORT,2025-12-03T10:50:00,1634.70,1639.44,1627.58,183,4.74,2025-12-03T11:00:00,1639.44,STOP,-868.25,-1317.63
htf,HCLTECH,2025-12-10,SHORT,2025-12-10T14:10:00,1663.30,1666.18,1658.98,180,2.88,2025-12-10T14:10:00,1665.70,REVERSE,-432.00,-881.42
htf,HCLTECH,2025-12-11,SHORT,2025-12-11T10:00:00,1653.20,1658.28,1645.58,181,5.08,2025-12-11T10:10:00,1658.28,STOP,-919.06,-1368.59
htf,HCLTECH,2025-12-12,SHORT,2025-12-12T10:30:00,1662.00,1665.98,1656.03,180,3.98,2025-12-12T11:10:00,1665.98,STOP,-716.90,-1166.18
htf,HCLTECH,2025-12-16,SHORT,2025-12-16T10:20:00,1667.00,1671.39,1660.42,179,4.39,2025-12-16T10:40:00,1660.42,TARGET,1177.81,731.10
htf,HCLTECH,2025-12-17,SHORT,2025-12-17T12:10:00,1649.20,1652.65,1644.03,181,3.45,2025-12-17T12:30:00,1652.65,STOP,-624.24,-1072.47
htf,HCLTECH,2025-12-19,SHORT,2025-12-19T10:10:00,1649.00,1654.13,1641.30,181,5.13,2025-12-19T10:10:00,1641.30,TARGET,1392.80,946.14
htf,HCLTECH,2026-01-12,LONG,2026-01-12T13:10:00,1660.50,1654.24,1669.88,180,6.26,2026-01-12T13:10:00,1654.24,STOP,-1126.02,-1573.51
htf,HCLTECH,2026-01-13,LONG,2026-01-13T11:20:00,1669.70,1657.67,1687.74,179,12.03,2026-01-13T13:00:00,1657.67,STOP,-2152.86,-2599.56
htf,HCLTECH,2026-01-14,LONG,2026-01-14T11:10:00,1667.40,1660.20,1678.20,179,7.20,2026-01-14T13:00:00,1671.70,TIME_STOP,769.70,321.43
htf,HCLTECH,2026-01-21,LONG,2026-01-21T13:30:00,1683.20,1678.58,1690.14,178,4.62,2026-01-21T13:30:00,1679.10,REVERSE,-729.80,-1178.67
htf,HCLTECH,2026-01-27,LONG,2026-01-27T11:50:00,1717.20,1710.96,1726.56,174,6.24,2026-01-27T12:30:00,1710.96,STOP,-1085.87,-1533.24
htf,HCLTECH,2026-01-29,LONG,2026-01-29T13:20:00,1720.00,1715.42,1726.88,174,4.58,2026-01-29T15:10:00,1720.80,TIME_STOP,139.20,-309.82
htf,HCLTECH,2026-02-05,SHORT,2026-02-05T11:10:00,1617.00,1623.56,1607.16,185,6.56,2026-02-05T11:50:00,1607.16,TARGET,1821.25,1373.90
htf,HCLTECH,2026-02-10,SHORT,2026-02-10T11:30:00,1591.20,1596.05,1583.93,188,4.85,2026-02-10T13:20:00,1583.93,TARGET,1367.68,919.99
htf,HCLTECH,2026-02-16,SHORT,2026-02-16T11:00:00,1454.10,1460.82,1444.03,206,6.72,2026-02-16T12:50:00,1452.30,TIME_STOP,370.80,-78.24
htf,HCLTECH,2026-02-18,SHORT,2026-02-18T10:50:00,1452.80,1460.01,1441.98,206,7.21,2026-02-18T11:00:00,1460.01,STOP,-1485.63,-1935.66
htf,HCLTECH,2026-02-19,SHORT,2026-02-19T12:10:00,1466.90,1472.85,1457.98,204,5.95,2026-02-19T14:00:00,1459.00,TIME_STOP,1611.60,1163.94
htf,HCLTECH,2026-02-26,SHORT,2026-02-26T14:10:00,1371.40,1376.64,1363.55,218,5.24,2026-02-26T14:40:00,1376.64,STOP,-1141.37,-1590.67
htf,HCLTECH,2026-03-04,SHORT,2026-03-04T10:40:00,1365.80,1372.45,1355.83,219,6.65,2026-03-04T12:30:00,1364.30,TIME_STOP,328.50,-119.92
htf,HCLTECH,2026-03-06,SHORT,2026-03-06T10:10:00,1366.60,1372.33,1358.01,219,5.73,2026-03-06T10:20:00,1369.40,REVERSE,-613.20,-1062.59
htf,HCLTECH,2026-03-09,SHORT,2026-03-09T12:50:00,1354.80,1360.29,1346.56,221,5.49,2026-03-09T14:40:00,1352.60,TIME_STOP,486.20,37.45
htf,HCLTECH,2026-03-11,SHORT,2026-03-11T10:20:00,1349.30,1353.77,1342.60,222,4.47,2026-03-11T10:20:00,1353.77,STOP,-992.01,-1442.07
htf,HCLTECH,2026-03-12,LONG,2026-03-12T11:20:00,1361.30,1356.23,1368.90,220,5.07,2026-03-12T11:20:00,1356.23,STOP,-1115.05,-1563.45
htf,MARUTI,2024-03-21,LONG,2024-03-21T10:10:00,11951.25,11907.63,12016.68,25,43.62,2024-03-21T11:40:00,11907.63,STOP,-1090.58,-1537.93
htf,MARUTI,2024-03-26,LONG,2024-03-26T11:30:00,12237.50,12194.31,12302.29,24,43.19,2024-03-26T13:00:00,12302.29,TARGET,1555.01,1113.29
htf,MARUTI,2024-03-28,LONG,2024-03-28T11:20:00,12607.40,12557.37,12682.44,23,50.03,2024-03-28T12:20:00,12557.37,STOP,-1150.67,-1584.77
htf,MARUTI,2024-04-01,LONG,2024-04-01T14:10:00,12608.35,12586.18,12641.60,23,22.17,2024-04-01T14:10:00,12595.40,REVERSE,-297.85,-732.61
htf,MARUTI,2024-04-02,LONG,2024-04-02T11:00:00,12599.20,12559.72,12658.41,23,39.48,2024-04-02T11:00:00,12559.72,STOP,-907.95,-1341.94
htf,MARUTI,2024-04-19,LONG,2024-04-19T12:20:00,12489.90,12426.05,12585.68,24,63.85,2024-04-19T13:50:00,12585.68,TARGET,2298.62,1847.26
htf,MARUTI,2024-04-25,LONG,2024-04-25T14:10:00,12938.60,12898.01,12999.49,23,40.59,2024-04-25T15:20:00,12901.65,EOD,-849.85,-1295.59
htf,MARUTI,2024-05-06,SHORT,2024-05-06T11:50:00,12492.20,12538.01,12423.49,24,45.81,2024-05-06T13:30:00,12423.49,TARGET,1649.13,1200.65
htf,MARUTI,2024-05-15,LONG,2024-05-15T12:30:00,12790.00,12759.85,12835.23,23,30.15,2024-05-15T12:50:00,12759.85,STOP,-693.54,-1134.27
htf,MARUTI,2024-05-21,SHORT,2024-05-21T13:20:00,12554.95,12590.44,12501.72,23,35.49,2024-05-21T14:00:00,12501.72,TARGET,1224.24,792.02
htf,MARUTI,2024-05-27,LONG,2024-05-27T12:50:00,12959.05,12925.67,13009.12,23,33.38,2024-05-27T13:20:00,12925.67,STOP,-767.68,-1214.19
htf,MARUTI,2024-05-28,LONG,2024-05-28T11:20:00,12973.00,12936.58,13027.64,23,36.42,2024-05-28T11:30:00,12936.58,STOP,-837.76,-1284.70
htf,MARUTI,2024-06-14,LONG,2024-06-14T11:50:00,12842.85,12820.19,12876.83,23,22.66,2024-06-14T11:50:00,12876.83,TARGET,781.65,337.99
htf,MARUTI,2024-06-21,SHORT,2024-06-21T12:50:00,12143.40,12189.28,12074.57,24,45.88,2024-06-21T13:20:00,12189.28,STOP,-1101.21,-1539.20
htf,MARUTI,2024-06-24,SHORT,2024-06-24T12:40:00,12184.50,12219.80,12131.55,24,35.30,2024-06-24T14:30:00,12151.85,TIME_STOP,783.60,345.55
htf,MARUTI,2024-06-25,SHORT,2024-06-25T10:40:00,12133.75,12167.52,12083.09,24,33.77,2024-06-25T10:50:00,12167.52,STOP,-810.55,-1247.97
htf,MARUTI,2024-07-01,SHORT,2024-07-01T11:00:00,12095.95,12134.52,12038.10,24,38.57,2024-07-01T12:50:00,12077.45,TIME_STOP,444.00,8.88
htf,MARUTI,2024-07-04,LONG,2024-07-04T12:40:00,12132.80,12109.91,12167.13,24,22.89,2024-07-04T13:30:00,12109.91,STOP,-549.33,-985.69
htf,MARUTI,2024-07-16,LONG,2024-07-16T11:30:00,12679.70,12639.33,12740.25,23,40.37,2024-07-16T12:40:00,12653.25,REVERSE,-608.35,-1045.34
htf,MARUTI,2024-07-19,SHORT,2024-07-19T11:50:00,12596.80,12637.47,12535.79,23,40.67,2024-07-19T12:40:00,12535.79,TARGET,1403.15,969.62
htf,MARUTI,2024-07-26,LONG,2024-07-26T10:10:00,12594.95,12552.94,12657.96,23,42.01,2024-07-26T10:10:00,12552.94,STOP,-966.17,-1399.97
htf,MARUTI,2024-08-07,SHORT,2024-08-07T13:20:00,12289.80,12331.95,12226.57,24,42.15,2024-08-07T14:10:00,12331.95,STOP,-1011.69,-1454.88
htf,MARUTI,2024-08-08,SHORT,2024-08-08T10:20:00,12261.00,12301.22,12200.66,24,40.22,2024-08-08T10:30:00,12301.22,STOP,-965.39,-1407.51
htf,MARUTI,2024-08-09,SHORT,2024-08-09T11:20:00,12234.55,12269.00,12182.87,24,34.45,2024-08-09T13:00:00,12255.00,REVERSE,-490.80,-931.61
htf,MARUTI,2024-08-16,SHORT,2024-08-16T10:20:00,12184.00,12230.38,12114.43,24,46.38,2024-08-16T10:30:00,12114.43,TARGET,1669.57,1232.20
htf,MARUTI,2024-08-19,SHORT,2024-08-19T10:40:00,12177.55,12207.68,12132.36,24,30.13,2024-08-19T12:30:00,12161.65,TIME_STOP,381.60,-56.51
htf,MARUTI,2024-08-21,LONG,2024-08-21T14:00:00,12228.85,12214.07,12251.02,24,14.78,2024-08-21T15:00:00,12214.07,STOP,-354.73,-794.70
htf,MARUTI,2024-08-26,LONG,2024-08-26T13:00:00,12304.00,12281.66,12337.51,24,22.34,2024-08-26T14:30:00,12281.66,STOP,-536.11,-978.65
htf,MARUTI,2024-08-27,LONG,2024-08-27T10:20:00,12366.40,12337.16,12410.26,24,29.24,2024-08-27T10:20:00,12337.16,STOP,-701.81,-1146.47
htf,MARUTI,2024-09-02,SHORT,2024-09-02T12:40:00,12391.85,12425.42,12341.49,24,33.57,2024-09-02T14:30:00,12425.42,STOP,-805.74,-1252.46
htf,MARUTI,2024-09-12,LONG,2024-09-12T13:00:00,12238.55,12212.35,12277.85,24,26.20,2024-09-12T14:00:00,12277.85,TARGET,943.30,502.00
htf,MARUTI,2024-09-18,SHORT,2024-09-18T13:10:00,12211.00,12234.84,12175.25,24,23.84,2024-09-18T13:40:00,12175.25,TARGET,858.08,419.13
htf,MARUTI,2024-10-04,SHORT,2024-10-04T11:30:00,12695.70,12767.19,12588.46,23,71.49,2024-10-04T12:10:00,12767.19,STOP,-1644.33,-2083.56
htf,MARUTI,2024-10-08,SHORT,2024-10-08T10:20:00,12482.80,12532.56,12408.15,24,49.76,2024-10-08T10:20:00,12501.10,REVERSE,-439.20,-888.91
htf,MARUTI,2024-10-21,SHORT,2024-10-21T12:20:00,12051.00,12102.76,11973.36,24,51.76,2024-10-21T13:00:00,12102.76,STOP,-1242.20,-1676.96
htf,MARUTI,2024-10-22,SHORT,2024-10-22T10:10:00,12102.45,12156.59,12021.24,24,54.14,2024-10-22T10:10:00,12021.24,TARGET,1948.96,1514.74
htf,MARUTI,2024-10-23,SHORT,2024-10-23T13:50:00,11998.05,12033.90,11944.28,25,35.85,2024-10-23T14:20:00,11944.28,TARGET,1344.36,895.44
htf,MARUTI,2024-11-07,LONG,2024-11-07T14:00:00,11299.95,11270.44,11344.21,26,29.51,2024-11-07T15:20:00,11287.65,EOD,-319.80,-760.26
htf,MARUTI,2024-11-27,LONG,2024-11-27T12:30:00,11082.40,11047.19,11135.21,27,35.21,2024-11-27T14:20:00,11056.60,TIME_STOP,-696.60,-1144.91
htf,MARUTI,2024-12-03,LONG,2024-12-03T12:40:00,11276.25,11248.53,11317.84,26,27.72,2024-12-03T13:10:00,11248.53,STOP,-720.84,-1160.08
htf,MARUTI,2024-12-06,LONG,2024-12-06T12:10:00,11248.15,11208.77,11307.22,26,39.38,2024-12-06T12:30:00,11307.22,TARGET,1535.82,1095.99
htf,MARUTI,2024-12-19,SHORT,2024-12-19T13:10:00,10958.00,10984.70,10917.95,27,26.70,2024-12-19T13:30:00,10984.70,STOP,-720.92,-1165.26
htf,MARUTI,2024-12-24,SHORT,2024-12-24T12:10:00,10826.75,10852.59,10788.00,27,25.84,2024-12-24T13:40:00,10788.00,TARGET,1046.34,608.64
htf,MARUTI,2025-01-01,SHORT,2025-01-01T10:00:00,10809.75,10835.38,10771.30,27,25.63,2025-01-01T10:10:00,10835.38,STOP,-692.02,-1130.34
htf,MARUTI,2025-01-07,LONG,2025-01-07T11:30:00,11799.00,11757.56,11861.16,25,41.44,2025-01-07T12:10:00,11757.56,STOP,-1035.99,-1477.68
htf,MARUTI,2025-01-09,LONG,2025-01-09T12:50:00,11797.25,11766.60,11843.23,25,30.65,2025-01-09T14:10:00,11766.60,STOP,-766.27,-1208.10
htf,MARUTI,2025-01-17,LONG,2025-01-17T12:10:00,12099.00,12066.49,12147.77,24,32.51,2025-01-17T12:30:00,12066.49,STOP,-780.31,-1215.29
htf,MARUTI,2025-01-20,LONG,2025-01-20T12:30:00,12090.00,12055.37,12141.95,24,34.63,2025-01-20T13:30:00,12055.37,STOP,-831.14,-1265.76
htf,MARUTI,2025-01-24,LONG,2025-01-24T12:00:00,12086.90,12049.96,12142.31,24,36.94,2025-01-24T12:10:00,12049.96,STOP,-886.56,-1321.03
htf,MARUTI,2025-01-27,LONG,2025-01-27T12:10:00,12031.40,11997.35,12082.48,24,34.05,2025-01-27T12:10:00,11997.35,STOP,-817.29,-1249.81
htf,MARUTI,2025-01-30,SHORT,2025-01-30T10:20:00,11997.40,12048.25,11921.12,25,50.85,2025-01-30T12:10:00,12005.40,TIME_STOP,-200.00,-650.05
htf,MARUTI,2025-02-04,LONG,2025-02-04T14:00:00,13097.45,13064.58,13146.76,22,32.87,2025-02-04T14:00:00,13072.20,REVERSE,-555.50,-987.30
htf,MARUTI,2025-02-05,LONG,2025-02-05T14:10:00,13105.25,13076.86,13147.83,22,28.39,2025-02-05T14:40:00,13076.86,STOP,-624.50,-1056.50
htf,MARUTI,2025-02-07,LONG,2025-02-07T11:40:00,13078.20,13049.01,13121.99,22,29.19,2025-02-07T12:00:00,13049.01,STOP,-642.22,-1073.32
htf,MARUTI,2025-02-11,SHORT,2025-02-11T10:20:00,12916.95,12952.08,12864.26,23,35.13,2025-02-11T11:30:00,12864.26,TARGET,1211.90,767.18
htf,MARUTI,2025-02-13,SHORT,2025-02-13T13:40:00,12653.10,12684.49,12606.02,23,31.39,2025-02-13T15:20:00,12667.60,EOD,-333.50,-770.28
htf,MARUTI,2025-02-24,SHORT,2025-02-24T11:20:00,12325.95,12363.57,12269.52,24,37.62,2025-02-24T12:40:00,12363.57,STOP,-902.84,-1347.25
htf,MARUTI,2025-02-27,SHORT,2025-02-27T10:10:00,12417.40,12452.69,12364.46,24,35.29,2025-02-27T11:40:00,12364.46,TARGET,1270.53,824.46
htf,MARUTI,2025-03-05,SHORT,2025-03-05T14:10:00,11635.60,11669.00,11585.49,25,33.40,2025-03-05T15:20:00,11617.55,EOD,451.25,15.25
htf,MARUTI,2025-03-07,SHORT,2025-03-07T12:30:00,11621.65,11653.01,11574.61,25,31.36,2025-03-07T12:40:00,11653.01,STOP,-783.95,-1220.35
htf,MARUTI,2025-03-12,SHORT,2025-03-12T10:50:00,11606.35,11638.54,11558.06,25,32.19,2025-03-12T11:00:00,11638.54,STOP,-804.78,-1240.62
htf,MARUTI,2025-03-13,SHORT,2025-03-13T11:50:00,11600.00,11632.98,11550.53,25,32.98,2025-03-13T12:50:00,11632.98,STOP,-824.52,-1260.13
htf,MARUTI,2025-03-24,LONG,2025-03-24T11:00:00,11828.00,11790.42,11884.37,25,37.58,2025-03-24T11:50:00,11884.37,TARGET,1409.16,964.55
htf,MARUTI,2025-04-17,LONG,2025-04-17T12:10:00,11650.00,11618.84,11696.75,25,31.16,2025-04-17T14:00:00,11696.75,TARGET,1168.67,730.91
htf,MARUTI,2025-04-22,SHORT,2025-04-22T10:10:00,11647.00,11680.08,11597.38,25,33.08,2025-04-22T11:40:00,11680.08,STOP,-827.04,-1264.42
htf,MARUTI,2025-04-29,LONG,2025-04-29T10:50:00,11828.00,11783.50,11894.75,25,44.50,2025-04-29T11:20:00,11783.50,STOP,-1112.43,-1555.15
htf,MARUTI,2025-05-19,LONG,2025-05-19T11:20:00,12983.00,12954.79,13025.32,23,28.21,2025-05-19T11:40:00,12954.79,STOP,-648.85,-1096.28
htf,MARUTI,2025-05-23,SHORT,2025-05-23T11:40:00,12462.00,12488.23,12422.65,24,26.23,2025-05-23T13:30:00,12450.00,TIME_STOP,288.00,-160.42
htf,MARUTI,2025-05-26,SHORT,2025-05-26T11:00:00,12452.00,12482.05,12406.93,24,30.05,2025-05-26T11:20:00,12482.05,STOP,-721.17,-1169.98
htf,MARUTI,2025-05-27,SHORT,2025-05-27T12:30:00,12352.00,12390.84,12293.73,24,38.84,2025-05-27T14:20:00,12293.73,TARGET,1398.39,954.77
htf,MARUTI,2025-05-30,SHORT,2025-05-30T11:30:00,12316.00,12347.21,12269.18,24,31.21,2025-05-30T11:40:00,12269.18,TARGET,1123.65,681.11
htf,MARUTI,2025-06-04,SHORT,2025-06-04T13:00:00,12167.00,12191.40,12130.40,24,24.40,2025-06-04T13:10:00,12191.40,STOP,-585.63,-1024.08
htf,MARUTI,2025-06-05,SHORT,2025-06-05T10:20:00,12062.00,12101.48,12002.78,24,39.48,2025-06-05T10:20:00,12101.48,STOP,-947.47,-1382.41
htf,MARUTI,2025-06-10,LONG,2025-06-10T13:00:00,12602.00,12579.16,12636.27,23,22.84,2025-06-10T14:30:00,12579.16,STOP,-525.41,-959.79
htf,MARUTI,2025-06-17,LONG,2025-06-17T10:30:00,12537.00,12512.41,12573.88,23,24.59,2025-06-17T10:40:00,12573.88,TARGET,848.19,415.03
htf,MARUTI,2025-06-20,LONG,2025-06-20T13:40:00,12818.00,12795.32,12852.02,23,22.68,2025-06-20T13:50:00,12795.32,STOP,-521.66,-963.49
htf,MARUTI,2025-06-24,SHORT,2025-06-24T13:10:00,12714.00,12747.08,12664.39,23,33.08,2025-06-24T13:20:00,12664.39,TARGET,1141.11,703.34
htf,MARUTI,2025-06-26,SHORT,2025-06-26T11:10:00,12728.00,12759.45,12680.83,23,31.45,2025-06-26T12:30:00,12759.45,STOP,-723.34,-1163.00
htf,MARUTI,2025-06-27,SHORT,2025-06-27T13:40:00,12690.00,12715.43,12651.86,23,25.43,2025-06-27T14:40:00,12651.86,TARGET,877.31,440.16
htf,MARUTI,2025-07-09,SHORT,2025-07-09T13:10:00,12465.00,12486.79,12432.32,24,21.79,2025-07-09T13:20:00,12486.79,STOP,-522.91,-972.04
htf,MARUTI,2025-07-10,LONG,2025-07-10T10:20:00,12588.00,12551.75,12642.38,23,36.25,2025-07-10T10:40:00,12642.38,TARGET,1250.73,815.50
htf,MARUTI,2025-07-17,SHORT,2025-07-17T13:20:00,12543.00,12563.06,12512.91,23,20.06,2025-07-17T13:50:00,12512.91,TARGET,692.15,259.94
htf,MARUTI,2025-07-28,SHORT,2025-07-28T11:40:00,12429.00,12465.51,12374.23,24,36.51,2025-07-28T12:50:00,12374.23,TARGET,1314.45,867.99
htf,MARUTI,2025-07-31,LONG,2025-07-31T11:50:00,12579.00,12538.73,12639.41,23,40.27,2025-07-31T12:10:00,12538.73,STOP,-926.30,-1359.58
htf,MARUTI,2025-08-11,LONG,2025-08-11T13:40:00,12600.00,12574.71,12637.93,23,25.29,2025-08-11T13:50:00,12574.71,STOP,-581.60,-1015.86
htf,MARUTI,2025-08-13,LONG,2025-08-13T10:10:00,12875.00,12832.27,12939.09,23,42.73,2025-08-13T10:50:00,12832.27,STOP,-982.76,-1426.21
htf,MARUTI,2025-08-14,LONG,2025-08-14T13:10:00,12872.00,12848.95,12906.57,23,23.05,2025-08-14T14:40:00,12906.57,TARGET,795.10,350.42
htf,MARUTI,2025-08-21,LONG,2025-08-21T12:30:00,14255.00,14231.78,14289.84,21,23.22,2025-08-21T13:30:00,14231.78,STOP,-487.70,-936.37
htf,MARUTI,2025-08-29,LONG,2025-08-29T12:00:00,14785.00,14747.03,14841.95,20,37.97,2025-08-29T12:00:00,14747.03,STOP,-759.38,-1202.36
htf,MARUTI,2025-09-01,LONG,2025-09-01T12:10:00,14791.00,14758.38,14839.93,20,32.62,2025-09-01T12:10:00,14758.38,STOP,-652.40,-1095.64
htf,MARUTI,2025-09-03,LONG,2025-09-03T12:20:00,14863.00,14835.20,14904.70,20,27.80,2025-09-03T12:20:00,14904.70,TARGET,834.09,387.57
htf,MARUTI,2025-09-05,LONG,2025-09-05T10:10:00,14866.00,14823.21,14930.18,20,42.79,2025-09-05T11:20:00,14823.21,STOP,-855.72,-1301.06
htf,MARUTI,2025-09-25,LONG,2025-09-25T12:50:00,16197.00,16161.55,16250.17,18,35.45,2025-09-25T13:00:00,16250.17,TARGET,957.06,519.02
htf,MARUTI,2025-09-29,LONG,2025-09-29T14:10:00,16214.00,16168.23,16282.66,18,45.77,2025-09-29T14:10:00,16168.23,STOP,-823.91,-1261.07
htf,MARUTI,2025-10-01,SHORT,2025-10-01T10:10:00,15952.00,15993.65,15889.52,18,41.65,2025-10-01T10:30:00,15889.52,TARGET,1124.65,694.79
htf,MARUTI,2025-10-16,LONG,2025-10-16T10:20:00,16298.00,16263.79,16349.31,18,34.21,2025-10-16T11:00:00,16263.79,STOP,-615.76,-1055.34
htf,MARUTI,2025-10-21,LONG,2025-10-21T14:00:00,16442.00,16407.80,16493.30,18,34.20,2025-10-21T14:00:00,16407.80,STOP,-615.64,-1059.11
htf,MARUTI,2025-10-30,SHORT,2025-10-30T13:40:00,16171.00,16212.85,16108.22,18,41.85,2025-10-30T14:00:00,16212.85,STOP,-753.36,-1190.54
htf,MARUTI,2025-11-11,LONG,2025-11-11T12:10:00,15614.00,15584.10,15658.84,19,29.90,2025-11-11T12:20:00,15584.10,STOP,-568.03,-1012.60
htf,MARUTI,2025-11-12,LONG,2025-11-12T12:20:00,15625.00,15599.15,15663.78,19,25.85,2025-11-12T12:20:00,15608.00,REVERSE,-323.00,-768.07
htf,MARUTI,2025-11-14,LONG,2025-11-14T14:10:00,15647.00,15622.38,15683.93,19,24.62,2025-11-14T14:50:00,15622.38,STOP,-467.74,-913.33
htf,MARUTI,2025-11-25,LONG,2025-11-25T13:20:00,16007.00,15980.46,16046.81,18,26.54,2025-11-25T13:50:00,15980.46,STOP,-477.69,-909.52
htf,MARUTI,2025-11-26,LONG,2025-11-26T10:10:00,16024.00,15983.86,16084.21,18,40.14,2025-11-26T12:00:00,16084.21,TARGET,1083.79,650.33
htf,MARUTI,2025-11-28,LONG,2025-11-28T11:20:00,16010.00,15973.19,16065.21,18,36.81,2025-11-28T11:40:00,15973.19,STOP,-662.56,-1094.33
htf,MARUTI,2025-12-01,SHORT,2025-12-01T11:40:00,15925.00,15959.37,15873.45,18,34.37,2025-12-01T12:10:00,15873.45,TARGET,927.96,498.68
htf,MARUTI,2025-12-04,SHORT,2025-12-04T10:20:00,15986.00,16019.08,15936.38,18,33.08,2025-12-04T10:40:00,16019.08,STOP,-595.48,-1027.55
htf,MARUTI,2025-12-09,LONG,2025-12-09T12:30:00,16208.00,16171.87,16262.19,18,36.13,2025-12-09T13:10:00,16171.87,STOP,-650.25,-1087.38
htf,MARUTI,2025-12-10,SHORT,2025-12-10T13:50:00,16028.00,16061.04,15978.44,18,33.04,2025-12-10T14:30:00,15978.44,TARGET,892.03,459.94
htf,MARUTI,2025-12-18,LONG,2025-12-18T13:10:00,16383.00,16355.91,16423.63,18,27.09,2025-12-18T14:10:00,16355.91,STOP,-487.60,-929.58
htf,MARUTI,2025-12-29,LONG,2025-12-29T13:30:00,16590.00,16564.85,16627.72,18,25.15,2025-12-29T13:40:00,16564.85,STOP,-452.67,-900.26
htf,MARUTI,2025-12-30,LONG,2025-12-30T10:10:00,16605.00,16568.28,16660.08,18,36.72,2025-12-30T10:20:00,16660.08,TARGET,991.47,542.39
htf,MARUTI,2026-01-06,LONG,2026-01-06T12:00:00,17204.00,17167.66,17258.50,17,36.34,2026-01-06T13:40:00,17258.50,TARGET,926.56,487.16
htf,MARUTI,2026-01-13,SHORT,2026-01-13T11:30:00,16435.00,16490.25,16352.13,18,55.25,2026-01-13T11:30:00,16490.25,STOP,-994.44,-1438.94
htf,MARUTI,2026-01-22,SHORT,2026-01-22T11:30:00,15761.00,15810.96,15686.07,19,49.96,2026-01-22T12:20:00,15810.96,STOP,-949.15,-1399.05
htf,MARUTI,2026-01-23,SHORT,2026-01-23T10:00:00,15758.00,15805.32,15687.02,19,47.32,2026-01-23T10:50:00,15687.02,TARGET,1348.66,900.57
htf,MARUTI,2026-02-05,LONG,2026-02-05T12:30:00,15023.00,14985.49,15079.27,19,37.51,2026-02-05T13:10:00,15079.27,TARGET,1069.07,640.11
htf,MARUTI,2026-02-06,LONG,2026-02-06T11:40:00,15083.00,15034.76,15155.35,19,48.24,2026-02-06T12:10:00,15034.76,STOP,-916.48,-1345.66
htf,MARUTI,2026-02-13,LONG,2026-02-13T12:00:00,15401.00,15366.86,15452.21,19,34.14,2026-02-13T12:30:00,15366.86,STOP,-648.72,-1087.16
htf,MARUTI,2026-02-19,SHORT,2026-02-19T12:10:00,15126.00,15157.14,15079.29,19,31.14,2026-02-19T12:40:00,15079.29,TARGET,887.53,457.11
htf,MARUTI,2026-02-23,SHORT,2026-02-23T13:20:00,15020.00,15051.08,14973.39,19,31.08,2026-02-23T13:30:00,15051.08,STOP,-590.45,-1018.96
htf,MARUTI,2026-03-11,SHORT,2026-03-11T11:20:00,13702.00,13766.03,13605.96,21,64.03,2026-03-11T12:00:00,13605.96,TARGET,2016.84,1586.74
htf,HEROMOTOCO,2024-03-19,SHORT,2024-03-19T10:30:00,4424.65,4442.99,4397.15,67,18.34,2024-03-19T11:20:00,4442.99,STOP,-1228.54,-1674.14
htf,HEROMOTOCO,2024-03-20,SHORT,2024-03-20T10:00:00,4408.00,4426.83,4379.75,68,18.83,2024-03-20T10:10:00,4426.83,STOP,-1280.44,-1731.02
htf,HEROMOTOCO,2024-03-26,LONG,2024-03-26T14:00:00,4549.50,4536.81,4568.53,65,12.69,2024-03-26T15:20:00,4560.55,EOD,718.25,274.14
htf,HEROMOTOCO,2024-03-28,LONG,2024-03-28T10:20:00,4539.45,4523.67,4563.12,66,15.78,2024-03-28T10:40:00,4523.67,STOP,-1041.47,-1490.09
htf,HEROMOTOCO,2024-04-03,SHORT,2024-04-03T11:00:00,4456.15,4469.02,4436.85,67,12.87,2024-04-03T11:40:00,4436.85,TARGET,1293.43,846.56
htf,HEROMOTOCO,2024-04-09,SHORT,2024-04-09T11:50:00,4442.80,4462.57,4413.15,67,19.77,2024-04-09T13:40:00,4423.10,TIME_STOP,1319.90,874.39
htf,HEROMOTOCO,2024-04-12,SHORT,2024-04-12T12:40:00,4367.05,4378.14,4350.42,68,11.09,2024-04-12T12:40:00,4350.42,TARGET,1130.80,686.21
htf,HEROMOTOCO,2024-05-03,LONG,2024-05-03T10:10:00,4451.30,4434.48,4476.53,67,16.82,2024-05-03T11:20:00,4434.48,STOP,-1126.80,-1573.31
htf,HEROMOTOCO,2024-05-13,LONG,2024-05-13T12:30:00,4650.70,4625.82,4688.02,64,24.88,2024-05-13T13:10:00,4688.02,TARGET,2388.77,1940.51
htf,HEROMOTOCO,2024-05-23,SHORT,2024-05-23T10:10:00,4862.10,4878.89,4836.92,61,16.79,2024-05-23T10:20:00,4878.89,STOP,-1023.93,-1469.58
htf,HEROMOTOCO,2024-05-29,LONG,2024-05-29T11:00:00,5072.70,5051.95,5103.82,59,20.75,2024-05-29T11:00:00,5051.95,STOP,-1224.20,-1672.21
htf,HEROMOTOCO,2024-06-04,SHORT,2024-06-04T12:30:00,4815.90,4874.61,4727.83,42,58.71,2024-06-04T12:30:00,4874.61,STOP,-2465.99,-2771.24
htf,HEROMOTOCO,2024-06-06,LONG,2024-06-06T13:50:00,5435.65,5407.44,5477.97,55,28.21,2024-06-06T13:50:00,5407.44,STOP,-1551.56,-1998.83
htf,HEROMOTOCO,2024-06-13,LONG,2024-06-13T12:50:00,5656.10,5637.68,5683.73,53,18.42,2024-06-13T14:40:00,5667.80,TIME_STOP,620.10,169.97
htf,HEROMOTOCO,2024-06-14,LONG,2024-06-14T11:00:00,5678.15,5659.93,5705.48,52,18.22,2024-06-14T11:30:00,5705.48,TARGET,1421.19,977.23
htf,HEROMOTOCO,2024-06-21,SHORT,2024-06-21T12:40:00,5392.05,5412.19,5361.84,55,20.14,2024-06-21T12:50:00,5361.84,TARGET,1661.76,1218.16
htf,HEROMOTOCO,2024-06-25,SHORT,2024-06-25T14:10:00,5395.95,5409.83,5375.13,55,13.88,2024-06-25T14:40:00,5375.13,TARGET,1145.29,700.99
htf,HEROMOTOCO,2024-07-02,LONG,2024-07-02T10:20:00,5513.20,5490.42,5547.38,54,22.78,2024-07-02T10:30:00,5490.42,STOP,-1230.34,-1675.98
htf,HEROMOTOCO,2024-07-03,LONG,2024-07-03T10:40:00,5451.15,5431.77,5480.22,55,19.38,2024-07-03T10:50:00,5431.77,STOP,-1065.90,-1514.82
htf,HEROMOTOCO,2024-07-09,SHORT,2024-07-09T11:50:00,5391.35,5409.62,5363.94,55,18.27,2024-07-09T12:10:00,5409.62,STOP,-1004.93,-1450.47
htf,HEROMOTOCO,2024-07-10,SHORT,2024-07-10T10:30:00,5394.15,5417.11,5359.72,55,22.96,2024-07-10T10:40:00,5359.72,TARGET,1893.88,1450.28
htf,HEROMOTOCO,2024-07-11,LONG,2024-07-11T10:10:00,5407.60,5387.81,5437.29,55,19.79,2024-07-11T10:10:00,5387.81,STOP,-1088.67,-1533.98
htf,HEROMOTOCO,2024-07-12,SHORT,2024-07-12T12:30:00,5389.10,5405.12,5365.07,55,16.02,2024-07-12T13:30:00,5405.12,STOP,-881.25,-1326.51
htf,HEROMOTOCO,2024-07-16,LONG,2024-07-16T11:10:00,5475.45,5461.55,5496.30,54,13.90,2024-07-16T11:30:00,5461.55,STOP,-750.44,-1193.39
htf,HEROMOTOCO,2024-07-23,SHORT,2024-07-23T10:30:00,5309.10,5326.40,5283.14,56,17.30,2024-07-23T11:00:00,5326.40,STOP,-969.06,-1415.75
htf,HEROMOTOCO,2024-07-31,LONG,2024-07-31T13:20:00,5365.35,5344.72,5396.29,55,20.63,2024-07-31T13:40:00,5396.29,TARGET,1701.77,1257.85
htf,HEROMOTOCO,2024-08-12,SHORT,2024-08-12T10:40:00,5075.15,5091.22,5051.04,59,16.07,2024-08-12T11:20:00,5091.22,STOP,-948.21,-1398.07
htf,HEROMOTOCO,2024-08-21,LONG,2024-08-21T10:20:00,5136.50,5117.84,5164.48,58,18.66,2024-08-21T12:10:00,5135.35,TIME_STOP,-66.70,-513.53
htf,HEROMOTOCO,2024-08-26,LONG,2024-08-26T10:50:00,5271.95,5253.18,5300.11,56,18.77,2024-08-26T11:10:00,5253.18,STOP,-1051.19,-1493.24
htf,HEROMOTOCO,2024-09-04,LONG,2024-09-04T13:10:00,5510.75,5494.49,5535.14,54,16.26,2024-09-04T13:30:00,5535.14,TARGET,1317.21,869.85
htf,HEROMOTOCO,2024-09-06,LONG,2024-09-06T13:10:00,5587.10,5566.49,5618.02,53,20.61,2024-09-06T15:00:00,5605.35,TIME_STOP,967.25,522.35
htf,HEROMOTOCO,2024-09-09,LONG,2024-09-09T10:10:00,5612.20,5591.28,5643.58,53,20.92,2024-09-09T12:00:00,5591.28,STOP,-1108.94,-1554.27
htf,HEROMOTOCO,2024-09-16,LONG,2024-09-16T10:50:00,5679.50,5661.43,5706.60,52,18.07,2024-09-16T10:50:00,5661.43,STOP,-939.57,-1381.86
htf,HEROMOTOCO,2024-09-17,LONG,2024-09-17T10:00:00,5654.85,5640.73,5676.03,53,14.12,2024-09-17T10:00:00,5676.03,TARGET,1122.43,672.03
htf,HEROMOTOCO,2024-09-19,LONG,2024-09-19T10:00:00,5886.75,5858.79,5928.69,50,27.96,2024-09-19T10:10:00,5858.79,STOP,-1398.08,-1838.54
htf,HEROMOTOCO,2024-09-20,LONG,2024-09-20T10:10:00,5893.90,5874.89,5922.41,50,19.01,2024-09-20T10:30:00,5922.41,TARGET,1425.43,982.31
htf,HEROMOTOCO,2024-09-27,SHORT,2024-09-27T11:20:00,5840.45,5865.83,5802.38,51,25.38,2024-09-27T13:10:00,5816.05,TIME_STOP,1244.40,798.54
htf,HEROMOTOCO,2024-10-08,SHORT,2024-10-08T12:30:00,5328.15,5350.24,5295.01,56,22.09,2024-10-08T13:30:00,5350.24,STOP,-1237.24,-1685.73
htf,HEROMOTOCO,2024-10-10,SHORT,2024-10-10T12:20:00,5374.05,5390.12,5349.94,55,16.07,2024-10-10T12:50:00,5349.94,TARGET,1325.81,883.45
htf,HEROMOTOCO,2024-10-11,SHORT,2024-10-11T13:50:00,5330.15,5342.09,5312.24,56,11.94,2024-10-11T14:30:00,5342.09,STOP,-668.59,-1116.82
htf,HEROMOTOCO,2024-10-22,SHORT,2024-10-22T10:40:00,5043.45,5067.72,5007.04,59,24.27,2024-10-22T10:50:00,5067.72,STOP,-1432.19,-1879.61
htf,HEROMOTOCO,2024-11-05,SHORT,2024-11-05T11:40:00,4667.85,4688.00,4637.63,64,20.15,2024-11-05T13:20:00,4688.00,STOP,-1289.42,-1738.50
htf,HEROMOTOCO,2024-11-12,SHORT,2024-11-12T12:40:00,4632.50,4645.76,4612.61,64,13.26,2024-11-12T13:20:00,4612.61,TARGET,1273.16,829.39
htf,HEROMOTOCO,2024-11-21,LONG,2024-11-21T11:00:00,4694.50,4672.57,4727.39,63,21.93,2024-11-21T11:30:00,4672.57,STOP,-1381.47,-1824.07
htf,HEROMOTOCO,2024-11-22,LONG,2024-11-22T12:40:00,4660.35,4646.93,4680.47,64,13.42,2024-11-22T13:20:00,4680.47,TARGET,1287.91,839.55
htf,HEROMOTOCO,2024-11-27,LONG,2024-11-27T11:40:00,4751.70,4735.79,4775.56,63,15.91,2024-11-27T11:50:00,4735.79,STOP,-1002.05,-1450.34
htf,HEROMOTOCO,2024-12-03,SHORT,2024-12-03T11:50:00,4617.20,4627.99,4601.02,64,10.79,2024-12-03T13:00:00,4601.02,TARGET,1035.81,593.34
htf,HEROMOTOCO,2024-12-06,SHORT,2024-12-06T11:30:00,4520.55,4539.24,4492.52,66,18.69,2024-12-06T13:20:00,4513.75,TIME_STOP,448.80,1.60
htf,HEROMOTOCO,2024-12-09,SHORT,2024-12-09T14:10:00,4497.80,4506.52,4484.72,66,8.72,2024-12-09T14:20:00,4484.72,TARGET,863.04,418.40
htf,HEROMOTOCO,2024-12-17,SHORT,2024-12-17T10:10:00,4405.25,4417.20,4387.33,68,11.95,2024-12-17T10:20:00,4387.33,TARGET,1218.87,770.45
htf,HEROMOTOCO,2024-12-27,SHORT,2024-12-27T11:40:00,4166.10,4181.13,4143.56,72,15.03,2024-12-27T12:10:00,4143.56,TARGET,1622.96,1174.24
htf,HEROMOTOCO,2025-01-15,SHORT,2025-01-15T12:30:00,4002.80,4015.50,3983.75,74,12.70,2025-01-15T12:30:00,4015.50,STOP,-939.82,-1384.83
htf,HEROMOTOCO,2025-01-16,SHORT,2025-01-16T10:40:00,3995.55,4010.04,3973.81,75,14.49,2025-01-16T11:10:00,3973.81,TARGET,1630.33,1182.06
htf,HEROMOTOCO,2025-01-23,LONG,2025-01-23T10:10:00,3979.30,3967.49,3997.02,75,11.81,2025-01-23T10:30:00,3997.02,TARGET,1329.01,880.34
htf,HEROMOTOCO,2025-01-24,SHORT,2025-01-24T13:10:00,3976.25,3988.01,3958.62,75,11.76,2025-01-24T13:10:00,3988.01,STOP,-881.70,-1329.69
htf,HEROMOTOCO,2025-01-28,SHORT,2025-01-28T12:50:00,3911.30,3926.71,3888.19,76,15.41,2025-01-28T13:00:00,3926.71,STOP,-1171.07,-1617.83
htf,HEROMOTOCO,2025-02-01,LONG,2025-02-01T11:50:00,4216.55,4199.13,4242.68,71,17.42,2025-02-01T11:50:00,4199.13,STOP,-1236.93,-1685.07
htf,HEROMOTOCO,2025-02-07,SHORT,2025-02-07T10:10:00,4124.90,4145.35,4094.22,72,20.45,2025-02-07T10:10:00,4145.35,STOP,-1472.76,-1919.35
htf,HEROMOTOCO,2025-02-25,SHORT,2025-02-25T10:10:00,3852.60,3864.45,3834.82,77,11.85,2025-02-25T11:40:00,3864.45,STOP,-912.54,-1358.20
htf,HEROMOTOCO,2025-03-24,LONG,2025-03-24T13:20:00,3635.00,3622.65,3653.52,82,12.35,2025-03-24T13:50:00,3622.65,STOP,-1012.67,-1459.02
htf,HEROMOTOCO,2025-03-25,LONG,2025-03-25T13:00:00,3643.00,3630.19,3662.21,82,12.81,2025-03-25T13:00:00,3635.70,REVERSE,-598.60,-1046.24
htf,HEROMOTOCO,2025-04-01,LONG,2025-04-01T13:00:00,3772.00,3755.26,3797.11,79,16.74,2025-04-01T14:20:00,3755.26,STOP,-1322.57,-1768.56
htf,HEROMOTOCO,2025-04-02,LONG,2025-04-02T10:10:00,3764.65,3749.44,3787.47,79,15.21,2025-04-02T10:20:00,3749.44,STOP,-1201.76,-1646.97
htf,HEROMOTOCO,2025-04-08,SHORT,2025-04-08T11:50:00,3516.05,3534.03,3489.08,85,17.98,2025-04-08T11:50:00,3529.90,REVERSE,-1177.25,-1626.43
htf,HEROMOTOCO,2025-04-17,LONG,2025-04-17T13:10:00,3737.50,3725.23,3755.90,80,12.27,2025-04-17T13:40:00,3755.90,TARGET,1472.03,1022.43
htf,HEROMOTOCO,2025-04-25,SHORT,2025-04-25T10:10:00,3881.60,3900.44,3853.35,77,18.84,2025-04-25T10:10:00,3900.44,STOP,-1450.39,-1899.81
htf,HEROMOTOCO,2025-04-28,LONG,2025-04-28T12:20:00,3895.90,3882.79,3915.57,77,13.11,2025-04-28T13:10:00,3915.57,TARGET,1514.49,1063.38
htf,HEROMOTOCO,2025-05-02,SHORT,2025-05-02T12:10:00,3825.10,3844.34,3796.25,78,19.24,2025-05-02T12:30:00,3796.25,TARGET,2250.62,1804.77
htf,HEROMOTOCO,2025-05-30,SHORT,2025-05-30T12:40:00,4341.50,4353.59,4323.36,69,12.09,2025-05-30T13:30:00,4353.59,STOP,-834.35,-1284.32
htf,HEROMOTOCO,2025-06-03,SHORT,2025-06-03T11:30:00,4224.60,4236.75,4206.38,71,12.15,2025-06-03T12:10:00,4236.75,STOP,-862.52,-1313.08
htf,HEROMOTOCO,2025-06-17,LONG,2025-06-17T10:40:00,4378.20,4365.87,4396.69,68,12.33,2025-06-17T10:50:00,4365.87,STOP,-838.16,-1284.11
htf,HEROMOTOCO,2025-06-19,LONG,2025-06-19T10:10:00,4394.40,4381.40,4413.90,68,13.00,2025-06-19T10:30:00,4381.40,STOP,-883.91,-1331.47
htf,HEROMOTOCO,2025-07-10,LONG,2025-07-10T13:50:00,4330.00,4322.21,4341.69,69,7.79,2025-07-10T15:00:00,4322.21,STOP,-537.81,-985.56
htf,HEROMOTOCO,2025-07-22,SHORT,2025-07-22T11:10:00,4390.90,4403.39,4372.16,68,12.49,2025-07-22T11:10:00,4372.16,TARGET,1274.48,827.56
htf,HEROMOTOCO,2025-07-23,SHORT,2025-07-23T11:30:00,4342.50,4355.27,4323.35,69,12.77,2025-07-23T13:10:00,4355.27,STOP,-880.85,-1330.96
htf,HEROMOTOCO,2025-07-30,LONG,2025-07-30T10:30:00,4319.50,4306.56,4338.91,69,12.94,2025-07-30T10:30:00,4306.56,STOP,-892.79,-1339.19
htf,HEROMOTOCO,2025-08-14,LONG,2025-08-14T10:40:00,4756.20,4743.17,4775.74,63,13.03,2025-08-14T10:40:00,4751.50,REVERSE,-296.10,-745.34
htf,HEROMOTOCO,2025-08-21,LONG,2025-08-21T10:50:00,5143.30,5129.03,5164.70,58,14.27,2025-08-21T11:30:00,5129.03,STOP,-827.42,-1274.27
htf,HEROMOTOCO,2025-09-05,LONG,2025-09-05T14:00:00,5378.50,5368.25,5393.88,55,10.25,2025-09-05T15:00:00,5368.25,STOP,-563.77,-1007.07
htf,HEROMOTOCO,2025-09-12,SHORT,2025-09-12T12:20:00,5315.00,5328.72,5294.42,56,13.72,2025-09-12T13:40:00,5294.42,TARGET,1152.22,706.62
htf,HEROMOTOCO,2025-09-15,SHORT,2025-09-15T11:10:00,5312.00,5324.27,5293.60,56,12.27,2025-09-15T11:40:00,5293.60,TARGET,1030.30,584.86
htf,HEROMOTOCO,2025-09-25,SHORT,2025-09-25T13:20:00,5290.00,5306.17,5265.74,56,16.17,2025-09-25T13:30:00,5306.17,STOP,-905.70,-1350.74
htf,HEROMOTOCO,2025-10-01,LONG,2025-10-01T13:50:00,5445.00,5430.06,5467.41,55,14.94,2025-10-01T15:10:00,5430.06,STOP,-821.65,-1270.24
htf,HEROMOTOCO,2025-10-03,LONG,2025-10-03T11:20:00,5527.00,5500.78,5566.33,54,26.22,2025-10-03T12:20:00,5566.33,TARGET,2123.70,1674.42
htf,HEROMOTOCO,2025-10-10,SHORT,2025-10-10T10:40:00,5486.50,5503.01,5461.73,54,16.51,2025-10-10T10:50:00,5503.01,STOP,-891.81,-1336.88
htf,HEROMOTOCO,2025-10-14,LONG,2025-10-14T12:40:00,5568.50,5554.10,5590.10,53,14.40,2025-10-14T12:40:00,5554.10,STOP,-763.06,-1205.19
htf,HEROMOTOCO,2025-10-21,LONG,2025-10-21T14:00:00,5650.50,5632.64,5677.30,53,17.86,2025-10-21T14:40:00,5632.64,STOP,-946.80,-1395.31
htf,HEROMOTOCO,2025-11-06,SHORT,2025-11-06T10:50:00,5327.50,5348.46,5296.06,56,20.96,2025-11-06T12:40:00,5348.46,STOP,-1173.93,-1622.32
htf,HEROMOTOCO,2025-11-07,SHORT,2025-11-07T14:10:00,5290.00,5305.70,5266.44,56,15.70,2025-11-07T14:30:00,5305.70,STOP,-879.43,-1324.45
htf,HEROMOTOCO,2025-11-11,LONG,2025-11-11T12:10:00,5400.50,5385.18,5423.48,55,15.32,2025-11-11T12:30:00,5423.48,TARGET,1263.88,817.39
htf,HEROMOTOCO,2025-11-25,LONG,2025-11-25T10:00:00,6025.00,6009.11,6048.83,49,15.89,2025-11-25T10:40:00,6048.83,TARGET,1167.56,723.85
htf,HEROMOTOCO,2025-12-03,SHORT,2025-12-03T10:10:00,6245.00,6259.49,6223.27,48,14.49,2025-12-03T10:30:00,6223.27,TARGET,1043.12,594.26
htf,HEROMOTOCO,2025-12-12,SHORT,2025-12-12T12:10:00,5978.00,5991.92,5957.12,50,13.92,2025-12-12T13:50:00,5957.12,TARGET,1043.95,596.38
htf,HEROMOTOCO,2025-12-22,SHORT,2025-12-22T10:20:00,5754.00,5772.81,5725.78,52,18.81,2025-12-22T11:10:00,5725.78,TARGET,1467.36,1019.65
htf,HEROMOTOCO,2025-12-24,SHORT,2025-12-24T11:50:00,5706.00,5718.31,5687.54,52,12.31,2025-12-24T12:10:00,5718.31,STOP,-640.11,-1085.66
htf,HEROMOTOCO,2026-01-06,LONG,2026-01-06T13:00:00,6026.00,6012.16,6046.77,49,13.84,2026-01-06T13:20:00,6012.16,STOP,-678.38,-1120.78
htf,HEROMOTOCO,2026-01-07,LONG,2026-01-07T12:00:00,5994.00,5983.26,6010.11,50,10.74,2026-01-07T12:00:00,5983.26,STOP,-537.13,-986.28
htf,HEROMOTOCO,2026-01-14,SHORT,2026-01-14T10:20:00,5683.50,5704.70,5651.70,52,21.20,2026-01-14T10:30:00,5704.70,STOP,-1102.56,-1546.70
htf,HEROMOTOCO,2026-01-22,SHORT,2026-01-22T12:40:00,5576.50,5597.04,5545.69,53,20.54,2026-01-22T13:00:00,5545.69,TARGET,1632.76,1190.65
htf,HEROMOTOCO,2026-01-28,SHORT,2026-01-28T12:00:00,5343.00,5361.69,5314.96,56,18.69,2026-01-28T13:10:00,5361.69,STOP,-1046.69,-1496.29
htf,HEROMOTOCO,2026-02-02,LONG,2026-02-02T13:10:00,5538.00,5513.42,5574.87,54,24.58,2026-02-02T13:50:00,5574.87,TARGET,1990.85,1540.77
htf,HEROMOTOCO,2026-02-06,LONG,2026-02-06T10:30:00,5823.00,5794.60,5865.60,51,28.40,2026-02-06T10:30:00,5794.60,STOP,-1448.54,-1892.91
htf,HEROMOTOCO,2026-02-10,LONG,2026-02-10T10:10:00,5795.00,5770.14,5832.29,51,24.86,2026-02-10T10:50:00,5770.14,STOP,-1267.73,-1710.10
htf,HEROMOTOCO,2026-02-12,SHORT,2026-02-12T12:20:00,5711.00,5729.23,5683.66,52,18.23,2026-02-12T13:00:00,5729.23,STOP,-947.72,-1393.89
htf,HEROMOTOCO,2026-02-19,SHORT,2026-02-19T10:40:00,5544.50,5562.47,5517.54,54,17.97,2026-02-19T11:20:00,5517.54,TARGET,1455.95,1007.94
htf,HEROMOTOCO,2026-02-23,SHORT,2026-02-23T12:40:00,5454.00,5469.98,5430.04,55,15.98,2026-02-23T14:30:00,5456.50,TIME_STOP,-137.50,-587.56
htf,HEROMOTOCO,2026-02-24,LONG,2026-02-24T14:10:00,5500.00,5484.64,5523.04,54,15.36,2026-02-24T14:30:00,5484.64,STOP,-829.57,-1274.45
htf,EICHERMOT,2024-03-19,SHORT,2024-03-19T13:40:00,3695.95,3703.52,3684.59,81,7.57,2024-03-19T14:00:00,3703.52,STOP,-613.35,-1062.87
htf,EICHERMOT,2024-03-22,LONG,2024-03-22T11:40:00,3951.25,3932.06,3980.04,75,19.19,2024-03-22T12:10:00,3980.04,TARGET,2158.93,1712.79
htf,EICHERMOT,2024-03-27,LONG,2024-03-27T10:00:00,3954.20,3943.14,3970.78,75,11.06,2024-03-27T10:00:00,3970.78,TARGET,1243.81,798.03
htf,EICHERMOT,2024-03-28,LONG,2024-03-28T10:40:00,3981.05,3962.87,4008.32,75,18.18,2024-03-28T11:50:00,4008.32,TARGET,2045.02,1595.62
htf,EICHERMOT,2024-04-01,SHORT,2024-04-01T11:10:00,3968.75,3988.40,3939.28,75,19.65,2024-04-01T11:30:00,3988.40,STOP,-1473.46,-1921.05
htf,EICHERMOT,2024-04-19,LONG,2024-04-19T13:00:00,4340.00,4318.42,4372.36,69,21.58,2024-04-19T14:50:00,4340.10,TIME_STOP,6.90,-442.30
htf,EICHERMOT,2024-04-25,LONG,2024-04-25T12:40:00,4548.00,4530.12,4574.83,65,17.88,2024-04-25T14:30:00,4574.83,TARGET,1743.71,1298.97
htf,EICHERMOT,2024-05-03,LONG,2024-05-03T10:00:00,4649.00,4632.07,4674.39,64,16.93,2024-05-03T10:20:00,4632.07,STOP,-1083.38,-1528.87
htf,EICHERMOT,2024-05-07,SHORT,2024-05-07T11:20:00,4590.00,4607.00,4564.51,65,17.00,2024-05-07T13:10:00,4591.30,TIME_STOP,-84.50,-532.09
htf,EICHERMOT,2024-05-08,SHORT,2024-05-08T10:30:00,4595.00,4617.14,4561.79,65,22.14,2024-05-08T12:20:00,4597.95,TIME_STOP,-191.75,-639.91
htf,EICHERMOT,2024-05-09,SHORT,2024-05-09T12:20:00,4600.00,4623.15,4565.28,65,23.15,2024-05-09T14:10:00,4599.95,TIME_STOP,3.25,-445.25
htf,EICHERMOT,2024-05-16,SHORT,2024-05-16T10:00:00,4627.55,4645.83,4600.13,64,18.28,2024-05-16T10:30:00,4600.13,TARGET,1754.64,1311.71
htf,EICHERMOT,2024-05-22,LONG,2024-05-22T10:00:00,4690.40,4674.72,4713.92,63,15.68,2024-05-22T10:20:00,4674.72,STOP,-987.78,-1430.29
htf,EICHERMOT,2024-05-28,LONG,2024-05-28T11:30:00,4813.85,4795.58,4841.25,62,18.27,2024-05-28T12:00:00,4795.58,STOP,-1132.69,-1579.53
htf,EICHERMOT,2024-05-29,SHORT,2024-05-29T11:00:00,4773.70,4792.29,4745.82,62,18.59,2024-05-29T12:50:00,4768.00,TIME_STOP,353.40,-90.29
htf,EICHERMOT,2024-06-12,LONG,2024-06-12T11:20:00,4791.90,4777.92,4812.87,62,13.98,2024-06-12T11:40:00,4812.87,TARGET,1299.90,853.28
htf,EICHERMOT,2024-06-25,SHORT,2024-06-25T10:10:00,4859.20,4874.37,4836.44,61,15.17,2024-06-25T11:00:00,4836.44,TARGET,1388.46,944.88
htf,EICHERMOT,2024-07-04,LONG,2024-07-04T10:50:00,4695.80,4682.93,4715.11,63,12.87,2024-07-04T10:50:00,4682.93,STOP,-810.88,-1254.02
htf,EICHERMOT,2024-07-10,LONG,2024-07-10T12:00:00,4848.90,4822.66,4888.26,61,26.24,2024-07-10T13:50:00,4863.00,TIME_STOP,860.10,415.78
htf,EICHERMOT,2024-07-11,LONG,2024-07-11T10:00:00,4861.85,4840.17,4894.37,61,21.68,2024-07-11T11:10:00,4840.17,STOP,-1322.57,-1766.44
htf,EICHERMOT,2024-07-12,LONG,2024-07-12T11:30:00,4835.05,4822.15,4854.40,62,12.90,2024-07-12T12:30:00,4854.40,TARGET,1199.49,748.93
htf,EICHERMOT,2024-07-25,LONG,2024-07-25T10:10:00,4911.00,4896.61,4932.58,61,14.39,2024-07-25T10:20:00,4896.61,STOP,-877.72,-1326.42
htf,EICHERMOT,2024-08-01,LONG,2024-08-01T13:20:00,4955.95,4941.48,4977.66,60,14.47,2024-08-01T13:40:00,4941.48,STOP,-868.43,-1313.81
htf,EICHERMOT,2024-08-07,SHORT,2024-08-07T10:20:00,4619.20,4640.18,4587.73,64,20.98,2024-08-07T10:30:00,4640.18,STOP,-1342.84,-1787.29
htf,EICHERMOT,2024-08-13,LONG,2024-08-13T11:30:00,4825.60,4812.93,4844.61,62,12.67,2024-08-13T11:50:00,4812.93,STOP,-785.62,-1233.81
htf,EICHERMOT,2024-08-16,LONG,2024-08-16T13:20:00,4794.75,4782.44,4813.21,62,12.31,2024-08-16T14:20:00,4813.21,TARGET,1144.52,697.75
htf,EICHERMOT,2024-08-19,LONG,2024-08-19T11:50:00,4801.95,4789.37,4820.82,62,12.58,2024-08-19T13:40:00,4805.00,TIME_STOP,189.10,-257.62
htf,EICHERMOT,2024-09-03,LONG,2024-09-03T10:40:00,4938.65,4925.13,4958.93,60,13.52,2024-09-03T10:40:00,4925.13,STOP,-811.03,-1254.90
htf,EICHERMOT,2024-09-10,SHORT,2024-09-10T10:10:00,4734.95,4747.20,4716.57,63,12.25,2024-09-10T10:20:00,4716.57,TARGET,1157.74,711.15
htf,EICHERMOT,2024-09-11,SHORT,2024-09-11T14:10:00,4734.00,4748.34,4712.49,63,14.34,2024-09-11T15:20:00,4735.15,EOD,-72.45,-519.87
htf,EICHERMOT,2024-09-18,SHORT,2024-09-18T13:10:00,4838.75,4855.16,4814.14,61,16.41,2024-09-18T13:40:00,4814.14,TARGET,1501.17,1059.55
htf,EICHERMOT,2024-09-25,SHORT,2024-09-25T10:20:00,4867.45,4883.67,4843.12,61,16.22,2024-09-25T11:00:00,4883.67,STOP,-989.28,-1435.40
htf,EICHERMOT,2024-10-11,LONG,2024-10-11T10:10:00,4751.75,4732.58,4780.51,63,19.17,2024-10-11T10:10:00,4780.51,TARGET,1811.97,1361.57
htf,EICHERMOT,2024-10-31,LONG,2024-10-31T11:20:00,4894.85,4874.62,4925.19,61,20.23,2024-10-31T11:20:00,4874.62,STOP,-1233.73,-1680.69
htf,EICHERMOT,2024-11-07,LONG,2024-11-07T13:50:00,4879.20,4863.93,4902.11,61,15.27,2024-11-07T15:20:00,4876.75,EOD,-149.45,-595.78
htf,EICHERMOT,2024-11-11,SHORT,2024-11-11T13:50:00,4786.55,4800.70,4765.33,62,14.15,2024-11-11T14:20:00,4765.33,TARGET,1315.57,871.40
htf,EICHERMOT,2024-11-22,LONG,2024-11-22T10:20:00,4921.00,4902.24,4949.14,60,18.76,2024-11-22T10:30:00,4902.24,STOP,-1125.80,-1567.84
htf,EICHERMOT,2024-11-29,SHORT,2024-11-29T10:20:00,4832.75,4852.52,4803.09,62,19.77,2024-11-29T11:30:00,4845.10,REVERSE,-765.70,-1215.72
htf,EICHERMOT,2024-12-10,SHORT,2024-12-10T10:50:00,4830.00,4840.55,4814.17,62,10.55,2024-12-10T11:20:00,4840.55,STOP,-654.30,-1103.98
htf,EICHERMOT,2024-12-11,SHORT,2024-12-11T12:10:00,4816.15,4825.14,4802.66,62,8.99,2024-12-11T13:40:00,4802.66,TARGET,836.42,389.15
htf,EICHERMOT,2024-12-16,SHORT,2024-12-16T11:10:00,4805.85,4818.88,4786.31,62,13.03,2024-12-16T11:40:00,4818.88,STOP,-807.73,-1255.28
htf,EICHERMOT,2024-12-18,SHORT,2024-12-18T11:20:00,4769.10,4784.43,4746.10,62,15.33,2024-12-18T11:30:00,4784.43,STOP,-950.66,-1394.90
htf,EICHERMOT,2024-12-23,SHORT,2024-12-23T14:10:00,4747.00,4759.81,4727.78,63,12.81,2024-12-23T14:30:00,4752.35,REVERSE,-337.05,-785.89
htf,EICHERMOT,2024-12-30,LONG,2024-12-30T10:00:00,4882.95,4864.26,4910.98,61,18.69,2024-12-30T10:10:00,4864.26,STOP,-1139.86,-1585.79
htf,EICHERMOT,2025-01-28,LONG,2025-01-28T13:40:00,5175.45,5158.11,5201.46,57,17.34,2025-01-28T13:40:00,5158.11,STOP,-988.49,-1430.25
htf,EICHERMOT,2025-01-31,LONG,2025-01-31T10:40:00,5240.00,5214.20,5278.70,57,25.80,2025-01-31T10:40:00,5214.20,STOP,-1470.45,-1917.36
htf,EICHERMOT,2025-02-01,LONG,2025-02-01T11:40:00,5204.95,5185.93,5233.49,57,19.02,2025-02-01T11:50:00,5185.93,STOP,-1084.42,-1528.63
htf,EICHERMOT,2025-02-04,LONG,2025-02-04T11:40:00,5502.75,5479.26,5537.99,54,23.49,2025-02-04T12:30:00,5479.26,STOP,-1268.64,-1713.41
htf,EICHERMOT,2025-02-05,LONG,2025-02-05T13:40:00,5431.90,5417.79,5453.07,55,14.11,2025-02-05T14:10:00,5417.79,STOP,-776.05,-1223.60
htf,EICHERMOT,2025-02-10,SHORT,2025-02-10T12:50:00,5359.90,5384.37,5323.20,55,24.47,2025-02-10T14:00:00,5323.20,TARGET,2018.75,1578.07
htf,EICHERMOT,2025-03-13,LONG,2025-03-13T10:10:00,5029.00,5009.50,5058.25,59,19.50,2025-03-13T11:00:00,5009.50,STOP,-1150.37,-1594.57
htf,EICHERMOT,2025-03-28,LONG,2025-03-28T11:10:00,5390.25,5369.95,5420.69,55,20.30,2025-03-28T12:30:00,5369.95,STOP,-1116.29,-1560.15
htf,EICHERMOT,2025-04-01,SHORT,2025-04-01T11:20:00,5308.10,5339.94,5260.34,56,31.84,2025-04-01T13:10:00,5289.20,TIME_STOP,1058.40,613.31
htf,EICHERMOT,2025-04-02,SHORT,2025-04-02T13:20:00,5327.60,5344.45,5302.32,56,16.85,2025-04-02T14:40:00,5344.45,STOP,-943.64,-1391.87
htf,EICHERMOT,2025-04-09,LONG,2025-04-09T11:00:00,5232.00,5209.91,5265.14,57,22.09,2025-04-09T11:20:00,5265.14,TARGET,1888.96,1440.20
htf,EICHERMOT,2025-04-22,LONG,2025-04-22T14:00:00,5837.50,5822.07,5860.64,51,15.43,2025-04-22T14:10:00,5822.07,STOP,-786.70,-1232.68
htf,EICHERMOT,2025-04-24,SHORT,2025-04-24T11:10:00,5712.00,5733.46,5679.80,52,21.46,2025-04-24T12:30:00,5679.80,TARGET,1674.24,1229.96
htf,EICHERMOT,2025-04-29,SHORT,2025-04-29T10:20:00,5587.50,5608.39,5556.16,53,20.89,2025-04-29T10:30:00,5556.16,TARGET,1661.05,1218.09
htf,EICHERMOT,2025-04-30,SHORT,2025-04-30T10:10:00,5562.50,5586.57,5526.40,53,24.07,2025-04-30T10:20:00,5584.50,REVERSE,-1166.00,-1609.09
htf,EICHERMOT,2025-05-16,LONG,2025-05-16T13:30:00,5523.50,5505.24,5550.88,54,18.26,2025-05-16T13:40:00,5505.24,STOP,-985.82,-1432.48
htf,EICHERMOT,2025-05-26,SHORT,2025-05-26T14:10:00,5421.50,5434.56,5401.91,55,13.06,2025-05-26T15:20:00,5425.00,EOD,-192.50,-639.92
htf,EICHERMOT,2025-05-30,SHORT,2025-05-30T12:20:00,5345.00,5359.18,5323.73,56,14.18,2025-05-30T14:10:00,5323.73,TARGET,1191.19,743.10
htf,EICHERMOT,2025-06-02,SHORT,2025-06-02T13:40:00,5344.00,5355.98,5326.03,56,11.98,2025-06-02T13:40:00,5355.00,REVERSE,-616.00,-1065.36
htf,EICHERMOT,2025-06-03,SHORT,2025-06-03T10:10:00,5335.00,5351.35,5310.47,56,16.35,2025-06-03T10:20:00,5351.35,STOP,-915.66,-1364.49
htf,EICHERMOT,2025-06-04,SHORT,2025-06-04T11:40:00,5328.50,5341.81,5308.54,56,13.31,2025-06-04T12:00:00,5308.54,TARGET,1117.83,671.08
htf,EICHERMOT,2025-06-05,SHORT,2025-06-05T13:40:00,5310.50,5322.31,5292.78,56,11.81,2025-06-05T14:50:00,5322.31,STOP,-661.41,-1107.98
htf,EICHERMOT,2025-06-11,LONG,2025-06-11T10:10:00,5399.00,5386.32,5418.02,55,12.68,2025-06-11T10:20:00,5386.32,STOP,-697.40,-1142.29
htf,EICHERMOT,2025-06-23,LONG,2025-06-23T11:10:00,5517.00,5503.39,5537.41,54,13.61,2025-06-23T11:10:00,5503.39,STOP,-734.87,-1181.19
htf,EICHERMOT,2025-07-15,SHORT,2025-07-15T14:10:00,5585.50,5597.50,5567.50,53,12.00,2025-07-15T15:20:00,5593.00,EOD,-397.50,-841.85
htf,EICHERMOT,2025-07-28,SHORT,2025-07-28T11:00:00,5395.50,5412.03,5370.70,55,16.53,2025-07-28T11:40:00,5412.03,STOP,-909.22,-1355.03
htf,EICHERMOT,2025-07-29,SHORT,2025-07-29T11:30:00,5392.50,5406.17,5371.99,55,13.67,2025-07-29T11:30:00,5397.50,REVERSE,-275.00,-720.09
htf,EICHERMOT,2025-07-31,LONG,2025-07-31T13:40:00,5492.00,5475.01,5517.49,54,16.99,2025-07-31T14:30:00,5475.01,STOP,-917.48,-1361.64
htf,EICHERMOT,2025-08-11,LONG,2025-08-11T12:50:00,5700.00,5687.10,5719.36,52,12.90,2025-08-11T13:00:00,5687.10,STOP,-671.03,-1115.13
htf,EICHERMOT,2025-08-12,LONG,2025-08-12T12:40:00,5672.50,5660.15,5691.03,52,12.35,2025-08-12T12:50:00,5691.03,TARGET,963.49,520.31
htf,EICHERMOT,2025-08-21,LONG,2025-08-21T14:10:00,5945.50,5934.18,5962.48,50,11.32,2025-08-21T14:10:00,5962.48,TARGET,848.86,402.31
htf,EICHERMOT,2025-08-22,LONG,2025-08-22T13:30:00,5954.50,5943.45,5971.07,50,11.05,2025-08-22T13:40:00,5943.45,STOP,-552.38,-998.55
htf,EICHERMOT,2025-09-22,LONG,2025-09-22T10:20:00,6976.00,6956.90,7004.65,43,19.10,2025-09-22T11:50:00,7004.65,TARGET,1232.06,781.19
htf,EICHERMOT,2025-09-24,LONG,2025-09-24T10:20:00,7044.00,7023.85,7074.23,42,20.15,2025-09-24T10:30:00,7023.85,STOP,-846.47,-1289.60
htf,EICHERMOT,2025-09-25,LONG,2025-09-25T11:50:00,7018.00,7001.20,7043.20,42,16.80,2025-09-25T12:50:00,7010.00,REVERSE,-336.00,-777.88
htf,EICHERMOT,2025-09-29,LONG,2025-09-29T10:10:00,7019.50,6999.92,7048.87,42,19.58,2025-09-29T11:30:00,6999.92,STOP,-822.25,-1263.87
htf,EICHERMOT,2025-09-30,LONG,2025-09-30T12:40:00,7008.50,6992.26,7032.86,42,16.24,2025-09-30T14:30:00,7021.00,TIME_STOP,525.00,83.07
htf,EICHERMOT,2025-10-01,SHORT,2025-10-01T10:30:00,7002.00,7020.74,6973.89,42,18.74,2025-10-01T10:30:00,7020.74,STOP,-786.98,-1228.70
htf,EICHERMOT,2025-10-09,SHORT,2025-10-09T13:20:00,6900.00,6918.50,6872.25,43,18.50,2025-10-09T14:20:00,6872.25,TARGET,1193.04,748.89
htf,EICHERMOT,2025-11-10,SHORT,2025-11-10T14:00:00,6827.50,6841.84,6805.98,43,14.34,2025-11-10T14:10:00,6841.84,STOP,-616.83,-1057.67
htf,EICHERMOT,2025-11-18,SHORT,2025-11-18T10:40:00,6761.50,6777.85,6736.97,44,16.35,2025-11-18T11:00:00,6777.85,STOP,-719.57,-1166.36
htf,EICHERMOT,2025-11-19,LONG,2025-11-19T12:40:00,6829.50,6816.56,6848.90,43,12.94,2025-11-19T13:00:00,6816.56,STOP,-556.25,-996.34
htf,EICHERMOT,2025-11-26,LONG,2025-11-26T10:10:00,7251.00,7230.19,7282.22,41,20.81,2025-11-26T10:20:00,7230.19,STOP,-853.36,-1298.66
htf,EICHERMOT,2025-12-02,LONG,2025-12-02T11:20:00,7145.00,7116.77,7187.35,41,28.23,2025-12-02T11:50:00,7120.50,REVERSE,-1004.50,-1443.16
htf,EICHERMOT,2025-12-04,SHORT,2025-12-04T12:10:00,7079.00,7096.34,7053.00,42,17.34,2025-12-04T12:30:00,7096.34,STOP,-728.12,-1174.65
htf,EICHERMOT,2025-12-18,SHORT,2025-12-18T14:10:00,7079.00,7093.53,7057.20,42,14.53,2025-12-18T15:00:00,7093.53,STOP,-610.30,-1056.73
htf,EICHERMOT,2025-12-26,LONG,2025-12-26T12:30:00,7327.50,7312.79,7349.57,40,14.71,2025-12-26T13:50:00,7349.57,TARGET,882.81,442.50
htf,EICHERMOT,2025-12-30,SHORT,2025-12-30T11:00:00,7257.50,7284.11,7217.59,41,26.61,2025-12-30T12:30:00,7217.59,TARGET,1636.31,1191.21
htf,EICHERMOT,2026-01-07,LONG,2026-01-07T10:40:00,7535.00,7516.73,7562.41,39,18.27,2026-01-07T11:00:00,7562.41,TARGET,1069.08,627.48
htf,EICHERMOT,2026-01-13,SHORT,2026-01-13T12:50:00,7403.50,7426.25,7369.37,40,22.75,2026-01-13T14:00:00,7369.37,TARGET,1365.22,922.03
htf,EICHERMOT,2026-01-20,SHORT,2026-01-20T10:10:00,7312.00,7333.35,7279.98,41,21.35,2026-01-20T10:40:00,7333.35,STOP,-875.16,-1325.51
htf,EICHERMOT,2026-01-22,SHORT,2026-01-22T11:50:00,7113.00,7144.64,7065.55,42,31.64,2026-01-22T13:40:00,7065.55,TARGET,1993.06,1546.43
htf,EICHERMOT,2026-01-29,SHORT,2026-01-29T12:20:00,7019.00,7047.43,6976.35,42,28.43,2026-01-29T12:30:00,7035.50,REVERSE,-693.00,-1135.72
htf,EICHERMOT,2026-01-30,SHORT,2026-01-30T10:10:00,7015.00,7040.97,6976.05,42,25.97,2026-01-30T10:30:00,7040.97,STOP,-1090.58,-1533.35
htf,EICHERMOT,2026-02-18,LONG,2026-02-18T14:00:00,7990.00,7977.82,8008.27,37,12.18,2026-02-18T15:00:00,8008.27,TARGET,675.89,231.94
htf,EICHERMOT,2026-02-20,SHORT,2026-02-20T13:20:00,7929.50,7948.25,7901.38,37,18.75,2026-02-20T13:30:00,7948.25,STOP,-693.70,-1134.30
htf,EICHERMOT,2026-03-06,SHORT,2026-03-06T10:10:00,7633.00,7661.75,7589.87,39,28.75,2026-03-06T10:10:00,7647.00,REVERSE,-546.00,-992.94
htf,EICHERMOT,2026-03-11,SHORT,2026-03-11T11:10:00,7466.50,7497.99,7419.27,40,31.49,2026-03-11T11:10:00,7419.27,TARGET,1889.17,1442.60
htf,TITAN,2024-03-19,SHORT,2024-03-19T14:10:00,3575.90,3583.07,3565.15,83,7.17,2024-03-19T14:10:00,3583.07,STOP,-594.85,-1040.49
htf,TITAN,2024-04-18,SHORT,2024-04-18T13:40:00,3598.65,3612.66,3577.64,83,14.01,2024-04-18T13:40:00,3577.64,TARGET,1743.76,1297.04
htf,TITAN,2024-04-26,SHORT,2024-04-26T10:20:00,3571.75,3584.60,3552.48,83,12.85,2024-04-26T10:20:00,3584.60,STOP,-1066.38,-1511.86
htf,TITAN,2024-05-08,SHORT,2024-05-08T10:40:00,3244.05,3257.68,3223.61,92,13.63,2024-05-08T11:20:00,3257.68,STOP,-1253.57,-1702.19
htf,TITAN,2024-05-09,SHORT,2024-05-09T13:00:00,3255.00,3266.58,3237.63,92,11.58,2024-05-09T13:40:00,3266.58,STOP,-1065.39,-1515.38
htf,TITAN,2024-05-15,SHORT,2024-05-15T10:20:00,3276.80,3286.43,3262.36,91,9.63,2024-05-15T11:30:00,3262.36,TARGET,1313.99,867.69
htf,TITAN,2024-05-16,SHORT,2024-05-16T13:40:00,3268.40,3278.06,3253.90,91,9.66,2024-05-16T14:30:00,3278.06,STOP,-879.46,-1326.26
htf,TITAN,2024-05-24,LONG,2024-05-24T11:00:00,3433.95,3423.43,3449.72,87,10.52,2024-05-24T12:20:00,3429.00,REVERSE,-430.65,-878.46
htf,TITAN,2024-05-27,LONG,2024-05-27T12:10:00,3432.50,3421.86,3448.46,87,10.64,2024-05-27T13:00:00,3421.86,STOP,-925.63,-1372.88
htf,TITAN,2024-05-31,SHORT,2024-05-31T13:10:00,3265.10,3276.82,3247.52,91,11.72,2024-05-31T13:50:00,3276.82,STOP,-1066.66,-1513.15
htf,TITAN,2024-07-18,LONG,2024-07-18T10:20:00,3248.00,3238.84,3261.74,92,9.16,2024-07-18T10:50:00,3238.84,STOP,-842.57,-1290.16
htf,TITAN,2024-07-22,LONG,2024-07-22T11:50:00,3269.55,3259.16,3285.14,91,10.39,2024-07-22T12:40:00,3259.16,STOP,-945.78,-1391.37
htf,TITAN,2024-07-23,LONG,2024-07-23T12:20:00,3378.05,3360.68,3404.11,88,17.37,2024-07-23T12:20:00,3360.68,STOP,-1528.90,-1973.65
htf,TITAN,2024-07-26,LONG,2024-07-26T10:40:00,3417.10,3406.49,3433.01,87,10.61,2024-07-26T10:50:00,3433.01,TARGET,1383.98,937.01
htf,TITAN,2024-08-08,SHORT,2024-08-08T10:30:00,3333.05,3342.21,3319.32,90,9.16,2024-08-08T10:30:00,3342.21,STOP,-824.00,-1274.58
htf,TITAN,2024-08-09,SHORT,2024-08-09T11:30:00,3295.00,3307.24,3276.64,91,12.24,2024-08-09T12:40:00,3307.24,STOP,-1113.59,-1564.19
htf,TITAN,2024-08-12,SHORT,2024-08-12T10:10:00,3301.30,3311.14,3286.54,90,9.84,2024-08-12T10:20:00,3311.14,STOP,-885.38,-1331.72
htf,TITAN,2024-08-13,LONG,2024-08-13T10:40:00,3337.65,3327.42,3352.99,89,10.23,2024-08-13T11:00:00,3352.99,TARGET,1365.47,918.87
htf,TITAN,2024-09-03,LONG,2024-09-03T11:20:00,3581.40,3573.07,3593.89,83,8.33,2024-09-03T11:30:00,3593.89,TARGET,1036.58,589.92
htf,TITAN,2024-09-04,LONG,2024-09-04T13:30:00,3603.05,3594.97,3615.17,83,8.08,2024-09-04T15:20:00,3606.35,TIME_STOP,273.90,-174.89
htf,TITAN,2024-09-09,LONG,2024-09-09T10:00:00,3713.25,3697.26,3737.24,80,15.99,2024-09-09T10:10:00,3697.26,STOP,-1279.46,-1724.09
htf,TITAN,2024-09-10,LONG,2024-09-10T10:30:00,3683.30,3671.67,3700.74,81,11.63,2024-09-10T11:10:00,3700.74,TARGET,1412.87,964.29
htf,TITAN,2024-09-12,LONG,2024-09-12T10:10:00,3748.70,3735.83,3768.01,80,12.87,2024-09-12T11:50:00,3735.83,STOP,-1029.96,-1479.03
htf,TITAN,2024-09-20,LONG,2024-09-20T10:10:00,3785.00,3770.10,3807.35,79,14.90,2024-09-20T10:20:00,3770.10,STOP,-1177.30,-1624.94
htf,TITAN,2024-10-04,SHORT,2024-10-04T13:20:00,3686.85,3708.08,3655.00,81,21.23,2024-10-04T13:50:00,3708.08,STOP,-1719.70,-2168.94
htf,TITAN,2024-10-11,SHORT,2024-10-11T11:50:00,3457.75,3468.18,3442.11,86,10.43,2024-10-11T12:30:00,3468.18,STOP,-896.84,-1343.56
htf,TITAN,2024-10-15,SHORT,2024-10-15T10:30:00,3494.20,3504.17,3479.24,85,9.97,2024-10-15T10:30:00,3479.24,TARGET,1271.49,826.93
htf,TITAN,2024-10-16,SHORT,2024-10-16T10:10:00,3485.20,3494.39,3471.41,86,9.19,2024-10-16T10:30:00,3471.41,TARGET,1185.72,737.01
htf,TITAN,2024-10-22,SHORT,2024-10-22T10:20:00,3347.10,3364.62,3320.82,89,17.52,2024-10-22T12:10:00,3339.00,TIME_STOP,720.90,274.60
htf,TITAN,2024-11-05,SHORT,2024-11-05T11:40:00,3210.35,3224.48,3189.15,93,14.13,2024-11-05T13:20:00,3189.15,TARGET,1971.70,1525.33
htf,TITAN,2024-11-08,SHORT,2024-11-08T12:10:00,3119.55,3129.22,3105.04,96,9.67,2024-11-08T12:10:00,3129.22,STOP,-928.42,-1378.33
htf,TITAN,2024-11-27,LONG,2024-11-27T14:00:00,3308.25,3299.64,3321.16,90,8.61,2024-11-27T14:00:00,3299.64,STOP,-774.52,-1220.55
htf,TITAN,2024-12-09,LONG,2024-12-09T11:40:00,3476.00,3463.54,3494.69,86,12.46,2024-12-09T12:00:00,3463.54,STOP,-1071.39,-1518.99
htf,TITAN,2024-12-13,LONG,2024-12-13T12:40:00,3459.85,3445.65,3481.15,86,14.20,2024-12-13T13:10:00,3481.15,TARGET,1832.21,1384.51
htf,TITAN,2024-12-16,SHORT,2024-12-16T11:00:00,3458.20,3470.04,3440.43,86,11.84,2024-12-16T12:00:00,3440.43,TARGET,1527.98,1083.02
htf,TITAN,2024-12-18,SHORT,2024-12-18T12:50:00,3402.70,3411.30,3389.80,88,8.60,2024-12-18T13:10:00,3411.30,STOP,-756.63,-1206.36
htf,TITAN,2024-12-23,LONG,2024-12-23T11:10:00,3393.20,3379.90,3413.15,88,13.30,2024-12-23T13:00:00,3399.20,TIME_STOP,528.00,79.70
htf,TITAN,2024-12-27,SHORT,2024-12-27T12:20:00,3328.55,3336.01,3317.36,90,7.46,2024-12-27T14:10:00,3322.85,TIME_STOP,513.00,64.03
htf,TITAN,2025-01-01,SHORT,2025-01-01T11:50:00,3251.90,3261.25,3237.88,92,9.35,2025-01-01T13:40:00,3249.95,TIME_STOP,179.40,-269.23
htf,TITAN,2025-01-16,SHORT,2025-01-16T10:20:00,3300.95,3312.46,3283.68,90,11.51,2025-01-16T10:30:00,3283.68,TARGET,1554.33,1109.87
htf,TITAN,2025-01-24,LONG,2025-01-24T10:50:00,3405.95,3393.56,3424.53,88,12.39,2025-01-24T11:40:00,3424.53,TARGET,1635.32,1184.51
htf,TITAN,2025-02-01,LONG,2025-02-01T12:30:00,3570.40,3543.26,3611.11,84,27.14,2025-02-01T12:30:00,3543.26,STOP,-2279.80,-2727.96
htf,TITAN,2025-02-04,LONG,2025-02-04T14:00:00,3587.50,3570.69,3612.71,83,16.81,2025-02-04T14:00:00,3570.69,STOP,-1395.08,-1840.68
htf,TITAN,2025-02-11,SHORT,2025-02-11T13:10:00,3311.35,3323.42,3293.24,90,12.07,2025-02-11T13:10:00,3293.24,TARGET,1629.57,1183.76
htf,TITAN,2025-02-18,SHORT,2025-02-18T10:30:00,3200.30,3212.88,3181.44,93,12.58,2025-02-18T10:40:00,3212.88,STOP,-1169.62,-1616.94
htf,TITAN,2025-02-19,SHORT,2025-02-19T12:20:00,3220.25,3229.06,3207.03,93,8.81,2025-02-19T13:40:00,3207.03,TARGET,1229.47,781.16
htf,TITAN,2025-02-24,SHORT,2025-02-24T12:30:00,3170.80,3179.05,3158.42,94,8.25,2025-02-24T13:10:00,3179.05,STOP,-775.56,-1223.22
htf,TITAN,2025-02-27,SHORT,2025-02-27T10:10:00,3179.15,3189.72,3163.30,94,10.57,2025-02-27T10:30:00,3189.72,STOP,-993.48,-1442.49
htf,TITAN,2025-03-06,SHORT,2025-03-06T12:50:00,3075.50,3085.17,3060.99,97,9.67,2025-03-06T12:50:00,3079.45,REVERSE,-383.15,-830.92
htf,TITAN,2025-03-13,SHORT,2025-03-13T12:10:00,3017.25,3028.14,3000.91,99,10.89,2025-03-13T13:20:00,3000.91,TARGET,1617.30,1170.46
htf,TITAN,2025-03-17,SHORT,2025-03-17T10:30:00,3010.90,3020.65,2996.28,99,9.75,2025-03-17T11:00:00,3020.65,STOP,-965.18,-1413.03
htf,TITAN,2025-03-27,SHORT,2025-03-27T13:40:00,3072.00,3078.97,3061.54,97,6.97,2025-03-27T13:50:00,3074.60,REVERSE,-252.20,-699.37
htf,TITAN,2025-04-09,LONG,2025-04-09T10:40:00,3134.00,3118.10,3157.85,95,15.90,2025-04-09T11:40:00,3157.85,TARGET,2265.63,1817.34
htf,TITAN,2025-04-16,LONG,2025-04-16T12:50:00,3272.10,3264.78,3283.08,91,7.32,2025-04-16T13:00:00,3264.78,STOP,-665.98,-1112.12
htf,TITAN,2025-04-17,LONG,2025-04-17T10:50:00,3269.80,3256.91,3289.13,91,12.89,2025-04-17T11:00:00,3256.91,STOP,-1172.71,-1618.16
htf,TITAN,2025-04-22,LONG,2025-04-22T12:50:00,3337.10,3329.03,3349.20,89,8.07,2025-04-22T14:10:00,3349.20,TARGET,1077.32,631.01
htf,TITAN,2025-04-23,LONG,2025-04-23T13:10:00,3354.00,3345.04,3367.43,89,8.96,2025-04-23T13:20:00,3345.04,STOP,-797.11,-1244.27
htf,TITAN,2025-04-25,LONG,2025-04-25T14:00:00,3366.30,3354.92,3383.36,89,11.38,2025-04-25T15:20:00,3362.60,EOD,-329.30,-778.45
htf,TITAN,2025-04-29,LONG,2025-04-29T12:30:00,3377.50,3368.41,3391.13,88,9.09,2025-04-29T14:20:00,3387.10,TIME_STOP,844.80,398.34
htf,TITAN,2025-05-15,LONG,2025-05-15T11:10:00,3606.30,3593.24,3625.89,83,13.06,2025-05-15T11:10:00,3593.24,STOP,-1084.03,-1532.20
htf,TITAN,2025-05-26,LONG,2025-05-26T13:40:00,3606.00,3594.97,3622.54,83,11.03,2025-05-26T15:20:00,3610.40,EOD,365.20,-84.02
htf,TITAN,2025-05-27,LONG,2025-05-27T11:40:00,3629.20,3612.87,3653.69,82,16.33,2025-05-27T11:40:00,3612.87,STOP,-1338.69,-1784.08
htf,TITAN,2025-05-30,SHORT,2025-05-30T11:20:00,3571.00,3580.19,3557.21,84,9.19,2025-05-30T13:10:00,3573.00,TIME_STOP,-168.00,-618.07
htf,TITAN,2025-06-03,SHORT,2025-06-03T13:10:00,3520.50,3536.02,3497.22,85,15.52,2025-06-03T15:00:00,3518.40,TIME_STOP,178.50,-270.23
htf,TITAN,2025-06-05,SHORT,2025-06-05T13:40:00,3493.40,3503.61,3478.08,85,10.21,2025-06-05T14:40:00,3503.61,STOP,-868.06,-1314.12
htf,TITAN,2025-06-11,LONG,2025-06-11T12:20:00,3532.80,3525.83,3543.25,84,6.97,2025-06-11T12:40:00,3525.83,STOP,-585.40,-1030.09
htf,TITAN,2025-06-18,SHORT,2025-06-18T11:40:00,3402.00,3410.52,3389.21,88,8.52,2025-06-18T11:50:00,3410.52,STOP,-750.08,-1199.71
htf,TITAN,2025-06-23,LONG,2025-06-23T13:30:00,3524.90,3515.96,3538.32,85,8.94,2025-06-23T14:00:00,3515.96,STOP,-760.30,-1209.15
htf,TITAN,2025-06-27,LONG,2025-06-27T13:00:00,3681.10,3673.85,3691.97,81,7.25,2025-06-27T13:30:00,3673.85,STOP,-586.89,-1033.70
htf,TITAN,2025-07-02,LONG,2025-07-02T10:50:00,3712.50,3705.34,3723.24,80,7.16,2025-07-02T11:30:00,3705.34,STOP,-572.76,-1017.83
htf,TITAN,2025-07-03,LONG,2025-07-03T10:20:00,3708.40,3700.53,3720.20,80,7.87,2025-07-03T11:10:00,3700.53,STOP,-629.25,-1073.79
htf,TITAN,2025-07-23,LONG,2025-07-23T11:30:00,3471.80,3463.64,3484.04,86,8.16,2025-07-23T13:20:00,3475.80,TIME_STOP,344.00,-104.12
htf,TITAN,2025-07-25,LONG,2025-07-25T11:30:00,3471.50,3464.69,3481.71,86,6.81,2025-07-25T12:00:00,3464.69,STOP,-585.32,-1032.70
htf,TITAN,2025-07-30,SHORT,2025-07-30T10:00:00,3363.80,3371.62,3352.06,89,7.82,2025-07-30T11:20:00,3371.62,STOP,-696.29,-1145.88
htf,TITAN,2025-08-11,LONG,2025-08-11T11:50:00,3460.00,3448.37,3477.44,86,11.63,2025-08-11T13:30:00,3477.44,TARGET,1499.97,1052.51
htf,TITAN,2025-08-14,LONG,2025-08-14T12:20:00,3483.00,3475.62,3494.07,86,7.38,2025-08-14T13:00:00,3494.07,TARGET,951.88,501.86
htf,TITAN,2025-08-28,LONG,2025-08-28T11:20:00,3633.20,3623.72,3647.42,82,9.48,2025-08-28T11:20:00,3647.42,TARGET,1165.73,717.97
htf,TITAN,2025-09-01,SHORT,2025-09-01T13:10:00,3621.40,3627.73,3611.90,82,6.33,2025-09-01T13:20:00,3627.73,STOP,-519.12,-964.94
htf,TITAN,2025-09-03,LONG,2025-09-03T10:10:00,3639.00,3631.06,3650.90,82,7.94,2025-09-03T10:10:00,3631.06,STOP,-650.71,-1097.82
htf,TITAN,2025-09-05,LONG,2025-09-05T10:20:00,3691.90,3682.59,3705.87,81,9.31,2025-09-05T11:30:00,3686.80,REVERSE,-413.10,-861.36
htf,TITAN,2025-09-08,LONG,2025-09-08T11:20:00,3675.00,3666.43,3687.85,81,8.57,2025-09-08T11:40:00,3666.43,STOP,-694.08,-1140.07
htf,TITAN,2025-09-12,SHORT,2025-09-12T12:40:00,3585.90,3592.87,3575.45,83,6.97,2025-09-12T13:20:00,3575.45,TARGET,867.24,421.45
htf,TITAN,2025-09-17,SHORT,2025-09-17T10:40:00,3534.50,3543.88,3520.43,84,9.38,2025-09-17T11:30:00,3520.43,TARGET,1181.55,737.09
htf,TITAN,2025-09-30,SHORT,2025-09-30T12:50:00,3390.40,3399.85,3376.23,88,9.45,2025-09-30T13:00:00,3376.23,TARGET,1247.33,800.73
htf,TITAN,2025-10-06,LONG,2025-10-06T12:40:00,3430.00,3420.85,3443.73,87,9.15,2025-10-06T14:10:00,3443.73,TARGET,1194.43,745.92
htf,TITAN,2025-10-21,LONG,2025-10-21T14:00:00,3742.80,3729.36,3762.96,80,13.44,2025-10-21T14:20:00,3729.36,STOP,-1075.19,-1523.52
htf,TITAN,2025-10-27,LONG,2025-10-27T10:20:00,3734.40,3726.28,3746.58,80,8.12,2025-10-27T10:20:00,3726.28,STOP,-649.45,-1097.09
htf,TITAN,2025-10-30,LONG,2025-10-30T11:10:00,3759.60,3750.57,3773.15,79,9.03,2025-10-30T11:20:00,3773.15,TARGET,1070.14,623.83
htf,TITAN,2025-10-31,LONG,2025-10-31T14:00:00,3763.30,3756.37,3773.70,79,6.93,2025-10-31T14:50:00,3756.37,STOP,-547.70,-993.24
htf,TITAN,2025-11-06,LONG,2025-11-06T13:50:00,3800.10,3789.75,3815.62,78,10.35,2025-11-06T13:50:00,3789.75,STOP,-807.21,-1251.22
htf,TITAN,2025-11-18,LONG,2025-11-18T13:40:00,3861.00,3854.47,3870.79,77,6.53,2025-11-18T13:40:00,3854.47,STOP,-502.57,-948.14
htf,TITAN,2025-11-20,LONG,2025-11-20T13:50:00,3930.00,3923.38,3939.93,76,6.62,2025-11-20T14:20:00,3923.38,STOP,-503.07,-950.71
htf,TITAN,2025-11-24,LONG,2025-11-24T10:20:00,3933.50,3924.08,3947.63,76,9.42,2025-11-24T10:30:00,3924.08,STOP,-716.16,-1164.04
htf,TITAN,2025-11-25,LONG,2025-11-25T10:20:00,3906.00,3896.40,3920.40,76,9.60,2025-11-25T11:00:00,3896.40,STOP,-729.84,-1174.58
htf,TITAN,2025-11-26,LONG,2025-11-26T10:10:00,3894.70,3883.14,3912.03,77,11.56,2025-11-26T11:00:00,3912.03,TARGET,1334.69,883.85
htf,TITAN,2025-12-04,SHORT,2025-12-04T12:30:00,3809.90,3818.23,3797.41,78,8.33,2025-12-04T12:40:00,3797.41,TARGET,974.43,529.40
htf,TITAN,2025-12-10,LONG,2025-12-10T10:30:00,3839.40,3829.95,3853.57,78,9.45,2025-12-10T12:20:00,3846.50,TIME_STOP,553.80,104.17
htf,TITAN,2025-12-11,LONG,2025-12-11T12:50:00,3832.70,3823.31,3846.79,78,9.39,2025-12-11T14:20:00,3846.79,TARGET,1098.65,649.40
htf,TITAN,2025-12-18,LONG,2025-12-18T11:00:00,3909.00,3901.19,3920.71,76,7.81,2025-12-18T11:10:00,3901.19,STOP,-593.20,-1038.38
htf,TITAN,2025-12-22,LONG,2025-12-22T10:00:00,3944.50,3936.78,3956.08,76,7.72,2025-12-22T11:00:00,3936.78,STOP,-586.79,-1036.02
htf,TITAN,2025-12-30,LONG,2025-12-30T13:50:00,3991.40,3985.08,4000.87,75,6.32,2025-12-30T14:00:00,3985.08,STOP,-473.68,-922.35
htf,TITAN,2026-01-02,LONG,2026-01-02T11:30:00,4048.10,4036.63,4065.30,74,11.47,2026-01-02T13:20:00,4045.30,TIME_STOP,-207.20,-656.38
htf,TITAN,2026-01-14,LONG,2026-01-14T10:10:00,4238.00,4227.47,4253.79,70,10.53,2026-01-14T10:10:00,4227.47,STOP,-736.87,-1181.30
htf,TITAN,2026-01-21,SHORT,2026-01-21T13:30:00,4080.10,4093.17,4060.49,73,13.07,2026-01-21T15:20:00,4084.60,TIME_STOP,-328.50,-775.52
htf,TITAN,2026-01-22,SHORT,2026-01-22T11:20:00,4071.20,4083.63,4052.56,73,12.43,2026-01-22T11:40:00,4052.56,TARGET,1360.93,916.16
htf,TITAN,2026-02-06,SHORT,2026-02-06T10:10:00,4071.70,4085.40,4051.15,73,13.70,2026-02-06T10:20:00,4085.40,STOP,-999.95,-1446.55
htf,TITAN,2026-02-12,LONG,2026-02-12T13:30:00,4268.90,4254.34,4290.73,70,14.56,2026-02-12T13:50:00,4254.34,STOP,-1018.95,-1466.42
htf,TITAN,2026-02-20,LONG,2026-02-20T10:20:00,4235.00,4220.65,4256.53,70,14.35,2026-02-20T12:10:00,4241.80,TIME_STOP,476.00,30.97
htf,TITAN,2026-02-24,LONG,2026-02-24T11:10:00,4271.80,4262.64,4285.54,70,9.16,2026-02-24T11:30:00,4262.64,STOP,-641.21,-1089.26
htf,TITAN,2026-02-27,LONG,2026-02-27T11:20:00,4330.00,4321.92,4342.12,69,8.08,2026-02-27T11:30:00,4321.92,STOP,-557.31,-1005.05
htf,TITAN,2026-03-11,SHORT,2026-03-11T10:50:00,4184.70,4198.35,4164.22,71,13.65,2026-03-11T11:30:00,4164.22,TARGET,1453.89,1009.31
htf,ASIANPAINT,2024-03-20,SHORT,2024-03-20T14:00:00,2808.50,2814.99,2798.76,106,6.49,2024-03-20T14:10:00,2814.99,STOP,-688.02,-1135.09
htf,ASIANPAINT,2024-03-22,LONG,2024-03-22T12:00:00,2829.95,2822.90,2840.53,106,7.05,2024-03-22T13:50:00,2833.05,TIME_STOP,328.60,-121.61
htf,ASIANPAINT,2024-03-26,SHORT,2024-03-26T10:10:00,2825.85,2834.72,2812.55,106,8.87,2024-03-26T11:40:00,2812.55,TARGET,1409.92,961.66
htf,ASIANPAINT,2024-03-27,LONG,2024-03-27T10:10:00,2828.60,2822.51,2837.73,106,6.09,2024-03-27T12:00:00,2828.45,TIME_STOP,-15.90,-465.64
htf,ASIANPAINT,2024-03-28,LONG,2024-03-28T10:20:00,2837.55,2831.26,2846.98,105,6.29,2024-03-28T10:30:00,2831.26,STOP,-660.35,-1106.76
htf,ASIANPAINT,2024-04-03,LONG,2024-04-03T12:50:00,2869.00,2863.51,2877.23,104,5.49,2024-04-03T13:30:00,2877.23,TARGET,856.40,408.19
htf,ASIANPAINT,2024-04-04,LONG,2024-04-04T12:20:00,2877.75,2869.87,2889.56,104,7.88,2024-04-04T12:50:00,2889.56,TARGET,1228.66,778.81
htf,ASIANPAINT,2024-04-09,LONG,2024-04-09T10:00:00,2911.75,2904.66,2922.39,103,7.09,2024-04-09T10:10:00,2904.66,STOP,-730.34,-1179.66
htf,ASIANPAINT,2024-04-18,SHORT,2024-04-18T13:50:00,2820.45,2830.40,2805.52,106,9.95,2024-04-18T15:10:00,2805.52,TARGET,1582.71,1135.44
htf,ASIANPAINT,2024-04-25,LONG,2024-04-25T13:50:00,2854.05,2848.02,2863.10,105,6.03,2024-04-25T14:10:00,2863.10,TARGET,950.26,500.04
htf,ASIANPAINT,2024-05-06,LONG,2024-05-06T10:40:00,2939.50,2926.34,2959.25,102,13.16,2024-05-06T12:30:00,2934.25,TIME_STOP,-535.50,-984.84
htf,ASIANPAINT,2024-05-14,LONG,2024-05-14T10:40:00,2861.00,2848.92,2879.11,104,12.08,2024-05-14T12:30:00,2873.95,TIME_STOP,1346.80,899.47
htf,ASIANPAINT,2024-05-23,LONG,2024-05-23T12:30:00,2889.80,2881.24,2902.63,103,8.56,2024-05-23T12:40:00,2902.63,TARGET,1321.94,874.47
htf,ASIANPAINT,2024-05-27,LONG,2024-05-27T11:10:00,2882.65,2873.54,2896.32,104,9.11,2024-05-27T11:20:00,2873.54,STOP,-947.46,-1396.44
htf,ASIANPAINT,2024-05-28,LONG,2024-05-28T11:20:00,2880.90,2874.02,2891.22,104,6.88,2024-05-28T11:20:00,2876.50,REVERSE,-457.60,-906.68
htf,ASIANPAINT,2024-05-30,LONG,2024-05-30T12:50:00,2902.00,2894.61,2913.09,103,7.39,2024-05-30T13:20:00,2894.61,STOP,-761.55,-1209.34
htf,ASIANPAINT,2024-06-07,SHORT,2024-06-07T13:40:00,2914.50,2924.85,2898.97,102,10.35,2024-06-07T13:50:00,2924.85,STOP,-1055.71,-1502.42
htf,ASIANPAINT,2024-06-20,LONG,2024-06-20T13:10:00,2915.95,2909.14,2926.16,102,6.81,2024-06-20T15:00:00,2914.20,TIME_STOP,-178.50,-624.51
htf,ASIANPAINT,2024-06-24,SHORT,2024-06-24T13:00:00,2885.40,2892.05,2875.42,103,6.65,2024-06-24T13:20:00,2892.05,STOP,-685.04,-1131.35
htf,ASIANPAINT,2024-06-26,SHORT,2024-06-26T13:10:00,2862.40,2867.68,2854.49,104,5.28,2024-06-26T13:10:00,2867.68,STOP,-548.75,-995.70
htf,ASIANPAINT,2024-07-02,LONG,2024-07-02T11:10:00,2930.60,2924.06,2940.41,102,6.54,2024-07-02T11:40:00,2924.06,STOP,-666.81,-1114.69
htf,ASIANPAINT,2024-07-04,LONG,2024-07-04T10:10:00,2947.00,2939.89,2957.67,101,7.11,2024-07-04T10:20:00,2939.89,STOP,-718.21,-1164.14
htf,ASIANPAINT,2024-07-12,LONG,2024-07-12T12:40:00,3018.85,3008.55,3034.30,99,10.30,2024-07-12T12:50:00,3008.55,STOP,-1020.02,-1467.55
htf,ASIANPAINT,2024-07-16,LONG,2024-07-16T11:10:00,2975.80,2967.90,2987.65,100,7.90,2024-07-16T12:10:00,2987.65,TARGET,1185.20,737.94
htf,ASIANPAINT,2024-07-19,SHORT,2024-07-19T12:40:00,2932.40,2944.27,2914.59,102,11.87,2024-07-19T13:10:00,2944.27,STOP,-1210.83,-1660.40
htf,ASIANPAINT,2024-07-22,SHORT,2024-07-22T11:30:00,2944.05,2956.79,2924.94,101,12.74,2024-07-22T13:20:00,2929.90,TIME_STOP,1429.15,984.20
htf,ASIANPAINT,2024-07-24,SHORT,2024-07-24T13:40:00,2903.05,2911.42,2890.49,103,8.37,2024-07-24T14:10:00,2911.42,STOP,-862.30,-1311.47
htf,ASIANPAINT,2024-08-05,LONG,2024-08-05T10:10:00,3141.00,3127.19,3161.72,95,13.81,2024-08-05T10:10:00,3127.19,STOP,-1312.15,-1758.76
htf,ASIANPAINT,2024-08-16,LONG,2024-08-16T12:20:00,3036.30,3026.65,3050.77,98,9.65,2024-08-16T13:00:00,3026.65,STOP,-945.68,-1391.30
htf,ASIANPAINT,2024-08-26,LONG,2024-08-26T10:40:00,3163.70,3155.19,3176.47,94,8.51,2024-08-26T12:00:00,3155.19,STOP,-800.14,-1245.62
htf,ASIANPAINT,2024-08-27,LONG,2024-08-27T10:20:00,3174.15,3166.31,3185.90,94,7.84,2024-08-27T10:40:00,3185.90,TARGET,1104.88,656.49
htf,ASIANPAINT,2024-09-09,LONG,2024-09-09T13:20:00,3278.65,3270.88,3290.31,91,7.77,2024-09-09T15:10:00,3279.95,TIME_STOP,118.30,-329.32
htf,ASIANPAINT,2024-09-12,LONG,2024-09-12T13:10:00,3363.90,3354.93,3377.35,89,8.97,2024-09-12T13:10:00,3357.80,REVERSE,-542.90,-991.57
htf,ASIANPAINT,2024-09-13,LONG,2024-09-13T13:40:00,3355.30,3347.61,3366.84,89,7.69,2024-09-13T15:20:00,3362.95,EOD,680.85,232.41
htf,ASIANPAINT,2024-09-16,LONG,2024-09-16T10:20:00,3360.30,3349.75,3376.12,89,10.55,2024-09-16T11:30:00,3352.80,REVERSE,-667.50,-1115.60
htf,ASIANPAINT,2024-09-19,SHORT,2024-09-19T13:10:00,3277.60,3287.57,3262.64,91,9.97,2024-09-19T13:20:00,3287.57,STOP,-907.49,-1355.56
htf,ASIANPAINT,2024-10-11,SHORT,2024-10-11T13:10:00,3042.05,3049.97,3030.18,98,7.92,2024-10-11T15:00:00,3034.45,TIME_STOP,744.80,298.18
htf,ASIANPAINT,2024-10-16,LONG,2024-10-16T12:50:00,3080.75,3073.13,3092.18,97,7.62,2024-10-16T13:30:00,3073.13,STOP,-739.05,-1186.75
htf,ASIANPAINT,2024-10-30,SHORT,2024-10-30T10:20:00,2976.30,2985.99,2961.77,100,9.69,2024-10-30T10:20:00,2985.99,STOP,-968.83,-1416.00
htf,ASIANPAINT,2024-11-07,SHORT,2024-11-07T10:00:00,2864.50,2874.97,2848.80,104,10.47,2024-11-07T10:20:00,2874.97,STOP,-1088.70,-1536.38
htf,ASIANPAINT,2024-11-25,SHORT,2024-11-25T13:10:00,2464.20,2470.77,2454.34,121,6.57,2024-11-25T13:30:00,2470.77,STOP,-795.49,-1243.34
htf,ASIANPAINT,2024-12-02,LONG,2024-12-02T12:40:00,2483.50,2477.87,2491.95,120,5.63,2024-12-02T12:40:00,2477.87,STOP,-675.64,-1122.16
htf,ASIANPAINT,2024-12-06,SHORT,2024-12-06T10:30:00,2442.55,2450.17,2431.12,122,7.62,2024-12-06T12:20:00,2436.20,TIME_STOP,774.70,328.29
htf,ASIANPAINT,2024-12-16,SHORT,2024-12-16T10:40:00,2390.20,2397.26,2379.62,125,7.06,2024-12-16T12:30:00,2393.70,TIME_STOP,-437.50,-885.99
htf,ASIANPAINT,2024-12-18,SHORT,2024-12-18T12:40:00,2355.95,2361.73,2347.28,127,5.78,2024-12-18T13:00:00,2361.73,STOP,-734.33,-1183.69
htf,ASIANPAINT,2024-12-23,SHORT,2024-12-23T12:10:00,2288.05,2293.97,2279.17,131,5.92,2024-12-23T12:30:00,2279.17,TARGET,1163.59,714.86
htf,ASIANPAINT,2024-12-27,SHORT,2024-12-27T13:50:00,2273.70,2277.71,2267.68,131,4.01,2024-12-27T14:50:00,2267.68,TARGET,788.39,342.20
htf,ASIANPAINT,2024-12-30,SHORT,2024-12-30T11:50:00,2270.30,2275.34,2262.74,132,5.04,2024-12-30T11:50:00,2275.34,STOP,-665.01,-1115.03
htf,ASIANPAINT,2025-01-02,LONG,2025-01-02T11:20:00,2314.50,2308.88,2322.92,129,5.62,2025-01-02T12:30:00,2322.92,TARGET,1086.51,637.84
htf,ASIANPAINT,2025-01-07,SHORT,2025-01-07T13:50:00,2290.45,2296.18,2281.85,130,5.73,2025-01-07T14:10:00,2296.18,STOP,-745.15,-1192.35
htf,ASIANPAINT,2025-01-08,SHORT,2025-01-08T12:00:00,2290.65,2297.36,2280.59,130,6.71,2025-01-08T12:00:00,2292.45,REVERSE,-234.00,-680.85
htf,ASIANPAINT,2025-01-24,LONG,2025-01-24T12:00:00,2289.90,2283.11,2300.08,131,6.79,2025-01-24T12:00:00,2283.11,STOP,-889.45,-1338.75
htf,ASIANPAINT,2025-01-27,LONG,2025-01-27T11:40:00,2273.55,2265.13,2286.18,131,8.42,2025-01-27T12:30:00,2265.13,STOP,-1103.27,-1549.19
htf,ASIANPAINT,2025-01-28,SHORT,2025-01-28T14:00:00,2252.95,2258.97,2243.91,133,6.02,2025-01-28T14:30:00,2258.97,STOP,-801.25,-1251.32
htf,ASIANPAINT,2025-01-31,LONG,2025-01-31T10:50:00,2250.85,2242.86,2262.84,133,7.99,2025-01-31T11:00:00,2262.84,TARGET,1594.22,1143.98
htf,ASIANPAINT,2025-02-10,SHORT,2025-02-10T12:10:00,2260.05,2267.35,2249.10,132,7.30,2025-02-10T13:50:00,2267.35,STOP,-963.59,-1411.80
htf,ASIANPAINT,2025-02-11,SHORT,2025-02-11T10:20:00,2253.45,2260.67,2242.61,133,7.22,2025-02-11T10:50:00,2242.61,TARGET,1441.25,992.76
htf,ASIANPAINT,2025-02-19,SHORT,2025-02-19T13:10:00,2235.70,2240.82,2228.03,134,5.12,2025-02-19T13:30:00,2240.82,STOP,-685.48,-1135.37
htf,ASIANPAINT,2025-02-21,LONG,2025-02-21T11:50:00,2254.15,2249.33,2261.39,133,4.82,2025-02-21T12:10:00,2261.39,TARGET,962.58,512.16
htf,ASIANPAINT,2025-02-24,LONG,2025-02-24T10:50:00,2256.70,2250.48,2266.03,132,6.22,2025-02-24T12:10:00,2250.48,STOP,-821.18,-1267.39
htf,ASIANPAINT,2025-03-07,LONG,2025-03-07T13:50:00,2266.30,2261.00,2274.24,132,5.30,2025-03-07T14:50:00,2274.24,TARGET,1048.44,598.93
htf,ASIANPAINT,2025-03-21,LONG,2025-03-21T10:40:00,2295.25,2288.85,2304.85,130,6.40,2025-03-21T10:40:00,2304.85,TARGET,1247.81,799.30
htf,ASIANPAINT,2025-03-27,LONG,2025-03-27T11:20:00,2321.55,2313.86,2333.09,129,7.69,2025-03-27T13:00:00,2333.09,TARGET,1488.61,1038.28
htf,ASIANPAINT,2025-04-07,LONG,2025-04-07T11:00:00,2343.20,2326.36,2368.46,128,16.84,2025-04-07T12:10:00,2326.36,STOP,-2155.52,-2603.79
htf,ASIANPAINT,2025-04-15,LONG,2025-04-15T13:10:00,2412.00,2406.43,2420.35,124,5.57,2025-04-15T15:00:00,2412.80,TIME_STOP,99.20,-349.51
htf,ASIANPAINT,2025-04-21,LONG,2025-04-21T12:40:00,2465.20,2459.40,2473.89,121,5.80,2025-04-21T13:00:00,2459.40,STOP,-701.21,-1148.12
htf,ASIANPAINT,2025-04-28,SHORT,2025-04-28T11:30:00,2427.00,2435.29,2414.56,123,8.29,2025-04-28T12:10:00,2435.29,STOP,-1019.74,-1468.29
htf,ASIANPAINT,2025-04-30,LONG,2025-04-30T12:20:00,2457.50,2452.27,2465.35,122,5.23,2025-04-30T12:20:00,2452.27,STOP,-638.56,-1087.80
htf,ASIANPAINT,2025-05-06,SHORT,2025-05-06T10:30:00,2407.20,2417.18,2392.23,124,9.98,2025-05-06T12:20:00,2398.10,TIME_STOP,1128.40,681.51
htf,ASIANPAINT,2025-05-07,SHORT,2025-05-07T13:30:00,2381.60,2390.40,2368.40,125,8.80,2025-05-07T13:30:00,2368.40,TARGET,1650.41,1205.10
htf,ASIANPAINT,2025-05-09,SHORT,2025-05-09T12:20:00,2311.00,2323.60,2292.10,129,12.60,2025-05-09T13:30:00,2292.10,TARGET,2437.96,1992.61
htf,ASIANPAINT,2025-05-26,LONG,2025-05-26T14:10:00,2323.60,2317.84,2332.24,129,5.76,2025-05-26T15:20:00,2324.60,EOD,129.00,-320.71
htf,ASIANPAINT,2025-06-03,SHORT,2025-06-03T10:20:00,2264.90,2270.24,2256.89,132,5.34,2025-06-03T10:20:00,2270.24,STOP,-704.83,-1153.81
htf,ASIANPAINT,2025-06-05,SHORT,2025-06-05T10:50:00,2245.90,2250.35,2239.23,133,4.45,2025-06-05T12:20:00,2250.35,STOP,-591.71,-1040.21
htf,ASIANPAINT,2025-06-09,SHORT,2025-06-09T13:30:00,2244.90,2247.97,2240.29,133,3.07,2025-06-09T13:30:00,2247.97,STOP,-408.40,-856.57
htf,ASIANPAINT,2025-06-11,SHORT,2025-06-11T12:50:00,2217.20,2221.11,2211.33,135,3.91,2025-06-11T13:40:00,2211.33,TARGET,792.51,344.12
htf,ASIANPAINT,2025-06-12,SHORT,2025-06-12T13:30:00,2224.50,2231.35,2214.22,134,6.85,2025-06-12T13:40:00,2214.22,TARGET,1377.84,931.74
htf,ASIANPAINT,2025-06-18,LONG,2025-06-18T13:10:00,2267.40,2262.49,2274.76,132,4.91,2025-06-18T14:10:00,2274.76,TARGET,971.42,521.74
htf,ASIANPAINT,2025-06-20,LONG,2025-06-20T12:00:00,2278.10,2273.36,2285.21,131,4.74,2025-06-20T12:40:00,2273.36,STOP,-621.34,-1068.52
htf,ASIANPAINT,2025-06-25,LONG,2025-06-25T10:00:00,2282.50,2276.25,2291.88,131,6.25,2025-06-25T11:50:00,2282.50,TIME_STOP,0.00,-448.51
htf,ASIANPAINT,2025-07-02,LONG,2025-07-02T11:00:00,2369.00,2361.34,2380.49,126,7.66,2025-07-02T12:10:00,2380.49,TARGET,1447.54,998.72
htf,ASIANPAINT,2025-07-28,SHORT,2025-07-28T14:00:00,2345.10,2351.18,2335.97,127,6.08,2025-07-28T14:40:00,2351.18,STOP,-772.66,-1219.98
htf,ASIANPAINT,2025-07-31,LONG,2025-07-31T14:10:00,2406.10,2398.63,2417.31,124,7.47,2025-07-31T14:30:00,2398.63,STOP,-926.43,-1373.27
htf,ASIANPAINT,2025-08-07,LONG,2025-08-07T13:00:00,2495.80,2488.55,2506.67,120,7.25,2025-08-07T13:30:00,2488.55,STOP,-869.52,-1318.12
htf,ASIANPAINT,2025-08-08,LONG,2025-08-08T11:30:00,2501.40,2494.36,2511.96,119,7.04,2025-08-08T13:20:00,2500.90,TIME_STOP,-59.50,-505.96
htf,ASIANPAINT,2025-08-11,LONG,2025-08-11T13:10:00,2489.50,2483.44,2498.59,120,6.06,2025-08-11T13:40:00,2498.59,TARGET,1091.34,642.41
htf,ASIANPAINT,2025-08-12,LONG,2025-08-12T12:00:00,2493.90,2487.69,2503.22,120,6.21,2025-08-12T13:10:00,2488.50,REVERSE,-648.00,-1096.42
htf,ASIANPAINT,2025-08-13,LONG,2025-08-13T10:30:00,2489.40,2483.64,2498.04,120,5.76,2025-08-13T12:20:00,2492.60,TIME_STOP,384.00,-64.38
htf,ASIANPAINT,2025-08-19,LONG,2025-08-19T12:40:00,2588.40,2582.14,2597.79,115,6.26,2025-08-19T12:40:00,2582.14,STOP,-720.10,-1166.06
htf,ASIANPAINT,2025-08-21,LONG,2025-08-21T13:20:00,2573.80,2570.12,2579.32,116,3.68,2025-08-21T13:30:00,2570.12,STOP,-427.09,-874.61
htf,ASIANPAINT,2025-08-28,LONG,2025-08-28T10:10:00,2519.50,2508.15,2536.52,119,11.35,2025-08-28T11:00:00,2508.15,STOP,-1350.48,-1799.20
htf,ASIANPAINT,2025-08-29,SHORT,2025-08-29T10:20:00,2497.30,2506.58,2483.38,120,9.28,2025-08-29T10:20:00,2506.58,STOP,-1113.89,-1564.24
htf,ASIANPAINT,2025-09-05,LONG,2025-09-05T13:40:00,2579.10,2573.04,2588.18,116,6.06,2025-09-05T15:20:00,2582.10,EOD,348.00,-101.02
htf,ASIANPAINT,2025-09-22,SHORT,2025-09-22T12:00:00,2494.00,2500.04,2484.94,120,6.04,2025-09-22T13:50:00,2495.00,TIME_STOP,-120.00,-569.01
htf,ASIANPAINT,2025-09-30,SHORT,2025-09-30T10:40:00,2347.70,2355.83,2335.51,127,8.13,2025-09-30T12:30:00,2348.60,TIME_STOP,-114.30,-561.62
htf,ASIANPAINT,2025-10-06,SHORT,2025-10-06T11:50:00,2340.70,2345.48,2333.52,128,4.78,2025-10-06T13:00:00,2345.48,STOP,-612.35,-1062.23
htf,ASIANPAINT,2025-10-30,LONG,2025-10-30T13:30:00,2527.60,2522.86,2534.70,118,4.74,2025-10-30T13:30:00,2522.86,STOP,-558.91,-1005.88
htf,ASIANPAINT,2025-11-04,SHORT,2025-11-04T12:50:00,2500.00,2505.46,2491.81,120,5.46,2025-11-04T13:30:00,2491.81,TARGET,982.40,533.13
htf,ASIANPAINT,2025-11-07,LONG,2025-11-07T11:30:00,2598.20,2591.70,2607.95,115,6.50,2025-11-07T11:40:00,2607.95,TARGET,1121.30,672.27
htf,ASIANPAINT,2025-11-11,LONG,2025-11-11T14:00:00,2645.50,2641.44,2651.58,113,4.06,2025-11-11T14:30:00,2651.58,TARGET,687.56,238.63
htf,ASIANPAINT,2025-11-18,LONG,2025-11-18T11:20:00,2896.80,2890.11,2906.84,103,6.69,2025-11-18T11:50:00,2906.84,TARGET,1033.87,585.54
htf,ASIANPAINT,2025-11-19,LONG,2025-11-19T11:40:00,2908.00,2901.90,2917.15,103,6.10,2025-11-19T13:20:00,2901.90,STOP,-628.00,-1076.81
htf,ASIANPAINT,2025-11-26,LONG,2025-11-26T10:20:00,2889.00,2882.55,2898.67,103,6.45,2025-11-26T10:30:00,2882.55,STOP,-664.11,-1109.96
htf,ASIANPAINT,2025-11-27,SHORT,2025-11-27T12:30:00,2877.00,2883.89,2866.67,104,6.89,2025-11-27T14:20:00,2881.00,TIME_STOP,-416.00,-865.12
htf,ASIANPAINT,2025-11-28,SHORT,2025-11-28T12:30:00,2871.60,2877.39,2862.91,104,5.79,2025-11-28T13:20:00,2877.39,STOP,-602.18,-1050.61
htf,ASIANPAINT,2025-12-05,LONG,2025-12-05T13:00:00,2959.40,2955.02,2965.96,101,4.38,2025-12-05T14:20:00,2965.96,TARGET,663.06,214.21
htf,ASIANPAINT,2025-12-12,SHORT,2025-12-12T10:10:00,2780.20,2787.47,2769.30,107,7.27,2025-12-12T10:20:00,2769.30,TARGET,1166.04,720.69
htf,ASIANPAINT,2025-12-29,SHORT,2025-12-29T11:00:00,2747.00,2753.55,2737.17,109,6.55,2025-12-29T11:10:00,2737.17,TARGET,1070.97,622.64
htf,ASIANPAINT,2025-12-30,SHORT,2025-12-30T14:10:00,2760.00,2766.94,2749.59,108,6.94,2025-12-30T15:00:00,2766.94,STOP,-749.25,-1196.93
htf,ASIANPAINT,2026-01-09,LONG,2026-01-09T10:30:00,2833.40,2823.63,2848.06,105,9.77,2026-01-09T11:00:00,2823.63,STOP,-1026.30,-1471.79
htf,ASIANPAINT,2026-02-03,SHORT,2026-02-03T11:30:00,2408.00,2423.23,2385.15,124,15.23,2026-02-03T11:30:00,2413.30,REVERSE,-657.20,-1105.58
htf,ASIANPAINT,2026-02-10,SHORT,2026-02-10T11:30:00,2395.30,2400.84,2386.99,125,5.54,2026-02-10T12:10:00,2400.84,STOP,-692.51,-1142.15
htf,ASIANPAINT,2026-02-12,SHORT,2026-02-12T10:00:00,2381.10,2388.82,2369.52,125,7.72,2026-02-12T10:40:00,2388.82,STOP,-965.04,-1412.22
htf,ASIANPAINT,2026-02-13,LONG,2026-02-13T10:50:00,2402.50,2396.52,2411.47,124,5.98,2026-02-13T11:20:00,2396.52,STOP,-741.88,-1188.19
htf,ASIANPAINT,2026-03-06,SHORT,2026-03-06T10:00:00,2272.70,2280.79,2260.57,132,8.09,2026-03-06T10:20:00,2279.50,REVERSE,-897.60,-1348.27
htf,ASIANPAINT,2026-03-12,SHORT,2026-03-12T12:00:00,2234.20,2242.70,2221.45,134,8.50,2026-03-12T12:20:00,2221.45,TARGET,1709.07,1261.28
htf,JSWSTEEL,2024-03-19,SHORT,2024-03-19T11:10:00,796.90,800.84,790.98,376,3.94,2024-03-19T12:00:00,800.84,STOP,-1483.04,-1933.60
htf,JSWSTEEL,2024-03-26,LONG,2024-03-26T14:00:00,823.60,821.40,826.91,364,2.20,2024-03-26T14:50:00,821.40,STOP,-802.22,-1251.31
htf,JSWSTEEL,2024-03-27,LONG,2024-03-27T12:00:00,824.00,821.76,827.36,364,2.24,2024-03-27T13:10:00,827.36,TARGET,1222.02,771.20
htf,JSWSTEEL,2024-03-28,LONG,2024-03-28T10:20:00,828.35,825.10,833.22,362,3.25,2024-03-28T11:10:00,833.22,TARGET,1764.55,1313.43
htf,JSWSTEEL,2024-04-02,LONG,2024-04-02T11:50:00,867.45,864.29,872.19,345,3.16,2024-04-02T12:50:00,872.19,TARGET,1633.89,1183.76
htf,JSWSTEEL,2024-04-03,LONG,2024-04-03T12:30:00,874.75,871.65,879.40,342,3.10,2024-04-03T14:00:00,871.65,STOP,-1061.03,-1508.98
htf,JSWSTEEL,2024-04-10,LONG,2024-04-10T12:10:00,880.00,876.60,885.09,340,3.40,2024-04-10T12:40:00,885.09,TARGET,1732.21,1282.11
htf,JSWSTEEL,2024-04-15,SHORT,2024-04-15T12:40:00,866.55,870.69,860.35,346,4.14,2024-04-15T14:30:00,860.35,TARGET,2146.11,1697.98
htf,JSWSTEEL,2024-04-23,SHORT,2024-04-23T13:20:00,857.75,859.99,854.40,349,2.24,2024-04-23T14:30:00,854.40,TARGET,1170.57,722.42
htf,JSWSTEEL,2024-04-29,LONG,2024-04-29T10:30:00,898.50,894.31,904.79,333,4.19,2024-04-29T11:00:00,894.31,STOP,-1396.38,-1844.13
htf,JSWSTEEL,2024-04-30,LONG,2024-04-30T13:50:00,893.70,891.30,897.30,335,2.40,2024-04-30T14:10:00,891.30,STOP,-803.75,-1252.23
htf,JSWSTEEL,2024-05-03,SHORT,2024-05-03T11:30:00,884.50,888.42,878.62,339,3.92,2024-05-03T11:50:00,878.62,TARGET,1992.50,1544.23
htf,JSWSTEEL,2024-05-08,SHORT,2024-05-08T10:50:00,856.45,860.36,850.59,350,3.91,2024-05-08T11:20:00,860.36,STOP,-1368.20,-1818.86
htf,JSWSTEEL,2024-05-15,LONG,2024-05-15T12:50:00,876.80,873.49,881.77,342,3.31,2024-05-15T13:40:00,873.49,STOP,-1132.96,-1581.91
htf,JSWSTEEL,2024-05-16,LONG,2024-05-16T12:20:00,875.75,872.44,880.72,342,3.31,2024-05-16T12:30:00,872.44,STOP,-1132.38,-1580.79
htf,JSWSTEEL,2024-05-22,LONG,2024-05-22T12:40:00,922.55,918.26,928.98,325,4.29,2024-05-22T13:40:00,918.26,STOP,-1393.43,-1842.12
htf,JSWSTEEL,2024-05-28,LONG,2024-05-28T13:20:00,908.15,905.58,912.01,330,2.57,2024-05-28T13:30:00,912.01,TARGET,1273.72,823.23
htf,JSWSTEEL,2024-05-31,SHORT,2024-05-31T11:00:00,883.15,886.76,877.74,339,3.61,2024-05-31T11:10:00,886.76,STOP,-1223.72,-1673.72
htf,JSWSTEEL,2024-06-13,LONG,2024-06-13T13:00:00,918.25,915.61,922.22,326,2.64,2024-06-13T13:50:00,915.61,STOP,-861.90,-1310.28
htf,JSWSTEEL,2024-06-14,LONG,2024-06-14T12:10:00,915.80,913.47,919.30,327,2.33,2024-06-14T12:20:00,919.30,TARGET,1145.09,695.03
htf,JSWSTEEL,2024-06-18,LONG,2024-06-18T11:20:00,921.40,918.22,926.17,325,3.18,2024-06-18T13:10:00,926.00,TIME_STOP,1495.00,1044.70
htf,JSWSTEEL,2024-06-20,LONG,2024-06-20T10:50:00,924.30,921.25,928.87,324,3.05,2024-06-20T12:00:00,928.87,TARGET,1481.96,1031.64
htf,JSWSTEEL,2024-06-24,LONG,2024-06-24T11:40:00,935.90,932.37,941.19,320,3.53,2024-06-24T12:10:00,941.19,TARGET,1692.17,1241.67
htf,JSWSTEEL,2024-06-25,LONG,2024-06-25T14:10:00,935.15,932.95,938.45,320,2.20,2024-06-25T14:10:00,932.95,STOP,-703.52,-1151.87
htf,JSWSTEEL,2024-07-03,LONG,2024-07-03T10:20:00,943.65,941.05,947.54,317,2.60,2024-07-03T12:10:00,943.40,TIME_STOP,-79.25,-527.90
htf,JSWSTEEL,2024-07-11,SHORT,2024-07-11T10:30:00,923.15,926.50,918.13,324,3.35,2024-07-11T12:00:00,918.13,TARGET,1627.72,1180.29
htf,JSWSTEEL,2024-07-24,SHORT,2024-07-24T10:40:00,885.05,888.86,879.33,338,3.81,2024-07-24T11:40:00,888.86,STOP,-1289.44,-1739.12
htf,JSWSTEEL,2024-08-08,SHORT,2024-08-08T13:20:00,892.55,896.04,887.31,336,3.49,2024-08-08T13:50:00,896.04,STOP,-1173.04,-1623.76
htf,JSWSTEEL,2024-08-09,LONG,2024-08-09T11:00:00,896.45,893.04,901.56,334,3.41,2024-08-09T11:20:00,901.56,TARGET,1708.20,1257.80
htf,JSWSTEEL,2024-08-13,LONG,2024-08-13T10:10:00,919.65,916.10,924.98,326,3.55,2024-08-13T11:40:00,917.70,REVERSE,-635.70,-1084.93
htf,JSWSTEEL,2024-08-28,LONG,2024-08-28T12:30:00,946.90,943.71,951.68,316,3.19,2024-08-28T14:20:00,949.80,TIME_STOP,916.40,466.88
htf,JSWSTEEL,2024-09-02,SHORT,2024-09-02T13:30:00,941.40,944.01,937.48,318,2.61,2024-09-02T14:00:00,937.48,TARGET,1245.70,797.58
htf,JSWSTEEL,2024-09-05,SHORT,2024-09-05T12:50:00,932.95,935.58,929.00,321,2.63,2024-09-05T13:00:00,929.00,TARGET,1268.21,819.95
htf,JSWSTEEL,2024-09-06,LONG,2024-09-06T12:10:00,930.70,927.16,936.01,322,3.54,2024-09-06T12:30:00,936.01,TARGET,1710.97,1260.16
htf,JSWSTEEL,2024-09-09,LONG,2024-09-09T11:00:00,930.65,926.51,936.86,322,4.14,2024-09-09T12:10:00,929.65,REVERSE,-322.00,-771.26
htf,JSWSTEEL,2024-09-11,LONG,2024-09-11T12:20:00,938.85,936.08,943.00,319,2.77,2024-09-11T12:50:00,936.08,STOP,-882.26,-1330.84
htf,JSWSTEEL,2024-09-12,LONG,2024-09-12T10:10:00,936.25,931.85,942.85,320,4.40,2024-09-12T10:20:00,931.85,STOP,-1408.82,-1857.16
htf,JSWSTEEL,2024-09-17,LONG,2024-09-17T13:20:00,968.40,966.32,971.52,309,2.08,2024-09-17T14:50:00,966.32,STOP,-642.17,-1090.55
htf,JSWSTEEL,2024-09-18,LONG,2024-09-18T10:20:00,967.90,965.22,971.92,309,2.68,2024-09-18T10:30:00,965.22,STOP,-828.99,-1276.99
htf,JSWSTEEL,2024-09-26,LONG,2024-09-26T10:10:00,982.90,979.87,987.45,305,3.03,2024-09-26T10:10:00,987.45,TARGET,1386.38,935.66
htf,JSWSTEEL,2024-10-04,LONG,2024-10-04T10:20:00,1043.30,1037.64,1051.79,287,5.66,2024-10-04T11:10:00,1051.79,TARGET,2436.95,1985.98
htf,JSWSTEEL,2024-10-10,SHORT,2024-10-10T11:50:00,998.10,1001.47,993.04,300,3.37,2024-10-10T13:00:00,1001.47,STOP,-1012.24,-1462.15
htf,JSWSTEEL,2024-10-14,SHORT,2024-10-14T13:10:00,1012.95,1016.37,1007.82,296,3.42,2024-10-14T15:00:00,1012.15,TIME_STOP,236.80,-212.77
htf,JSWSTEEL,2024-10-31,LONG,2024-10-31T11:10:00,963.75,960.67,968.38,311,3.08,2024-10-31T11:40:00,960.67,STOP,-959.32,-1408.19
htf,JSWSTEEL,2024-11-04,SHORT,2024-11-04T10:10:00,957.10,961.03,951.21,313,3.93,2024-11-04T10:30:00,951.21,TARGET,1843.86,1395.89
htf,JSWSTEEL,2024-11-11,SHORT,2024-11-11T10:30:00,986.90,991.87,979.45,303,4.97,2024-11-11T10:30:00,991.87,STOP,-1504.58,-1954.26
htf,JSWSTEEL,2024-11-14,SHORT,2024-11-14T12:00:00,933.85,937.91,927.76,321,4.06,2024-11-14T12:10:00,937.91,STOP,-1302.86,-1753.49
htf,JSWSTEEL,2024-11-21,LONG,2024-11-21T13:10:00,949.45,945.91,954.76,315,3.54,2024-11-21T13:20:00,945.91,STOP,-1115.52,-1563.30
htf,JSWSTEEL,2024-11-29,LONG,2024-11-29T10:50:00,963.70,959.49,970.01,311,4.21,2024-11-29T11:30:00,970.01,TARGET,1961.97,1510.93
htf,JSWSTEEL,2024-12-09,LONG,2024-12-09T13:20:00,1008.45,1004.91,1013.76,297,3.54,2024-12-09T14:40:00,1013.76,TARGET,1577.72,1127.27
htf,JSWSTEEL,2024-12-11,LONG,2024-12-11T12:10:00,1014.90,1011.57,1019.89,295,3.33,2024-12-11T12:40:00,1011.57,STOP,-981.14,-1429.49
htf,JSWSTEEL,2024-12-16,SHORT,2024-12-16T10:00:00,989.15,993.81,982.16,303,4.66,2024-12-16T11:50:00,987.10,TIME_STOP,621.15,172.05
htf,JSWSTEEL,2024-12-23,SHORT,2024-12-23T13:50:00,933.85,937.64,928.17,321,3.79,2024-12-23T14:00:00,928.17,TARGET,1823.34,1375.06
htf,JSWSTEEL,2024-12-27,SHORT,2024-12-27T12:40:00,917.45,919.74,914.02,326,2.29,2024-12-27T13:20:00,914.02,TARGET,1118.27,670.48
htf,JSWSTEEL,2025-01-01,LONG,2025-01-01T11:10:00,908.00,904.68,912.98,330,3.32,2025-01-01T11:30:00,904.68,STOP,-1095.63,-1544.27
htf,JSWSTEEL,2025-01-02,SHORT,2025-01-02T10:20:00,902.60,905.46,898.30,332,2.86,2025-01-02T11:00:00,905.46,STOP,-950.96,-1401.17
htf,JSWSTEEL,2025-01-09,SHORT,2025-01-09T10:10:00,900.20,903.57,895.15,333,3.37,2025-01-09T11:00:00,895.15,TARGET,1681.44,1233.06
htf,JSWSTEEL,2025-01-16,LONG,2025-01-16T14:10:00,906.70,904.50,910.00,330,2.20,2025-01-16T15:20:00,906.75,EOD,16.50,-432.33
htf,JSWSTEEL,2025-01-20,LONG,2025-01-20T10:50:00,913.00,910.17,917.24,328,2.83,2025-01-20T11:00:00,917.24,TARGET,1390.10,939.86
htf,JSWSTEEL,2025-01-28,SHORT,2025-01-28T13:00:00,913.55,916.77,908.72,328,3.22,2025-01-28T13:30:00,908.72,TARGET,1584.94,1136.66
htf,JSWSTEEL,2025-02-01,LONG,2025-02-01T10:50:00,951.40,947.78,956.83,315,3.62,2025-02-01T10:50:00,947.78,STOP,-1139.59,-1588.27
htf,JSWSTEEL,2025-02-11,SHORT,2025-02-11T13:10:00,956.40,959.90,951.15,313,3.50,2025-02-11T14:00:00,951.15,TARGET,1644.74,1196.94
htf,JSWSTEEL,2025-02-12,LONG,2025-02-12T12:20:00,958.65,953.69,966.09,312,4.96,2025-02-12T13:50:00,953.69,STOP,-1546.77,-1994.26
htf,JSWSTEEL,2025-02-21,LONG,2025-02-21T11:50:00,987.95,984.40,993.28,303,3.55,2025-02-21T12:00:00,984.40,STOP,-1076.01,-1524.23
htf,JSWSTEEL,2025-02-25,SHORT,2025-02-25T10:40:00,966.55,970.12,961.19,310,3.57,2025-02-25T10:40:00,967.35,REVERSE,-248.00,-697.63
htf,JSWSTEEL,2025-02-27,SHORT,2025-02-27T12:50:00,962.50,965.33,958.25,311,2.83,2025-02-27T12:50:00,965.33,STOP,-880.75,-1330.42
htf,JSWSTEEL,2025-03-11,LONG,2025-03-11T10:40:00,1013.15,1009.56,1018.53,296,3.59,2025-03-11T12:30:00,1014.95,TIME_STOP,532.80,82.56
htf,JSWSTEEL,2025-03-24,LONG,2025-03-24T13:30:00,1063.60,1060.55,1068.17,282,3.05,2025-03-24T13:50:00,1060.55,STOP,-859.32,-1308.57
htf,JSWSTEEL,2025-03-25,LONG,2025-03-25T10:00:00,1065.90,1062.02,1071.73,281,3.88,2025-03-25T10:40:00,1062.02,STOP,-1091.25,-1539.71
htf,JSWSTEEL,2025-03-27,LONG,2025-03-27T13:00:00,1065.60,1062.56,1070.16,281,3.04,2025-03-27T13:30:00,1062.56,STOP,-853.75,-1302.26
htf,JSWSTEEL,2025-03-28,LONG,2025-03-28T11:20:00,1062.60,1059.60,1067.10,282,3.00,2025-03-28T12:10:00,1067.10,TARGET,1268.91,818.48
htf,JSWSTEEL,2025-04-01,SHORT,2025-04-01T11:30:00,1060.70,1064.21,1055.44,282,3.51,2025-04-01T13:20:00,1059.90,TIME_STOP,225.60,-222.91
htf,JSWSTEEL,2025-04-09,SHORT,2025-04-09T10:10:00,946.90,951.45,940.07,316,4.55,2025-04-09T11:40:00,951.45,STOP,-1439.35,-1889.26
htf,JSWSTEEL,2025-04-17,LONG,2025-04-17T12:20:00,1001.50,997.22,1007.92,299,4.28,2025-04-17T14:10:00,1003.00,TIME_STOP,448.50,-1.01
htf,JSWSTEEL,2025-04-24,LONG,2025-04-24T12:40:00,1039.50,1036.59,1043.86,288,2.91,2025-04-24T14:00:00,1043.86,TARGET,1255.67,805.67
htf,JSWSTEEL,2025-04-25,SHORT,2025-04-25T10:20:00,1030.60,1035.25,1023.63,291,4.65,2025-04-25T10:50:00,1023.63,TARGET,2029.51,1581.18
htf,JSWSTEEL,2025-05-19,LONG,2025-05-19T10:00:00,1026.70,1023.34,1031.73,292,3.36,2025-05-19T10:30:00,1023.34,STOP,-980.05,-1429.01
htf,JSWSTEEL,2025-05-26,SHORT,2025-05-26T10:00:00,1006.40,1010.87,999.69,298,4.47,2025-05-26T10:00:00,1010.87,STOP,-1332.25,-1783.11
htf,JSWSTEEL,2025-06-03,SHORT,2025-06-03T11:50:00,977.70,981.16,972.51,306,3.46,2025-06-03T13:00:00,972.51,TARGET,1588.29,1140.71
htf,JSWSTEEL,2025-06-04,SHORT,2025-06-04T11:00:00,973.15,976.83,967.62,308,3.68,2025-06-04T11:10:00,967.62,TARGET,1702.04,1253.72
htf,JSWSTEEL,2025-06-05,SHORT,2025-06-05T11:20:00,967.15,970.20,962.58,310,3.05,2025-06-05T12:00:00,970.20,STOP,-944.65,-1395.09
htf,JSWSTEEL,2025-06-19,SHORT,2025-06-19T13:30:00,990.05,992.28,986.71,303,2.23,2025-06-19T14:00:00,992.28,STOP,-674.36,-1124.85
htf,JSWSTEEL,2025-06-23,LONG,2025-06-23T13:00:00,1000.25,997.07,1005.01,299,3.18,2025-06-23T14:50:00,999.30,TIME_STOP,-284.05,-732.45
htf,JSWSTEEL,2025-06-25,LONG,2025-06-25T10:10:00,1015.00,1011.55,1020.17,295,3.45,2025-06-25T12:00:00,1015.80,TIME_STOP,236.00,-213.31
htf,JSWSTEEL,2025-06-26,LONG,2025-06-26T13:40:00,1024.50,1021.27,1029.35,292,3.23,2025-06-26T13:50:00,1029.35,TARGET,1415.51,965.72
htf,JSWSTEEL,2025-07-07,SHORT,2025-07-07T13:20:00,1039.60,1041.79,1036.31,288,2.19,2025-07-07T13:30:00,1041.79,STOP,-631.17,-1080.75
htf,JSWSTEEL,2025-07-09,SHORT,2025-07-09T12:40:00,1038.40,1041.64,1033.54,288,3.24,2025-07-09T13:50:00,1033.54,TARGET,1399.00,951.46
htf,JSWSTEEL,2025-07-10,SHORT,2025-07-10T10:30:00,1038.00,1041.08,1033.38,289,3.08,2025-07-10T11:30:00,1041.08,STOP,-890.18,-1340.82
htf,JSWSTEEL,2025-07-11,SHORT,2025-07-11T11:30:00,1040.20,1043.36,1035.47,288,3.16,2025-07-11T11:50:00,1043.36,STOP,-909.05,-1359.10
htf,JSWSTEEL,2025-07-14,LONG,2025-07-14T10:10:00,1041.70,1039.23,1045.41,287,2.47,2025-07-14T11:20:00,1039.23,STOP,-709.06,-1156.98
htf,JSWSTEEL,2025-07-15,SHORT,2025-07-15T13:40:00,1033.20,1035.82,1029.28,290,2.62,2025-07-15T15:10:00,1035.82,STOP,-758.39,-1208.40
htf,JSWSTEEL,2025-07-25,SHORT,2025-07-25T10:30:00,1026.40,1029.33,1022.01,292,2.93,2025-07-25T11:20:00,1022.01,TARGET,1281.42,832.82
htf,JSWSTEEL,2025-07-28,SHORT,2025-07-28T11:00:00,1021.90,1025.24,1016.90,293,3.34,2025-07-28T12:40:00,1025.24,STOP,-977.23,-1427.09
htf,JSWSTEEL,2025-08-05,LONG,2025-08-05T14:10:00,1054.40,1051.86,1058.22,284,2.54,2025-08-05T14:20:00,1051.86,STOP,-722.56,-1171.20
htf,JSWSTEEL,2025-08-06,LONG,2025-08-06T13:40:00,1054.20,1051.23,1058.66,284,2.97,2025-08-06T13:40:00,1051.23,STOP,-844.11,-1292.57
htf,JSWSTEEL,2025-08-07,LONG,2025-08-07T12:20:00,1053.20,1050.38,1057.43,284,2.82,2025-08-07T13:00:00,1057.43,TARGET,1200.97,751.41
htf,JSWSTEEL,2025-08-11,SHORT,2025-08-11T10:30:00,1050.50,1054.67,1044.25,285,4.17,2025-08-11T10:30:00,1050.80,REVERSE,-85.50,-534.65
htf,JSWSTEEL,2025-08-12,LONG,2025-08-12T12:10:00,1057.00,1054.14,1061.29,283,2.86,2025-08-12T13:10:00,1054.14,STOP,-810.01,-1258.10
htf,JSWSTEEL,2025-08-20,LONG,2025-08-20T10:30:00,1075.30,1072.53,1079.46,278,2.77,2025-08-20T10:40:00,1079.46,TARGET,1156.59,707.32
htf,JSWSTEEL,2025-08-21,LONG,2025-08-21T11:40:00,1084.90,1082.37,1088.69,276,2.53,2025-08-21T12:30:00,1082.37,STOP,-697.97,-1146.59
htf,JSWSTEEL,2025-08-28,SHORT,2025-08-28T12:50:00,1046.00,1049.08,1041.39,286,3.08,2025-08-28T13:00:00,1041.39,TARGET,1319.74,872.00
htf,JSWSTEEL,2025-09-05,LONG,2025-09-05T14:00:00,1071.90,1069.67,1075.24,279,2.23,2025-09-05T15:20:00,1073.60,EOD,474.30,25.35
htf,JSWSTEEL,2025-09-09,LONG,2025-09-09T11:30:00,1103.70,1100.73,1108.16,271,2.97,2025-09-09T12:10:00,1108.16,TARGET,1209.22,759.66
htf,JSWSTEEL,2025-09-12,LONG,2025-09-12T14:10:00,1101.30,1099.17,1104.50,272,2.13,2025-09-12T14:20:00,1099.17,STOP,-580.31,-1029.20
htf,JSWSTEEL,2025-09-22,LONG,2025-09-22T13:30:00,1122.50,1120.52,1125.47,267,1.98,2025-09-22T13:50:00,1125.47,TARGET,792.08,341.92
htf,JSWSTEEL,2025-09-23,LONG,2025-09-23T10:20:00,1123.10,1119.62,1128.32,267,3.48,2025-09-23T11:20:00,1119.62,STOP,-928.75,-1377.86
htf,JSWSTEEL,2025-09-25,LONG,2025-09-25T13:50:00,1149.90,1147.14,1154.03,260,2.76,2025-09-25T14:10:00,1147.14,STOP,-716.62,-1164.54
htf,JSWSTEEL,2025-09-30,LONG,2025-09-30T10:20:00,1139.90,1136.03,1145.71,263,3.87,2025-09-30T11:40:00,1145.71,TARGET,1527.11,1076.28
htf,JSWSTEEL,2025-10-01,LONG,2025-10-01T14:10:00,1142.50,1139.53,1146.95,262,2.97,2025-10-01T14:50:00,1146.95,TARGET,1166.64,716.76
htf,JSWSTEEL,2025-10-06,LONG,2025-10-06T13:50:00,1158.50,1155.53,1162.96,258,2.97,2025-10-06T13:50:00,1155.53,STOP,-766.39,-1214.16
htf,JSWSTEEL,2025-10-10,LONG,2025-10-10T14:00:00,1167.10,1164.02,1171.72,257,3.08,2025-10-10T15:20:00,1168.30,EOD,308.40,-141.75
htf,JSWSTEEL,2025-10-14,SHORT,2025-10-14T11:10:00,1155.80,1158.71,1151.44,259,2.91,2025-10-14T11:20:00,1151.44,TARGET,1129.41,681.23
htf,JSWSTEEL,2025-10-30,LONG,2025-10-30T12:30:00,1209.40,1205.84,1214.75,248,3.56,2025-10-30T13:10:00,1205.84,STOP,-883.71,-1332.94
htf,JSWSTEEL,2025-11-07,SHORT,2025-11-07T12:30:00,1161.90,1165.26,1156.86,258,3.36,2025-11-07T12:50:00,1165.26,STOP,-866.21,-1316.52
htf,JSWSTEEL,2025-11-12,LONG,2025-11-12T13:10:00,1187.50,1184.54,1191.93,252,2.96,2025-11-12T14:40:00,1191.93,TARGET,1117.01,667.30
htf,JSWSTEEL,2025-11-17,SHORT,2025-11-17T12:10:00,1168.50,1171.57,1163.90,256,3.07,2025-11-17T12:50:00,1171.57,STOP,-785.76,-1235.05
htf,JSWSTEEL,2025-11-20,SHORT,2025-11-20T10:10:00,1163.30,1166.63,1158.31,257,3.33,2025-11-20T10:10:00,1166.63,STOP,-854.63,-1303.72
htf,JSWSTEEL,2025-11-25,SHORT,2025-11-25T13:30:00,1116.80,1119.63,1112.56,268,2.83,2025-11-25T15:00:00,1112.56,TARGET,1136.15,688.04
htf,JSWSTEEL,2025-12-01,LONG,2025-12-01T14:10:00,1168.50,1165.10,1173.60,256,3.40,2025-12-01T14:50:00,1165.10,STOP,-870.56,-1318.62
htf,JSWSTEEL,2025-12-02,LONG,2025-12-02T10:30:00,1165.20,1161.60,1170.61,257,3.60,2025-12-02T10:40:00,1161.60,STOP,-926.38,-1374.87
htf,JSWSTEEL,2025-12-04,SHORT,2025-12-04T11:40:00,1147.60,1154.18,1137.73,261,6.58,2025-12-04T13:30:00,1147.90,TIME_STOP,-78.30,-527.64
htf,JSWSTEEL,2025-12-08,SHORT,2025-12-08T10:20:00,1144.00,1148.17,1137.74,262,4.17,2025-12-08T10:30:00,1148.17,STOP,-1093.77,-1544.18
htf,JSWSTEEL,2025-12-11,SHORT,2025-12-11T13:10:00,1100.10,1103.22,1095.43,272,3.12,2025-12-11T13:50:00,1103.22,STOP,-847.47,-1296.94
htf,JSWSTEEL,2025-12-19,SHORT,2025-12-19T10:30:00,1083.40,1087.08,1077.89,276,3.68,2025-12-19T12:20:00,1079.40,TIME_STOP,1104.00,656.30
htf,JSWSTEEL,2025-12-30,LONG,2025-12-30T10:30:00,1100.00,1096.94,1104.60,272,3.06,2025-12-30T11:00:00,1096.94,STOP,-833.34,-1281.52
htf,JSWSTEEL,2026-01-07,LONG,2026-01-07T11:10:00,1184.20,1180.52,1189.73,253,3.68,2026-01-07T11:20:00,1180.52,STOP,-932.27,-1380.97
htf,JSWSTEEL,2026-01-21,SHORT,2026-01-21T14:10:00,1167.60,1171.43,1161.85,256,3.83,2026-01-21T14:40:00,1171.43,STOP,-981.47,-1430.56
htf,JSWSTEEL,2026-02-05,LONG,2026-02-05T12:10:00,1229.50,1225.41,1235.64,244,4.09,2026-02-05T12:30:00,1225.41,STOP,-998.58,-1447.82
htf,JSWSTEEL,2026-02-11,LONG,2026-02-11T12:40:00,1246.30,1243.04,1251.19,240,3.26,2026-02-11T13:20:00,1251.19,TARGET,1174.61,725.06
htf,JSWSTEEL,2026-02-12,LONG,2026-02-12T12:40:00,1249.70,1247.10,1253.59,240,2.60,2026-02-12T13:30:00,1247.10,STOP,-622.99,-1072.41
htf,JSWSTEEL,2026-02-23,LONG,2026-02-23T10:20:00,1244.50,1240.26,1250.86,241,4.24,2026-02-23T11:00:00,1240.26,STOP,-1021.77,-1470.89
htf,JSWSTEEL,2026-02-27,LONG,2026-02-27T13:30:00,1273.70,1270.53,1278.45,235,3.17,2026-02-27T14:10:00,1270.53,STOP,-744.47,-1192.89
htf,JSWSTEEL,2026-03-11,SHORT,2026-03-11T10:20:00,1195.30,1201.21,1186.43,250,5.91,2026-03-11T11:10:00,1201.21,STOP,-1478.15,-1927.50
htf,HINDALCO,2024-03-18,SHORT,2024-03-18T11:10:00,529.15,532.79,523.69,566,3.64,2024-03-18T12:00:00,531.90,REVERSE,-1556.50,-2006.92
htf,HINDALCO,2024-03-19,LONG,2024-03-19T11:20:00,534.10,531.65,537.78,561,2.45,2024-03-19T11:40:00,531.65,STOP,-1376.05,-1824.46
htf,HINDALCO,2024-03-28,LONG,2024-03-28T13:20:00,561.65,559.99,564.14,534,1.66,2024-03-28T13:50:00,564.14,TARGET,1330.55,879.68
htf,HINDALCO,2024-04-02,LONG,2024-04-02T12:40:00,568.10,566.33,570.75,528,1.77,2024-04-02T13:10:00,566.33,STOP,-933.93,-1383.16
htf,HINDALCO,2024-04-18,LONG,2024-04-18T10:20:00,616.25,613.40,620.52,486,2.85,2024-04-18T10:40:00,620.52,TARGET,2074.79,1623.99
htf,HINDALCO,2024-04-19,LONG,2024-04-19T14:00:00,614.45,611.79,618.43,488,2.66,2024-04-19T14:40:00,611.79,STOP,-1296.10,-1744.90
htf,HINDALCO,2024-04-30,LONG,2024-04-30T14:00:00,647.10,645.18,649.97,463,1.92,2024-04-30T14:10:00,649.97,TARGET,1330.30,879.89
htf,HINDALCO,2024-05-03,LONG,2024-05-03T10:10:00,648.15,645.16,652.63,462,2.99,2024-05-03T11:30:00,645.16,STOP,-1379.15,-1827.28
htf,HINDALCO,2024-05-07,SHORT,2024-05-07T10:40:00,632.65,635.65,628.14,474,3.00,2024-05-07T11:00:00,628.14,TARGET,2136.23,1688.02
htf,HINDALCO,2024-05-08,SHORT,2024-05-08T11:00:00,619.90,622.97,615.30,483,3.07,2024-05-08T11:20:00,622.97,STOP,-1481.30,-1931.53
htf,HINDALCO,2024-05-09,SHORT,2024-05-09T11:30:00,627.25,630.10,622.98,478,2.85,2024-05-09T11:40:00,630.10,STOP,-1360.49,-1811.25
htf,HINDALCO,2024-05-24,LONG,2024-05-24T14:10:00,683.35,680.34,687.87,439,3.01,2024-05-24T14:10:00,687.87,TARGET,1982.75,1531.28
htf,HINDALCO,2024-05-27,LONG,2024-05-27T14:10:00,684.00,681.52,687.71,438,2.48,2024-05-27T14:20:00,681.52,STOP,-1084.70,-1533.28
htf,HINDALCO,2024-05-31,LONG,2024-05-31T13:30:00,699.95,697.02,704.34,428,2.93,2024-05-31T14:30:00,697.02,STOP,-1252.14,-1700.57
htf,HINDALCO,2024-06-07,LONG,2024-06-07T13:00:00,683.15,680.51,687.11,439,2.64,2024-06-07T13:10:00,680.51,STOP,-1159.82,-1608.80
htf,HINDALCO,2024-06-10,LONG,2024-06-10T10:30:00,682.95,679.75,687.76,439,3.20,2024-06-10T10:40:00,679.75,STOP,-1406.90,-1855.57
htf,HINDALCO,2024-06-20,LONG,2024-06-20T12:20:00,681.25,678.41,685.52,440,2.84,2024-06-20T14:00:00,678.41,STOP,-1251.71,-1700.39
htf,HINDALCO,2024-06-24,LONG,2024-06-24T10:50:00,687.20,684.29,691.56,436,2.91,2024-06-24T11:40:00,684.29,STOP,-1267.57,-1716.05
htf,HINDALCO,2024-07-02,LONG,2024-07-02T10:30:00,693.05,691.15,695.90,432,1.90,2024-07-02T10:50:00,695.90,TARGET,1231.61,781.59
htf,HINDALCO,2024-07-23,SHORT,2024-07-23T10:00:00,665.50,668.25,661.38,450,2.75,2024-07-23T11:20:00,661.38,TARGET,1853.48,1405.66
htf,HINDALCO,2024-07-24,SHORT,2024-07-24T12:50:00,651.20,653.77,647.35,460,2.57,2024-07-24T14:30:00,653.77,STOP,-1181.19,-1631.41
htf,HINDALCO,2024-07-30,LONG,2024-07-30T13:50:00,661.10,659.38,663.68,453,1.72,2024-07-30T14:10:00,663.68,TARGET,1167.89,717.79
htf,HINDALCO,2024-08-07,SHORT,2024-08-07T13:00:00,620.70,623.24,616.89,483,2.54,2024-08-07T14:00:00,616.89,TARGET,1842.21,1393.89
htf,HINDALCO,2024-08-08,SHORT,2024-08-08T10:20:00,619.95,623.24,615.02,483,3.29,2024-08-08T11:30:00,615.02,TARGET,2381.28,1933.91
htf,HINDALCO,2024-08-09,SHORT,2024-08-09T13:20:00,616.05,617.90,613.27,486,1.85,2024-08-09T13:20:00,617.90,STOP,-899.65,-1349.43
htf,HINDALCO,2024-08-28,LONG,2024-08-28T11:40:00,707.35,705.45,710.20,424,1.90,2024-08-28T13:00:00,710.20,TARGET,1208.55,757.77
htf,HINDALCO,2024-09-05,SHORT,2024-09-05T13:30:00,667.95,669.74,665.27,449,1.79,2024-09-05T13:50:00,669.74,STOP,-801.93,-1252.40
htf,HINDALCO,2024-09-06,SHORT,2024-09-06T10:40:00,667.10,669.80,663.05,449,2.70,2024-09-06T10:40:00,669.80,STOP,-1213.11,-1663.31
htf,HINDALCO,2024-09-10,SHORT,2024-09-10T11:00:00,655.80,657.92,652.62,457,2.12,2024-09-10T12:00:00,657.92,STOP,-968.30,-1418.58
htf,HINDALCO,2024-09-19,LONG,2024-09-19T13:10:00,683.00,679.54,688.20,439,3.46,2024-09-19T13:40:00,679.54,STOP,-1521.03,-1969.65
htf,HINDALCO,2024-09-26,LONG,2024-09-26T11:00:00,721.75,718.90,726.02,415,2.85,2024-09-26T11:30:00,726.02,TARGET,1771.78,1321.16
htf,HINDALCO,2024-10-04,LONG,2024-10-04T12:00:00,752.35,749.01,757.35,398,3.34,2024-10-04T12:40:00,749.01,STOP,-1327.56,-1775.71
htf,HINDALCO,2024-10-08,SHORT,2024-10-08T11:50:00,726.65,730.87,720.31,412,4.22,2024-10-08T12:10:00,720.31,TARGET,2610.16,2163.05
htf,HINDALCO,2024-10-16,SHORT,2024-10-16T12:10:00,728.85,731.34,725.12,411,2.49,2024-10-16T13:00:00,731.34,STOP,-1023.16,-1473.26
htf,HINDALCO,2024-10-23,SHORT,2024-10-23T12:40:00,725.75,729.38,720.30,413,3.63,2024-10-23T14:10:00,720.30,TARGET,2248.93,1801.02
htf,HINDALCO,2024-11-08,SHORT,2024-11-08T11:30:00,653.70,656.52,649.47,458,2.82,2024-11-08T11:40:00,656.52,STOP,-1292.70,-1742.76
htf,HINDALCO,2024-11-12,SHORT,2024-11-12T13:30:00,654.75,657.20,651.07,458,2.45,2024-11-12T15:10:00,651.07,TARGET,1684.58,1236.03
htf,HINDALCO,2024-11-14,SHORT,2024-11-14T14:10:00,630.40,632.56,627.16,475,2.16,2024-11-14T14:30:00,627.16,TARGET,1541.14,1093.14
htf,HINDALCO,2024-11-21,LONG,2024-11-21T11:00:00,649.95,646.44,655.22,461,3.51,2024-11-21T12:50:00,649.15,TIME_STOP,-368.80,-817.96
htf,HINDALCO,2024-12-03,SHORT,2024-12-03T10:10:00,657.75,659.52,655.09,456,1.77,2024-12-03T10:20:00,659.52,STOP,-808.28,-1258.78
htf,HINDALCO,2024-12-05,LONG,2024-12-05T12:20:00,667.60,665.29,671.07,449,2.31,2024-12-05T13:40:00,671.07,TARGET,1556.71,1105.91
htf,HINDALCO,2024-12-06,LONG,2024-12-06T12:40:00,670.65,668.57,673.77,447,2.08,2024-12-06T12:50:00,673.77,TARGET,1395.62,944.90
htf,HINDALCO,2024-12-19,SHORT,2024-12-19T13:20:00,627.60,629.79,624.32,478,2.19,2024-12-19T15:00:00,629.79,STOP,-1045.30,-1496.07
htf,HINDALCO,2024-12-24,SHORT,2024-12-24T11:30:00,629.95,631.82,627.14,476,1.87,2024-12-24T13:20:00,630.20,TIME_STOP,-119.00,-568.87
htf,HINDALCO,2024-12-27,SHORT,2024-12-27T11:00:00,627.60,629.46,624.81,478,1.86,2024-12-27T12:00:00,624.81,TARGET,1331.61,882.62
htf,HINDALCO,2025-01-03,SHORT,2025-01-03T10:20:00,591.20,593.58,587.63,507,2.38,2025-01-03T10:30:00,593.58,STOP,-1208.24,-1658.75
htf,HINDALCO,2025-01-24,LONG,2025-01-24T12:10:00,614.00,611.70,617.45,488,2.30,2025-01-24T12:40:00,611.70,STOP,-1123.87,-1572.48
htf,HINDALCO,2025-01-30,SHORT,2025-01-30T13:10:00,586.55,588.80,583.18,511,2.25,2025-01-30T13:50:00,583.18,TARGET,1724.03,1275.73
htf,HINDALCO,2025-01-31,SHORT,2025-01-31T10:20:00,585.75,588.25,582.00,512,2.50,2025-01-31T10:30:00,588.25,STOP,-1280.20,-1731.02
htf,HINDALCO,2025-02-07,LONG,2025-02-07T10:50:00,603.30,600.56,607.41,497,2.74,2025-02-07T11:20:00,607.41,TARGET,2042.61,1591.32
htf,HINDALCO,2025-02-17,LONG,2025-02-17T12:10:00,604.75,601.68,609.35,496,3.07,2025-02-17T14:00:00,605.45,TIME_STOP,347.20,-102.99
htf,HINDALCO,2025-02-27,SHORT,2025-02-27T11:30:00,621.45,624.00,617.62,482,2.55,2025-02-27T12:30:00,624.00,STOP,-1229.85,-1680.08
htf,HINDALCO,2025-02-28,SHORT,2025-02-28T10:10:00,620.00,622.85,615.72,483,2.85,2025-02-28T10:20:00,622.85,STOP,-1376.72,-1826.94
htf,HINDALCO,2025-03-03,SHORT,2025-03-03T10:20:00,624.65,627.86,619.83,480,3.21,2025-03-03T10:30:00,627.86,STOP,-1542.06,-1992.96
htf,HINDALCO,2025-03-11,LONG,2025-03-11T14:10:00,692.20,689.88,695.69,433,2.32,2025-03-11T14:30:00,695.69,TARGET,1509.06,1058.34
htf,HINDALCO,2025-03-17,SHORT,2025-03-17T12:40:00,678.45,680.43,675.47,442,1.98,2025-03-17T13:20:00,680.43,STOP,-877.17,-1327.64
htf,HINDALCO,2025-03-24,LONG,2025-03-24T11:40:00,700.05,697.86,703.33,428,2.19,2025-03-24T12:10:00,698.50,REVERSE,-663.40,-1112.33
htf,HINDALCO,2025-03-27,SHORT,2025-03-27T11:40:00,691.85,694.08,688.50,433,2.23,2025-03-27T11:50:00,694.08,STOP,-967.16,-1417.24
htf,HINDALCO,2025-04-17,LONG,2025-04-17T11:00:00,609.20,606.50,613.25,492,2.70,2025-04-17T11:00:00,606.50,STOP,-1329.31,-1777.90
htf,HINDALCO,2025-04-24,LONG,2025-04-24T13:20:00,628.75,627.39,630.78,477,1.36,2025-04-24T13:30:00,627.39,STOP,-646.42,-1095.80
htf,HINDALCO,2025-05-02,LONG,2025-05-02T14:10:00,632.50,629.54,636.93,474,2.96,2025-05-02T14:30:00,629.54,STOP,-1401.01,-1849.67
htf,HINDALCO,2025-05-06,LONG,2025-05-06T12:30:00,635.50,632.86,639.46,472,2.64,2025-05-06T13:00:00,632.86,STOP,-1246.05,-1695.05
htf,HINDALCO,2025-05-07,LONG,2025-05-07T10:40:00,635.55,632.88,639.56,472,2.67,2025-05-07T11:00:00,632.88,STOP,-1260.41,-1709.43
htf,HINDALCO,2025-05-19,LONG,2025-05-19T10:40:00,658.55,656.64,661.42,455,1.91,2025-05-19T12:00:00,656.64,STOP,-871.13,-1319.94
htf,HINDALCO,2025-05-26,LONG,2025-05-26T13:20:00,660.45,658.14,663.92,454,2.31,2025-05-26T15:10:00,661.10,TIME_STOP,295.10,-154.89
htf,HINDALCO,2025-06-03,SHORT,2025-06-03T13:30:00,633.25,635.28,630.21,473,2.03,2025-06-03T15:20:00,632.25,TIME_STOP,473.00,24.06
htf,HINDALCO,2025-06-05,LONG,2025-06-05T12:10:00,638.05,636.74,640.02,470,1.31,2025-06-05T12:10:00,640.02,TARGET,926.86,476.34
htf,HINDALCO,2025-06-11,LONG,2025-06-11T12:20:00,658.75,657.33,660.88,455,1.42,2025-06-11T12:50:00,660.88,TARGET,970.11,519.79
htf,HINDALCO,2025-06-12,LONG,2025-06-12T10:40:00,660.00,657.75,663.38,454,2.25,2025-06-12T10:50:00,657.75,STOP,-1022.69,-1471.38
htf,HINDALCO,2025-06-17,SHORT,2025-06-17T12:20:00,644.45,646.09,641.99,465,1.64,2025-06-17T12:40:00,641.99,TARGET,1143.22,694.58
htf,HINDALCO,2025-07-01,LONG,2025-07-01T12:40:00,696.35,693.64,700.42,430,2.71,2025-07-01T13:30:00,693.64,STOP,-1166.38,-1614.65
htf,HINDALCO,2025-07-14,SHORT,2025-07-14T11:30:00,668.60,671.23,664.65,448,2.63,2025-07-14T13:20:00,668.90,TIME_STOP,-134.40,-583.80
htf,HINDALCO,2025-07-18,LONG,2025-07-18T13:50:00,675.70,674.36,677.71,443,1.34,2025-07-18T15:20:00,676.00,EOD,132.90,-316.20
htf,HINDALCO,2025-07-29,LONG,2025-07-29T10:10:00,689.65,687.57,692.77,435,2.08,2025-07-29T10:20:00,687.57,STOP,-905.92,-1355.24
htf,HINDALCO,2025-07-31,SHORT,2025-07-31T13:00:00,685.00,687.67,680.99,437,2.67,2025-07-31T13:00:00,687.67,STOP,-1166.96,-1616.85
htf,HINDALCO,2025-08-04,SHORT,2025-08-04T12:10:00,683.50,685.59,680.36,438,2.09,2025-08-04T12:30:00,685.59,STOP,-917.58,-1367.33
htf,HINDALCO,2025-08-05,SHORT,2025-08-05T12:40:00,685.20,687.08,682.38,437,1.88,2025-08-05T13:20:00,682.38,TARGET,1231.82,783.59
htf,HINDALCO,2025-08-08,SHORT,2025-08-08T10:10:00,677.00,679.75,672.88,443,2.75,2025-08-08T12:00:00,672.88,TARGET,1824.53,1376.03
htf,HINDALCO,2025-08-11,SHORT,2025-08-11T11:40:00,673.50,675.52,670.47,445,2.02,2025-08-11T11:50:00,670.47,TARGET,1350.47,901.92
htf,HINDALCO,2025-08-22,LONG,2025-08-22T12:00:00,706.55,705.19,708.59,424,1.36,2025-08-22T12:40:00,708.59,TARGET,863.83,413.82
htf,HINDALCO,2025-08-26,LONG,2025-08-26T10:10:00,707.80,705.83,710.76,423,1.97,2025-08-26T10:50:00,705.83,STOP,-834.20,-1282.68
htf,HINDALCO,2025-08-28,SHORT,2025-08-28T13:40:00,702.20,703.80,699.80,427,1.60,2025-08-28T14:10:00,703.80,STOP,-681.91,-1132.18
htf,HINDALCO,2025-08-29,LONG,2025-08-29T11:20:00,705.60,703.37,708.94,425,2.23,2025-08-29T13:10:00,705.80,TIME_STOP,85.00,-364.88
htf,HINDALCO,2025-09-09,LONG,2025-09-09T13:10:00,742.55,741.21,744.56,404,1.34,2025-09-09T15:00:00,742.70,TIME_STOP,60.60,-389.43
htf,HINDALCO,2025-09-16,LONG,2025-09-16T12:50:00,754.55,752.83,757.13,397,1.72,2025-09-16T13:00:00,757.13,TARGET,1024.64,574.54
htf,HINDALCO,2025-09-17,LONG,2025-09-17T13:30:00,756.95,755.37,759.32,396,1.58,2025-09-17T13:30:00,755.37,STOP,-625.63,-1074.79
htf,HINDALCO,2025-09-24,SHORT,2025-09-24T14:10:00,745.60,747.22,743.17,402,1.62,2025-09-24T14:30:00,743.17,TARGET,977.53,528.66
htf,HINDALCO,2025-09-25,LONG,2025-09-25T14:10:00,749.75,747.60,752.98,400,2.15,2025-09-25T14:50:00,747.60,STOP,-860.46,-1309.66
htf,HINDALCO,2025-10-01,LONG,2025-10-01T13:00:00,761.80,759.39,765.41,393,2.41,2025-10-01T13:40:00,765.41,TARGET,1419.61,969.46
htf,HINDALCO,2025-10-06,LONG,2025-10-06T10:20:00,782.70,779.94,786.85,383,2.76,2025-10-06T10:50:00,779.94,STOP,-1058.70,-1507.57
htf,HINDALCO,2025-10-07,LONG,2025-10-07T10:40:00,777.75,774.81,782.15,385,2.94,2025-10-07T10:50:00,774.81,STOP,-1130.61,-1578.92
htf,HINDALCO,2025-10-08,SHORT,2025-10-08T12:30:00,771.75,774.56,767.54,388,2.81,2025-10-08T13:50:00,774.56,STOP,-1088.62,-1538.59
htf,HINDALCO,2025-10-13,SHORT,2025-10-13T10:30:00,770.80,773.06,767.40,389,2.26,2025-10-13T11:20:00,767.40,TARGET,1320.83,872.06
htf,HINDALCO,2025-10-14,SHORT,2025-10-14T11:20:00,764.80,767.19,761.21,392,2.39,2025-10-14T11:30:00,761.21,TARGET,1408.14,959.49
htf,HINDALCO,2025-10-30,LONG,2025-10-30T10:20:00,853.95,851.05,858.30,351,2.90,2025-10-30T10:50:00,851.90,REVERSE,-719.55,-1168.62
htf,HINDALCO,2025-11-03,LONG,2025-11-03T10:30:00,850.60,847.49,855.26,352,3.11,2025-11-03T10:50:00,848.80,REVERSE,-633.60,-1082.24
htf,HINDALCO,2025-11-10,SHORT,2025-11-10T12:20:00,791.60,794.33,787.51,378,2.73,2025-11-10T13:30:00,794.33,STOP,-1030.32,-1479.93
htf,HINDALCO,2025-11-17,LONG,2025-11-17T12:40:00,804.05,802.13,806.93,373,1.92,2025-11-17T13:40:00,806.93,TARGET,1072.68,622.01
htf,HINDALCO,2025-11-19,SHORT,2025-11-19T13:40:00,794.15,796.02,791.34,377,1.87,2025-11-19T13:40:00,791.34,TARGET,1059.89,611.59
htf,HINDALCO,2025-12-03,SHORT,2025-12-03T10:10:00,805.05,807.33,801.63,372,2.28,2025-12-03T10:40:00,807.33,STOP,-847.40,-1297.25
htf,HINDALCO,2025-12-05,LONG,2025-12-05T11:00:00,818.25,815.73,822.03,366,2.52,2025-12-05T11:10:00,822.03,TARGET,1382.56,932.30
htf,HINDALCO,2025-12-11,LONG,2025-12-11T14:00:00,825.25,823.78,827.45,363,1.47,2025-12-11T14:00:00,824.20,REVERSE,-381.15,-830.21
htf,HINDALCO,2025-12-19,SHORT,2025-12-19T11:10:00,848.45,851.33,844.13,353,2.88,2025-12-19T11:30:00,851.33,STOP,-1017.26,-1467.27
htf,HINDALCO,2025-12-26,LONG,2025-12-26T12:20:00,870.35,867.93,873.99,344,2.42,2025-12-26T12:30:00,867.93,STOP,-834.13,-1282.60
htf,HINDALCO,2026-01-12,SHORT,2026-01-12T11:40:00,897.85,901.65,892.15,334,3.80,2026-01-12T11:50:00,901.65,STOP,-1270.29,-1721.06
htf,HINDALCO,2026-01-20,LONG,2026-01-20T11:40:00,944.80,941.26,950.12,317,3.54,2026-01-20T11:50:00,941.26,STOP,-1123.73,-1572.14
htf,HINDALCO,2026-01-22,SHORT,2026-01-22T11:20:00,936.50,940.12,931.07,320,3.62,2026-01-22T11:30:00,940.12,STOP,-1157.94,-1608.33
htf,HINDALCO,2026-02-04,LONG,2026-02-04T12:40:00,961.55,957.96,966.94,311,3.59,2026-02-04T13:10:00,959.10,REVERSE,-761.95,-1209.94
htf,HINDALCO,2026-02-06,SHORT,2026-02-06T13:10:00,932.95,936.19,928.09,321,3.24,2026-02-06T14:10:00,936.19,STOP,-1039.93,-1489.92
htf,HINDALCO,2026-02-11,LONG,2026-02-11T13:30:00,963.00,960.09,967.37,311,2.91,2026-02-11T13:40:00,967.37,TARGET,1358.36,908.11
htf,HINDALCO,2026-02-12,LONG,2026-02-12T13:00:00,963.30,960.03,968.21,311,3.27,2026-02-12T13:30:00,960.03,STOP,-1018.46,-1467.08
htf,HINDALCO,2026-02-24,LONG,2026-02-24T10:30:00,918.15,914.63,923.42,326,3.52,2026-02-24T12:00:00,915.25,REVERSE,-945.40,-1393.67
htf,HINDALCO,2026-02-27,LONG,2026-02-27T13:50:00,934.75,932.43,938.23,320,2.32,2026-02-27T13:50:00,932.95,REVERSE,-576.00,-1024.25
htf,HINDALCO,2026-03-04,SHORT,2026-03-04T10:10:00,918.35,924.35,909.34,326,6.00,2026-03-04T10:30:00,924.35,STOP,-1957.35,-2407.89
htf,JINDALSTEL,2024-03-19,LONG,2024-03-19T12:50:00,801.25,796.72,808.05,374,4.53,2024-03-19T14:00:00,796.72,STOP,-1694.58,-2142.81
htf,JINDALSTEL,2024-03-27,LONG,2024-03-27T13:10:00,839.15,836.47,843.17,357,2.68,2024-03-27T14:20:00,836.47,STOP,-955.90,-1404.55
htf,JINDALSTEL,2024-04-02,LONG,2024-04-02T11:40:00,872.10,868.33,877.75,343,3.77,2024-04-02T13:30:00,877.75,TARGET,1939.60,1489.45
htf,JINDALSTEL,2024-04-04,LONG,2024-04-04T13:40:00,907.10,903.38,912.67,330,3.72,2024-04-04T14:00:00,903.38,STOP,-1226.33,-1674.43
htf,JINDALSTEL,2024-04-05,LONG,2024-04-05T11:50:00,905.80,901.88,911.69,331,3.92,2024-04-05T11:50:00,911.69,TARGET,1948.23,1497.04
htf,JINDALSTEL,2024-04-12,LONG,2024-04-12T11:10:00,904.00,900.16,909.77,331,3.84,2024-04-12T12:40:00,900.16,STOP,-1272.34,-1720.22
htf,JINDALSTEL,2024-04-15,SHORT,2024-04-15T13:30:00,898.25,902.46,891.93,333,4.21,2024-04-15T13:50:00,902.46,STOP,-1402.08,-1851.81
htf,JINDALSTEL,2024-04-19,LONG,2024-04-19T12:50:00,920.90,914.52,930.46,325,6.38,2024-04-19T13:30:00,930.46,TARGET,3108.39,2657.12
htf,JINDALSTEL,2024-04-26,LONG,2024-04-26T11:30:00,934.30,930.11,940.59,321,4.19,2024-04-26T11:40:00,932.25,REVERSE,-658.05,-1107.42
htf,JINDALSTEL,2024-04-30,SHORT,2024-04-30T10:20:00,932.50,936.63,926.31,321,4.13,2024-04-30T10:40:00,936.63,STOP,-1324.62,-1774.62
htf,JINDALSTEL,2024-05-03,SHORT,2024-05-03T12:10:00,937.50,942.10,930.60,320,4.60,2024-05-03T13:40:00,930.60,TARGET,2208.56,1760.22
htf,JINDALSTEL,2024-05-30,SHORT,2024-05-30T14:00:00,1033.40,1037.04,1027.94,290,3.64,2024-05-30T14:30:00,1027.94,TARGET,1583.24,1134.90
htf,JINDALSTEL,2024-05-31,SHORT,2024-05-31T12:20:00,1031.95,1035.95,1025.95,290,4.00,2024-05-31T14:10:00,1033.80,TIME_STOP,-536.50,-985.80
htf,JINDALSTEL,2024-06-07,LONG,2024-06-07T13:00:00,1032.10,1027.18,1039.48,290,4.92,2024-06-07T13:10:00,1027.18,STOP,-1427.45,-1875.34
htf,JINDALSTEL,2024-06-21,LONG,2024-06-21T10:10:00,1067.85,1062.17,1076.37,280,5.68,2024-06-21T10:50:00,1062.17,STOP,-1589.48,-2036.78
htf,JINDALSTEL,2024-06-24,LONG,2024-06-24T12:00:00,1070.20,1064.69,1078.46,280,5.51,2024-06-24T12:50:00,1064.69,STOP,-1541.91,-1990.24
htf,JINDALSTEL,2024-06-28,SHORT,2024-06-28T12:20:00,1048.75,1051.92,1044.00,286,3.17,2024-06-28T13:40:00,1050.75,REVERSE,-572.00,-1022.34
htf,JINDALSTEL,2024-07-02,SHORT,2024-07-02T12:40:00,1045.55,1050.24,1038.52,286,4.69,2024-07-02T13:10:00,1038.52,TARGET,2010.89,1563.85
htf,JINDALSTEL,2024-07-03,SHORT,2024-07-03T12:20:00,1046.35,1049.75,1041.25,286,3.40,2024-07-03T12:50:00,1049.75,STOP,-972.39,-1422.00
htf,JINDALSTEL,2024-07-12,SHORT,2024-07-12T10:00:00,1012.05,1016.71,1005.06,296,4.66,2024-07-12T11:00:00,1016.71,STOP,-1379.93,-1830.32
htf,JINDALSTEL,2024-07-15,SHORT,2024-07-15T11:50:00,1010.55,1014.34,1004.87,296,3.79,2024-07-15T13:40:00,1008.40,TIME_STOP,636.40,188.19
htf,JINDALSTEL,2024-07-30,LONG,2024-07-30T14:00:00,973.00,969.88,977.68,308,3.12,2024-07-30T14:50:00,977.68,TARGET,1441.44,990.84
htf,JINDALSTEL,2024-08-09,SHORT,2024-08-09T13:10:00,922.60,925.92,917.63,325,3.32,2024-08-09T14:10:00,917.63,TARGET,1616.85,1168.30
htf,JINDALSTEL,2024-08-13,SHORT,2024-08-13T13:10:00,915.10,918.25,910.38,327,3.15,2024-08-13T13:40:00,910.38,TARGET,1544.81,1097.12
htf,JINDALSTEL,2024-08-20,LONG,2024-08-20T13:00:00,942.30,939.32,946.76,318,2.98,2024-08-20T14:00:00,946.76,TARGET,1419.27,968.72
htf,JINDALSTEL,2024-08-26,LONG,2024-08-26T10:00:00,966.00,962.81,970.78,310,3.19,2024-08-26T11:10:00,962.81,STOP,-988.64,-1437.09
htf,JINDALSTEL,2024-08-28,LONG,2024-08-28T12:10:00,974.00,970.98,978.53,308,3.02,2024-08-28T14:00:00,974.00,TIME_STOP,0.00,-449.99
htf,JINDALSTEL,2024-09-02,SHORT,2024-09-02T13:10:00,959.35,962.58,954.50,312,3.23,2024-09-02T13:10:00,962.58,STOP,-1008.97,-1458.70
htf,JINDALSTEL,2024-09-05,SHORT,2024-09-05T10:40:00,943.55,946.98,938.41,317,3.43,2024-09-05T11:10:00,946.98,STOP,-1085.99,-1535.46
htf,JINDALSTEL,2024-09-06,LONG,2024-09-06T11:40:00,951.90,948.69,956.72,315,3.21,2024-09-06T11:50:00,956.72,TARGET,1518.22,1067.31
htf,JINDALSTEL,2024-09-11,LONG,2024-09-11T11:20:00,966.00,962.52,971.22,310,3.48,2024-09-11T13:10:00,969.80,TIME_STOP,1178.00,727.93
htf,JINDALSTEL,2024-09-20,SHORT,2024-09-20T13:50:00,1006.95,1011.89,999.55,297,4.94,2024-09-20T14:00:00,1011.89,STOP,-1465.93,-1915.63
htf,JINDALSTEL,2024-09-27,SHORT,2024-09-27T12:10:00,1025.75,1030.20,1019.08,292,4.45,2024-09-27T12:50:00,1019.08,TARGET,1947.13,1499.31
htf,JINDALSTEL,2024-10-10,SHORT,2024-10-10T14:00:00,995.75,999.63,989.92,301,3.88,2024-10-10T14:20:00,989.92,TARGET,1753.40,1305.13
htf,JINDALSTEL,2024-10-21,SHORT,2024-10-21T11:00:00,959.20,964.02,951.96,312,4.82,2024-10-21T12:50:00,951.96,TARGET,2257.99,1810.77
htf,JINDALSTEL,2024-10-31,LONG,2024-10-31T10:20:00,925.95,922.10,931.72,323,3.85,2024-10-31T12:10:00,925.30,TIME_STOP,-209.95,-658.42
htf,JINDALSTEL,2024-11-19,SHORT,2024-11-19T11:20:00,876.90,881.02,870.71,342,4.12,2024-11-19T13:10:00,881.02,STOP,-1410.36,-1861.27
htf,JINDALSTEL,2024-11-29,LONG,2024-11-29T11:30:00,902.00,898.12,907.81,332,3.88,2024-11-29T12:00:00,898.12,STOP,-1287.02,-1735.26
htf,JINDALSTEL,2024-12-13,LONG,2024-12-13T13:10:00,994.45,990.17,1000.88,301,4.28,2024-12-13T15:00:00,999.00,TIME_STOP,1369.55,919.53
htf,JINDALSTEL,2024-12-17,SHORT,2024-12-17T11:40:00,975.60,978.45,971.32,307,2.85,2024-12-17T12:00:00,971.32,TARGET,1314.58,866.30
htf,JINDALSTEL,2024-12-26,SHORT,2024-12-26T10:10:00,936.00,939.47,930.80,320,3.47,2024-12-26T10:50:00,930.80,TARGET,1663.38,1215.34
htf,JINDALSTEL,2024-12-27,SHORT,2024-12-27T11:30:00,932.40,935.90,927.15,321,3.50,2024-12-27T12:30:00,927.15,TARGET,1686.01,1238.32
htf,JINDALSTEL,2025-01-14,SHORT,2025-01-14T12:30:00,912.90,918.04,905.18,328,5.14,2025-01-14T14:20:00,911.85,TIME_STOP,344.40,-104.49
htf,JINDALSTEL,2025-01-15,SHORT,2025-01-15T13:40:00,906.45,909.64,901.66,330,3.19,2025-01-15T14:20:00,901.66,TARGET,1581.15,1133.64
htf,JINDALSTEL,2025-01-17,LONG,2025-01-17T10:10:00,926.10,922.53,931.46,323,3.57,2025-01-17T10:20:00,922.53,STOP,-1153.52,-1601.35
htf,JINDALSTEL,2025-01-20,LONG,2025-01-20T11:20:00,928.35,924.72,933.80,323,3.63,2025-01-20T13:10:00,933.80,TARGET,1760.30,1309.19
htf,JINDALSTEL,2025-01-23,SHORT,2025-01-23T11:40:00,895.20,899.45,888.83,335,4.25,2025-01-23T12:30:00,898.45,REVERSE,-1088.75,-1539.40
htf,JINDALSTEL,2025-01-24,SHORT,2025-01-24T10:00:00,892.40,896.58,886.13,336,4.18,2025-01-24T10:20:00,886.13,TARGET,2108.32,1660.13
htf,JINDALSTEL,2025-01-30,SHORT,2025-01-30T13:40:00,850.35,853.84,845.12,352,3.49,2025-01-30T14:50:00,853.84,STOP,-1228.13,-1678.03
htf,JINDALSTEL,2025-02-01,SHORT,2025-02-01T12:30:00,786.45,793.30,776.18,365,6.85,2025-02-01T12:30:00,776.18,TARGET,3749.61,3321.84
htf,JINDALSTEL,2025-02-10,LONG,2025-02-10T12:30:00,835.70,832.18,840.98,358,3.52,2025-02-10T14:20:00,836.15,TIME_STOP,161.10,-287.79
htf,JINDALSTEL,2025-02-18,LONG,2025-02-18T10:10:00,839.20,834.56,846.16,357,4.64,2025-02-18T10:20:00,834.56,STOP,-1656.25,-2104.40
htf,JINDALSTEL,2025-02-21,LONG,2025-02-21T12:50:00,880.85,876.53,887.34,340,4.32,2025-02-21T13:40:00,876.53,STOP,-1470.42,-1918.55
htf,JINDALSTEL,2025-02-25,LONG,2025-02-25T11:10:00,869.35,865.05,875.81,345,4.30,2025-02-25T11:20:00,865.05,STOP,-1485.00,-1933.77
htf,JINDALSTEL,2025-02-27,SHORT,2025-02-27T10:40:00,856.30,860.58,849.87,350,4.28,2025-02-27T12:00:00,849.87,TARGET,2248.91,1801.04
htf,JINDALSTEL,2025-02-28,SHORT,2025-02-28T12:10:00,852.60,857.63,845.05,351,5.03,2025-02-28T13:00:00,845.05,TARGET,2649.85,2202.94
htf,JINDALSTEL,2025-03-03,SHORT,2025-03-03T11:20:00,850.35,856.12,841.70,352,5.77,2025-03-03T12:30:00,856.12,STOP,-2030.50,-2481.01
htf,JINDALSTEL,2025-03-12,SHORT,2025-03-12T10:20:00,899.15,902.80,893.67,333,3.65,2025-03-12T11:00:00,893.67,TARGET,1824.74,1376.98
htf,JINDALSTEL,2025-03-17,SHORT,2025-03-17T12:30:00,894.30,897.74,889.14,335,3.44,2025-03-17T13:40:00,897.74,STOP,-1152.85,-1603.10
htf,JINDALSTEL,2025-03-20,LONG,2025-03-20T12:40:00,927.75,924.32,932.90,323,3.43,2025-03-20T14:30:00,926.75,TIME_STOP,-323.00,-772.25
htf,JINDALSTEL,2025-03-24,LONG,2025-03-24T10:10:00,922.00,918.14,927.79,325,3.86,2025-03-24T12:00:00,923.50,TIME_STOP,487.50,37.66
htf,JINDALSTEL,2025-03-28,SHORT,2025-03-28T14:00:00,907.85,911.04,903.07,330,3.19,2025-03-28T14:30:00,911.04,STOP,-1052.67,-1502.84
htf,JINDALSTEL,2025-04-02,SHORT,2025-04-02T12:40:00,901.70,904.61,897.34,332,2.91,2025-04-02T13:30:00,904.61,STOP,-964.72,-1414.49
htf,JINDALSTEL,2025-04-23,LONG,2025-04-23T13:20:00,911.50,907.72,917.17,329,3.78,2025-04-23T13:50:00,917.17,TARGET,1864.47,1413.24
htf,JINDALSTEL,2025-05-06,SHORT,2025-05-06T10:00:00,883.20,889.86,873.21,339,6.66,2025-05-06T10:50:00,889.86,STOP,-2258.86,-2709.66
htf,JINDALSTEL,2025-05-19,LONG,2025-05-19T13:40:00,976.20,972.66,981.51,307,3.54,2025-05-19T14:00:00,972.66,STOP,-1087.50,-1536.22
htf,JINDALSTEL,2025-05-26,SHORT,2025-05-26T14:10:00,958.10,961.28,953.33,313,3.18,2025-05-26T15:20:00,953.33,TARGET,1493.56,1044.85
htf,JINDALSTEL,2025-06-11,LONG,2025-06-11T13:20:00,973.55,971.47,976.68,308,2.08,2025-06-11T13:20:00,971.47,STOP,-641.83,-1091.13
htf,JINDALSTEL,2025-06-20,SHORT,2025-06-20T13:10:00,890.00,893.39,884.92,337,3.39,2025-06-20T14:10:00,893.39,STOP,-1140.98,-1591.73
htf,JINDALSTEL,2025-06-26,LONG,2025-06-26T10:30:00,928.85,925.49,933.89,322,3.36,2025-06-26T10:40:00,925.49,STOP,-1080.98,-1528.80
htf,JINDALSTEL,2025-07-01,LONG,2025-07-01T12:30:00,950.45,946.98,955.65,315,3.47,2025-07-01T13:50:00,946.98,STOP,-1091.80,-1540.07
htf,JINDALSTEL,2025-07-10,SHORT,2025-07-10T13:40:00,943.40,946.29,939.06,317,2.89,2025-07-10T14:10:00,946.29,STOP,-917.31,-1366.58
htf,JINDALSTEL,2025-07-23,LONG,2025-07-23T10:00:00,967.25,964.70,971.07,310,2.55,2025-07-23T10:00:00,965.55,REVERSE,-527.00,-976.38
htf,JINDALSTEL,2025-07-29,LONG,2025-07-29T10:10:00,987.15,983.28,992.95,303,3.87,2025-07-29T10:10:00,983.28,STOP,-1171.60,-1619.38
htf,JINDALSTEL,2025-08-06,LONG,2025-08-06T13:40:00,992.55,988.36,998.84,302,4.19,2025-08-06T13:40:00,990.25,REVERSE,-694.60,-1143.70
htf,JINDALSTEL,2025-08-08,SHORT,2025-08-08T10:30:00,984.15,988.44,977.72,304,4.29,2025-08-08T11:40:00,977.72,TARGET,1954.81,1507.50
htf,JINDALSTEL,2025-08-12,LONG,2025-08-12T11:10:00,993.80,989.59,1000.12,301,4.21,2025-08-12T11:20:00,1000.12,TARGET,1901.91,1451.78
htf,JINDALSTEL,2025-09-05,LONG,2025-09-05T14:00:00,1034.70,1031.79,1039.07,289,2.91,2025-09-05T15:20:00,1034.85,EOD,43.35,-405.22
htf,JINDALSTEL,2025-09-16,LONG,2025-09-16T12:50:00,1046.85,1044.10,1050.98,286,2.75,2025-09-16T13:10:00,1050.98,TARGET,1180.17,730.18
htf,JINDALSTEL,2025-09-19,LONG,2025-09-19T10:10:00,1043.25,1039.57,1048.76,287,3.68,2025-09-19T11:10:00,1039.57,STOP,-1054.81,-1503.14
htf,JINDALSTEL,2025-09-24,LONG,2025-09-24T13:30:00,1055.40,1052.26,1060.12,284,3.14,2025-09-24T13:50:00,1060.12,TARGET,1339.47,888.86
htf,JINDALSTEL,2025-09-25,LONG,2025-09-25T10:40:00,1057.00,1053.13,1062.80,283,3.87,2025-09-25T10:50:00,1053.13,STOP,-1094.77,-1542.65
htf,JINDALSTEL,2025-10-01,LONG,2025-10-01T12:50:00,1063.60,1060.10,1068.86,282,3.50,2025-10-01T14:40:00,1065.50,TIME_STOP,535.80,85.50
htf,JINDALSTEL,2025-10-03,LONG,2025-10-03T11:20:00,1068.50,1063.53,1075.96,280,4.97,2025-10-03T11:40:00,1075.96,TARGET,2089.38,1639.04
htf,JINDALSTEL,2025-10-14,SHORT,2025-10-14T10:30:00,1005.40,1008.51,1000.74,298,3.11,2025-10-14T11:10:00,1000.74,TARGET,1390.11,941.74
htf,JINDALSTEL,2025-10-15,SHORT,2025-10-15T10:30:00,996.00,999.25,991.12,301,3.25,2025-10-15T11:00:00,999.25,STOP,-978.27,-1428.69
htf,JINDALSTEL,2025-10-31,LONG,2025-10-31T12:20:00,1070.50,1066.82,1076.02,280,3.68,2025-10-31T14:10:00,1071.30,TIME_STOP,224.00,-225.78
htf,JINDALSTEL,2025-11-04,LONG,2025-11-04T14:00:00,1077.00,1074.46,1080.81,278,2.54,2025-11-04T14:10:00,1074.46,STOP,-705.79,-1154.37
htf,JINDALSTEL,2025-11-11,LONG,2025-11-11T12:40:00,1075.00,1071.62,1080.07,279,3.38,2025-11-11T13:00:00,1071.62,STOP,-942.34,-1391.52
htf,JINDALSTEL,2025-11-20,LONG,2025-11-20T10:10:00,1073.00,1069.00,1079.00,279,4.00,2025-11-20T11:20:00,1069.00,STOP,-1115.51,-1563.72
htf,JINDALSTEL,2025-12-02,SHORT,2025-12-02T11:10:00,1043.10,1046.09,1038.61,287,2.99,2025-12-02T12:50:00,1038.61,TARGET,1287.65,839.56
htf,JINDALSTEL,2025-12-08,SHORT,2025-12-08T10:10:00,1001.80,1005.36,996.47,299,3.56,2025-12-08T10:40:00,1005.36,STOP,-1063.28,-1513.38
htf,JINDALSTEL,2025-12-11,LONG,2025-12-11T14:00:00,1011.50,1008.52,1015.97,296,2.98,2025-12-11T14:50:00,1008.52,STOP,-881.34,-1329.78
htf,JINDALSTEL,2025-12-19,SHORT,2025-12-19T11:10:00,982.80,986.42,977.37,305,3.62,2025-12-19T11:20:00,986.42,STOP,-1103.26,-1553.71
htf,JINDALSTEL,2025-12-24,LONG,2025-12-24T12:40:00,1005.10,1002.69,1008.71,298,2.41,2025-12-24T13:30:00,1002.69,STOP,-717.04,-1165.79
htf,JINDALSTEL,2025-12-29,SHORT,2025-12-29T13:20:00,992.90,996.49,987.52,302,3.59,2025-12-29T15:10:00,990.60,TIME_STOP,694.60,245.34
htf,JINDALSTEL,2026-01-13,SHORT,2026-01-13T12:40:00,1021.90,1025.72,1016.17,293,3.82,2026-01-13T13:00:00,1016.17,TARGET,1678.05,1230.19
htf,JINDALSTEL,2026-01-20,LONG,2026-01-20T12:10:00,1054.60,1050.23,1061.15,284,4.37,2026-01-20T13:40:00,1050.23,STOP,-1239.85,-1688.18
htf,JINDALSTEL,2026-01-27,LONG,2026-01-27T13:20:00,1074.60,1070.56,1080.66,279,4.04,2026-01-27T13:40:00,1070.56,STOP,-1126.66,-1575.53
htf,JINDALSTEL,2026-02-05,LONG,2026-02-05T11:30:00,1175.30,1170.86,1181.96,255,4.44,2026-02-05T11:40:00,1181.96,TARGET,1697.43,1246.61
htf,JINDALSTEL,2026-02-06,LONG,2026-02-06T11:40:00,1177.60,1173.41,1183.89,254,4.19,2026-02-06T12:00:00,1183.89,TARGET,1597.21,1147.34
htf,JINDALSTEL,2026-02-11,LONG,2026-02-11T10:00:00,1193.50,1189.61,1199.33,251,3.89,2026-02-11T10:00:00,1189.61,STOP,-975.72,-1424.34
htf,JINDALSTEL,2026-02-12,LONG,2026-02-12T11:20:00,1194.70,1191.01,1200.23,251,3.69,2026-02-12T12:40:00,1200.23,TARGET,1389.10,938.25
htf,JINDALSTEL,2026-02-19,LONG,2026-02-19T13:50:00,1219.80,1216.31,1225.04,245,3.49,2026-02-19T14:40:00,1216.31,STOP,-855.36,-1303.00
htf,JINDALSTEL,2026-02-20,LONG,2026-02-20T10:40:00,1224.10,1218.79,1232.07,245,5.31,2026-02-20T12:30:00,1226.30,TIME_STOP,539.00,88.74
htf,JINDALSTEL,2026-02-27,LONG,2026-02-27T14:00:00,1258.50,1255.06,1263.67,238,3.44,2026-02-27T14:30:00,1255.06,STOP,-819.59,-1268.26
htf,JINDALSTEL,2026-03-06,SHORT,2026-03-06T13:40:00,1183.00,1186.77,1177.34,253,3.77,2026-03-06T13:40:00,1186.77,STOP,-954.34,-1404.01
htf,JINDALSTEL,2026-03-12,LONG,2026-03-12T11:10:00,1194.80,1189.38,1202.93,251,5.42,2026-03-12T11:30:00,1202.93,TARGET,2041.22,1589.85
htf,LT,2024-03-20,SHORT,2024-03-20T10:20:00,3501.10,3511.21,3485.93,85,10.11,2024-03-20T11:00:00,3511.21,STOP,-859.65,-1306.69
htf,LT,2024-04-04,LONG,2024-04-04T13:10:00,3784.15,3771.11,3803.72,79,13.04,2024-04-04T13:20:00,3803.72,TARGET,1545.80,1096.22
htf,LT,2024-04-18,SHORT,2024-04-18T13:00:00,3589.00,3600.72,3571.42,83,11.72,2024-04-18T13:30:00,3571.42,TARGET,1459.24,1013.51
htf,LT,2024-04-30,LONG,2024-04-30T13:40:00,3639.35,3633.04,3648.82,82,6.31,2024-04-30T14:00:00,3633.04,STOP,-517.67,-964.92
htf,LT,2024-05-07,SHORT,2024-05-07T13:10:00,3462.05,3474.44,3443.47,86,12.39,2024-05-07T13:40:00,3471.85,REVERSE,-842.80,-1290.04
htf,LT,2024-05-16,LONG,2024-05-16T14:10:00,3400.00,3388.22,3417.67,88,11.78,2024-05-16T14:10:00,3395.60,REVERSE,-387.20,-835.71
htf,LT,2024-05-22,LONG,2024-05-22T10:20:00,3463.00,3453.05,3477.92,86,9.95,2024-05-22T11:50:00,3453.05,STOP,-855.53,-1301.62
htf,LT,2024-05-27,LONG,2024-05-27T10:40:00,3637.85,3624.39,3658.04,82,13.46,2024-05-27T11:30:00,3658.04,TARGET,1655.71,1207.02
htf,LT,2024-05-28,LONG,2024-05-28T13:30:00,3668.15,3658.49,3682.64,81,9.66,2024-05-28T14:00:00,3658.49,STOP,-782.47,-1227.56
htf,LT,2024-05-29,LONG,2024-05-29T13:50:00,3646.55,3637.65,3659.90,82,8.90,2024-05-29T14:50:00,3637.65,STOP,-729.86,-1177.84
htf,LT,2024-05-30,LONG,2024-05-30T13:10:00,3642.80,3633.97,3656.05,82,8.83,2024-05-30T13:20:00,3633.97,STOP,-724.39,-1171.91
htf,LT,2024-06-04,SHORT,2024-06-04T11:10:00,3571.95,3611.42,3512.74,63,39.47,2024-06-04T11:10:00,3512.74,TARGET,3729.96,3395.21
htf,LT,2024-07-04,LONG,2024-07-04T12:20:00,3625.10,3617.55,3636.43,82,7.55,2024-07-04T13:00:00,3617.55,STOP,-619.43,-1064.85
htf,LT,2024-07-08,LONG,2024-07-08T10:20:00,3617.00,3604.68,3635.48,82,12.32,2024-07-08T10:50:00,3604.68,STOP,-1010.06,-1454.19
htf,LT,2024-07-11,SHORT,2024-07-11T12:10:00,3641.55,3652.63,3624.94,82,11.08,2024-07-11T12:30:00,3624.94,TARGET,1362.42,915.53
htf,LT,2024-07-12,LONG,2024-07-12T11:10:00,3657.75,3644.73,3677.27,82,13.02,2024-07-12T11:20:00,3644.73,STOP,-1067.32,-1516.42
htf,LT,2024-07-19,SHORT,2024-07-19T10:10:00,3632.15,3643.07,3615.77,82,10.92,2024-07-19T11:30:00,3643.07,STOP,-895.62,-1343.04
htf,LT,2024-07-22,LONG,2024-07-22T11:10:00,3637.80,3624.41,3657.88,82,13.39,2024-07-22T12:30:00,3624.41,STOP,-1097.65,-1544.28
htf,LT,2024-07-23,SHORT,2024-07-23T12:10:00,3555.65,3580.23,3518.79,84,24.58,2024-07-23T12:20:00,3518.79,TARGET,3096.45,2650.76
htf,LT,2024-08-09,SHORT,2024-08-09T12:40:00,3578.15,3586.13,3566.18,83,7.98,2024-08-09T13:00:00,3586.13,STOP,-662.59,-1108.57
htf,LT,2024-08-12,LONG,2024-08-12T11:10:00,3596.80,3587.08,3611.38,83,9.72,2024-08-12T11:40:00,3587.08,STOP,-806.69,-1253.88
htf,LT,2024-08-13,SHORT,2024-08-13T12:40:00,3581.00,3587.56,3571.16,83,6.56,2024-08-13T13:00:00,3571.16,TARGET,817.10,371.88
htf,LT,2024-08-19,SHORT,2024-08-19T10:40:00,3560.90,3569.03,3548.71,84,8.13,2024-08-19T10:50:00,3548.71,TARGET,1024.37,576.47
htf,LT,2024-08-29,LONG,2024-08-29T10:30:00,3704.05,3695.06,3717.54,80,8.99,2024-08-29T11:50:00,3695.06,STOP,-719.49,-1163.44
htf,LT,2024-09-09,SHORT,2024-09-09T10:30:00,3568.75,3579.86,3552.09,84,11.11,2024-09-09T10:40:00,3579.30,REVERSE,-886.20,-1336.53
htf,LT,2024-10-04,SHORT,2024-10-04T13:00:00,3486.85,3504.92,3459.74,86,18.07,2024-10-04T14:50:00,3484.55,TIME_STOP,197.80,-251.86
htf,LT,2024-10-11,SHORT,2024-10-11T12:50:00,3475.75,3483.86,3463.58,86,8.11,2024-10-11T13:10:00,3483.86,STOP,-697.58,-1146.48
htf,LT,2024-10-15,LONG,2024-10-15T12:00:00,3552.45,3543.60,3565.72,84,8.85,2024-10-15T12:40:00,3543.60,STOP,-743.00,-1190.05
htf,LT,2024-11-05,LONG,2024-11-05T14:10:00,3565.00,3555.21,3579.68,84,9.79,2024-11-05T14:30:00,3579.68,TARGET,1233.17,783.06
htf,LT,2024-11-11,LONG,2024-11-11T11:30:00,3660.10,3651.20,3673.45,81,8.90,2024-11-11T12:00:00,3651.20,STOP,-720.98,-1165.14
htf,LT,2024-11-22,SHORT,2024-11-22T10:00:00,3484.60,3498.56,3463.66,86,13.96,2024-11-22T10:00:00,3498.56,STOP,-1200.58,-1650.99
htf,LT,2024-12-11,LONG,2024-12-11T10:40:00,3931.05,3920.07,3947.52,76,10.98,2024-12-11T12:20:00,3920.07,STOP,-834.34,-1281.85
htf,LT,2024-12-16,SHORT,2024-12-16T11:40:00,3869.65,3882.44,3850.46,77,12.79,2024-12-16T13:30:00,3875.00,TIME_STOP,-411.95,-859.20
htf,LT,2024-12-24,SHORT,2024-12-24T13:50:00,3646.80,3654.47,3635.30,82,7.67,2024-12-24T15:10:00,3635.30,TARGET,942.93,495.08
htf,LT,2025-01-03,LONG,2025-01-03T11:40:00,3705.05,3693.70,3722.08,80,11.35,2025-01-03T12:10:00,3693.70,STOP,-908.14,-1352.07
htf,LT,2025-01-08,SHORT,2025-01-08T10:50:00,3608.00,3620.02,3589.98,83,12.02,2025-01-08T12:40:00,3613.00,TIME_STOP,-415.00,-864.51
htf,LT,2025-01-16,SHORT,2025-01-16T10:30:00,3486.10,3496.66,3470.26,86,10.56,2025-01-16T10:40:00,3496.66,STOP,-908.38,-1358.76
htf,LT,2025-01-24,SHORT,2025-01-24T12:40:00,3490.20,3500.24,3475.13,85,10.04,2025-01-24T13:40:00,3475.13,TARGET,1280.70,836.66
htf,LT,2025-01-28,SHORT,2025-01-28T10:10:00,3440.10,3454.69,3418.21,87,14.59,2025-01-28T10:10:00,3418.21,TARGET,1904.50,1456.99
htf,LT,2025-01-30,SHORT,2025-01-30T12:30:00,3420.80,3438.97,3393.54,87,18.17,2025-01-30T14:20:00,3425.05,TIME_STOP,-369.75,-816.44
htf,LT,2025-02-01,SHORT,2025-02-01T12:10:00,3522.05,3548.03,3483.09,85,25.98,2025-02-01T12:20:00,3483.09,TARGET,3311.98,2865.40
htf,LT,2025-02-11,SHORT,2025-02-11T10:00:00,3305.00,3316.34,3288.00,90,11.34,2025-02-11T11:50:00,3300.00,TIME_STOP,450.00,4.16
htf,LT,2025-03-03,SHORT,2025-03-03T11:50:00,3168.95,3180.43,3151.73,94,11.48,2025-03-03T12:10:00,3180.43,STOP,-1079.16,-1526.79
htf,LT,2025-03-04,LONG,2025-03-04T11:10:00,3200.00,3191.01,3213.48,93,8.99,2025-03-04T12:40:00,3213.48,TARGET,1253.52,806.18
htf,LT,2025-03-17,SHORT,2025-03-17T11:10:00,3194.50,3204.21,3179.94,93,9.71,2025-03-17T12:20:00,3179.94,TARGET,1354.39,909.77
htf,LT,2025-03-20,LONG,2025-03-20T11:10:00,3302.90,3293.37,3317.20,90,9.53,2025-03-20T13:00:00,3309.35,TIME_STOP,580.50,134.17
htf,LT,2025-04-02,SHORT,2025-04-02T11:40:00,3440.10,3451.17,3423.50,87,11.07,2025-04-02T12:40:00,3423.50,TARGET,1444.18,996.33
htf,LT,2025-04-09,SHORT,2025-04-09T10:00:00,3122.50,3142.46,3092.56,96,19.96,2025-04-09T11:50:00,3117.35,TIME_STOP,494.40,45.13
htf,LT,2025-04-17,LONG,2025-04-17T13:20:00,3220.50,3209.34,3237.24,93,11.16,2025-04-17T13:50:00,3237.24,TARGET,1556.64,1106.21
htf,LT,2025-04-22,LONG,2025-04-22T14:10:00,3273.80,3266.80,3284.29,91,7.00,2025-04-22T14:20:00,3266.80,STOP,-636.57,-1082.97
htf,LT,2025-04-24,LONG,2025-04-24T12:40:00,3293.60,3287.07,3303.40,91,6.53,2025-04-24T13:00:00,3303.40,TARGET,891.84,441.60
htf,LT,2025-04-25,SHORT,2025-04-25T10:10:00,3260.80,3272.92,3242.62,92,12.12,2025-04-25T10:10:00,3272.92,STOP,-1114.87,-1565.69
htf,LT,2025-04-30,LONG,2025-04-30T10:00:00,3351.20,3341.20,3366.20,89,10.00,2025-04-30T10:00:00,3341.20,STOP,-889.71,-1336.43
htf,LT,2025-05-02,LONG,2025-05-02T13:40:00,3357.70,3347.18,3373.49,89,10.52,2025-05-02T14:00:00,3347.18,STOP,-936.68,-1384.23
htf,LT,2025-05-06,LONG,2025-05-06T12:50:00,3334.00,3325.34,3346.99,89,8.66,2025-05-06T13:00:00,3346.99,TARGET,1156.37,710.41
htf,LT,2025-05-07,SHORT,2025-05-07T13:20:00,3314.30,3324.39,3299.17,90,10.09,2025-05-07T14:10:00,3324.39,STOP,-907.96,-1356.07
htf,LT,2025-05-15,LONG,2025-05-15T13:20:00,3600.80,3588.23,3619.65,83,12.57,2025-05-15T13:40:00,3619.65,TARGET,1564.40,1114.93
htf,LT,2025-05-16,LONG,2025-05-16T12:40:00,3610.10,3600.84,3624.00,83,9.26,2025-05-16T13:10:00,3604.50,REVERSE,-464.80,-913.91
htf,LT,2025-05-27,LONG,2025-05-27T11:50:00,3653.00,3639.81,3672.79,82,13.19,2025-05-27T12:20:00,3639.81,STOP,-1081.89,-1530.40
htf,LT,2025-06-02,LONG,2025-06-02T12:40:00,3678.70,3669.13,3693.06,81,9.57,2025-06-02T13:40:00,3693.06,TARGET,1163.02,715.19
htf,LT,2025-06-04,SHORT,2025-06-04T11:00:00,3633.20,3643.05,3618.43,82,9.85,2025-06-04T12:50:00,3622.00,TIME_STOP,918.40,472.21
htf,LT,2025-06-11,LONG,2025-06-11T11:00:00,3687.10,3679.70,3698.20,81,7.40,2025-06-11T11:00:00,3679.70,STOP,-599.35,-1046.88
htf,LT,2025-06-12,SHORT,2025-06-12T10:10:00,3668.00,3676.19,3655.71,81,8.19,2025-06-12T10:30:00,3676.19,STOP,-663.50,-1109.66
htf,LT,2025-06-18,SHORT,2025-06-18T11:10:00,3610.00,3617.02,3599.46,83,7.02,2025-06-18T11:30:00,3599.46,TARGET,874.51,425.72
htf,LT,2025-06-25,SHORT,2025-06-25T14:10:00,3616.70,3625.80,3603.06,82,9.10,2025-06-25T14:30:00,3625.80,STOP,-745.90,-1191.31
htf,LT,2025-07-03,SHORT,2025-07-03T11:50:00,3603.10,3610.73,3591.65,83,7.63,2025-07-03T13:00:00,3591.65,TARGET,950.11,502.23
htf,LT,2025-07-07,SHORT,2025-07-07T11:40:00,3589.20,3596.91,3577.64,83,7.71,2025-07-07T13:00:00,3592.50,REVERSE,-273.90,-720.96
htf,LT,2025-07-10,SHORT,2025-07-10T11:10:00,3579.90,3585.25,3571.88,83,5.35,2025-07-10T12:10:00,3582.00,REVERSE,-174.30,-620.13
htf,LT,2025-07-15,SHORT,2025-07-15T13:20:00,3495.00,3500.91,3486.13,85,5.91,2025-07-15T15:10:00,3492.40,TIME_STOP,221.00,-224.45
htf,LT,2025-07-17,SHORT,2025-07-17T11:00:00,3490.00,3496.89,3479.66,85,6.89,2025-07-17T11:10:00,3479.66,TARGET,878.94,434.62
htf,LT,2025-07-22,SHORT,2025-07-22T10:10:00,3484.40,3491.62,3473.57,86,7.22,2025-07-22T10:40:00,3473.57,TARGET,931.50,482.71
htf,LT,2025-07-23,SHORT,2025-07-23T10:40:00,3463.20,3469.66,3453.51,86,6.46,2025-07-23T12:30:00,3463.00,TIME_STOP,17.20,-429.54
htf,LT,2025-07-25,SHORT,2025-07-25T10:20:00,3456.50,3463.15,3446.52,86,6.65,2025-07-25T11:20:00,3463.15,STOP,-572.08,-1018.39
htf,LT,2025-08-05,LONG,2025-08-05T12:20:00,3634.00,3627.26,3644.11,82,6.74,2025-08-05T13:20:00,3644.11,TARGET,829.13,381.53
htf,LT,2025-08-13,LONG,2025-08-13T10:00:00,3698.30,3688.79,3712.56,81,9.51,2025-08-13T11:00:00,3712.56,TARGET,1155.02,704.81
htf,LT,2025-08-14,LONG,2025-08-14T14:10:00,3682.00,3674.51,3693.24,81,7.49,2025-08-14T14:10:00,3674.51,STOP,-606.91,-1053.82
htf,LT,2025-08-21,SHORT,2025-08-21T14:10:00,3619.00,3624.44,3610.85,82,5.44,2025-08-21T14:10:00,3623.60,REVERSE,-377.20,-822.62
htf,LT,2025-08-28,SHORT,2025-08-28T12:50:00,3559.40,3566.70,3548.45,84,7.30,2025-08-28T13:30:00,3548.45,TARGET,920.15,472.36
htf,LT,2025-09-01,LONG,2025-09-01T13:40:00,3604.30,3596.93,3615.35,83,7.37,2025-09-01T15:20:00,3596.93,STOP,-611.67,-1059.95
htf,LT,2025-09-05,SHORT,2025-09-05T10:20:00,3577.00,3586.97,3562.04,83,9.97,2025-09-05T12:10:00,3565.00,TIME_STOP,996.00,551.41
htf,LT,2025-09-11,SHORT,2025-09-11T12:50:00,3535.60,3541.15,3527.27,84,5.55,2025-09-11T13:30:00,3541.15,STOP,-466.57,-912.40
htf,LT,2025-10-07,LONG,2025-10-07T12:00:00,3753.60,3744.29,3767.57,79,9.31,2025-10-07T13:10:00,3744.29,STOP,-735.66,-1179.91
htf,LT,2025-10-08,LONG,2025-10-08T10:10:00,3752.90,3742.29,3768.82,79,10.61,2025-10-08T11:00:00,3742.29,STOP,-838.23,-1282.32
htf,LT,2025-10-14,SHORT,2025-10-14T10:10:00,3760.60,3769.81,3746.79,79,9.21,2025-10-14T10:20:00,3769.81,STOP,-727.57,-1173.75
htf,LT,2025-10-21,LONG,2025-10-21T14:10:00,3890.50,3879.82,3906.52,77,10.68,2025-10-21T14:40:00,3885.00,EOD_FORCED,-423.50,-872.54
htf,LT,2025-11-11,LONG,2025-11-11T12:40:00,3931.80,3923.44,3944.34,76,8.36,2025-11-11T12:40:00,3923.44,STOP,-635.18,-1082.93
htf,LT,2025-11-12,LONG,2025-11-12T14:10:00,3949.90,3942.69,3960.72,75,7.21,2025-11-12T15:20:00,3951.60,EOD,127.50,-316.96
htf,LT,2025-11-18,LONG,2025-11-18T14:10:00,4005.10,3997.33,4016.75,74,7.77,2025-11-18T14:10:00,3997.33,STOP,-574.73,-1018.87
htf,LT,2025-11-19,LONG,2025-11-19T11:50:00,4014.00,4005.37,4026.94,74,8.63,2025-11-19T12:50:00,4005.37,STOP,-638.42,-1083.50
htf,LT,2025-11-25,LONG,2025-11-25T10:20:00,4027.70,4019.39,4040.16,74,8.31,2025-11-25T10:50:00,4019.39,STOP,-614.83,-1061.44
htf,LT,2025-11-26,LONG,2025-11-26T10:20:00,4039.10,4026.71,4057.69,74,12.39,2025-11-26T10:50:00,4057.69,TARGET,1375.72,926.35
htf,LT,2025-11-28,LONG,2025-11-28T10:20:00,4098.90,4089.12,4113.57,73,9.78,2025-11-28T11:00:00,4089.12,STOP,-713.90,-1162.19
htf,LT,2025-12-01,SHORT,2025-12-01T11:20:00,4065.40,4074.84,4051.24,73,9.44,2025-12-01T11:30:00,4074.84,STOP,-689.13,-1134.80
htf,LT,2025-12-02,SHORT,2025-12-02T10:00:00,4061.60,4070.71,4047.94,73,9.11,2025-12-02T11:50:00,4048.90,TIME_STOP,927.10,483.05
htf,LT,2025-12-04,SHORT,2025-12-04T14:00:00,3993.00,4000.08,3982.38,75,7.08,2025-12-04T15:20:00,3982.38,TARGET,796.46,347.85
htf,LT,2025-12-08,SHORT,2025-12-08T10:10:00,4011.70,4020.52,3998.48,74,8.82,2025-12-08T12:00:00,4008.20,TIME_STOP,259.00,-186.10
htf,LT,2025-12-10,SHORT,2025-12-10T14:10:00,3997.50,4005.70,3985.19,75,8.20,2025-12-10T14:50:00,3985.19,TARGET,922.88,473.85
htf,LT,2025-12-11,LONG,2025-12-11T12:10:00,4006.00,3997.65,4018.52,74,8.35,2025-12-11T12:30:00,3997.65,STOP,-617.55,-1061.75
htf,LT,2025-12-18,LONG,2025-12-18T12:30:00,4049.90,4042.07,4061.65,74,7.83,2025-12-18T12:40:00,4061.65,TARGET,869.68,419.48
htf,LT,2025-12-22,LONG,2025-12-22T11:50:00,4080.90,4074.40,4090.65,73,6.50,2025-12-22T12:50:00,4074.40,STOP,-474.71,-921.21
htf,LT,2025-12-29,SHORT,2025-12-29T13:20:00,4047.00,4051.98,4039.52,74,4.98,2025-12-29T13:40:00,4039.52,TARGET,553.16,104.36
htf,LT,2026-01-06,LONG,2026-01-06T10:20:00,4182.00,4171.82,4197.27,71,10.18,2026-01-06T10:20:00,4171.82,STOP,-722.86,-1167.70
htf,LT,2026-01-14,SHORT,2026-01-14T12:50:00,3875.10,3887.90,3855.90,77,12.80,2026-01-14T14:40:00,3868.30,TIME_STOP,523.60,76.42
htf,LT,2026-01-20,SHORT,2026-01-20T10:50:00,3851.50,3862.14,3835.54,77,10.64,2026-01-20T11:10:00,3835.54,TARGET,1229.13,785.20
htf,LT,2026-01-22,SHORT,2026-01-22T11:10:00,3761.00,3772.78,3743.34,79,11.78,2026-01-22T11:30:00,3772.78,STOP,-930.29,-1376.67
htf,LT,2026-01-23,SHORT,2026-01-23T10:30:00,3772.00,3783.43,3754.85,79,11.43,2026-01-23T11:30:00,3754.85,TARGET,1354.82,908.85
htf,LT,2026-02-02,LONG,2026-02-02T13:20:00,3917.80,3904.04,3938.43,76,13.76,2026-02-02T13:20:00,3904.04,STOP,-1045.45,-1491.29
htf,LT,2026-02-05,LONG,2026-02-05T13:10:00,4071.90,4063.22,4084.92,73,8.68,2026-02-05T14:10:00,4063.22,STOP,-633.50,-1078.90
htf,LT,2026-02-06,LONG,2026-02-06T14:10:00,4066.80,4059.41,4077.89,73,7.39,2026-02-06T14:20:00,4059.41,STOP,-539.63,-984.54
htf,LT,2026-02-13,LONG,2026-02-13T11:40:00,4184.90,4174.27,4200.85,71,10.63,2026-02-13T13:30:00,4190.90,TIME_STOP,426.00,-20.01
htf,LT,2026-02-16,LONG,2026-02-16T13:30:00,4178.00,4170.83,4188.75,71,7.17,2026-02-16T14:10:00,4170.83,STOP,-508.80,-953.37
htf,LT,2026-02-19,LONG,2026-02-19T13:30:00,4304.20,4295.36,4317.46,69,8.84,2026-02-19T13:30:00,4295.36,STOP,-609.84,-1054.87
htf,LT,2026-02-26,LONG,2026-02-26T10:10:00,4331.10,4316.32,4353.26,69,14.78,2026-02-26T11:00:00,4316.32,STOP,-1019.53,-1467.03
htf,LT,2026-03-11,SHORT,2026-03-11T11:40:00,3868.40,3879.55,3851.67,77,11.15,2026-03-11T13:10:00,3851.67,TARGET,1288.26,842.42
htf,ADANIPORTS,2024-03-28,LONG,2024-03-28T12:40:00,1332.85,1328.34,1339.62,225,4.51,2024-03-28T14:00:00,1339.62,TARGET,1523.32,1072.34
htf,ADANIPORTS,2024-04-03,LONG,2024-04-03T12:40:00,1399.30,1394.98,1405.78,214,4.32,2024-04-03T14:30:00,1398.00,TIME_STOP,-278.20,-727.17
htf,ADANIPORTS,2024-04-12,SHORT,2024-04-12T11:20:00,1352.05,1355.52,1346.84,221,3.47,2024-04-12T12:20:00,1346.84,TARGET,1151.59,704.25
htf,ADANIPORTS,2024-04-18,SHORT,2024-04-18T13:40:00,1319.50,1323.84,1312.99,227,4.34,2024-04-18T13:40:00,1312.99,TARGET,1477.52,1029.34
htf,ADANIPORTS,2024-04-25,LONG,2024-04-25T13:40:00,1326.00,1323.16,1330.26,226,2.84,2024-04-25T14:00:00,1330.26,TARGET,963.35,513.11
htf,ADANIPORTS,2024-04-26,SHORT,2024-04-26T13:10:00,1325.40,1328.72,1320.43,226,3.32,2024-04-26T13:10:00,1328.72,STOP,-749.56,-1199.43
htf,ADANIPORTS,2024-05-07,SHORT,2024-05-07T10:30:00,1283.20,1289.34,1273.99,233,6.14,2024-05-07T10:50:00,1273.99,TARGET,2147.08,1700.21
htf,ADANIPORTS,2024-05-08,SHORT,2024-05-08T11:10:00,1282.05,1287.83,1273.37,234,5.78,2024-05-08T11:20:00,1287.83,STOP,-1353.54,-1804.56
htf,ADANIPORTS,2024-05-16,LONG,2024-05-16T11:50:00,1343.00,1336.45,1352.83,223,6.55,2024-05-16T11:50:00,1337.00,REVERSE,-1338.00,-1786.23
htf,ADANIPORTS,2024-05-22,LONG,2024-05-22T12:10:00,1381.00,1375.19,1389.72,217,5.81,2024-05-22T12:30:00,1375.19,STOP,-1261.51,-1710.08
htf,ADANIPORTS,2024-05-23,LONG,2024-05-23T11:20:00,1379.85,1374.16,1388.38,217,5.69,2024-05-23T11:20:00,1388.38,TARGET,1850.59,1400.06
htf,ADANIPORTS,2024-05-29,LONG,2024-05-29T12:10:00,1413.60,1407.79,1422.32,212,5.81,2024-05-29T13:10:00,1422.32,TARGET,1848.01,1397.10
htf,ADANIPORTS,2024-05-31,SHORT,2024-05-31T10:30:00,1394.80,1402.45,1383.33,215,7.65,2024-05-31T10:50:00,1402.45,STOP,-1644.44,-2095.49
htf,ADANIPORTS,2024-06-04,SHORT,2024-06-04T11:10:00,1346.35,1371.11,1309.20,100,24.76,2024-06-04T11:20:00,1309.20,TARGET,3714.62,3515.46
htf,ADANIPORTS,2024-06-13,LONG,2024-06-13T10:00:00,1401.05,1395.68,1409.11,214,5.37,2024-06-13T11:00:00,1397.05,REVERSE,-856.00,-1305.10
htf,ADANIPORTS,2024-07-01,LONG,2024-07-01T10:10:00,1488.60,1482.64,1497.54,201,5.96,2024-07-01T10:10:00,1482.64,STOP,-1197.44,-1645.36
htf,ADANIPORTS,2024-07-02,SHORT,2024-07-02T12:20:00,1467.30,1472.50,1459.50,204,5.20,2024-07-02T12:20:00,1472.50,STOP,-1060.39,-1510.18
htf,ADANIPORTS,2024-07-09,SHORT,2024-07-09T12:40:00,1481.15,1485.20,1475.07,202,4.05,2024-07-09T13:00:00,1485.20,STOP,-818.53,-1267.93
htf,ADANIPORTS,2024-07-10,SHORT,2024-07-10T10:30:00,1470.80,1475.81,1463.28,203,5.01,2024-07-10T10:40:00,1463.28,TARGET,1526.89,1080.18
htf,ADANIPORTS,2024-07-11,SHORT,2024-07-11T12:10:00,1478.30,1482.64,1471.79,202,4.34,2024-07-11T12:10:00,1482.64,STOP,-877.29,-1325.87
htf,ADANIPORTS,2024-07-19,SHORT,2024-07-19T10:20:00,1484.90,1490.71,1476.18,202,5.81,2024-07-19T10:20:00,1490.71,STOP,-1173.99,-1624.79
htf,ADANIPORTS,2024-07-23,LONG,2024-07-23T13:00:00,1497.45,1482.94,1519.22,172,14.51,2024-07-23T13:50:00,1482.94,STOP,-2495.75,-2880.22
htf,ADANIPORTS,2024-08-01,LONG,2024-08-01T13:00:00,1584.60,1578.28,1594.09,189,6.32,2024-08-01T13:00:00,1578.28,STOP,-1195.17,-1643.51
htf,ADANIPORTS,2024-08-02,LONG,2024-08-02T11:20:00,1588.95,1578.50,1604.62,188,10.45,2024-08-02T13:10:00,1594.35,TIME_STOP,1015.20,566.35
htf,ADANIPORTS,2024-08-08,SHORT,2024-08-08T13:30:00,1531.35,1537.81,1521.66,195,6.46,2024-08-08T15:00:00,1521.66,TARGET,1889.14,1442.63
htf,ADANIPORTS,2024-08-20,SHORT,2024-08-20T13:10:00,1493.90,1497.39,1488.66,200,3.49,2024-08-20T15:00:00,1492.15,TIME_STOP,350.00,-97.91
htf,ADANIPORTS,2024-08-27,SHORT,2024-08-27T11:10:00,1483.90,1487.13,1479.06,202,3.23,2024-08-27T13:00:00,1483.10,TIME_STOP,161.60,-287.90
htf,ADANIPORTS,2024-08-28,SHORT,2024-08-28T13:10:00,1481.20,1483.47,1477.79,202,2.27,2024-08-28T14:30:00,1477.79,TARGET,688.18,239.89
htf,ADANIPORTS,2024-08-29,SHORT,2024-08-29T14:00:00,1466.70,1471.38,1459.68,204,4.68,2024-08-29T14:30:00,1459.68,TARGET,1432.01,984.28
htf,ADANIPORTS,2024-09-03,LONG,2024-09-03T13:40:00,1487.80,1485.42,1491.36,201,2.38,2024-09-03T14:00:00,1485.42,STOP,-477.51,-925.73
htf,ADANIPORTS,2024-09-11,SHORT,2024-09-11T13:10:00,1447.35,1450.78,1442.20,207,3.43,2024-09-11T13:40:00,1442.20,TARGET,1066.11,617.51
htf,ADANIPORTS,2024-09-12,SHORT,2024-09-12T12:20:00,1444.35,1450.33,1435.38,207,5.98,2024-09-12T13:00:00,1450.33,STOP,-1237.89,-1687.29
htf,ADANIPORTS,2024-09-16,LONG,2024-09-16T10:40:00,1457.00,1453.28,1462.58,205,3.72,2024-09-16T10:50:00,1453.28,STOP,-763.23,-1210.68
htf,ADANIPORTS,2024-09-18,SHORT,2024-09-18T12:00:00,1429.00,1432.87,1423.20,209,3.87,2024-09-18T12:50:00,1423.20,TARGET,1211.73,764.65
htf,ADANIPORTS,2024-09-19,SHORT,2024-09-19T10:20:00,1420.95,1425.90,1413.53,211,4.95,2024-09-19T11:10:00,1413.53,TARGET,1566.67,1118.11
htf,ADANIPORTS,2024-09-30,LONG,2024-09-30T11:40:00,1461.75,1455.42,1471.24,205,6.33,2024-09-30T12:20:00,1455.42,STOP,-1296.84,-1745.36
htf,ADANIPORTS,2024-10-03,SHORT,2024-10-03T11:30:00,1445.30,1450.29,1437.81,207,4.99,2024-10-03T11:40:00,1437.81,TARGET,1550.14,1102.54
htf,ADANIPORTS,2024-10-04,SHORT,2024-10-04T13:10:00,1416.35,1423.73,1405.28,211,7.38,2024-10-04T14:50:00,1405.28,TARGET,2334.94,1888.42
htf,ADANIPORTS,2024-10-14,SHORT,2024-10-14T11:30:00,1410.00,1413.84,1404.24,212,3.84,2024-10-14T13:20:00,1409.00,TIME_STOP,212.00,-236.22
htf,ADANIPORTS,2024-11-08,LONG,2024-11-08T13:20:00,1359.35,1355.20,1365.57,220,4.15,2024-11-08T13:30:00,1355.20,STOP,-912.78,-1360.68
htf,ADANIPORTS,2024-11-11,LONG,2024-11-11T11:30:00,1355.60,1350.53,1363.21,221,5.07,2024-11-11T12:00:00,1350.53,STOP,-1121.52,-1570.06
htf,ADANIPORTS,2024-11-12,SHORT,2024-11-12T12:20:00,1345.30,1349.50,1339.00,222,4.20,2024-11-12T13:00:00,1339.00,TARGET,1398.38,951.44
htf,ADANIPORTS,2024-11-27,LONG,2024-11-27T12:10:00,1164.20,1151.87,1182.69,202,12.33,2024-11-27T12:50:00,1182.69,TARGET,3734.59,3379.04
htf,ADANIPORTS,2024-12-05,LONG,2024-12-05T13:30:00,1272.85,1267.22,1281.30,235,5.63,2024-12-05T14:30:00,1281.30,TARGET,1985.52,1535.35
htf,ADANIPORTS,2024-12-16,SHORT,2024-12-16T10:30:00,1244.05,1248.44,1237.46,241,4.39,2024-12-16T10:40:00,1248.44,STOP,-1059.15,-1509.67
htf,ADANIPORTS,2024-12-17,SHORT,2024-12-17T13:20:00,1244.30,1248.03,1238.71,241,3.73,2024-12-17T14:00:00,1238.71,TARGET,1346.70,897.90
htf,ADANIPORTS,2024-12-24,SHORT,2024-12-24T12:20:00,1186.30,1190.53,1179.96,252,4.23,2024-12-24T14:10:00,1182.80,TIME_STOP,882.00,434.24
htf,ADANIPORTS,2025-01-01,SHORT,2025-01-01T10:00:00,1211.00,1216.63,1202.56,247,5.63,2025-01-01T10:40:00,1216.63,STOP,-1389.40,-1839.11
htf,ADANIPORTS,2025-01-07,SHORT,2025-01-07T11:00:00,1172.20,1178.21,1163.19,255,6.01,2025-01-07T11:20:00,1175.85,REVERSE,-930.75,-1379.81
htf,ADANIPORTS,2025-01-15,SHORT,2025-01-15T13:40:00,1121.40,1125.52,1115.22,267,4.12,2025-01-15T15:00:00,1125.52,STOP,-1100.61,-1550.55
htf,ADANIPORTS,2025-01-20,LONG,2025-01-20T11:50:00,1164.70,1160.19,1171.47,257,4.51,2025-01-20T12:00:00,1160.19,STOP,-1159.66,-1607.78
htf,ADANIPORTS,2025-01-24,SHORT,2025-01-24T10:00:00,1095.15,1099.49,1088.64,273,4.34,2025-01-24T10:20:00,1088.64,TARGET,1778.52,1331.39
htf,ADANIPORTS,2025-01-28,SHORT,2025-01-28T12:40:00,1077.50,1083.14,1069.03,278,5.64,2025-01-28T12:50:00,1079.25,REVERSE,-486.50,-936.18
htf,ADANIPORTS,2025-01-31,LONG,2025-01-31T10:10:00,1091.25,1080.36,1107.58,229,10.89,2025-01-31T11:00:00,1107.58,TARGET,3739.36,3361.71
htf,ADANIPORTS,2025-02-12,LONG,2025-02-12T12:10:00,1137.85,1129.36,1150.58,263,8.49,2025-02-12T14:00:00,1131.90,TIME_STOP,-1564.85,-2012.56
htf,ADANIPORTS,2025-02-19,SHORT,2025-02-19T13:40:00,1082.65,1086.92,1076.25,277,4.27,2025-02-19T14:00:00,1084.80,REVERSE,-595.55,-1045.84
htf,ADANIPORTS,2025-02-28,LONG,2025-02-28T11:20:00,1076.80,1072.00,1084.00,278,4.80,2025-02-28T12:10:00,1074.35,REVERSE,-681.10,-1129.61
htf,ADANIPORTS,2025-03-04,SHORT,2025-03-04T11:50:00,1049.90,1054.46,1043.06,285,4.56,2025-03-04T13:40:00,1048.80,TIME_STOP,313.50,-135.10
htf,ADANIPORTS,2025-03-12,LONG,2025-03-12T10:00:00,1153.65,1148.87,1160.81,260,4.78,2025-03-12T10:00:00,1148.87,STOP,-1241.92,-1690.91
htf,ADANIPORTS,2025-03-13,LONG,2025-03-13T10:10:00,1130.00,1123.96,1139.06,265,6.04,2025-03-13T10:30:00,1139.06,TARGET,2401.52,1950.54
htf,ADANIPORTS,2025-03-20,LONG,2025-03-20T11:00:00,1171.95,1167.11,1179.21,255,4.84,2025-03-20T11:40:00,1170.20,REVERSE,-446.25,-894.19
htf,ADANIPORTS,2025-04-01,SHORT,2025-04-01T11:20:00,1178.95,1185.98,1168.40,254,7.03,2025-04-01T13:10:00,1176.15,TIME_STOP,711.20,262.55
htf,ADANIPORTS,2025-04-21,LONG,2025-04-21T14:00:00,1246.20,1241.30,1253.55,240,4.90,2025-04-21T14:00:00,1241.30,STOP,-1175.69,-1623.44
htf,ADANIPORTS,2025-05-22,SHORT,2025-05-22T10:20:00,1383.30,1389.59,1373.86,216,6.29,2025-05-22T11:10:00,1373.86,TARGET,2039.27,1592.61
htf,ADANIPORTS,2025-05-27,LONG,2025-05-27T11:30:00,1407.90,1403.21,1414.94,213,4.69,2025-05-27T11:30:00,1414.94,TARGET,1499.19,1048.25
htf,ADANIPORTS,2025-06-12,SHORT,2025-06-12T13:50:00,1448.40,1452.54,1442.19,207,4.14,2025-06-12T14:10:00,1442.19,TARGET,1284.61,835.85
htf,ADANIPORTS,2025-06-17,SHORT,2025-06-17T11:40:00,1398.90,1402.70,1393.20,214,3.80,2025-06-17T12:00:00,1393.20,TARGET,1220.60,772.47
htf,ADANIPORTS,2025-06-20,SHORT,2025-06-20T12:40:00,1337.10,1341.39,1330.67,224,4.29,2025-06-20T12:50:00,1341.39,STOP,-960.43,-1410.41
htf,ADANIPORTS,2025-07-02,LONG,2025-07-02T12:10:00,1448.50,1444.88,1453.94,207,3.62,2025-07-02T13:20:00,1444.88,STOP,-750.19,-1199.39
htf,ADANIPORTS,2025-07-03,LONG,2025-07-03T10:40:00,1448.40,1444.82,1453.78,207,3.58,2025-07-03T11:10:00,1444.82,STOP,-741.83,-1191.00
htf,ADANIPORTS,2025-07-10,LONG,2025-07-10T14:10:00,1444.70,1441.91,1448.89,207,2.79,2025-07-10T15:20:00,1442.60,EOD,-434.70,-882.95
htf,ADANIPORTS,2025-07-14,SHORT,2025-07-14T12:30:00,1436.20,1439.67,1430.99,208,3.47,2025-07-14T13:50:00,1430.99,TARGET,1083.61,636.33
htf,ADANIPORTS,2025-07-22,SHORT,2025-07-22T10:30:00,1441.60,1445.21,1436.19,208,3.61,2025-07-22T10:50:00,1445.21,STOP,-750.30,-1200.64
htf,ADANIPORTS,2025-07-30,SHORT,2025-07-30T14:10:00,1394.00,1396.46,1390.31,215,2.46,2025-07-30T15:20:00,1396.30,EOD,-494.50,-944.44
htf,ADANIPORTS,2025-08-05,SHORT,2025-08-05T10:10:00,1371.80,1377.59,1363.11,218,5.79,2025-08-05T11:20:00,1377.59,STOP,-1262.25,-1711.78
htf,ADANIPORTS,2025-08-08,SHORT,2025-08-08T10:40:00,1327.50,1333.99,1317.76,225,6.49,2025-08-08T11:20:00,1333.99,STOP,-1460.52,-1909.64
htf,ADANIPORTS,2025-08-12,SHORT,2025-08-12T11:50:00,1335.50,1339.92,1328.87,224,4.42,2025-08-12T12:20:00,1339.92,STOP,-989.46,-1438.93
htf,ADANIPORTS,2025-08-28,SHORT,2025-08-28T13:30:00,1321.60,1325.24,1316.14,226,3.64,2025-08-28T15:10:00,1316.14,TARGET,1233.52,786.42
htf,ADANIPORTS,2025-08-29,SHORT,2025-08-29T14:00:00,1311.60,1315.30,1306.05,228,3.70,2025-08-29T15:20:00,1313.90,EOD,-524.40,-973.36
htf,ADANIPORTS,2025-09-03,LONG,2025-09-03T12:20:00,1338.80,1335.88,1343.18,224,2.92,2025-09-03T13:00:00,1335.88,STOP,-654.01,-1103.36
htf,ADANIPORTS,2025-09-12,LONG,2025-09-12T10:10:00,1398.50,1394.59,1404.37,214,3.91,2025-09-12T11:10:00,1404.37,TARGET,1255.14,805.28
htf,ADANIPORTS,2025-09-17,LONG,2025-09-17T12:00:00,1405.60,1402.84,1409.75,213,2.76,2025-09-17T13:10:00,1409.75,TARGET,883.36,433.61
htf,ADANIPORTS,2025-09-23,LONG,2025-09-23T13:20:00,1445.60,1440.34,1453.50,207,5.26,2025-09-23T15:10:00,1442.90,TIME_STOP,-558.90,-1007.34
htf,ADANIPORTS,2025-09-24,LONG,2025-09-24T12:20:00,1450.50,1445.21,1458.43,206,5.29,2025-09-24T12:20:00,1445.21,STOP,-1088.95,-1536.34
htf,ADANIPORTS,2025-10-01,SHORT,2025-10-01T11:10:00,1394.70,1398.46,1389.06,215,3.76,2025-10-01T11:20:00,1398.46,STOP,-808.30,-1258.70
htf,ADANIPORTS,2025-10-07,SHORT,2025-10-07T12:00:00,1403.60,1407.38,1397.93,213,3.78,2025-10-07T12:10:00,1407.38,STOP,-804.66,-1253.71
htf,ADANIPORTS,2025-10-13,LONG,2025-10-13T10:30:00,1411.40,1407.04,1417.93,212,4.36,2025-10-13T10:50:00,1417.93,TARGET,1385.21,935.34
htf,ADANIPORTS,2025-10-17,LONG,2025-10-17T10:50:00,1481.40,1477.21,1487.68,202,4.19,2025-10-17T11:10:00,1487.68,TARGET,1268.83,819.01
htf,ADANIPORTS,2025-10-23,LONG,2025-10-23T10:10:00,1476.00,1471.27,1483.09,203,4.73,2025-10-23T10:30:00,1471.27,STOP,-959.20,-1407.93
htf,ADANIPORTS,2025-10-31,LONG,2025-10-31T13:10:00,1456.30,1452.56,1461.90,206,3.74,2025-10-31T14:00:00,1452.56,STOP,-769.73,-1219.15
htf,ADANIPORTS,2025-11-04,SHORT,2025-11-04T14:10:00,1438.10,1444.21,1428.93,208,6.11,2025-11-04T14:20:00,1444.21,STOP,-1271.75,-1721.39
htf,ADANIPORTS,2025-11-06,LONG,2025-11-06T13:00:00,1453.00,1447.40,1461.40,206,5.60,2025-11-06T13:20:00,1447.40,STOP,-1154.09,-1602.20
htf,ADANIPORTS,2025-11-07,LONG,2025-11-07T11:20:00,1450.50,1444.72,1459.17,206,5.78,2025-11-07T11:20:00,1459.17,TARGET,1785.58,1336.04
htf,ADANIPORTS,2025-11-10,LONG,2025-11-10T10:30:00,1453.50,1448.76,1460.62,206,4.74,2025-11-10T12:20:00,1451.00,TIME_STOP,-515.00,-963.75
htf,ADANIPORTS,2025-11-17,LONG,2025-11-17T13:00:00,1510.00,1506.86,1514.70,198,3.14,2025-11-17T13:20:00,1507.70,REVERSE,-455.40,-903.53
htf,ADANIPORTS,2025-11-25,SHORT,2025-11-25T11:10:00,1478.50,1482.01,1473.24,202,3.51,2025-11-25T13:00:00,1482.01,STOP,-708.31,-1156.83
htf,ADANIPORTS,2025-11-27,LONG,2025-11-27T11:10:00,1509.90,1506.59,1514.87,198,3.31,2025-11-27T11:50:00,1506.59,STOP,-655.59,-1103.54
htf,ADANIPORTS,2025-12-04,SHORT,2025-12-04T11:30:00,1495.40,1499.81,1488.78,200,4.41,2025-12-04T13:00:00,1499.81,STOP,-882.20,-1331.49
htf,ADANIPORTS,2025-12-11,LONG,2025-12-11T10:50:00,1506.90,1502.11,1514.09,199,4.79,2025-12-11T11:00:00,1502.11,STOP,-953.50,-1402.60
htf,ADANIPORTS,2025-12-24,LONG,2025-12-24T12:20:00,1506.90,1504.05,1511.18,199,2.85,2025-12-24T13:30:00,1504.05,STOP,-567.73,-1017.11
htf,ADANIPORTS,2025-12-30,SHORT,2025-12-30T12:10:00,1461.80,1464.89,1457.16,205,3.09,2025-12-30T13:00:00,1463.40,REVERSE,-328.00,-777.75
htf,ADANIPORTS,2026-01-05,LONG,2026-01-05T12:50:00,1488.90,1486.07,1493.15,201,2.83,2026-01-05T12:50:00,1493.15,TARGET,853.36,403.81
htf,ADANIPORTS,2026-01-13,SHORT,2026-01-13T12:10:00,1431.60,1436.49,1424.26,209,4.89,2026-01-13T14:00:00,1424.60,TIME_STOP,1463.00,1015.29
htf,ADANIPORTS,2026-01-14,SHORT,2026-01-14T14:10:00,1429.70,1432.61,1425.33,209,2.91,2026-01-14T14:40:00,1432.61,STOP,-608.59,-1057.26
htf,ADANIPORTS,2026-01-27,SHORT,2026-01-27T11:20:00,1344.70,1355.82,1328.02,223,11.12,2026-01-27T11:40:00,1355.82,STOP,-2480.26,-2931.92
htf,ADANIPORTS,2026-02-11,LONG,2026-02-11T13:50:00,1554.40,1550.81,1559.79,193,3.59,2026-02-11T14:40:00,1550.81,STOP,-693.01,-1142.49
htf,ADANIPORTS,2026-02-16,LONG,2026-02-16T12:10:00,1532.60,1526.76,1541.35,195,5.84,2026-02-16T12:10:00,1541.35,TARGET,1707.21,1257.65
htf,ADANIPORTS,2026-02-20,SHORT,2026-02-20T13:30:00,1515.60,1520.30,1508.55,197,4.70,2026-02-20T14:20:00,1520.30,STOP,-926.13,-1374.68
htf,ADANIPORTS,2026-02-24,LONG,2026-02-24T14:10:00,1548.90,1544.90,1554.90,193,4.00,2026-02-24T15:20:00,1554.90,TARGET,1157.94,708.66
htf,ADANIPORTS,2026-02-26,LONG,2026-02-26T11:30:00,1548.40,1543.14,1556.30,193,5.26,2026-02-26T11:50:00,1543.14,STOP,-1016.09,-1463.59
htf,ADANIPORTS,2026-03-10,SHORT,2026-03-10T11:40:00,1423.20,1430.00,1413.00,210,6.80,2026-03-10T13:30:00,1425.60,TIME_STOP,-504.00,-952.69
htf,ADANIPORTS,2026-03-11,SHORT,2026-03-11T13:10:00,1427.40,1433.49,1418.26,210,6.09,2026-03-11T14:10:00,1418.26,TARGET,1918.43,1470.24
rsi50,INDUSINDBK,2024-03-20,LONG,2024-03-20T12:10:00,1450.20,1442.65,1461.52,206,7.55,2024-03-20T13:10:00,1461.52,TARGET,2332.92,1883.06
rsi50,INDUSINDBK,2024-04-01,SHORT,2024-04-01T13:10:00,1552.65,1557.31,1545.66,193,4.66,2024-04-01T14:20:00,1545.66,TARGET,1348.64,900.16
rsi50,INDUSINDBK,2024-04-02,SHORT,2024-04-02T14:10:00,1556.15,1559.97,1550.42,192,3.82,2024-04-02T14:20:00,1559.97,STOP,-733.15,-1181.87
rsi50,INDUSINDBK,2024-04-04,LONG,2024-04-04T13:40:00,1539.50,1534.51,1546.99,194,4.99,2024-04-04T14:50:00,1546.99,TARGET,1453.16,1004.07
rsi50,INDUSINDBK,2024-04-05,SHORT,2024-04-05T12:50:00,1534.85,1538.95,1528.70,195,4.10,2024-04-05T13:20:00,1536.20,REVERSE,-263.25,-712.39
rsi50,INDUSINDBK,2024-04-09,SHORT,2024-04-09T14:00:00,1548.25,1552.98,1541.16,193,4.73,2024-04-09T14:20:00,1552.98,STOP,-912.37,-1361.27
rsi50,INDUSINDBK,2024-04-10,SHORT,2024-04-10T14:10:00,1554.55,1557.90,1549.52,192,3.35,2024-04-10T14:40:00,1557.90,STOP,-643.23,-1091.42
rsi50,INDUSINDBK,2024-04-12,LONG,2024-04-12T11:00:00,1559.55,1554.75,1566.75,192,4.80,2024-04-12T12:20:00,1554.75,STOP,-921.56,-1370.02
rsi50,INDUSINDBK,2024-04-19,LONG,2024-04-19T13:10:00,1484.90,1478.25,1494.88,202,6.65,2024-04-19T13:40:00,1478.25,STOP,-1343.51,-1792.43
rsi50,INDUSINDBK,2024-04-22,SHORT,2024-04-22T13:00:00,1479.75,1485.17,1471.62,202,5.42,2024-04-22T14:00:00,1471.62,TARGET,1642.58,1195.45
rsi50,INDUSINDBK,2024-04-23,LONG,2024-04-23T13:00:00,1481.95,1478.35,1487.35,202,3.60,2024-04-23T13:10:00,1478.35,STOP,-727.75,-1176.24
rsi50,INDUSINDBK,2024-04-25,LONG,2024-04-25T10:10:00,1483.50,1479.48,1489.53,202,4.02,2024-04-25T10:20:00,1489.53,TARGET,1219.04,768.63
rsi50,INDUSINDBK,2024-04-26,SHORT,2024-04-26T10:30:00,1478.00,1485.27,1467.10,202,7.27,2024-04-26T11:10:00,1467.10,TARGET,2202.04,1755.86
rsi50,INDUSINDBK,2024-04-29,LONG,2024-04-29T10:20:00,1476.00,1469.64,1485.54,203,6.36,2024-04-29T12:10:00,1485.54,TARGET,1936.13,1485.24
rsi50,INDUSINDBK,2024-05-03,SHORT,2024-05-03T11:10:00,1504.00,1510.16,1494.77,199,6.16,2024-05-03T11:30:00,1494.77,TARGET,1837.32,1389.76
rsi50,INDUSINDBK,2024-05-06,SHORT,2024-05-06T13:10:00,1493.00,1497.96,1485.55,200,4.96,2024-05-06T14:20:00,1497.96,STOP,-992.86,-1441.51
rsi50,INDUSINDBK,2024-05-09,SHORT,2024-05-09T10:40:00,1433.80,1439.28,1425.58,209,5.48,2024-05-09T11:10:00,1425.58,TARGET,1717.03,1268.82
rsi50,INDUSINDBK,2024-05-15,SHORT,2024-05-15T11:40:00,1414.15,1418.76,1407.24,212,4.61,2024-05-15T13:30:00,1414.60,TIME_STOP,-95.40,-545.17
rsi50,INDUSINDBK,2024-05-17,LONG,2024-05-17T11:10:00,1407.40,1402.08,1415.39,213,5.32,2024-05-17T12:30:00,1406.40,EOD_FORCED,-213.00,-662.50
rsi50,INDUSINDBK,2024-05-24,SHORT,2024-05-24T10:40:00,1428.15,1433.88,1419.55,210,5.73,2024-05-24T11:00:00,1433.88,STOP,-1203.62,-1654.39
rsi50,INDUSINDBK,2024-05-28,SHORT,2024-05-28T10:10:00,1459.55,1465.82,1450.14,205,6.27,2024-05-28T10:20:00,1465.82,STOP,-1286.01,-1735.79
rsi50,INDUSINDBK,2024-05-29,LONG,2024-05-29T13:00:00,1454.85,1450.42,1461.49,206,4.43,2024-05-29T14:30:00,1450.42,STOP,-912.08,-1360.95
rsi50,INDUSINDBK,2024-05-30,SHORT,2024-05-30T11:50:00,1456.05,1461.00,1448.62,206,4.95,2024-05-30T12:30:00,1461.00,STOP,-1020.17,-1470.85
rsi50,INDUSINDBK,2024-05-31,LONG,2024-05-31T13:40:00,1457.35,1452.97,1463.92,205,4.38,2024-05-31T14:30:00,1452.97,STOP,-897.23,-1344.69
rsi50,INDUSINDBK,2024-06-04,SHORT,2024-06-04T11:10:00,1399.35,1415.55,1375.04,154,16.20,2024-06-04T11:20:00,1415.55,STOP,-2495.40,-2820.52
rsi50,INDUSINDBK,2024-06-05,LONG,2024-06-05T11:30:00,1431.00,1416.20,1453.20,168,14.80,2024-06-05T12:40:00,1453.20,TARGET,3728.97,3365.56
rsi50,INDUSINDBK,2024-06-06,SHORT,2024-06-06T13:10:00,1475.65,1483.05,1464.55,203,7.40,2024-06-06T13:30:00,1483.05,STOP,-1501.77,-1952.23
rsi50,INDUSINDBK,2024-06-07,LONG,2024-06-07T11:30:00,1486.25,1480.14,1495.42,201,6.11,2024-06-07T11:50:00,1495.42,TARGET,1843.44,1393.96
rsi50,INDUSINDBK,2024-06-14,SHORT,2024-06-14T14:10:00,1503.30,1506.93,1497.85,199,3.63,2024-06-14T14:10:00,1497.85,TARGET,1083.67,635.74
rsi50,INDUSINDBK,2024-06-18,SHORT,2024-06-18T10:00:00,1503.60,1509.13,1495.30,199,5.53,2024-06-18T10:00:00,1508.25,REVERSE,-925.35,-1374.87
rsi50,INDUSINDBK,2024-06-21,SHORT,2024-06-21T12:50:00,1523.80,1527.78,1517.82,196,3.98,2024-06-21T12:50:00,1527.78,STOP,-781.02,-1229.61
rsi50,INDUSINDBK,2024-06-25,LONG,2024-06-25T13:50:00,1496.05,1491.71,1502.56,200,4.34,2024-06-25T14:20:00,1491.71,STOP,-868.15,-1316.31
rsi50,INDUSINDBK,2024-06-26,LONG,2024-06-26T10:10:00,1497.30,1491.22,1506.42,200,6.08,2024-06-26T11:20:00,1506.42,TARGET,1823.44,1372.88
rsi50,INDUSINDBK,2024-07-03,LONG,2024-07-03T10:00:00,1441.35,1435.99,1449.39,208,5.36,2024-07-03T10:00:00,1435.99,STOP,-1114.90,-1563.77
rsi50,INDUSINDBK,2024-07-04,SHORT,2024-07-04T10:30:00,1439.70,1444.31,1432.79,208,4.61,2024-07-04T12:20:00,1442.45,TIME_STOP,-572.00,-1021.62
rsi50,INDUSINDBK,2024-07-09,SHORT,2024-07-09T10:10:00,1432.65,1437.43,1425.48,209,4.78,2024-07-09T12:00:00,1432.00,TIME_STOP,135.85,-313.18
rsi50,INDUSINDBK,2024-07-11,LONG,2024-07-11T14:10:00,1426.35,1423.23,1431.03,210,3.12,2024-07-11T14:10:00,1423.23,STOP,-655.46,-1104.27
rsi50,INDUSINDBK,2024-07-16,SHORT,2024-07-16T10:00:00,1436.65,1440.68,1430.60,208,4.03,2024-07-16T10:30:00,1440.68,STOP,-838.76,-1287.62
rsi50,INDUSINDBK,2024-07-19,SHORT,2024-07-19T10:00:00,1445.80,1450.19,1439.21,207,4.39,2024-07-19T10:50:00,1439.21,TARGET,1363.28,915.38
rsi50,INDUSINDBK,2024-07-23,SHORT,2024-07-23T10:10:00,1419.20,1423.43,1412.85,211,4.23,2024-07-23T10:20:00,1423.43,STOP,-892.55,-1342.40
rsi50,INDUSINDBK,2024-07-26,LONG,2024-07-26T10:20:00,1389.75,1384.38,1397.81,215,5.37,2024-07-26T12:10:00,1394.00,TIME_STOP,913.75,464.87
rsi50,INDUSINDBK,2024-07-31,LONG,2024-07-31T12:00:00,1426.50,1422.59,1432.36,210,3.91,2024-07-31T13:40:00,1422.59,STOP,-821.02,-1269.75
rsi50,INDUSINDBK,2024-08-01,SHORT,2024-08-01T14:10:00,1426.60,1429.28,1422.58,210,2.68,2024-08-01T14:10:00,1422.58,TARGET,843.31,394.57
rsi50,INDUSINDBK,2024-08-07,SHORT,2024-08-07T10:20:00,1372.00,1377.80,1363.30,218,5.80,2024-08-07T11:10:00,1363.30,TARGET,1897.51,1450.29
rsi50,INDUSINDBK,2024-08-08,LONG,2024-08-08T13:10:00,1348.05,1343.41,1355.01,222,4.64,2024-08-08T13:50:00,1355.01,TARGET,1545.53,1095.47
rsi50,INDUSINDBK,2024-08-09,SHORT,2024-08-09T11:00:00,1346.05,1350.50,1339.38,222,4.45,2024-08-09T11:10:00,1348.35,REVERSE,-510.60,-959.22
rsi50,INDUSINDBK,2024-08-12,LONG,2024-08-12T11:00:00,1351.05,1346.59,1357.74,222,4.46,2024-08-12T12:50:00,1353.70,TIME_STOP,588.30,137.96
rsi50,INDUSINDBK,2024-08-13,SHORT,2024-08-13T13:00:00,1349.00,1353.36,1342.47,222,4.36,2024-08-13T14:50:00,1350.70,TIME_STOP,-377.40,-826.90
rsi50,INDUSINDBK,2024-08-16,LONG,2024-08-16T12:50:00,1352.55,1348.37,1358.82,221,4.18,2024-08-16T13:30:00,1358.82,TARGET,1385.85,936.44
rsi50,INDUSINDBK,2024-08-19,SHORT,2024-08-19T12:40:00,1355.60,1359.59,1349.62,221,3.99,2024-08-19T14:30:00,1350.40,TIME_STOP,1149.20,700.68
rsi50,INDUSINDBK,2024-08-21,LONG,2024-08-21T12:00:00,1380.50,1376.54,1386.44,217,3.96,2024-08-21T13:20:00,1376.54,STOP,-859.64,-1308.35
rsi50,INDUSINDBK,2024-08-23,SHORT,2024-08-23T11:10:00,1380.05,1384.14,1373.92,217,4.09,2024-08-23T11:20:00,1381.95,REVERSE,-412.30,-861.82
rsi50,INDUSINDBK,2024-09-04,LONG,2024-09-04T14:00:00,1436.30,1433.39,1440.66,208,2.91,2024-09-04T14:50:00,1433.39,STOP,-604.39,-1052.06
rsi50,INDUSINDBK,2024-09-05,SHORT,2024-09-05T11:10:00,1432.50,1436.07,1427.14,209,3.57,2024-09-05T11:20:00,1436.07,STOP,-746.31,-1195.96
rsi50,INDUSINDBK,2024-09-09,LONG,2024-09-09T11:10:00,1417.50,1412.52,1424.97,211,4.98,2024-09-09T12:20:00,1412.52,STOP,-1051.48,-1499.33
rsi50,INDUSINDBK,2024-09-11,SHORT,2024-09-11T12:20:00,1430.80,1434.65,1425.02,209,3.85,2024-09-11T12:50:00,1425.02,TARGET,1207.89,760.24
rsi50,INDUSINDBK,2024-09-12,LONG,2024-09-12T12:00:00,1427.30,1423.62,1432.83,210,3.68,2024-09-12T12:40:00,1432.83,TARGET,1160.36,709.89
rsi50,INDUSINDBK,2024-09-17,SHORT,2024-09-17T10:10:00,1463.00,1466.88,1457.18,205,3.88,2024-09-17T10:30:00,1466.88,STOP,-795.49,-1245.96
rsi50,INDUSINDBK,2024-09-19,SHORT,2024-09-19T12:40:00,1480.40,1485.84,1472.24,202,5.44,2024-09-19T12:50:00,1485.84,STOP,-1098.60,-1547.99
rsi50,INDUSINDBK,2024-09-20,LONG,2024-09-20T11:00:00,1487.50,1482.37,1495.19,201,5.13,2024-09-20T12:50:00,1489.85,TIME_STOP,472.35,23.51
rsi50,INDUSINDBK,2024-09-26,SHORT,2024-09-26T11:50:00,1438.45,1441.95,1433.19,208,3.50,2024-09-26T12:00:00,1441.95,STOP,-728.99,-1178.33
rsi50,INDUSINDBK,2024-10-04,LONG,2024-10-04T11:00:00,1408.60,1403.05,1416.92,212,5.55,2024-10-04T11:30:00,1403.05,STOP,-1175.59,-1622.64
rsi50,INDUSINDBK,2024-10-08,LONG,2024-10-08T11:20:00,1364.95,1357.46,1376.19,219,7.49,2024-10-08T12:10:00,1357.46,STOP,-1641.37,-2088.53
rsi50,INDUSINDBK,2024-10-10,LONG,2024-10-10T14:10:00,1356.00,1352.45,1361.33,221,3.55,2024-10-10T15:20:00,1358.00,EOD,442.00,-7.85
rsi50,INDUSINDBK,2024-10-11,SHORT,2024-10-11T11:20:00,1347.35,1351.77,1340.73,222,4.42,2024-10-11T12:50:00,1340.73,TARGET,1470.35,1022.79
rsi50,INDUSINDBK,2024-10-15,SHORT,2024-10-15T10:40:00,1356.00,1359.33,1351.00,221,3.33,2024-10-15T10:40:00,1359.33,STOP,-735.98,-1186.04
rsi50,INDUSINDBK,2024-10-18,LONG,2024-10-18T13:30:00,1344.20,1340.38,1349.93,223,3.82,2024-10-18T14:10:00,1349.93,TARGET,1277.32,826.72
rsi50,INDUSINDBK,2024-10-23,LONG,2024-10-23T12:40:00,1283.05,1278.80,1289.43,233,4.25,2024-10-23T14:10:00,1278.80,STOP,-990.71,-1438.40
rsi50,INDUSINDBK,2024-10-31,SHORT,2024-10-31T12:30:00,1053.80,1057.62,1048.07,284,3.82,2024-10-31T12:40:00,1048.07,TARGET,1626.19,1178.49
rsi50,INDUSINDBK,2024-11-06,SHORT,2024-11-06T10:30:00,1072.50,1077.12,1065.57,279,4.62,2024-11-06T12:20:00,1070.30,TIME_STOP,613.80,165.42
rsi50,INDUSINDBK,2024-11-08,LONG,2024-11-08T14:00:00,1056.65,1053.62,1061.20,283,3.03,2024-11-08T14:00:00,1053.62,STOP,-857.82,-1305.73
rsi50,INDUSINDBK,2024-11-11,LONG,2024-11-11T11:20:00,1058.85,1054.62,1065.20,283,4.23,2024-11-11T12:50:00,1065.20,TARGET,1795.70,1344.87
rsi50,INDUSINDBK,2024-11-12,LONG,2024-11-12T10:50:00,1061.45,1057.50,1067.37,282,3.95,2024-11-12T12:40:00,1057.50,STOP,-1113.55,-1561.71
rsi50,INDUSINDBK,2024-11-13,SHORT,2024-11-13T10:20:00,1054.20,1058.64,1047.54,284,4.44,2024-11-13T11:20:00,1047.54,TARGET,1891.97,1444.30
rsi50,INDUSINDBK,2024-11-19,LONG,2024-11-19T11:10:00,1029.95,1025.68,1036.36,291,4.27,2024-11-19T11:40:00,1025.68,STOP,-1243.98,-1692.62
rsi50,INDUSINDBK,2024-11-25,SHORT,2024-11-25T12:50:00,1001.70,1005.55,995.93,299,3.85,2024-11-25T14:40:00,1002.05,TIME_STOP,-104.65,-553.99
rsi50,INDUSINDBK,2024-11-27,LONG,2024-11-27T12:40:00,1003.00,1000.00,1007.50,299,3.00,2024-11-27T13:10:00,1007.50,TARGET,1344.44,893.58
rsi50,INDUSINDBK,2024-11-28,SHORT,2024-11-28T11:10:00,1000.40,1003.97,995.05,299,3.57,2024-11-28T11:20:00,995.05,TARGET,1600.42,1152.95
rsi50,INDUSINDBK,2024-12-05,SHORT,2024-12-05T10:00:00,994.95,998.12,990.19,301,3.17,2024-12-05T11:50:00,993.85,TIME_STOP,331.10,-117.87
rsi50,INDUSINDBK,2024-12-10,LONG,2024-12-10T10:10:00,986.30,984.07,989.65,304,2.23,2024-12-10T10:10:00,984.07,STOP,-678.99,-1128.23
rsi50,INDUSINDBK,2024-12-11,SHORT,2024-12-11T10:20:00,982.35,984.55,979.04,305,2.20,2024-12-11T11:30:00,984.55,STOP,-672.13,-1122.06
rsi50,INDUSINDBK,2024-12-13,LONG,2024-12-13T13:10:00,986.20,982.11,992.34,304,4.09,2024-12-13T15:00:00,985.30,TIME_STOP,-273.60,-723.10
rsi50,INDUSINDBK,2024-12-17,SHORT,2024-12-17T10:10:00,992.85,995.36,989.08,302,2.51,2024-12-17T10:20:00,989.08,TARGET,1138.99,690.09
rsi50,INDUSINDBK,2024-12-19,LONG,2024-12-19T12:40:00,961.70,958.44,966.59,311,3.26,2024-12-19T14:10:00,959.55,REVERSE,-668.65,-1116.78
rsi50,INDUSINDBK,2024-12-26,LONG,2024-12-26T10:10:00,939.00,935.93,943.60,319,3.07,2024-12-26T10:10:00,935.93,STOP,-978.94,-1427.52
rsi50,INDUSINDBK,2024-12-30,LONG,2024-12-30T10:20:00,958.00,954.65,963.02,313,3.35,2024-12-30T11:20:00,963.02,TARGET,1571.55,1120.59
rsi50,INDUSINDBK,2025-01-07,LONG,2025-01-07T10:40:00,978.70,973.62,986.32,306,5.08,2025-01-07T11:20:00,986.32,TARGET,2332.70,1881.73
rsi50,INDUSINDBK,2025-01-09,SHORT,2025-01-09T10:50:00,978.40,982.57,972.15,306,4.17,2025-01-09T11:00:00,972.15,TARGET,1913.93,1466.28
rsi50,INDUSINDBK,2025-01-14,SHORT,2025-01-14T13:30:00,960.10,963.58,954.87,312,3.48,2025-01-14T14:00:00,963.58,STOP,-1087.16,-1537.30
rsi50,INDUSINDBK,2025-01-15,SHORT,2025-01-15T13:30:00,963.65,966.96,958.69,311,3.31,2025-01-15T13:50:00,958.69,TARGET,1542.32,1093.94
rsi50,INDUSINDBK,2025-01-20,LONG,2025-01-20T11:10:00,971.55,966.49,979.14,308,5.06,2025-01-20T11:30:00,979.14,TARGET,2338.53,1887.92
rsi50,INDUSINDBK,2025-01-28,LONG,2025-01-28T11:10:00,945.85,940.38,954.05,317,5.47,2025-01-28T11:50:00,940.38,STOP,-1733.10,-2181.55
rsi50,INDUSINDBK,2025-02-03,LONG,2025-02-03T10:30:00,1016.20,1009.28,1026.58,295,6.92,2025-02-03T12:20:00,1015.25,TIME_STOP,-280.25,-729.71
rsi50,INDUSINDBK,2025-02-10,SHORT,2025-02-10T10:20:00,1064.50,1069.41,1057.14,281,4.91,2025-02-10T10:20:00,1069.41,STOP,-1379.18,-1828.91
rsi50,INDUSINDBK,2025-02-11,SHORT,2025-02-11T10:00:00,1067.20,1071.20,1061.20,281,4.00,2025-02-11T10:30:00,1061.20,TARGET,1687.29,1238.73
rsi50,INDUSINDBK,2025-02-12,LONG,2025-02-12T13:20:00,1046.10,1040.68,1054.23,286,5.42,2025-02-12T13:40:00,1040.68,STOP,-1549.77,-1997.38
rsi50,INDUSINDBK,2025-02-13,LONG,2025-02-13T10:10:00,1043.70,1037.78,1052.57,287,5.92,2025-02-13T11:30:00,1052.57,TARGET,2547.00,2095.78
rsi50,INDUSINDBK,2025-02-17,LONG,2025-02-17T13:00:00,1043.00,1038.55,1049.68,287,4.45,2025-02-17T13:40:00,1049.68,TARGET,1916.00,1465.55
rsi50,INDUSINDBK,2025-02-19,LONG,2025-02-19T10:20:00,1037.35,1033.01,1043.86,289,4.34,2025-02-19T10:50:00,1033.01,STOP,-1254.06,-1702.81
rsi50,INDUSINDBK,2025-02-21,SHORT,2025-02-21T11:30:00,1042.50,1046.16,1037.01,287,3.66,2025-02-21T12:30:00,1046.16,STOP,-1050.94,-1500.53
rsi50,INDUSINDBK,2025-02-25,SHORT,2025-02-25T13:40:00,1033.20,1035.88,1029.19,290,2.68,2025-02-25T14:00:00,1029.19,TARGET,1164.03,715.46
rsi50,INDUSINDBK,2025-03-03,LONG,2025-03-03T13:40:00,972.95,967.26,981.49,308,5.69,2025-03-03T14:50:00,981.49,TARGET,2630.65,2179.18
rsi50,INDUSINDBK,2025-03-04,SHORT,2025-03-04T13:10:00,982.65,986.80,976.43,305,4.15,2025-03-04T13:50:00,986.80,STOP,-1264.66,-1715.18
rsi50,INDUSINDBK,2025-03-05,SHORT,2025-03-05T10:30:00,982.20,985.93,976.61,305,3.73,2025-03-05T11:50:00,985.93,STOP,-1137.20,-1587.41
rsi50,INDUSINDBK,2025-03-12,LONG,2025-03-12T13:40:00,695.15,687.47,706.66,325,7.68,2025-03-12T13:50:00,687.47,STOP,-2494.79,-2831.80
rsi50,INDUSINDBK,2025-03-17,SHORT,2025-03-17T12:50:00,683.45,687.74,677.01,438,4.29,2025-03-17T14:40:00,680.50,TIME_STOP,1292.10,844.04
rsi50,INDUSINDBK,2025-03-19,LONG,2025-03-19T10:00:00,692.15,687.84,698.61,433,4.31,2025-03-19T10:30:00,698.61,TARGET,2797.70,2346.05
rsi50,INDUSINDBK,2025-03-20,SHORT,2025-03-20T11:00:00,689.50,692.28,685.33,435,2.78,2025-03-20T12:50:00,688.25,TIME_STOP,543.75,94.26
rsi50,INDUSINDBK,2025-03-24,SHORT,2025-03-24T11:40:00,676.05,678.73,672.03,443,2.68,2025-03-24T13:10:00,672.03,TARGET,1779.37,1331.47
rsi50,INDUSINDBK,2025-03-28,SHORT,2025-03-28T12:10:00,660.80,664.14,655.79,453,3.34,2025-03-28T12:20:00,655.79,TARGET,2271.01,1823.70
rsi50,INDUSINDBK,2025-04-04,SHORT,2025-04-04T10:00:00,685.30,689.75,678.63,437,4.45,2025-04-04T11:50:00,680.20,TIME_STOP,2228.70,1781.16
rsi50,INDUSINDBK,2025-04-09,SHORT,2025-04-09T10:20:00,673.60,677.75,667.37,445,4.15,2025-04-09T11:30:00,677.75,STOP,-1847.91,-2298.92
rsi50,INDUSINDBK,2025-04-23,LONG,2025-04-23T13:10:00,799.60,795.99,805.02,375,3.61,2025-04-23T14:20:00,795.99,STOP,-1354.01,-1802.77
rsi50,INDUSINDBK,2025-04-25,LONG,2025-04-25T13:10:00,822.60,818.21,829.19,364,4.39,2025-04-25T15:00:00,822.90,TIME_STOP,109.20,-340.02
rsi50,INDUSINDBK,2025-04-29,SHORT,2025-04-29T12:10:00,832.05,836.00,826.13,360,3.95,2025-04-29T12:40:00,836.00,STOP,-1421.41,-1871.78
rsi50,INDUSINDBK,2025-04-30,LONG,2025-04-30T13:10:00,836.95,832.17,844.13,358,4.78,2025-04-30T13:20:00,832.17,STOP,-1712.54,-2160.69
rsi50,INDUSINDBK,2025-05-07,LONG,2025-05-07T14:10:00,830.45,826.49,836.39,361,3.96,2025-05-07T15:10:00,836.39,TARGET,2143.54,1692.25
rsi50,INDUSINDBK,2025-05-08,SHORT,2025-05-08T10:50:00,827.10,831.62,820.32,362,4.52,2025-05-08T12:40:00,825.75,TIME_STOP,488.70,39.95
rsi50,INDUSINDBK,2025-05-12,SHORT,2025-05-12T10:40:00,816.85,821.07,810.53,367,4.22,2025-05-12T11:30:00,810.53,TARGET,2321.10,1873.16
rsi50,INDUSINDBK,2025-05-15,LONG,2025-05-15T13:40:00,777.65,774.76,781.99,385,2.89,2025-05-15T15:00:00,781.99,TARGET,1669.89,1219.54
rsi50,INDUSINDBK,2025-05-20,SHORT,2025-05-20T13:10:00,785.65,788.39,781.54,381,2.74,2025-05-20T14:00:00,788.39,STOP,-1042.98,-1492.76
rsi50,INDUSINDBK,2025-05-22,LONG,2025-05-22T10:30:00,793.00,785.15,804.78,318,7.85,2025-05-22T10:40:00,785.15,STOP,-2497.71,-2874.10
rsi50,INDUSINDBK,2025-05-28,SHORT,2025-05-28T10:00:00,813.15,816.44,808.21,368,3.29,2025-05-28T11:00:00,816.44,STOP,-1211.91,-1661.68
rsi50,INDUSINDBK,2025-05-30,LONG,2025-05-30T10:00:00,814.35,810.78,819.70,368,3.57,2025-05-30T11:50:00,815.75,TIME_STOP,515.20,65.29
rsi50,INDUSINDBK,2025-06-02,SHORT,2025-06-02T11:30:00,813.20,815.90,809.15,368,2.70,2025-06-02T13:20:00,810.80,TIME_STOP,883.20,434.98
rsi50,INDUSINDBK,2025-06-04,LONG,2025-06-04T10:30:00,807.35,804.78,811.20,371,2.57,2025-06-04T11:10:00,811.20,TARGET,1429.07,978.70
rsi50,INDUSINDBK,2025-06-05,SHORT,2025-06-05T10:40:00,806.90,809.14,803.55,371,2.24,2025-06-05T12:30:00,805.60,TIME_STOP,482.30,33.62
rsi50,INDUSINDBK,2025-06-11,LONG,2025-06-11T11:20:00,845.85,843.39,849.54,354,2.46,2025-06-11T12:10:00,849.54,TARGET,1306.64,856.52
rsi50,INDUSINDBK,2025-06-16,LONG,2025-06-16T12:40:00,821.20,818.32,825.52,365,2.88,2025-06-16T14:30:00,823.90,TIME_STOP,985.50,535.15
rsi50,INDUSINDBK,2025-06-19,SHORT,2025-06-19T11:00:00,841.40,844.59,836.61,356,3.19,2025-06-19T12:50:00,838.85,TIME_STOP,907.80,459.17
rsi50,INDUSINDBK,2025-06-20,LONG,2025-06-20T11:00:00,842.75,839.98,846.91,355,2.77,2025-06-20T12:30:00,839.98,STOP,-983.72,-1431.74
rsi50,INDUSINDBK,2025-06-23,LONG,2025-06-23T13:10:00,840.35,836.73,845.78,356,3.62,2025-06-23T15:00:00,840.60,TIME_STOP,89.00,-359.81
rsi50,INDUSINDBK,2025-06-24,SHORT,2025-06-24T10:10:00,833.05,837.69,826.09,360,4.64,2025-06-24T11:40:00,837.69,STOP,-1669.48,-2120.58
rsi50,INDUSINDBK,2025-06-25,LONG,2025-06-25T11:50:00,834.30,831.45,838.58,359,2.85,2025-06-25T12:10:00,831.45,STOP,-1023.76,-1472.27
rsi50,INDUSINDBK,2025-06-26,LONG,2025-06-26T12:20:00,833.05,830.16,837.39,360,2.89,2025-06-26T12:50:00,830.16,STOP,-1041.83,-1490.90
rsi50,INDUSINDBK,2025-07-03,LONG,2025-07-03T10:30:00,862.00,858.33,867.51,348,3.67,2025-07-03T11:00:00,859.35,REVERSE,-922.20,-1371.47
rsi50,INDUSINDBK,2025-07-07,SHORT,2025-07-07T13:00:00,853.75,856.25,850.00,351,2.50,2025-07-07T14:50:00,852.65,TIME_STOP,386.10,-63.11
rsi50,INDUSINDBK,2025-07-10,LONG,2025-07-10T12:10:00,849.75,847.27,853.48,353,2.48,2025-07-10T12:10:00,847.27,STOP,-877.05,-1326.33
rsi50,INDUSINDBK,2025-07-17,SHORT,2025-07-17T10:20:00,876.00,879.83,870.26,342,3.83,2025-07-17T10:40:00,870.26,TARGET,1962.52,1514.60
rsi50,INDUSINDBK,2025-07-18,LONG,2025-07-18T11:30:00,870.45,867.70,874.58,344,2.75,2025-07-18T11:40:00,874.58,TARGET,1419.63,969.41
rsi50,INDUSINDBK,2025-07-22,SHORT,2025-07-22T11:00:00,848.65,854.29,840.19,353,5.64,2025-07-22T12:50:00,846.00,TIME_STOP,935.45,486.79
rsi50,INDUSINDBK,2025-07-23,LONG,2025-07-23T12:20:00,847.70,844.99,851.76,353,2.71,2025-07-23T12:40:00,851.76,TARGET,1432.48,982.55
rsi50,INDUSINDBK,2025-07-30,SHORT,2025-07-30T11:10:00,802.95,806.59,797.49,373,3.64,2025-07-30T13:00:00,797.49,TARGET,2036.72,1589.00
rsi50,INDUSINDBK,2025-07-31,LONG,2025-07-31T12:40:00,800.50,797.80,804.56,374,2.70,2025-07-31T14:10:00,804.56,TARGET,1516.99,1066.77
rsi50,INDUSINDBK,2025-08-04,LONG,2025-08-04T13:50:00,797.05,794.51,800.87,376,2.54,2025-08-04T14:30:00,800.87,TARGET,1435.36,984.75
rsi50,INDUSINDBK,2025-08-06,SHORT,2025-08-06T10:00:00,812.00,815.65,806.53,369,3.65,2025-08-06T10:10:00,806.53,TARGET,2019.49,1571.57
rsi50,INDUSINDBK,2025-08-08,SHORT,2025-08-08T10:30:00,795.10,798.03,790.70,377,2.93,2025-08-08T12:20:00,793.40,TIME_STOP,640.90,191.75
rsi50,INDUSINDBK,2025-08-12,SHORT,2025-08-12T14:00:00,785.60,787.74,782.38,381,2.14,2025-08-12T14:10:00,782.38,TARGET,1225.20,777.15
rsi50,INDUSINDBK,2025-08-14,SHORT,2025-08-14T11:20:00,773.05,775.13,769.93,388,2.08,2025-08-14T13:10:00,769.93,TARGET,1211.12,762.11
rsi50,INDUSINDBK,2025-08-19,LONG,2025-08-19T11:50:00,788.80,786.65,792.03,380,2.15,2025-08-19T13:30:00,786.65,STOP,-817.87,-1266.87
rsi50,INDUSINDBK,2025-08-22,LONG,2025-08-22T11:10:00,771.25,769.29,774.19,388,1.96,2025-08-22T11:20:00,769.29,STOP,-761.67,-1209.97
rsi50,INDUSINDBK,2025-09-01,LONG,2025-09-01T10:00:00,750.65,748.48,753.91,399,2.17,2025-09-01T10:10:00,748.48,STOP,-867.06,-1315.67
rsi50,INDUSINDBK,2025-09-04,SHORT,2025-09-04T11:10:00,760.75,762.87,757.57,394,2.12,2025-09-04T13:00:00,760.20,TIME_STOP,216.70,-232.74
rsi50,INDUSINDBK,2025-09-05,LONG,2025-09-05T14:10:00,758.05,756.03,761.08,395,2.02,2025-09-05T14:10:00,756.03,STOP,-799.06,-1247.61
rsi50,INDUSINDBK,2025-09-08,SHORT,2025-09-08T10:40:00,753.50,755.79,750.06,398,2.29,2025-09-08T10:50:00,750.06,TARGET,1368.63,919.81
rsi50,INDUSINDBK,2025-09-11,SHORT,2025-09-11T13:50:00,749.05,750.36,747.09,400,1.31,2025-09-11T14:40:00,750.36,STOP,-522.68,-972.50
rsi50,INDUSINDBK,2025-09-16,LONG,2025-09-16T10:50:00,741.65,739.84,744.36,404,1.81,2025-09-16T11:10:00,744.36,TARGET,1096.56,646.30
rsi50,INDUSINDBK,2025-09-17,SHORT,2025-09-17T10:00:00,740.90,742.63,738.31,404,1.73,2025-09-17T10:00:00,742.63,STOP,-696.96,-1146.46
rsi50,INDUSINDBK,2025-09-19,LONG,2025-09-19T12:40:00,740.65,739.14,742.91,405,1.51,2025-09-19T12:50:00,739.14,STOP,-609.87,-1059.36
rsi50,INDUSINDBK,2025-09-22,SHORT,2025-09-22T12:40:00,741.25,742.99,738.64,404,1.74,2025-09-22T13:00:00,742.99,STOP,-702.25,-1151.97
rsi50,INDUSINDBK,2025-09-23,LONG,2025-09-23T12:00:00,740.50,738.16,744.01,405,2.34,2025-09-23T12:10:00,744.01,TARGET,1423.41,972.49
rsi50,INDUSINDBK,2025-09-24,SHORT,2025-09-24T12:10:00,746.05,748.44,742.47,402,2.39,2025-09-24T13:50:00,742.47,TARGET,1438.26,989.47
rsi50,INDUSINDBK,2025-09-30,LONG,2025-09-30T12:50:00,729.45,726.68,733.60,411,2.77,2025-09-30T13:50:00,733.60,TARGET,1705.38,1254.40
rsi50,INDUSINDBK,2025-10-01,SHORT,2025-10-01T10:50:00,727.05,730.05,722.55,412,3.00,2025-10-01T11:10:00,730.05,STOP,-1235.24,-1685.48
rsi50,INDUSINDBK,2025-10-06,SHORT,2025-10-06T11:30:00,745.30,748.83,740.01,402,3.53,2025-10-06T12:30:00,740.01,TARGET,2126.28,1678.46
rsi50,INDUSINDBK,2025-10-08,SHORT,2025-10-08T10:50:00,745.80,748.16,742.26,402,2.36,2025-10-08T10:50:00,748.16,STOP,-950.00,-1400.43
rsi50,INDUSINDBK,2025-10-09,LONG,2025-10-09T10:00:00,748.00,745.23,752.16,401,2.77,2025-10-09T10:10:00,745.23,STOP,-1111.67,-1560.76
rsi50,INDUSINDBK,2025-10-13,SHORT,2025-10-13T11:50:00,760.00,762.44,756.33,394,2.44,2025-10-13T11:50:00,762.44,STOP,-963.28,-1413.16
rsi50,INDUSINDBK,2025-10-17,LONG,2025-10-17T10:30:00,742.00,739.72,745.42,404,2.28,2025-10-17T10:50:00,745.42,TARGET,1379.66,928.98
rsi50,INDUSINDBK,2025-10-30,SHORT,2025-10-30T14:00:00,800.10,802.37,796.70,374,2.27,2025-10-30T15:20:00,802.37,STOP,-848.13,-1297.62
rsi50,INDUSINDBK,2025-10-31,LONG,2025-10-31T12:00:00,805.10,802.46,809.05,372,2.64,2025-10-31T12:20:00,802.46,STOP,-980.24,-1428.75
rsi50,INDUSINDBK,2025-11-03,LONG,2025-11-03T11:00:00,798.70,795.51,803.48,375,3.19,2025-11-03T12:50:00,799.90,TIME_STOP,450.00,0.39
rsi50,INDUSINDBK,2025-11-07,LONG,2025-11-07T11:00:00,789.15,786.18,793.60,380,2.97,2025-11-07T11:10:00,786.18,STOP,-1127.30,-1576.27
rsi50,INDUSINDBK,2025-11-14,SHORT,2025-11-14T12:30:00,858.25,862.43,851.99,349,4.18,2025-11-14T13:00:00,851.99,TARGET,2186.21,1738.56
rsi50,INDUSINDBK,2025-11-17,LONG,2025-11-17T12:10:00,852.80,849.04,858.44,351,3.76,2025-11-17T13:10:00,858.44,TARGET,1978.77,1528.29
rsi50,INDUSINDBK,2025-11-18,LONG,2025-11-18T12:20:00,853.50,851.29,856.81,351,2.21,2025-11-18T12:50:00,851.29,STOP,-774.52,-1223.31
rsi50,INDUSINDBK,2025-11-25,LONG,2025-11-25T14:10:00,840.00,837.62,843.56,357,2.38,2025-11-25T15:20:00,840.10,EOD,35.70,-414.15
rsi50,INDUSINDBK,2025-11-27,LONG,2025-11-27T10:50:00,854.65,851.78,858.95,351,2.87,2025-11-27T11:00:00,851.78,STOP,-1006.21,-1455.43
rsi50,INDUSINDBK,2025-11-28,SHORT,2025-11-28T12:20:00,855.25,857.52,851.84,350,2.27,2025-11-28T13:20:00,851.84,TARGET,1192.93,744.81
rsi50,INDUSINDBK,2025-12-01,SHORT,2025-12-01T10:10:00,855.00,856.89,852.17,350,1.89,2025-12-01T10:10:00,856.89,STOP,-661.11,-1110.48
rsi50,INDUSINDBK,2025-12-03,SHORT,2025-12-03T10:10:00,844.30,847.39,839.66,355,3.09,2025-12-03T11:00:00,847.39,STOP,-1097.75,-1548.16
rsi50,INDUSINDBK,2025-12-05,LONG,2025-12-05T12:50:00,865.00,861.57,870.15,346,3.43,2025-12-05T13:10:00,870.15,TARGET,1781.94,1331.67
rsi50,INDUSINDBK,2025-12-08,SHORT,2025-12-08T10:20:00,862.35,865.04,858.31,347,2.69,2025-12-08T10:30:00,858.31,TARGET,1400.73,952.92
rsi50,INDUSINDBK,2025-12-09,LONG,2025-12-09T12:10:00,847.00,843.70,851.95,354,3.30,2025-12-09T12:40:00,843.70,STOP,-1167.09,-1615.97
rsi50,INDUSINDBK,2025-12-10,SHORT,2025-12-10T11:00:00,840.25,843.43,835.48,357,3.18,2025-12-10T11:10:00,835.48,TARGET,1703.47,1254.79
rsi50,INDUSINDBK,2025-12-11,LONG,2025-12-11T12:10:00,841.35,838.10,846.22,356,3.25,2025-12-11T13:10:00,838.10,STOP,-1156.79,-1605.20
rsi50,INDUSINDBK,2025-12-16,SHORT,2025-12-16T11:40:00,843.25,845.96,839.19,355,2.71,2025-12-16T12:20:00,845.96,STOP,-960.56,-1410.31
rsi50,INDUSINDBK,2025-12-18,LONG,2025-12-18T10:40:00,840.20,836.96,845.06,357,3.24,2025-12-18T12:30:00,839.60,TIME_STOP,-214.20,-663.97
rsi50,INDUSINDBK,2025-12-19,LONG,2025-12-19T12:30:00,836.90,835.07,839.64,358,1.83,2025-12-19T12:40:00,839.64,TARGET,982.60,532.45
rsi50,INDUSINDBK,2025-12-26,LONG,2025-12-26T10:10:00,857.95,854.92,862.50,349,3.03,2025-12-26T10:10:00,854.92,STOP,-1058.29,-1506.63
rsi50,INDUSINDBK,2026-01-05,SHORT,2026-01-05T13:50:00,900.20,902.96,896.05,333,2.76,2026-01-05T14:00:00,896.05,TARGET,1381.04,932.43
rsi50,INDUSINDBK,2026-01-06,LONG,2026-01-06T10:10:00,911.65,906.83,918.87,329,4.82,2026-01-06T10:50:00,918.87,TARGET,2377.01,1925.33
rsi50,INDUSINDBK,2026-01-07,SHORT,2026-01-07T10:00:00,909.70,914.04,903.19,329,4.34,2026-01-07T11:00:00,903.19,TARGET,2141.53,1694.20
rsi50,INDUSINDBK,2026-01-12,LONG,2026-01-12T10:10:00,890.85,887.23,896.28,336,3.62,2026-01-12T10:20:00,887.23,STOP,-1216.55,-1664.63
rsi50,INDUSINDBK,2026-01-13,SHORT,2026-01-13T13:40:00,900.15,903.13,895.68,333,2.98,2026-01-13T13:40:00,901.65,REVERSE,-499.50,-949.50
rsi50,INDUSINDBK,2026-01-19,SHORT,2026-01-19T13:40:00,944.35,947.98,938.91,317,3.63,2026-01-19T14:40:00,947.98,STOP,-1149.24,-1599.14
rsi50,INDUSINDBK,2026-01-22,SHORT,2026-01-22T10:10:00,899.60,904.43,892.36,333,4.83,2026-01-22T10:20:00,904.43,STOP,-1608.32,-2058.88
rsi50,INDUSINDBK,2026-01-23,SHORT,2026-01-23T13:20:00,903.15,906.37,898.32,332,3.22,2026-01-23T13:30:00,898.32,TARGET,1603.56,1155.00
rsi50,INDUSINDBK,2026-01-28,LONG,2026-01-28T11:30:00,892.10,888.06,898.16,336,4.04,2026-01-28T11:50:00,898.16,TARGET,2036.94,1585.80
rsi50,INDUSINDBK,2026-01-30,LONG,2026-01-30T11:10:00,901.60,898.34,906.49,332,3.26,2026-01-30T11:20:00,898.34,STOP,-1082.94,-1531.12
rsi50,INDUSINDBK,2026-02-04,SHORT,2026-02-04T12:00:00,923.80,926.79,919.32,324,2.99,2026-02-04T13:10:00,926.79,STOP,-968.60,-1418.29
rsi50,INDUSINDBK,2026-02-06,SHORT,2026-02-06T10:00:00,903.05,906.43,897.98,332,3.38,2026-02-06T10:30:00,897.98,TARGET,1682.98,1234.52
rsi50,INDUSINDBK,2026-02-11,SHORT,2026-02-11T10:30:00,919.45,922.50,914.87,326,3.05,2026-02-11T10:50:00,922.50,STOP,-994.92,-1445.28
rsi50,INDUSINDBK,2026-02-13,LONG,2026-02-13T13:30:00,920.20,917.04,924.94,326,3.16,2026-02-13T14:40:00,924.94,TARGET,1546.10,1094.96
rsi50,INDUSINDBK,2026-02-16,SHORT,2026-02-16T10:10:00,918.05,922.02,912.09,326,3.97,2026-02-16T10:10:00,919.95,REVERSE,-619.40,-1068.79
rsi50,INDUSINDBK,2026-02-20,SHORT,2026-02-20T11:50:00,933.50,937.54,927.44,321,4.04,2026-02-20T13:00:00,927.44,TARGET,1944.22,1496.19
rsi50,INDUSINDBK,2026-02-24,LONG,2026-02-24T10:10:00,922.60,919.12,927.82,325,3.48,2026-02-24T11:30:00,927.82,TARGET,1697.01,1245.97
rsi50,INDUSINDBK,2026-03-11,SHORT,2026-03-11T11:10:00,894.10,898.39,887.66,335,4.29,2026-03-11T11:20:00,887.66,TARGET,2156.32,1708.65
rsi50,PNB,2024-03-19,SHORT,2024-03-19T10:30:00,114.58,115.27,113.54,2618,0.69,2024-03-19T10:30:00,115.27,STOP,-1811.79,-2263.11
rsi50,PNB,2024-03-20,LONG,2024-03-20T13:50:00,113.90,113.27,114.85,2633,0.63,2024-03-20T13:50:00,113.27,STOP,-1665.03,-2113.63
rsi50,PNB,2024-03-27,SHORT,2024-03-27T13:30:00,120.51,120.84,120.01,2489,0.33,2024-03-27T14:40:00,120.01,TARGET,1233.56,784.57
rsi50,PNB,2024-03-28,LONG,2024-03-28T11:00:00,120.51,120.04,121.22,2489,0.47,2024-03-28T12:20:00,120.04,STOP,-1170.80,-1619.85
rsi50,PNB,2024-04-03,LONG,2024-04-03T12:30:00,122.89,122.51,123.46,2441,0.38,2024-04-03T12:30:00,123.46,TARGET,1390.21,939.21
rsi50,PNB,2024-04-10,LONG,2024-04-10T10:50:00,129.84,129.30,130.64,2310,0.54,2024-04-10T11:10:00,130.64,TARGET,1854.34,1403.06
rsi50,PNB,2024-04-12,SHORT,2024-04-12T13:30:00,131.83,132.43,130.93,2275,0.60,2024-04-12T15:00:00,130.93,TARGET,2044.58,1596.25
rsi50,PNB,2024-04-15,LONG,2024-04-15T13:30:00,130.71,129.96,131.84,2295,0.75,2024-04-15T13:40:00,129.96,STOP,-1723.70,-2172.38
rsi50,PNB,2024-04-29,LONG,2024-04-29T12:40:00,132.56,132.06,133.31,2263,0.50,2024-04-29T12:50:00,133.31,TARGET,1687.11,1235.87
rsi50,PNB,2024-04-30,SHORT,2024-04-30T11:40:00,132.95,133.49,132.14,2256,0.54,2024-04-30T12:30:00,133.49,STOP,-1220.85,-1671.67
rsi50,PNB,2024-05-03,SHORT,2024-05-03T10:10:00,133.63,134.50,132.33,2245,0.87,2024-05-03T11:30:00,132.33,TARGET,2916.50,2468.69
rsi50,PNB,2024-05-08,LONG,2024-05-08T11:50:00,119.92,119.33,120.81,2501,0.59,2024-05-08T12:20:00,120.81,TARGET,2229.53,1777.98
rsi50,PNB,2024-05-09,SHORT,2024-05-09T14:00:00,120.90,121.57,119.89,2481,0.67,2024-05-09T14:00:00,119.89,TARGET,2508.68,2060.63
rsi50,PNB,2024-05-13,LONG,2024-05-13T14:00:00,119.63,118.87,120.77,2507,0.76,2024-05-13T15:20:00,119.73,EOD,250.70,-199.36
rsi50,PNB,2024-05-15,SHORT,2024-05-15T13:20:00,121.72,122.13,121.10,2464,0.41,2024-05-15T13:30:00,122.13,STOP,-1021.98,-1472.62
rsi50,PNB,2024-05-16,LONG,2024-05-16T10:10:00,122.06,121.51,122.88,2457,0.55,2024-05-16T11:00:00,121.58,REVERSE,-1179.36,-1628.33
rsi50,PNB,2024-05-22,LONG,2024-05-22T14:10:00,122.99,122.60,123.57,2439,0.39,2024-05-22T14:20:00,122.60,STOP,-948.24,-1397.49
rsi50,PNB,2024-05-24,LONG,2024-05-24T12:30:00,123.37,122.95,124.00,2431,0.42,2024-05-24T14:20:00,123.37,TIME_STOP,0.00,-449.87
rsi50,PNB,2024-05-27,SHORT,2024-05-27T10:20:00,123.18,123.72,122.37,2435,0.54,2024-05-27T10:20:00,123.57,REVERSE,-949.65,-1400.28
rsi50,PNB,2024-05-28,SHORT,2024-05-28T11:40:00,124.25,124.86,123.33,2414,0.61,2024-05-28T12:40:00,123.33,TARGET,2225.44,1777.20
rsi50,PNB,2024-05-29,LONG,2024-05-29T10:00:00,126.48,125.84,127.45,2371,0.64,2024-05-29T10:00:00,125.84,STOP,-1526.63,-1975.31
rsi50,PNB,2024-05-30,LONG,2024-05-30T11:00:00,125.46,124.93,126.25,2391,0.53,2024-05-30T11:10:00,124.93,STOP,-1259.44,-1708.46
rsi50,PNB,2024-05-31,LONG,2024-05-31T13:30:00,124.78,124.27,125.54,2404,0.51,2024-05-31T13:40:00,125.54,TARGET,1825.94,1374.61
rsi50,PNB,2024-06-04,SHORT,2024-06-04T10:50:00,122.06,123.53,119.86,1701,1.47,2024-06-04T11:10:00,119.86,TARGET,3748.78,3440.15
rsi50,PNB,2024-06-05,LONG,2024-06-05T12:30:00,113.90,112.13,116.56,1409,1.77,2024-06-05T14:00:00,116.56,TARGET,3749.25,3505.72
rsi50,PNB,2024-06-13,SHORT,2024-06-13T11:20:00,123.37,123.75,122.81,2431,0.38,2024-06-13T13:10:00,123.21,TIME_STOP,388.96,-60.62
rsi50,PNB,2024-06-14,LONG,2024-06-14T10:00:00,123.67,123.27,124.28,2425,0.40,2024-06-14T10:00:00,124.28,TARGET,1468.14,1017.19
rsi50,PNB,2024-06-18,SHORT,2024-06-18T13:30:00,125.21,125.48,124.81,2395,0.27,2024-06-18T14:10:00,124.81,TARGET,962.03,512.93
rsi50,PNB,2024-06-20,SHORT,2024-06-20T12:10:00,124.89,125.20,124.42,2402,0.31,2024-06-20T14:00:00,124.42,TARGET,1134.34,685.21
rsi50,PNB,2024-06-24,LONG,2024-06-24T12:00:00,122.74,122.17,123.59,2444,0.57,2024-06-24T12:40:00,122.17,STOP,-1390.76,-1839.68
rsi50,PNB,2024-06-26,LONG,2024-06-26T11:10:00,121.54,121.07,122.24,2468,0.47,2024-06-26T11:40:00,122.24,TARGET,1735.88,1284.63
rsi50,PNB,2024-07-02,LONG,2024-07-02T11:10:00,119.42,119.05,119.97,2512,0.37,2024-07-02T11:30:00,119.05,STOP,-926.28,-1375.56
rsi50,PNB,2024-07-03,LONG,2024-07-03T12:40:00,117.86,117.46,118.47,2545,0.40,2024-07-03T12:50:00,117.67,REVERSE,-483.55,-933.12
rsi50,PNB,2024-07-04,SHORT,2024-07-04T10:50:00,117.42,117.87,116.74,2554,0.45,2024-07-04T11:30:00,117.87,STOP,-1159.31,-1610.02
rsi50,PNB,2024-07-08,SHORT,2024-07-08T12:30:00,118.52,118.94,117.89,2531,0.42,2024-07-08T14:20:00,117.89,TARGET,1596.71,1147.94
rsi50,PNB,2024-07-15,LONG,2024-07-15T10:40:00,115.61,115.23,116.18,2594,0.38,2024-07-15T11:10:00,116.18,TARGET,1485.00,1034.05
rsi50,PNB,2024-07-16,SHORT,2024-07-16T13:10:00,116.95,117.29,116.44,2565,0.34,2024-07-16T13:30:00,116.44,TARGET,1308.39,859.40
rsi50,PNB,2024-07-22,LONG,2024-07-22T10:40:00,114.53,113.91,115.46,2619,0.62,2024-07-22T12:30:00,114.70,TIME_STOP,445.23,-5.04
rsi50,PNB,2024-07-23,SHORT,2024-07-23T12:30:00,112.97,113.55,112.11,2655,0.58,2024-07-23T12:30:00,113.55,STOP,-1528.39,-1979.44
rsi50,PNB,2024-07-24,SHORT,2024-07-24T11:20:00,113.62,114.30,112.59,2640,0.68,2024-07-24T12:20:00,112.59,TARGET,2710.65,2262.75
rsi50,PNB,2024-07-25,LONG,2024-07-25T11:00:00,114.05,113.49,114.88,2630,0.56,2024-07-25T12:50:00,114.12,TIME_STOP,184.10,-265.97
rsi50,PNB,2024-07-31,SHORT,2024-07-31T10:10:00,120.71,121.14,120.06,2485,0.43,2024-07-31T10:50:00,121.14,STOP,-1070.05,-1520.80
rsi50,PNB,2024-08-01,SHORT,2024-08-01T11:30:00,120.45,120.91,119.76,2490,0.46,2024-08-01T12:10:00,119.76,TARGET,1720.77,1272.18
rsi50,PNB,2024-08-08,SHORT,2024-08-08T11:00:00,111.37,111.85,110.65,2693,0.48,2024-08-08T11:10:00,111.85,STOP,-1286.48,-1737.33
rsi50,PNB,2024-08-09,LONG,2024-08-09T13:40:00,112.10,111.82,112.52,2676,0.28,2024-08-09T13:40:00,112.52,TARGET,1127.63,676.82
rsi50,PNB,2024-08-12,LONG,2024-08-12T10:50:00,112.38,111.92,113.08,2669,0.46,2024-08-12T11:30:00,111.92,STOP,-1237.06,-1686.04
rsi50,PNB,2024-08-13,LONG,2024-08-13T11:00:00,112.15,111.76,112.73,2674,0.39,2024-08-13T12:20:00,111.76,STOP,-1038.55,-1487.60
rsi50,PNB,2024-08-21,SHORT,2024-08-21T11:20:00,112.78,113.17,112.19,2660,0.39,2024-08-21T11:30:00,113.17,STOP,-1037.84,-1488.61
rsi50,PNB,2024-08-29,LONG,2024-08-29T13:00:00,112.03,111.80,112.37,2677,0.23,2024-08-29T13:30:00,111.80,STOP,-606.43,-1055.84
rsi50,PNB,2024-09-03,SHORT,2024-09-03T11:00:00,112.71,113.03,112.23,2661,0.32,2024-09-03T12:40:00,113.03,STOP,-854.94,-1305.46
rsi50,PNB,2024-09-05,LONG,2024-09-05T12:50:00,110.01,109.73,110.43,2727,0.28,2024-09-05T13:30:00,110.43,TARGET,1135.92,685.07
rsi50,PNB,2024-09-11,SHORT,2024-09-11T11:30:00,106.56,106.95,105.98,2815,0.39,2024-09-11T12:10:00,105.98,TARGET,1641.90,1193.19
rsi50,PNB,2024-09-12,LONG,2024-09-12T13:50:00,104.98,104.63,105.51,2857,0.35,2024-09-12T14:30:00,105.51,TARGET,1502.97,1051.95
rsi50,PNB,2024-09-16,SHORT,2024-09-16T11:40:00,107.64,108.02,107.07,2787,0.38,2024-09-16T13:30:00,107.65,TIME_STOP,-27.87,-477.88
rsi50,PNB,2024-09-18,LONG,2024-09-18T12:20:00,106.02,105.66,106.55,2829,0.36,2024-09-18T12:40:00,106.55,TARGET,1508.70,1057.68
rsi50,PNB,2024-09-19,SHORT,2024-09-19T10:00:00,105.28,105.81,104.48,2849,0.53,2024-09-19T11:20:00,104.48,TARGET,2281.82,1833.62
rsi50,PNB,2024-09-20,SHORT,2024-09-20T13:50:00,104.62,105.00,104.06,2867,0.38,2024-09-20T13:50:00,105.00,STOP,-1077.28,-1528.01
rsi50,PNB,2024-09-26,LONG,2024-09-26T10:30:00,103.29,102.94,103.81,2904,0.35,2024-09-26T10:40:00,103.81,TARGET,1507.20,1056.13
rsi50,PNB,2024-09-30,SHORT,2024-09-30T10:30:00,104.92,105.36,104.26,2859,0.44,2024-09-30T10:40:00,105.36,STOP,-1249.59,-1700.48
rsi50,PNB,2024-10-04,LONG,2024-10-04T10:10:00,102.96,102.34,103.90,2913,0.62,2024-10-04T10:10:00,102.34,STOP,-1820.04,-2268.56
rsi50,PNB,2024-10-07,SHORT,2024-10-07T10:00:00,102.36,102.94,101.49,2930,0.58,2024-10-07T10:30:00,101.49,TARGET,2559.52,2111.56
rsi50,PNB,2024-10-08,LONG,2024-10-08T14:00:00,99.55,99.10,100.23,3013,0.45,2024-10-08T14:40:00,99.18,REVERSE,-1114.81,-1563.89
rsi50,PNB,2024-10-10,SHORT,2024-10-10T14:10:00,100.53,100.83,100.09,2984,0.30,2024-10-10T15:20:00,100.83,STOP,-884.74,-1335.38
rsi50,PNB,2024-10-11,SHORT,2024-10-11T11:10:00,100.78,101.12,100.27,2976,0.34,2024-10-11T12:20:00,101.12,STOP,-1004.50,-1455.14
rsi50,PNB,2024-10-15,SHORT,2024-10-15T10:20:00,102.00,102.23,101.66,2941,0.23,2024-10-15T10:40:00,102.11,REVERSE,-323.51,-773.73
rsi50,PNB,2024-10-16,SHORT,2024-10-16T12:00:00,101.93,102.12,101.64,2943,0.19,2024-10-16T13:20:00,101.64,TARGET,847.89,398.56
rsi50,PNB,2024-10-23,LONG,2024-10-23T12:40:00,94.32,93.64,95.34,3180,0.68,2024-10-23T12:40:00,93.64,STOP,-2156.63,-2604.92
rsi50,PNB,2024-10-28,LONG,2024-10-28T10:40:00,96.41,95.73,97.43,3111,0.68,2024-10-28T12:30:00,96.32,TIME_STOP,-279.99,-729.68
rsi50,PNB,2024-10-29,SHORT,2024-10-29T10:50:00,95.16,96.01,93.88,2929,0.85,2024-10-29T12:40:00,94.83,TIME_STOP,966.57,549.21
rsi50,PNB,2024-10-31,LONG,2024-10-31T10:00:00,97.31,96.95,97.85,3082,0.36,2024-10-31T10:10:00,97.07,REVERSE,-739.68,-1188.99
rsi50,PNB,2024-11-11,LONG,2024-11-11T12:00:00,102.04,101.56,102.76,2940,0.48,2024-11-11T13:00:00,102.76,TARGET,2104.58,1653.00
rsi50,PNB,2024-11-12,SHORT,2024-11-12T10:00:00,101.56,101.98,100.93,2953,0.42,2024-11-12T10:00:00,101.98,STOP,-1231.28,-1682.07
rsi50,PNB,2024-11-29,SHORT,2024-11-29T11:00:00,102.03,102.44,101.42,2940,0.41,2024-11-29T11:30:00,101.42,TARGET,1807.14,1358.55
rsi50,PNB,2024-12-02,SHORT,2024-12-02T10:40:00,101.87,102.25,101.30,2944,0.38,2024-12-02T12:30:00,101.80,TIME_STOP,206.08,-243.62
rsi50,PNB,2024-12-06,SHORT,2024-12-06T10:20:00,104.90,105.39,104.16,2859,0.49,2024-12-06T10:20:00,105.39,STOP,-1407.09,-1858.01
rsi50,PNB,2024-12-09,SHORT,2024-12-09T10:00:00,106.42,106.85,105.78,2819,0.43,2024-12-09T10:50:00,105.78,TARGET,1811.21,1362.58
rsi50,PNB,2024-12-10,LONG,2024-12-10T10:10:00,106.27,105.93,106.79,2822,0.34,2024-12-10T10:30:00,105.93,STOP,-971.24,-1420.36
rsi50,PNB,2024-12-11,SHORT,2024-12-11T12:50:00,106.29,106.57,105.87,2822,0.28,2024-12-11T13:40:00,105.87,TARGET,1189.03,740.00
rsi50,PNB,2024-12-13,LONG,2024-12-13T14:00:00,104.06,103.64,104.69,2882,0.42,2024-12-13T15:10:00,104.69,TARGET,1820.68,1369.46
rsi50,PNB,2024-12-17,SHORT,2024-12-17T10:20:00,104.83,105.11,104.42,2861,0.28,2024-12-17T10:50:00,105.11,STOP,-789.08,-1239.55
rsi50,PNB,2024-12-19,LONG,2024-12-19T11:50:00,101.01,100.44,101.86,2970,0.57,2024-12-19T13:20:00,100.44,STOP,-1680.92,-2129.65
rsi50,PNB,2024-12-24,LONG,2024-12-24T10:40:00,99.10,98.79,99.57,3027,0.31,2024-12-24T10:40:00,98.90,REVERSE,-605.40,-1054.91
rsi50,PNB,2024-12-27,SHORT,2024-12-27T12:20:00,99.22,99.51,98.78,3023,0.29,2024-12-27T14:00:00,99.51,STOP,-879.94,-1330.51
rsi50,PNB,2024-12-30,LONG,2024-12-30T10:50:00,99.53,99.15,100.10,3014,0.38,2024-12-30T11:00:00,99.15,STOP,-1144.41,-1593.53
rsi50,PNB,2024-12-31,LONG,2024-12-31T10:40:00,99.37,98.85,100.14,3019,0.52,2024-12-31T11:30:00,98.85,STOP,-1559.16,-2007.99
rsi50,PNB,2025-01-02,SHORT,2025-01-02T10:00:00,99.55,99.82,99.14,3013,0.27,2025-01-02T10:20:00,99.14,TARGET,1229.42,780.42
rsi50,PNB,2025-01-09,LONG,2025-01-09T14:00:00,99.13,98.81,99.61,3026,0.32,2025-01-09T15:20:00,99.03,EOD,-302.60,-752.32
rsi50,PNB,2025-01-15,SHORT,2025-01-15T13:40:00,95.23,95.63,94.63,3150,0.40,2025-01-15T14:50:00,95.63,STOP,-1262.85,-1713.76
rsi50,PNB,2025-01-23,LONG,2025-01-23T10:10:00,95.53,94.97,96.37,3140,0.56,2025-01-23T10:40:00,96.37,TARGET,2636.88,2184.95
rsi50,PNB,2025-01-24,SHORT,2025-01-24T10:00:00,95.00,95.48,94.29,3157,0.48,2025-01-24T10:30:00,95.48,STOP,-1503.89,-1954.89
rsi50,PNB,2025-01-27,LONG,2025-01-27T13:40:00,94.32,93.88,94.98,3180,0.44,2025-01-27T13:50:00,93.88,STOP,-1409.14,-1857.99
rsi50,PNB,2025-01-28,LONG,2025-01-28T12:00:00,94.03,93.52,94.79,3190,0.51,2025-01-28T12:50:00,94.79,TARGET,2427.08,1975.33
rsi50,PNB,2025-01-30,SHORT,2025-01-30T10:50:00,95.36,95.84,94.64,3145,0.48,2025-01-30T11:00:00,94.64,TARGET,2279.57,1831.42
rsi50,PNB,2025-01-31,LONG,2025-01-31T10:10:00,94.47,94.08,95.06,3175,0.39,2025-01-31T10:20:00,95.06,TARGET,1863.82,1412.51
rsi50,PNB,2025-02-01,SHORT,2025-02-01T12:20:00,97.08,97.72,96.12,3090,0.64,2025-02-01T12:20:00,97.72,STOP,-1981.22,-2432.67
rsi50,PNB,2025-02-04,SHORT,2025-02-04T13:00:00,96.17,96.55,95.61,3119,0.38,2025-02-04T13:00:00,96.55,STOP,-1172.12,-1622.93
rsi50,PNB,2025-02-12,LONG,2025-02-12T12:10:00,93.18,92.61,94.03,3219,0.57,2025-02-12T14:00:00,92.61,STOP,-1822.06,-2270.62
rsi50,PNB,2025-02-13,SHORT,2025-02-13T13:20:00,92.66,93.00,92.16,3237,0.34,2025-02-13T13:20:00,93.00,STOP,-1085.80,-1536.52
rsi50,PNB,2025-02-21,SHORT,2025-02-21T10:30:00,91.89,92.26,91.33,3264,0.37,2025-02-21T11:40:00,92.26,STOP,-1219.01,-1669.82
rsi50,PNB,2025-02-24,LONG,2025-02-24T13:00:00,91.50,91.15,92.02,3278,0.35,2025-02-24T13:30:00,91.15,STOP,-1143.44,-1592.49
rsi50,PNB,2025-03-03,LONG,2025-03-03T13:20:00,85.38,84.95,86.02,3513,0.43,2025-03-03T13:30:00,84.95,STOP,-1500.78,-1949.56
rsi50,PNB,2025-03-04,SHORT,2025-03-04T12:30:00,84.85,85.23,84.28,3535,0.38,2025-03-04T14:20:00,85.23,STOP,-1344.14,-1795.06
rsi50,PNB,2025-03-07,SHORT,2025-03-07T12:30:00,88.26,88.53,87.86,3399,0.27,2025-03-07T12:30:00,88.53,STOP,-911.21,-1361.88
rsi50,PNB,2025-03-13,LONG,2025-03-13T10:00:00,84.86,84.50,85.40,3535,0.36,2025-03-13T11:50:00,84.95,TIME_STOP,318.15,-132.06
rsi50,PNB,2025-03-17,LONG,2025-03-17T14:00:00,84.89,84.63,85.28,3533,0.26,2025-03-17T15:20:00,85.08,EOD,671.27,220.89
rsi50,PNB,2025-03-25,SHORT,2025-03-25T10:50:00,92.27,92.63,91.72,3251,0.36,2025-03-25T11:20:00,91.72,TARGET,1778.72,1330.10
rsi50,PNB,2025-03-27,LONG,2025-03-27T10:20:00,92.31,91.87,92.96,3249,0.44,2025-03-27T12:00:00,91.87,STOP,-1416.45,-1865.26
rsi50,PNB,2025-03-28,SHORT,2025-03-28T13:20:00,93.08,93.43,92.55,3223,0.35,2025-03-28T14:20:00,93.43,STOP,-1131.79,-1582.64
rsi50,PNB,2025-04-01,SHORT,2025-04-01T11:20:00,93.27,93.68,92.66,3216,0.41,2025-04-01T11:30:00,93.68,STOP,-1311.21,-1762.13
rsi50,PNB,2025-04-02,LONG,2025-04-02T11:10:00,93.98,93.52,94.66,3192,0.46,2025-04-02T13:00:00,94.12,TIME_STOP,446.88,-3.43
rsi50,PNB,2025-04-04,SHORT,2025-04-04T13:20:00,94.11,94.53,93.48,3187,0.42,2025-04-04T14:40:00,93.48,TARGET,2020.96,1572.58
rsi50,PNB,2025-04-09,SHORT,2025-04-09T10:30:00,93.25,93.71,92.57,3217,0.46,2025-04-09T10:40:00,92.57,TARGET,2198.83,1750.50
rsi50,PNB,2025-04-24,SHORT,2025-04-24T14:10:00,99.97,100.18,99.65,3000,0.21,2025-04-24T14:30:00,100.18,STOP,-630.09,-1080.43
rsi50,PNB,2025-05-02,LONG,2025-05-02T10:20:00,98.48,98.13,99.00,3046,0.35,2025-05-02T10:50:00,98.13,STOP,-1052.34,-1501.51
rsi50,PNB,2025-05-07,LONG,2025-05-07T11:40:00,93.85,93.31,94.67,3196,0.54,2025-05-07T12:40:00,93.31,STOP,-1736.77,-2185.38
rsi50,PNB,2025-05-09,LONG,2025-05-09T13:00:00,89.47,89.03,90.14,3353,0.44,2025-05-09T13:10:00,89.03,STOP,-1490.75,-1939.62
rsi50,PNB,2025-05-20,SHORT,2025-05-20T13:10:00,98.20,98.50,97.75,3054,0.30,2025-05-20T13:30:00,98.50,STOP,-913.84,-1364.38
rsi50,PNB,2025-05-22,SHORT,2025-05-22T11:10:00,97.98,98.35,97.42,3061,0.37,2025-05-22T13:00:00,97.42,TARGET,1708.14,1259.55
rsi50,PNB,2025-05-23,LONG,2025-05-23T11:50:00,97.63,97.31,98.11,3072,0.32,2025-05-23T13:40:00,97.64,TIME_STOP,30.72,-419.18
rsi50,PNB,2025-05-26,SHORT,2025-05-26T11:40:00,97.58,97.83,97.21,3074,0.25,2025-05-26T13:10:00,97.83,STOP,-767.39,-1217.91
rsi50,PNB,2025-05-27,SHORT,2025-05-27T10:00:00,97.57,97.84,97.16,3074,0.27,2025-05-27T10:30:00,97.84,STOP,-841.85,-1292.38
rsi50,PNB,2025-05-28,SHORT,2025-05-28T14:00:00,98.97,99.15,98.69,3031,0.18,2025-05-28T14:10:00,99.15,STOP,-559.61,-1010.00
rsi50,PNB,2025-05-30,SHORT,2025-05-30T10:00:00,98.85,99.11,98.47,3034,0.26,2025-05-30T10:40:00,98.47,TARGET,1166.26,717.27
rsi50,PNB,2025-06-03,SHORT,2025-06-03T12:30:00,105.03,105.39,104.49,2856,0.36,2025-06-03T12:40:00,105.39,STOP,-1032.05,-1482.77
rsi50,PNB,2025-06-10,SHORT,2025-06-10T10:10:00,108.46,108.80,107.94,2765,0.34,2025-06-10T10:20:00,108.80,STOP,-949.74,-1400.29
rsi50,PNB,2025-06-16,LONG,2025-06-16T12:40:00,103.38,103.05,103.87,2901,0.33,2025-06-16T14:10:00,103.87,TARGET,1427.53,976.60
rsi50,PNB,2025-06-17,SHORT,2025-06-17T12:30:00,103.70,104.00,103.26,2892,0.30,2025-06-17T12:50:00,103.26,TARGET,1285.77,836.89
rsi50,PNB,2025-06-25,LONG,2025-06-25T10:30:00,106.09,105.82,106.50,2827,0.27,2025-06-25T11:50:00,105.82,STOP,-774.64,-1223.93
rsi50,PNB,2025-06-26,SHORT,2025-06-26T10:00:00,105.60,105.83,105.26,2840,0.23,2025-06-26T10:10:00,105.83,STOP,-647.50,-1097.84
rsi50,PNB,2025-07-09,SHORT,2025-07-09T10:10:00,111.65,111.95,111.20,2686,0.30,2025-07-09T10:50:00,111.95,STOP,-811.63,-1262.08
rsi50,PNB,2025-07-11,LONG,2025-07-11T13:00:00,110.08,109.76,110.55,2725,0.32,2025-07-11T13:00:00,110.55,TARGET,1292.42,841.50
rsi50,PNB,2025-07-14,SHORT,2025-07-14T12:40:00,110.46,110.80,109.96,2715,0.34,2025-07-14T14:30:00,110.55,TIME_STOP,-244.35,-694.38
rsi50,PNB,2025-07-17,SHORT,2025-07-17T13:40:00,113.33,113.62,112.90,2647,0.29,2025-07-17T13:50:00,113.62,STOP,-754.78,-1205.32
rsi50,PNB,2025-07-18,SHORT,2025-07-18T13:00:00,113.43,113.72,113.00,2644,0.29,2025-07-18T14:50:00,113.47,TIME_STOP,-105.76,-555.70
rsi50,PNB,2025-07-21,LONG,2025-07-21T13:20:00,113.19,112.91,113.61,2650,0.28,2025-07-21T13:50:00,112.91,STOP,-744.42,-1193.79
rsi50,PNB,2025-07-25,SHORT,2025-07-25T11:30:00,109.35,109.70,108.82,2743,0.35,2025-07-25T11:50:00,108.82,TARGET,1453.41,1004.58
rsi50,PNB,2025-07-28,LONG,2025-07-28T10:40:00,109.08,108.73,109.61,2750,0.35,2025-07-28T10:40:00,108.73,STOP,-974.93,-1424.16
rsi50,PNB,2025-07-29,LONG,2025-07-29T13:00:00,107.93,107.57,108.46,2779,0.36,2025-07-29T13:20:00,108.46,TARGET,1479.93,1028.91
rsi50,PNB,2025-07-30,SHORT,2025-07-30T14:00:00,107.90,108.48,107.02,2780,0.58,2025-07-30T14:00:00,108.48,STOP,-1624.66,-2075.82
rsi50,PNB,2025-08-05,SHORT,2025-08-05T10:30:00,104.20,104.50,103.74,2879,0.30,2025-08-05T10:40:00,104.50,STOP,-875.76,-1326.41
rsi50,PNB,2025-08-06,LONG,2025-08-06T13:10:00,104.45,104.05,105.04,2872,0.40,2025-08-06T13:50:00,104.05,STOP,-1138.62,-1587.74
rsi50,PNB,2025-08-07,SHORT,2025-08-07T11:30:00,103.62,103.94,103.13,2895,0.32,2025-08-07T13:10:00,103.13,TARGET,1408.09,959.18
rsi50,PNB,2025-08-13,SHORT,2025-08-13T12:10:00,106.31,106.58,105.91,2821,0.27,2025-08-13T12:10:00,106.58,STOP,-753.06,-1203.48
rsi50,PNB,2025-08-19,LONG,2025-08-19T10:30:00,107.30,106.99,107.76,2795,0.31,2025-08-19T12:20:00,107.39,TIME_STOP,251.55,-198.49
rsi50,PNB,2025-08-20,SHORT,2025-08-20T11:40:00,107.39,107.60,107.07,2793,0.21,2025-08-20T11:50:00,107.07,TARGET,897.69,448.45
rsi50,PNB,2025-08-21,LONG,2025-08-21T10:20:00,107.54,107.36,107.80,2789,0.18,2025-08-21T10:30:00,107.80,TARGET,735.68,285.24
rsi50,PNB,2025-08-29,LONG,2025-08-29T11:40:00,102.15,101.78,102.71,2936,0.37,2025-08-29T12:00:00,101.78,STOP,-1092.12,-1541.17
rsi50,PNB,2025-09-01,LONG,2025-09-01T10:00:00,101.94,101.63,102.40,2942,0.31,2025-09-01T10:10:00,101.63,STOP,-898.77,-1347.96
rsi50,PNB,2025-09-04,SHORT,2025-09-04T11:30:00,103.61,103.88,103.20,2895,0.27,2025-09-04T11:30:00,103.88,STOP,-794.29,-1244.81
rsi50,PNB,2025-09-05,LONG,2025-09-05T14:10:00,103.88,103.60,104.30,2887,0.28,2025-09-05T14:10:00,103.60,STOP,-809.16,-1258.41
rsi50,PNB,2025-09-09,LONG,2025-09-09T11:40:00,104.52,104.25,104.92,2870,0.27,2025-09-09T11:50:00,104.25,STOP,-773.55,-1222.93
rsi50,PNB,2025-09-12,SHORT,2025-09-12T11:40:00,107.47,107.72,107.10,2791,0.25,2025-09-12T12:50:00,107.10,TARGET,1043.77,594.63
rsi50,PNB,2025-09-16,SHORT,2025-09-16T13:20:00,108.31,108.54,107.96,2769,0.23,2025-09-16T15:10:00,108.44,TIME_STOP,-359.97,-810.11
rsi50,PNB,2025-09-17,LONG,2025-09-17T10:30:00,108.87,108.63,109.22,2755,0.24,2025-09-17T10:30:00,109.22,TARGET,977.29,526.65
rsi50,PNB,2025-09-23,LONG,2025-09-23T12:40:00,113.90,113.56,114.42,2633,0.34,2025-09-23T13:10:00,113.56,STOP,-906.02,-1355.19
rsi50,PNB,2025-09-24,LONG,2025-09-24T10:10:00,114.07,113.70,114.63,2629,0.37,2025-09-24T10:30:00,113.70,STOP,-977.31,-1426.41
rsi50,PNB,2025-09-25,LONG,2025-09-25T11:40:00,112.04,111.67,112.59,2677,0.37,2025-09-25T11:50:00,111.67,STOP,-977.91,-1427.07
rsi50,PNB,2025-10-01,SHORT,2025-10-01T11:00:00,111.95,112.46,111.19,2679,0.51,2025-10-01T12:40:00,112.46,STOP,-1355.56,-1806.44
rsi50,PNB,2025-10-07,SHORT,2025-10-07T11:50:00,114.42,114.75,113.93,2621,0.33,2025-10-07T12:10:00,114.72,REVERSE,-786.30,-1236.73
rsi50,PNB,2025-10-08,LONG,2025-10-08T14:00:00,113.77,113.44,114.27,2636,0.33,2025-10-08T14:30:00,113.44,STOP,-876.33,-1325.52
rsi50,PNB,2025-10-13,SHORT,2025-10-13T12:50:00,116.82,117.15,116.33,2568,0.33,2025-10-13T13:10:00,116.92,REVERSE,-256.80,-706.98
rsi50,PNB,2025-10-15,LONG,2025-10-15T10:00:00,115.76,115.43,116.25,2591,0.33,2025-10-15T10:00:00,116.25,TARGET,1279.34,828.48
rsi50,PNB,2025-10-16,SHORT,2025-10-16T13:00:00,116.73,117.03,116.28,2570,0.30,2025-10-16T13:10:00,117.03,STOP,-774.83,-1225.40
rsi50,PNB,2025-10-21,LONG,2025-10-21T14:10:00,118.01,117.36,118.98,2542,0.65,2025-10-21T14:40:00,117.36,STOP,-1647.55,-2096.29
rsi50,PNB,2025-10-30,LONG,2025-10-30T11:10:00,121.17,120.77,121.77,2475,0.40,2025-10-30T11:20:00,121.77,TARGET,1487.79,1036.83
rsi50,PNB,2025-11-04,LONG,2025-11-04T13:50:00,123.51,123.15,124.05,2428,0.36,2025-11-04T14:00:00,123.15,STOP,-870.38,-1319.55
rsi50,PNB,2025-11-06,SHORT,2025-11-06T10:10:00,122.50,122.88,121.92,2448,0.38,2025-11-06T10:20:00,121.92,TARGET,1411.93,963.17
rsi50,PNB,2025-11-07,LONG,2025-11-07T12:20:00,120.95,120.55,121.56,2480,0.40,2025-11-07T12:40:00,121.56,TARGET,1505.75,1054.68
rsi50,PNB,2025-11-10,SHORT,2025-11-10T11:10:00,121.77,122.12,121.25,2463,0.35,2025-11-10T11:20:00,121.99,REVERSE,-541.86,-992.15
rsi50,PNB,2025-11-11,LONG,2025-11-11T13:20:00,121.70,121.43,122.10,2465,0.27,2025-11-11T13:50:00,122.10,TARGET,980.32,529.60
rsi50,PNB,2025-11-19,LONG,2025-11-19T12:30:00,122.85,122.54,123.31,2442,0.31,2025-11-19T12:30:00,123.31,TARGET,1127.69,676.84
rsi50,PNB,2025-11-20,SHORT,2025-11-20T14:00:00,124.42,124.68,124.04,2411,0.26,2025-11-20T14:30:00,124.04,TARGET,922.86,473.59
rsi50,PNB,2025-11-25,LONG,2025-11-25T12:20:00,122.64,122.30,123.15,2446,0.34,2025-11-25T12:30:00,122.30,STOP,-828.83,-1278.17
rsi50,PNB,2025-11-27,SHORT,2025-11-27T11:30:00,124.54,124.88,124.04,2408,0.34,2025-11-27T11:50:00,124.04,TARGET,1210.47,761.54
rsi50,PNB,2025-11-28,SHORT,2025-11-28T10:20:00,124.20,124.53,123.70,2415,0.33,2025-11-28T10:50:00,124.53,STOP,-802.03,-1252.55
rsi50,PNB,2025-12-05,LONG,2025-12-05T10:10:00,120.56,120.13,121.20,2488,0.43,2025-12-05T10:20:00,121.20,TARGET,1593.70,1142.57
rsi50,PNB,2025-12-08,SHORT,2025-12-08T10:10:00,119.77,120.18,119.16,2504,0.41,2025-12-08T10:50:00,119.16,TARGET,1533.07,1084.36
rsi50,PNB,2025-12-09,LONG,2025-12-09T11:50:00,117.27,116.87,117.86,2558,0.40,2025-12-09T13:30:00,117.86,TARGET,1516.70,1065.60
rsi50,PNB,2025-12-10,SHORT,2025-12-10T11:50:00,117.37,117.72,116.85,2556,0.35,2025-12-10T12:10:00,117.72,STOP,-890.53,-1341.19
rsi50,PNB,2025-12-11,LONG,2025-12-11T11:20:00,117.45,117.05,118.04,2554,0.40,2025-12-11T12:10:00,118.04,TARGET,1518.66,1067.57
rsi50,PNB,2025-12-12,SHORT,2025-12-12T10:50:00,117.10,117.41,116.63,2561,0.31,2025-12-12T11:50:00,117.41,STOP,-805.08,-1255.52
rsi50,PNB,2025-12-16,SHORT,2025-12-16T11:40:00,117.27,117.56,116.83,2558,0.29,2025-12-16T12:50:00,116.83,TARGET,1126.36,677.24
rsi50,PNB,2025-12-18,SHORT,2025-12-18T10:00:00,117.89,118.25,117.34,2544,0.36,2025-12-18T10:10:00,118.25,STOP,-925.86,-1376.42
rsi50,PNB,2025-12-19,SHORT,2025-12-19T11:50:00,118.91,119.23,118.44,2522,0.32,2025-12-19T12:10:00,119.23,STOP,-797.54,-1247.98
rsi50,PNB,2025-12-29,LONG,2025-12-29T12:10:00,120.79,120.34,121.46,2483,0.45,2025-12-29T12:30:00,120.34,STOP,-1113.74,-1562.79
rsi50,PNB,2025-12-30,LONG,2025-12-30T10:20:00,120.41,120.01,121.01,2491,0.40,2025-12-30T10:20:00,121.01,TARGET,1489.04,1038.01
rsi50,PNB,2026-01-05,SHORT,2026-01-05T13:30:00,125.50,125.87,124.94,2390,0.37,2026-01-05T13:50:00,124.94,TARGET,1327.00,878.08
rsi50,PNB,2026-01-06,LONG,2026-01-06T12:00:00,125.71,125.30,126.32,2386,0.41,2026-01-06T13:50:00,125.48,TIME_STOP,-548.78,-998.28
rsi50,PNB,2026-01-07,SHORT,2026-01-07T13:30:00,125.38,125.68,124.93,2392,0.30,2026-01-07T14:50:00,125.68,STOP,-714.56,-1164.96
rsi50,PNB,2026-01-12,LONG,2026-01-12T13:20:00,123.05,122.53,123.83,2438,0.52,2026-01-12T14:00:00,122.53,STOP,-1270.44,-1719.48
rsi50,PNB,2026-01-13,SHORT,2026-01-13T13:20:00,122.86,123.27,122.24,2441,0.41,2026-01-13T13:50:00,123.27,STOP,-1012.54,-1463.15
rsi50,PNB,2026-01-19,SHORT,2026-01-19T14:10:00,125.57,126.75,123.80,2120,1.18,2026-01-19T14:10:00,126.75,STOP,-2499.42,-2900.61
rsi50,PNB,2026-01-30,LONG,2026-01-30T10:00:00,125.12,124.56,125.96,2397,0.56,2026-01-30T10:00:00,124.60,REVERSE,-1246.44,-1695.37
rsi50,PNB,2026-02-04,SHORT,2026-02-04T11:40:00,123.19,123.56,122.63,2435,0.37,2026-02-04T12:10:00,123.56,STOP,-910.04,-1360.67
rsi50,PNB,2026-02-05,SHORT,2026-02-05T12:50:00,123.80,124.18,123.24,2423,0.38,2026-02-05T14:40:00,123.77,TIME_STOP,72.69,-377.21
rsi50,PNB,2026-02-11,LONG,2026-02-11T13:20:00,122.85,122.50,123.37,2442,0.35,2026-02-11T14:00:00,123.37,TARGET,1267.26,816.31
rsi50,PNB,2026-02-16,LONG,2026-02-16T12:30:00,118.99,118.66,119.49,2521,0.33,2026-02-16T12:40:00,119.49,TARGET,1253.23,802.33
rsi50,PNB,2026-02-19,SHORT,2026-02-19T11:50:00,127.17,127.55,126.60,2359,0.38,2026-02-19T13:40:00,126.90,TIME_STOP,636.93,187.42
rsi50,PNB,2026-02-23,SHORT,2026-02-23T13:40:00,130.26,130.70,129.60,2303,0.44,2026-02-23T15:20:00,130.18,EOD,184.24,-265.60
rsi50,PNB,2026-02-24,LONG,2026-02-24T10:20:00,131.32,130.84,132.04,2284,0.48,2026-02-24T11:30:00,132.04,TARGET,1645.66,1194.52
rsi50,PNB,2026-02-26,SHORT,2026-02-26T11:20:00,130.49,130.95,129.80,2299,0.46,2026-02-26T12:30:00,129.80,TARGET,1587.41,1138.61
rsi50,PNB,2026-03-11,SHORT,2026-03-11T12:00:00,116.57,116.96,115.98,2573,0.39,2026-03-11T12:20:00,116.96,STOP,-1008.41,-1459.07
rsi50,PNB,2026-03-12,LONG,2026-03-12T11:20:00,116.95,116.35,117.86,2565,0.60,2026-03-12T11:20:00,116.35,STOP,-1550.13,-1998.94
rsi50,BANKBARODA,2024-03-19,SHORT,2024-03-19T10:00:00,237.95,239.20,236.07,1260,1.25,2024-03-19T10:10:00,236.07,TARGET,2363.00,1915.05
rsi50,BANKBARODA,2024-03-20,LONG,2024-03-20T13:20:00,234.81,233.42,236.89,1277,1.39,2024-03-20T14:20:00,233.42,STOP,-1773.61,-2222.06
rsi50,BANKBARODA,2024-03-27,SHORT,2024-03-27T10:00:00,244.67,245.58,243.31,1226,0.91,2024-03-27T10:30:00,245.58,STOP,-1114.90,-1565.68
rsi50,BANKBARODA,2024-03-28,LONG,2024-03-28T10:00:00,245.15,244.08,246.76,1223,1.07,2024-03-28T10:50:00,246.76,TARGET,1965.21,1514.00
rsi50,BANKBARODA,2024-04-03,LONG,2024-04-03T14:00:00,253.22,252.50,254.29,1184,0.72,2024-04-03T14:00:00,254.29,TARGET,1272.46,821.79
rsi50,BANKBARODA,2024-04-04,SHORT,2024-04-04T11:30:00,253.85,255.11,251.96,1181,1.26,2024-04-04T13:20:00,253.46,TIME_STOP,460.59,11.24
rsi50,BANKBARODA,2024-04-05,LONG,2024-04-05T11:20:00,253.90,252.90,255.41,1181,1.00,2024-04-05T11:40:00,252.90,STOP,-1185.70,-1634.60
rsi50,BANKBARODA,2024-04-09,LONG,2024-04-09T10:10:00,253.22,252.10,254.90,1184,1.12,2024-04-09T10:20:00,252.10,STOP,-1322.53,-1771.26
rsi50,BANKBARODA,2024-04-10,LONG,2024-04-10T10:20:00,251.29,250.39,252.65,1193,0.90,2024-04-10T10:40:00,252.65,TARGET,1617.39,1166.49
rsi50,BANKBARODA,2024-04-12,SHORT,2024-04-12T13:30:00,253.66,254.51,252.39,1182,0.85,2024-04-12T14:10:00,252.39,TARGET,1500.98,1052.37
rsi50,BANKBARODA,2024-04-18,LONG,2024-04-18T12:40:00,246.41,245.36,247.99,1217,1.05,2024-04-18T13:30:00,245.36,STOP,-1281.68,-1730.54
rsi50,BANKBARODA,2024-04-25,LONG,2024-04-25T10:10:00,247.76,246.88,249.08,1210,0.88,2024-04-25T10:10:00,249.08,TARGET,1597.26,1146.38
rsi50,BANKBARODA,2024-04-29,LONG,2024-04-29T11:50:00,253.66,252.67,255.14,1182,0.99,2024-04-29T12:40:00,255.14,TARGET,1750.72,1299.66
rsi50,BANKBARODA,2024-05-03,SHORT,2024-05-03T11:50:00,260.62,261.87,258.74,1151,1.25,2024-05-03T12:40:00,261.87,STOP,-1444.09,-1895.13
rsi50,BANKBARODA,2024-05-09,SHORT,2024-05-09T13:00:00,247.62,249.00,245.55,1211,1.38,2024-05-09T13:50:00,249.00,STOP,-1668.23,-2119.28
rsi50,BANKBARODA,2024-05-13,LONG,2024-05-13T12:50:00,244.04,242.25,246.72,1229,1.79,2024-05-13T13:30:00,242.25,STOP,-2199.50,-2647.74
rsi50,BANKBARODA,2024-05-14,SHORT,2024-05-14T10:10:00,242.64,244.29,240.16,1236,1.65,2024-05-14T12:00:00,242.88,TIME_STOP,-296.64,-746.72
rsi50,BANKBARODA,2024-05-16,SHORT,2024-05-16T11:00:00,246.99,247.99,245.49,1214,1.00,2024-05-16T11:10:00,245.49,TARGET,1815.85,1367.44
rsi50,BANKBARODA,2024-05-17,SHORT,2024-05-17T12:10:00,245.34,246.35,243.82,1222,1.01,2024-05-17T12:30:00,245.20,EOD_FORCED,171.08,-278.50
rsi50,BANKBARODA,2024-05-21,LONG,2024-05-21T10:30:00,248.49,247.30,250.27,1207,1.19,2024-05-21T10:50:00,247.30,STOP,-1436.07,-1884.89
rsi50,BANKBARODA,2024-05-22,SHORT,2024-05-22T11:10:00,248.10,249.23,246.41,1209,1.13,2024-05-22T13:00:00,247.57,TIME_STOP,640.77,191.32
rsi50,BANKBARODA,2024-05-27,LONG,2024-05-27T12:40:00,254.04,253.10,255.45,1180,0.94,2024-05-27T14:00:00,255.45,TARGET,1668.84,1217.94
rsi50,BANKBARODA,2024-05-28,SHORT,2024-05-28T10:10:00,252.93,254.05,251.25,1186,1.12,2024-05-28T11:30:00,251.25,TARGET,1990.73,1542.26
rsi50,BANKBARODA,2024-05-30,LONG,2024-05-30T13:40:00,247.52,246.79,248.61,1212,0.73,2024-05-30T13:50:00,248.61,TARGET,1319.77,868.79
rsi50,BANKBARODA,2024-05-31,LONG,2024-05-31T13:30:00,247.86,247.02,249.12,1210,0.84,2024-05-31T13:50:00,249.12,TARGET,1523.90,1072.89
rsi50,BANKBARODA,2024-06-04,SHORT,2024-06-04T11:30:00,240.90,244.99,234.77,611,4.09,2024-06-04T11:40:00,234.77,TARGET,3747.12,3529.15
rsi50,BANKBARODA,2024-06-05,LONG,2024-06-05T13:00:00,236.11,232.79,241.09,752,3.32,2024-06-05T14:10:00,241.09,TARGET,3748.26,3479.11
rsi50,BANKBARODA,2024-06-12,LONG,2024-06-12T10:10:00,260.62,259.52,262.27,1151,1.10,2024-06-12T10:30:00,262.27,TARGET,1903.64,1452.25
rsi50,BANKBARODA,2024-06-13,SHORT,2024-06-13T13:50:00,265.40,266.14,264.29,1130,0.74,2024-06-13T15:10:00,266.14,STOP,-834.08,-1284.56
rsi50,BANKBARODA,2024-06-14,LONG,2024-06-14T10:10:00,266.13,265.30,267.38,1127,0.83,2024-06-14T11:10:00,267.38,TARGET,1404.94,954.00
rsi50,BANKBARODA,2024-06-20,LONG,2024-06-20T13:30:00,268.79,268.02,269.94,1116,0.77,2024-06-20T13:30:00,268.40,REVERSE,-435.24,-884.87
rsi50,BANKBARODA,2024-06-24,LONG,2024-06-24T12:10:00,264.15,262.91,266.01,1135,1.24,2024-06-24T14:00:00,264.87,TIME_STOP,817.20,366.87
rsi50,BANKBARODA,2024-06-25,SHORT,2024-06-25T12:00:00,264.10,264.88,262.92,1135,0.78,2024-06-25T12:20:00,262.92,TARGET,1334.25,885.62
rsi50,BANKBARODA,2024-06-26,SHORT,2024-06-26T13:40:00,264.00,264.81,262.78,1136,0.81,2024-06-26T14:10:00,264.81,STOP,-921.25,-1371.80
rsi50,BANKBARODA,2024-07-03,LONG,2024-07-03T11:00:00,258.25,257.11,259.97,1161,1.14,2024-07-03T11:00:00,257.62,REVERSE,-731.43,-1180.62
rsi50,BANKBARODA,2024-07-04,SHORT,2024-07-04T10:40:00,257.04,258.11,255.44,1167,1.07,2024-07-04T11:30:00,258.11,STOP,-1247.26,-1698.14
rsi50,BANKBARODA,2024-07-09,LONG,2024-07-09T12:00:00,255.16,254.30,256.45,1175,0.86,2024-07-09T12:20:00,254.30,STOP,-1007.60,-1456.57
rsi50,BANKBARODA,2024-07-11,LONG,2024-07-11T10:20:00,249.40,248.55,250.67,1202,0.85,2024-07-11T10:20:00,248.55,STOP,-1021.19,-1470.10
rsi50,BANKBARODA,2024-07-12,SHORT,2024-07-12T12:00:00,247.71,248.49,246.54,1211,0.78,2024-07-12T12:40:00,246.54,TARGET,1413.14,964.23
rsi50,BANKBARODA,2024-07-15,LONG,2024-07-15T11:30:00,246.17,245.20,247.63,1218,0.97,2024-07-15T12:00:00,245.20,STOP,-1182.63,-1631.50
rsi50,BANKBARODA,2024-07-22,LONG,2024-07-22T10:20:00,246.02,244.65,248.08,1219,1.37,2024-07-22T12:10:00,247.04,TIME_STOP,1243.38,792.60
rsi50,BANKBARODA,2024-07-26,LONG,2024-07-26T11:20:00,238.77,237.85,240.15,1256,0.92,2024-07-26T13:10:00,239.25,TIME_STOP,602.88,152.59
rsi50,BANKBARODA,2024-08-01,SHORT,2024-08-01T11:20:00,244.67,245.85,242.89,1226,1.18,2024-08-01T12:30:00,242.89,TARGET,2176.73,1728.41
rsi50,BANKBARODA,2024-08-12,SHORT,2024-08-12T13:20:00,236.74,237.54,235.53,1267,0.80,2024-08-12T14:30:00,237.54,STOP,-1018.40,-1469.09
rsi50,BANKBARODA,2024-08-13,LONG,2024-08-13T11:00:00,237.61,236.75,238.91,1262,0.86,2024-08-13T12:00:00,236.75,STOP,-1089.57,-1538.55
rsi50,BANKBARODA,2024-08-16,LONG,2024-08-16T14:00:00,234.57,234.01,235.41,1278,0.56,2024-08-16T14:40:00,235.41,TARGET,1075.73,625.25
rsi50,BANKBARODA,2024-08-21,SHORT,2024-08-21T11:20:00,243.94,244.67,242.84,1229,0.73,2024-08-21T11:30:00,244.67,STOP,-898.61,-1348.99
rsi50,BANKBARODA,2024-08-23,SHORT,2024-08-23T13:50:00,244.81,245.35,244.00,1225,0.54,2024-08-23T15:00:00,244.00,TARGET,993.01,543.92
rsi50,BANKBARODA,2024-08-27,LONG,2024-08-27T11:20:00,243.56,242.94,244.49,1231,0.62,2024-08-27T11:40:00,242.94,STOP,-766.66,-1215.81
rsi50,BANKBARODA,2024-08-28,LONG,2024-08-28T13:10:00,242.54,242.08,243.23,1236,0.46,2024-08-28T13:10:00,242.08,STOP,-564.74,-1013.98
rsi50,BANKBARODA,2024-08-29,LONG,2024-08-29T13:00:00,241.77,241.26,242.54,1240,0.51,2024-08-29T13:50:00,241.26,STOP,-636.30,-1085.52
rsi50,BANKBARODA,2024-09-02,SHORT,2024-09-02T10:00:00,240.85,241.62,239.69,1245,0.77,2024-09-02T11:30:00,241.62,STOP,-963.07,-1413.58
rsi50,BANKBARODA,2024-09-03,SHORT,2024-09-03T13:10:00,243.60,244.19,242.71,1231,0.59,2024-09-03T14:50:00,242.71,TARGET,1090.59,641.60
rsi50,BANKBARODA,2024-09-05,LONG,2024-09-05T13:50:00,235.82,235.25,236.68,1272,0.57,2024-09-05T15:20:00,235.58,EOD,-305.28,-755.00
rsi50,BANKBARODA,2024-09-11,SHORT,2024-09-11T12:30:00,227.90,228.62,226.82,1316,0.72,2024-09-11T13:40:00,226.82,TARGET,1421.26,972.45
rsi50,BANKBARODA,2024-09-12,LONG,2024-09-12T12:10:00,227.27,226.50,228.43,1320,0.77,2024-09-12T12:40:00,228.43,TARGET,1525.20,1074.06
rsi50,BANKBARODA,2024-09-17,LONG,2024-09-17T12:20:00,231.62,231.02,232.52,1295,0.60,2024-09-17T12:40:00,232.52,TARGET,1166.22,715.43
rsi50,BANKBARODA,2024-09-18,LONG,2024-09-18T10:00:00,232.20,231.59,233.12,1291,0.61,2024-09-18T10:10:00,231.59,STOP,-793.46,-1242.52
rsi50,BANKBARODA,2024-09-20,SHORT,2024-09-20T14:00:00,228.57,229.31,227.46,1312,0.74,2024-09-20T15:10:00,227.46,TARGET,1456.78,1008.05
rsi50,BANKBARODA,2024-09-25,LONG,2024-09-25T14:10:00,234.81,234.15,235.80,1277,0.66,2024-09-25T14:30:00,234.15,STOP,-842.77,-1291.92
rsi50,BANKBARODA,2024-10-04,LONG,2024-10-04T10:00:00,242.11,240.44,244.62,1239,1.67,2024-10-04T11:20:00,244.62,TARGET,3106.16,2653.87
rsi50,BANKBARODA,2024-10-08,LONG,2024-10-08T10:40:00,237.62,235.79,240.36,1262,1.83,2024-10-08T11:50:00,240.36,TARGET,3460.29,3007.88
rsi50,BANKBARODA,2024-10-10,SHORT,2024-10-10T13:50:00,239.66,240.44,238.50,1251,0.78,2024-10-10T15:00:00,238.50,TARGET,1456.18,1007.55
rsi50,BANKBARODA,2024-10-14,LONG,2024-10-14T10:30:00,235.82,235.03,237.01,1272,0.79,2024-10-14T12:20:00,235.03,STOP,-1010.96,-1460.14
rsi50,BANKBARODA,2024-10-15,SHORT,2024-10-15T13:00:00,235.97,236.56,235.09,1271,0.59,2024-10-15T13:00:00,235.09,TARGET,1123.47,674.43
rsi50,BANKBARODA,2024-10-16,SHORT,2024-10-16T10:50:00,235.29,235.95,234.31,1275,0.66,2024-10-16T11:30:00,235.95,STOP,-835.30,-1285.92
rsi50,BANKBARODA,2024-10-18,LONG,2024-10-18T11:40:00,235.87,234.96,237.23,1271,0.91,2024-10-18T12:30:00,237.23,TARGET,1728.62,1277.63
rsi50,BANKBARODA,2024-10-21,SHORT,2024-10-21T12:30:00,238.12,239.05,236.72,1259,0.93,2024-10-21T13:00:00,236.72,TARGET,1763.55,1315.18
rsi50,BANKBARODA,2024-10-23,LONG,2024-10-23T13:50:00,228.30,227.11,230.08,1314,1.19,2024-10-23T14:40:00,230.08,TARGET,2341.88,1890.15
rsi50,BANKBARODA,2024-10-29,LONG,2024-10-29T12:10:00,243.07,242.03,244.63,1234,1.04,2024-10-29T14:00:00,244.63,TARGET,1927.73,1476.36
rsi50,BANKBARODA,2024-11-04,SHORT,2024-11-04T11:00:00,240.85,241.96,239.19,1245,1.11,2024-11-04T12:50:00,240.61,TIME_STOP,298.80,-150.76
rsi50,BANKBARODA,2024-11-11,LONG,2024-11-11T11:30:00,250.13,248.76,252.19,1199,1.37,2024-11-11T13:20:00,250.03,TIME_STOP,-119.90,-569.67
rsi50,BANKBARODA,2024-11-12,SHORT,2024-11-12T10:30:00,249.16,250.25,247.52,1204,1.09,2024-11-12T12:10:00,247.52,TARGET,1969.49,1520.99
rsi50,BANKBARODA,2024-11-19,LONG,2024-11-19T10:10:00,236.74,235.70,238.29,1267,1.04,2024-11-19T11:40:00,235.70,STOP,-1311.72,-1760.66
rsi50,BANKBARODA,2024-11-27,SHORT,2024-11-27T10:50:00,237.47,238.37,236.13,1263,0.90,2024-11-27T11:30:00,238.37,STOP,-1132.43,-1583.17
rsi50,BANKBARODA,2024-11-28,LONG,2024-11-28T10:00:00,239.93,238.99,241.34,1250,0.94,2024-11-28T10:20:00,241.34,TARGET,1757.22,1306.04
rsi50,BANKBARODA,2024-11-29,SHORT,2024-11-29T10:50:00,238.72,239.80,237.10,1256,1.08,2024-11-29T11:40:00,237.10,TARGET,2037.55,1589.33
rsi50,BANKBARODA,2024-12-09,LONG,2024-12-09T11:50:00,255.31,254.46,256.58,1175,0.85,2024-12-09T12:30:00,254.46,STOP,-996.65,-1445.89
rsi50,BANKBARODA,2024-12-11,SHORT,2024-12-11T13:50:00,254.04,254.61,253.18,1180,0.57,2024-12-11T14:00:00,253.18,TARGET,1012.85,563.96
rsi50,BANKBARODA,2024-12-13,LONG,2024-12-13T14:00:00,248.92,247.97,250.34,1205,0.95,2024-12-13T15:20:00,249.40,EOD,578.40,128.04
rsi50,BANKBARODA,2024-12-17,SHORT,2024-12-17T10:10:00,248.73,249.46,247.63,1206,0.73,2024-12-17T10:50:00,249.46,STOP,-880.42,-1331.04
rsi50,BANKBARODA,2024-12-23,LONG,2024-12-23T13:20:00,237.91,236.92,239.39,1260,0.99,2024-12-23T15:10:00,238.19,TIME_STOP,352.80,-97.11
rsi50,BANKBARODA,2024-12-24,SHORT,2024-12-24T11:40:00,236.61,237.47,235.33,1267,0.86,2024-12-24T12:30:00,235.33,TARGET,1626.61,1178.15
rsi50,BANKBARODA,2024-12-27,SHORT,2024-12-27T12:20:00,237.52,238.24,236.45,1263,0.72,2024-12-27T13:50:00,238.24,STOP,-903.40,-1354.06
rsi50,BANKBARODA,2024-12-30,LONG,2024-12-30T12:00:00,238.96,238.12,240.22,1255,0.84,2024-12-30T12:00:00,238.12,STOP,-1050.33,-1499.39
rsi50,BANKBARODA,2025-01-01,LONG,2025-01-01T11:00:00,233.27,232.43,234.53,1286,0.84,2025-01-01T11:40:00,232.43,STOP,-1080.23,-1529.40
rsi50,BANKBARODA,2025-01-02,LONG,2025-01-02T13:50:00,232.49,231.66,233.73,1290,0.83,2025-01-02T13:50:00,231.66,STOP,-1066.82,-1515.88
rsi50,BANKBARODA,2025-01-07,LONG,2025-01-07T10:30:00,223.58,222.23,225.60,1341,1.35,2025-01-07T12:20:00,224.17,TIME_STOP,791.19,340.87
rsi50,BANKBARODA,2025-01-08,SHORT,2025-01-08T10:50:00,222.97,223.89,221.59,1345,0.92,2025-01-08T12:40:00,223.51,TIME_STOP,-726.30,-1176.69
rsi50,BANKBARODA,2025-01-09,SHORT,2025-01-09T11:10:00,222.58,223.49,221.22,1347,0.91,2025-01-09T11:40:00,223.49,STOP,-1224.49,-1675.13
rsi50,BANKBARODA,2025-01-15,SHORT,2025-01-15T13:20:00,215.88,216.67,214.69,1389,0.79,2025-01-15T13:50:00,214.69,TARGET,1648.34,1199.79
rsi50,BANKBARODA,2025-01-23,LONG,2025-01-23T10:20:00,220.63,219.56,222.23,1359,1.07,2025-01-23T11:20:00,219.56,STOP,-1449.67,-1898.33
rsi50,BANKBARODA,2025-01-24,LONG,2025-01-24T11:50:00,221.60,220.68,222.98,1353,0.92,2025-01-24T12:10:00,220.68,STOP,-1243.24,-1692.05
rsi50,BANKBARODA,2025-01-28,LONG,2025-01-28T12:10:00,216.01,214.73,217.93,1388,1.28,2025-01-28T12:30:00,214.73,STOP,-1772.02,-2220.42
rsi50,BANKBARODA,2025-01-30,SHORT,2025-01-30T13:40:00,215.47,216.16,214.43,1392,0.69,2025-01-30T14:20:00,216.16,STOP,-962.54,-1413.17
rsi50,BANKBARODA,2025-02-01,LONG,2025-02-01T10:30:00,208.05,207.25,209.25,1441,0.80,2025-02-01T11:10:00,207.25,STOP,-1149.89,-1598.72
rsi50,BANKBARODA,2025-02-07,SHORT,2025-02-07T10:10:00,210.32,211.10,209.16,1426,0.78,2025-02-07T10:10:00,211.10,STOP,-1105.75,-1556.46
rsi50,BANKBARODA,2025-02-12,LONG,2025-02-12T11:50:00,204.95,203.79,206.69,1463,1.16,2025-02-12T13:10:00,206.69,TARGET,2544.29,2092.62
rsi50,BANKBARODA,2025-02-13,SHORT,2025-02-13T12:20:00,204.97,205.66,203.94,1463,0.69,2025-02-13T13:30:00,203.94,TARGET,1509.86,1061.18
rsi50,BANKBARODA,2025-02-18,LONG,2025-02-18T12:40:00,198.99,198.15,200.25,1507,0.84,2025-02-18T12:40:00,198.15,STOP,-1264.05,-1712.91
rsi50,BANKBARODA,2025-02-21,SHORT,2025-02-21T10:30:00,204.12,204.98,202.83,1469,0.86,2025-02-21T12:20:00,203.66,TIME_STOP,675.74,226.47
rsi50,BANKBARODA,2025-02-25,SHORT,2025-02-25T10:20:00,200.68,201.37,199.64,1494,0.69,2025-02-25T10:30:00,199.64,TARGET,1554.24,1105.68
rsi50,BANKBARODA,2025-03-04,SHORT,2025-03-04T13:20:00,189.28,190.08,188.08,1584,0.80,2025-03-04T14:10:00,190.08,STOP,-1267.17,-1717.85
rsi50,BANKBARODA,2025-03-12,LONG,2025-03-12T10:00:00,197.61,196.78,198.86,1518,0.83,2025-03-12T10:20:00,196.78,STOP,-1266.09,-1715.10
rsi50,BANKBARODA,2025-03-17,SHORT,2025-03-17T10:20:00,197.89,198.61,196.82,1515,0.72,2025-03-17T11:00:00,198.61,STOP,-1084.88,-1535.40
rsi50,BANKBARODA,2025-03-21,SHORT,2025-03-21T14:10:00,208.73,209.17,208.06,1437,0.44,2025-03-21T14:10:00,209.17,STOP,-637.59,-1087.98
rsi50,BANKBARODA,2025-03-25,SHORT,2025-03-25T11:00:00,214.41,215.35,213.00,1399,0.94,2025-03-25T12:30:00,215.35,STOP,-1312.22,-1763.14
rsi50,BANKBARODA,2025-03-28,SHORT,2025-03-28T12:40:00,220.54,221.46,219.15,1360,0.92,2025-03-28T14:30:00,220.64,TIME_STOP,-136.00,-586.00
rsi50,BANKBARODA,2025-04-01,SHORT,2025-04-01T11:10:00,220.25,221.26,218.74,1362,1.01,2025-04-01T11:20:00,221.26,STOP,-1374.80,-1825.80
rsi50,BANKBARODA,2025-04-02,SHORT,2025-04-02T10:00:00,219.34,220.53,217.56,1367,1.19,2025-04-02T10:50:00,220.53,STOP,-1622.40,-2073.37
rsi50,BANKBARODA,2025-04-09,SHORT,2025-04-09T10:20:00,224.19,225.25,222.60,1338,1.06,2025-04-09T10:20:00,225.25,STOP,-1422.44,-1873.45
rsi50,BANKBARODA,2025-04-24,SHORT,2025-04-24T14:10:00,243.52,244.13,242.60,1231,0.61,2025-04-24T14:20:00,244.13,STOP,-755.54,-1205.76
rsi50,BANKBARODA,2025-05-06,SHORT,2025-05-06T10:00:00,237.85,238.97,236.18,1261,1.12,2025-05-06T10:40:00,238.97,STOP,-1408.01,-1858.96
rsi50,BANKBARODA,2025-05-09,LONG,2025-05-09T13:00:00,211.98,210.99,213.46,1415,0.99,2025-05-09T13:10:00,210.99,STOP,-1400.24,-1849.12
rsi50,BANKBARODA,2025-05-20,SHORT,2025-05-20T12:10:00,231.78,232.54,230.64,1294,0.76,2025-05-20T12:20:00,232.54,STOP,-982.26,-1432.88
rsi50,BANKBARODA,2025-05-22,SHORT,2025-05-22T14:10:00,231.01,231.82,229.80,1298,0.81,2025-05-22T14:40:00,231.82,STOP,-1049.35,-1499.92
rsi50,BANKBARODA,2025-05-26,SHORT,2025-05-26T10:50:00,233.42,234.09,232.42,1285,0.67,2025-05-26T12:40:00,232.84,TIME_STOP,745.30,295.94
rsi50,BANKBARODA,2025-05-27,LONG,2025-05-27T12:30:00,233.41,232.73,234.43,1285,0.68,2025-05-27T14:00:00,232.73,STOP,-870.18,-1319.43
rsi50,BANKBARODA,2025-06-03,SHORT,2025-06-03T11:50:00,244.81,245.64,243.56,1225,0.83,2025-06-03T12:10:00,243.56,TARGET,1532.76,1084.07
rsi50,BANKBARODA,2025-06-04,LONG,2025-06-04T11:00:00,245.92,245.12,247.12,1219,0.80,2025-06-04T12:50:00,245.59,TIME_STOP,-402.27,-851.63
rsi50,BANKBARODA,2025-06-10,SHORT,2025-06-10T10:10:00,247.33,248.01,246.32,1212,0.68,2025-06-10T10:20:00,248.01,STOP,-819.40,-1269.66
rsi50,BANKBARODA,2025-06-16,LONG,2025-06-16T12:20:00,239.27,238.37,240.62,1253,0.90,2025-06-16T12:20:00,238.37,STOP,-1130.88,-1579.74
rsi50,BANKBARODA,2025-06-17,SHORT,2025-06-17T11:40:00,239.32,240.01,238.28,1253,0.69,2025-06-17T12:50:00,238.28,TARGET,1304.45,855.63
rsi50,BANKBARODA,2025-06-18,LONG,2025-06-18T10:20:00,239.15,238.51,240.10,1254,0.64,2025-06-18T10:30:00,238.60,REVERSE,-689.70,-1139.02
rsi50,BANKBARODA,2025-06-20,LONG,2025-06-20T10:50:00,234.56,233.70,235.85,1278,0.86,2025-06-20T11:10:00,235.85,TARGET,1652.20,1201.31
rsi50,BANKBARODA,2025-06-23,LONG,2025-06-23T11:40:00,234.61,233.77,235.87,1278,0.84,2025-06-23T13:30:00,235.00,TIME_STOP,498.42,48.30
rsi50,BANKBARODA,2025-07-02,SHORT,2025-07-02T10:00:00,243.43,244.43,241.94,1232,1.00,2025-07-02T11:20:00,244.43,STOP,-1227.06,-1677.84
rsi50,BANKBARODA,2025-07-07,SHORT,2025-07-07T13:30:00,241.62,242.23,240.71,1241,0.61,2025-07-07T14:50:00,240.71,TARGET,1131.79,682.87
rsi50,BANKBARODA,2025-07-11,LONG,2025-07-11T13:10:00,239.00,238.20,240.19,1255,0.80,2025-07-11T13:10:00,238.20,STOP,-999.39,-1448.56
rsi50,BANKBARODA,2025-07-18,SHORT,2025-07-18T10:30:00,245.46,246.19,244.36,1222,0.73,2025-07-18T11:30:00,246.19,STOP,-893.45,-1344.05
rsi50,BANKBARODA,2025-07-21,LONG,2025-07-21T13:00:00,245.00,244.25,246.13,1224,0.75,2025-07-21T13:50:00,244.25,STOP,-920.22,-1369.35
rsi50,BANKBARODA,2025-07-23,LONG,2025-07-23T12:30:00,241.10,240.45,242.07,1244,0.65,2025-07-23T14:20:00,241.77,TIME_STOP,833.48,382.96
rsi50,BANKBARODA,2025-07-25,SHORT,2025-07-25T13:10:00,243.79,244.63,242.52,1230,0.84,2025-07-25T14:50:00,242.52,TARGET,1558.34,1109.72
rsi50,BANKBARODA,2025-07-28,SHORT,2025-07-28T10:00:00,242.30,243.80,240.05,1238,1.50,2025-07-28T10:10:00,243.80,STOP,-1857.92,-2309.26
rsi50,BANKBARODA,2025-07-29,LONG,2025-07-29T10:40:00,241.82,240.80,243.36,1240,1.02,2025-07-29T11:10:00,241.15,REVERSE,-830.80,-1279.96
rsi50,BANKBARODA,2025-07-30,LONG,2025-07-30T12:10:00,242.50,241.82,243.52,1237,0.68,2025-07-30T13:30:00,241.82,STOP,-839.89,-1289.22
rsi50,BANKBARODA,2025-07-31,LONG,2025-07-31T12:50:00,240.38,239.58,241.59,1248,0.80,2025-07-31T14:20:00,239.58,STOP,-1003.13,-1452.37
rsi50,BANKBARODA,2025-08-04,LONG,2025-08-04T13:00:00,238.86,238.11,239.98,1255,0.75,2025-08-04T13:20:00,239.98,TARGET,1405.16,954.45
rsi50,BANKBARODA,2025-08-05,SHORT,2025-08-05T14:10:00,240.17,240.76,239.29,1249,0.59,2025-08-05T14:40:00,240.76,STOP,-734.40,-1184.91
rsi50,BANKBARODA,2025-08-06,SHORT,2025-08-06T11:00:00,240.05,240.87,238.83,1249,0.82,2025-08-06T12:20:00,240.87,STOP,-1018.91,-1469.41
rsi50,BANKBARODA,2025-08-07,SHORT,2025-08-07T10:40:00,240.74,241.48,239.64,1246,0.74,2025-08-07T11:00:00,241.48,STOP,-917.68,-1368.31
rsi50,BANKBARODA,2025-08-08,SHORT,2025-08-08T12:10:00,239.71,240.38,238.71,1251,0.67,2025-08-08T12:30:00,240.38,STOP,-833.42,-1283.86
rsi50,BANKBARODA,2025-08-12,SHORT,2025-08-12T13:30:00,242.86,243.41,242.04,1235,0.55,2025-08-12T13:50:00,243.41,STOP,-675.95,-1126.36
rsi50,BANKBARODA,2025-08-13,LONG,2025-08-13T10:00:00,244.17,243.55,245.10,1228,0.62,2025-08-13T10:30:00,243.55,STOP,-761.95,-1211.14
rsi50,BANKBARODA,2025-08-14,LONG,2025-08-14T10:30:00,243.11,242.50,244.02,1234,0.61,2025-08-14T11:50:00,242.50,STOP,-749.98,-1199.42
rsi50,BANKBARODA,2025-08-18,SHORT,2025-08-18T12:30:00,242.59,243.24,241.61,1236,0.65,2025-08-18T14:20:00,241.61,TARGET,1209.54,760.69
rsi50,BANKBARODA,2025-08-19,LONG,2025-08-19T10:30:00,244.00,243.35,244.97,1229,0.65,2025-08-19T12:10:00,244.97,TARGET,1195.91,745.20
rsi50,BANKBARODA,2025-08-20,SHORT,2025-08-20T12:30:00,245.56,246.15,244.68,1221,0.59,2025-08-20T13:00:00,244.68,TARGET,1076.89,627.96
rsi50,BANKBARODA,2025-08-21,LONG,2025-08-21T10:10:00,246.01,245.56,246.69,1219,0.45,2025-08-21T10:30:00,246.69,TARGET,825.93,375.48
rsi50,BANKBARODA,2025-08-29,LONG,2025-08-29T13:10:00,233.50,232.88,234.43,1284,0.62,2025-08-29T14:00:00,232.88,STOP,-793.28,-1242.41
rsi50,BANKBARODA,2025-09-04,SHORT,2025-09-04T11:00:00,236.99,237.64,236.01,1265,0.65,2025-09-04T11:20:00,236.01,TARGET,1234.52,785.75
rsi50,BANKBARODA,2025-09-08,SHORT,2025-09-08T14:10:00,234.95,235.49,234.14,1276,0.54,2025-09-08T14:30:00,235.49,STOP,-690.02,-1140.23
rsi50,BANKBARODA,2025-09-12,SHORT,2025-09-12T10:30:00,238.27,238.80,237.47,1259,0.53,2025-09-12T11:00:00,237.47,TARGET,1006.45,557.23
rsi50,BANKBARODA,2025-09-15,SHORT,2025-09-15T13:00:00,237.64,238.14,236.90,1262,0.50,2025-09-15T13:20:00,238.14,STOP,-626.51,-1076.84
rsi50,BANKBARODA,2025-09-22,SHORT,2025-09-22T14:10:00,252.14,252.67,251.34,1189,0.53,2025-09-22T14:20:00,252.67,STOP,-635.17,-1085.34
rsi50,BANKBARODA,2025-09-23,LONG,2025-09-23T12:40:00,253.07,252.31,254.21,1185,0.76,2025-09-23T13:40:00,254.21,TARGET,1345.33,894.49
rsi50,BANKBARODA,2025-09-25,LONG,2025-09-25T10:20:00,255.62,254.74,256.94,1173,0.88,2025-09-25T10:40:00,254.74,STOP,-1028.47,-1477.47
rsi50,BANKBARODA,2025-09-29,LONG,2025-09-29T13:40:00,253.06,252.27,254.25,1185,0.79,2025-09-29T14:20:00,254.25,TARGET,1405.54,954.67
rsi50,BANKBARODA,2025-10-01,SHORT,2025-10-01T10:50:00,256.50,257.66,254.76,1169,1.16,2025-10-01T11:40:00,257.66,STOP,-1352.41,-1803.19
rsi50,BANKBARODA,2025-10-08,LONG,2025-10-08T13:40:00,261.70,260.91,262.88,1146,0.79,2025-10-08T13:50:00,262.88,TARGET,1355.43,904.55
rsi50,BANKBARODA,2025-10-13,LONG,2025-10-13T10:30:00,267.70,266.88,268.93,1120,0.82,2025-10-13T11:00:00,266.88,STOP,-916.31,-1365.36
rsi50,BANKBARODA,2025-10-15,LONG,2025-10-15T10:10:00,266.35,265.49,267.64,1126,0.86,2025-10-15T10:50:00,267.64,TARGET,1453.41,1002.45
rsi50,BANKBARODA,2025-10-16,SHORT,2025-10-16T10:40:00,268.00,268.76,266.85,1119,0.76,2025-10-16T11:00:00,266.85,TARGET,1283.16,834.29
rsi50,BANKBARODA,2025-10-21,LONG,2025-10-21T14:00:00,271.20,269.96,273.07,1106,1.24,2025-10-21T14:30:00,269.96,STOP,-1376.26,-1825.15
rsi50,BANKBARODA,2025-10-30,LONG,2025-10-30T10:30:00,276.35,275.33,277.88,1085,1.02,2025-10-30T10:30:00,275.33,STOP,-1105.98,-1554.91
rsi50,BANKBARODA,2025-11-04,SHORT,2025-11-04T10:50:00,289.10,290.19,287.46,1037,1.09,2025-11-04T12:40:00,287.46,TARGET,1697.84,1249.42
rsi50,BANKBARODA,2025-11-06,LONG,2025-11-06T10:00:00,289.50,288.32,291.27,1036,1.18,2025-11-06T10:00:00,288.32,STOP,-1223.89,-1672.85
rsi50,BANKBARODA,2025-11-07,LONG,2025-11-07T11:30:00,287.45,286.36,289.09,1043,1.09,2025-11-07T13:00:00,289.09,TARGET,1712.25,1261.25
rsi50,BANKBARODA,2025-11-10,SHORT,2025-11-10T10:30:00,287.65,288.62,286.19,1042,0.97,2025-11-10T12:20:00,286.75,TIME_STOP,937.80,488.91
rsi50,BANKBARODA,2025-11-11,LONG,2025-11-11T14:00:00,285.40,284.67,286.49,1051,0.73,2025-11-11T14:10:00,284.67,STOP,-762.13,-1211.50
rsi50,BANKBARODA,2025-11-12,SHORT,2025-11-12T12:10:00,285.30,286.15,284.02,1051,0.85,2025-11-12T12:20:00,286.15,STOP,-898.60,-1349.05
rsi50,BANKBARODA,2025-11-17,SHORT,2025-11-17T14:10:00,288.35,289.04,287.31,1040,0.69,2025-11-17T15:20:00,287.80,EOD,572.00,122.60
rsi50,BANKBARODA,2025-11-18,LONG,2025-11-18T11:00:00,289.00,288.20,290.20,1038,0.80,2025-11-18T11:50:00,288.20,STOP,-827.09,-1276.45
rsi50,BANKBARODA,2025-11-19,SHORT,2025-11-19T10:00:00,287.70,288.41,286.63,1042,0.71,2025-11-19T10:00:00,288.41,STOP,-741.17,-1191.40
rsi50,BANKBARODA,2025-11-20,SHORT,2025-11-20T11:30:00,291.20,291.90,290.15,1030,0.70,2025-11-20T12:30:00,290.15,TARGET,1078.35,629.25
rsi50,BANKBARODA,2025-11-25,LONG,2025-11-25T11:00:00,283.90,283.10,285.10,1056,0.80,2025-11-25T12:00:00,285.10,TARGET,1262.39,811.74
rsi50,BANKBARODA,2025-12-04,LONG,2025-12-04T11:20:00,288.40,287.35,289.98,1040,1.05,2025-12-04T11:30:00,287.65,REVERSE,-780.00,-1229.32
rsi50,BANKBARODA,2025-12-05,LONG,2025-12-05T10:20:00,289.40,288.33,291.00,1036,1.07,2025-12-05T10:30:00,288.33,STOP,-1104.63,-1553.53
rsi50,BANKBARODA,2025-12-08,SHORT,2025-12-08T10:10:00,288.50,289.56,286.91,1039,1.06,2025-12-08T11:20:00,286.91,TARGET,1651.92,1203.53
rsi50,BANKBARODA,2025-12-09,LONG,2025-12-09T11:10:00,286.80,285.65,288.53,1046,1.15,2025-12-09T13:00:00,288.10,TIME_STOP,1359.80,908.79
rsi50,BANKBARODA,2025-12-10,SHORT,2025-12-10T11:30:00,287.25,288.08,286.00,1044,0.83,2025-12-10T12:30:00,286.00,TARGET,1306.85,857.99
rsi50,BANKBARODA,2025-12-12,LONG,2025-12-12T10:00:00,285.75,284.92,287.00,1049,0.83,2025-12-12T10:00:00,284.92,STOP,-874.90,-1323.87
rsi50,BANKBARODA,2025-12-29,LONG,2025-12-29T12:10:00,289.90,289.32,290.76,1034,0.58,2025-12-29T12:30:00,289.32,STOP,-595.45,-1044.64
rsi50,BANKBARODA,2025-12-30,LONG,2025-12-30T10:40:00,289.70,288.83,291.01,1035,0.87,2025-12-30T10:50:00,288.83,STOP,-904.06,-1353.15
rsi50,BANKBARODA,2026-01-05,SHORT,2026-01-05T14:00:00,305.10,306.17,303.50,983,1.07,2026-01-05T14:10:00,306.17,STOP,-1047.84,-1498.49
rsi50,BANKBARODA,2026-01-06,LONG,2026-01-06T11:20:00,306.90,305.95,308.33,977,0.95,2026-01-06T11:20:00,305.95,STOP,-928.77,-1377.83
rsi50,BANKBARODA,2026-01-07,LONG,2026-01-07T10:00:00,306.90,305.82,308.53,977,1.08,2026-01-07T11:20:00,308.53,TARGET,1588.09,1137.13
rsi50,BANKBARODA,2026-01-12,LONG,2026-01-12T13:20:00,300.85,299.55,302.80,997,1.30,2026-01-12T15:10:00,301.85,TIME_STOP,997.00,546.33
rsi50,BANKBARODA,2026-01-13,SHORT,2026-01-13T12:00:00,300.20,301.20,298.69,999,1.00,2026-01-13T12:30:00,301.20,STOP,-1002.48,-1453.08
rsi50,BANKBARODA,2026-01-20,SHORT,2026-01-20T10:00:00,304.00,305.41,301.88,986,1.41,2026-01-20T11:50:00,304.90,TIME_STOP,-887.40,-1337.68
rsi50,BANKBARODA,2026-01-21,LONG,2026-01-21T10:00:00,304.20,302.93,306.11,986,1.27,2026-01-21T10:30:00,302.93,STOP,-1252.39,-1701.36
rsi50,BANKBARODA,2026-01-27,LONG,2026-01-27T12:10:00,299.20,298.14,300.79,1002,1.06,2026-01-27T12:30:00,298.14,STOP,-1062.84,-1511.74
rsi50,BANKBARODA,2026-01-29,SHORT,2026-01-29T12:20:00,302.75,303.76,301.24,990,1.01,2026-01-29T12:30:00,303.76,STOP,-998.93,-1449.26
rsi50,BANKBARODA,2026-02-05,SHORT,2026-02-05T12:30:00,289.20,290.15,287.78,1037,0.95,2026-02-05T12:50:00,290.15,STOP,-984.26,-1434.85
rsi50,BANKBARODA,2026-02-11,LONG,2026-02-11T11:40:00,291.00,289.99,292.51,1030,1.01,2026-02-11T12:00:00,289.99,STOP,-1037.39,-1486.20
rsi50,BANKBARODA,2026-02-12,SHORT,2026-02-12T11:40:00,289.45,290.23,288.28,1036,0.78,2026-02-12T11:50:00,290.23,STOP,-811.44,-1261.86
rsi50,BANKBARODA,2026-02-16,SHORT,2026-02-16T10:00:00,286.55,287.49,285.14,1046,0.94,2026-02-16T10:00:00,286.95,REVERSE,-418.40,-868.31
rsi50,BANKBARODA,2026-02-19,SHORT,2026-02-19T12:20:00,303.50,304.35,302.22,988,0.85,2026-02-19T12:20:00,304.35,STOP,-841.56,-1291.98
rsi50,BANKBARODA,2026-02-24,LONG,2026-02-24T11:30:00,313.75,312.49,315.64,956,1.26,2026-02-24T11:50:00,312.49,STOP,-1205.38,-1654.39
rsi50,BANKBARODA,2026-03-11,SHORT,2026-03-11T11:20:00,291.95,293.01,290.36,1027,1.06,2026-03-11T11:40:00,290.36,TARGET,1629.44,1180.92
rsi50,BANKBARODA,2026-03-12,LONG,2026-03-12T12:40:00,289.90,288.70,291.70,1034,1.20,2026-03-12T13:20:00,291.70,TARGET,1860.37,1409.34
rsi50,WIPRO,2024-03-28,LONG,2024-03-28T10:20:00,228.35,227.57,229.52,1313,0.78,2024-03-28T12:10:00,228.95,TIME_STOP,787.80,337.47
rsi50,WIPRO,2024-04-03,LONG,2024-04-03T10:30:00,231.70,230.99,232.77,1294,0.71,2024-04-03T11:20:00,232.77,TARGET,1380.16,929.39
rsi50,WIPRO,2024-04-04,LONG,2024-04-04T12:00:00,231.70,230.89,232.92,1294,0.81,2024-04-04T12:20:00,230.89,STOP,-1050.42,-1499.36
rsi50,WIPRO,2024-04-05,SHORT,2024-04-05T11:30:00,231.70,232.47,230.55,1294,0.77,2024-04-05T13:20:00,231.50,TIME_STOP,258.80,-190.74
rsi50,WIPRO,2024-04-10,LONG,2024-04-10T13:00:00,227.85,227.31,228.66,1316,0.54,2024-04-10T13:40:00,228.66,TARGET,1066.85,616.27
rsi50,WIPRO,2024-04-12,SHORT,2024-04-12T10:00:00,227.50,228.27,226.35,1318,0.77,2024-04-12T10:30:00,228.27,STOP,-1012.50,-1463.02
rsi50,WIPRO,2024-04-19,LONG,2024-04-19T13:20:00,213.55,212.74,214.76,1404,0.81,2024-04-19T13:40:00,214.76,TARGET,1697.14,1246.13
rsi50,WIPRO,2024-04-23,SHORT,2024-04-23T11:50:00,220.00,220.61,219.08,1363,0.61,2024-04-23T12:00:00,220.61,STOP,-834.42,-1284.83
rsi50,WIPRO,2024-04-30,SHORT,2024-04-30T11:10:00,221.10,221.62,220.31,1356,0.52,2024-04-30T11:30:00,221.62,STOP,-710.53,-1160.78
rsi50,WIPRO,2024-05-07,SHORT,2024-05-07T10:30:00,218.50,219.14,217.54,1372,0.64,2024-05-07T10:50:00,217.54,TARGET,1314.60,865.92
rsi50,WIPRO,2024-05-09,LONG,2024-05-09T12:20:00,221.75,221.00,222.88,1352,0.75,2024-05-09T12:40:00,221.00,STOP,-1019.66,-1468.61
rsi50,WIPRO,2024-05-15,SHORT,2024-05-15T10:50:00,217.55,218.23,216.54,1378,0.68,2024-05-15T10:50:00,218.23,STOP,-930.27,-1380.65
rsi50,WIPRO,2024-05-16,SHORT,2024-05-16T13:20:00,219.60,220.40,218.40,1366,0.80,2024-05-16T13:40:00,218.40,TARGET,1636.59,1187.86
rsi50,WIPRO,2024-05-21,SHORT,2024-05-21T10:50:00,220.40,220.95,219.57,1361,0.55,2024-05-21T11:00:00,220.80,REVERSE,-544.40,-994.75
rsi50,WIPRO,2024-05-24,SHORT,2024-05-24T14:00:00,222.60,223.14,221.79,1347,0.54,2024-05-24T15:00:00,221.79,TARGET,1097.35,648.41
rsi50,WIPRO,2024-05-28,LONG,2024-05-28T11:00:00,217.90,217.34,218.74,1376,0.56,2024-05-28T11:40:00,217.34,STOP,-774.38,-1223.54
rsi50,WIPRO,2024-05-31,LONG,2024-05-31T12:40:00,210.85,210.16,211.88,1422,0.69,2024-05-31T13:00:00,210.16,STOP,-976.09,-1425.10
rsi50,WIPRO,2024-06-04,LONG,2024-06-04T10:20:00,211.35,209.96,213.44,1419,1.39,2024-06-04T10:50:00,209.96,STOP,-1976.67,-2425.05
rsi50,WIPRO,2024-06-10,SHORT,2024-06-10T10:00:00,227.30,228.40,225.66,1319,1.10,2024-06-10T11:00:00,228.40,STOP,-1445.05,-1895.85
rsi50,WIPRO,2024-06-21,SHORT,2024-06-21T13:00:00,235.35,236.22,234.05,1274,0.87,2024-06-21T14:00:00,236.22,STOP,-1102.87,-1553.45
rsi50,WIPRO,2024-06-25,LONG,2024-06-25T10:50:00,235.80,235.22,236.67,1272,0.58,2024-06-25T12:40:00,235.70,TIME_STOP,-127.20,-577.01
rsi50,WIPRO,2024-07-09,SHORT,2024-07-09T10:40:00,257.00,257.86,255.70,1167,0.86,2024-07-09T10:50:00,257.86,STOP,-1009.10,-1459.73
rsi50,WIPRO,2024-07-10,SHORT,2024-07-10T10:10:00,257.60,258.27,256.60,1164,0.67,2024-07-10T10:10:00,256.60,TARGET,1163.77,714.87
rsi50,WIPRO,2024-07-11,SHORT,2024-07-11T10:30:00,255.05,256.02,253.60,1176,0.97,2024-07-11T11:10:00,253.60,TARGET,1703.94,1255.31
rsi50,WIPRO,2024-07-15,SHORT,2024-07-15T14:10:00,267.25,267.93,266.24,1122,0.68,2024-07-15T14:10:00,266.24,TARGET,1136.06,687.13
rsi50,WIPRO,2024-07-16,LONG,2024-07-16T13:10:00,267.55,266.90,268.52,1121,0.65,2024-07-16T15:00:00,267.95,TIME_STOP,448.40,-1.82
rsi50,WIPRO,2024-07-19,SHORT,2024-07-19T11:00:00,268.55,270.02,266.35,1117,1.47,2024-07-19T12:50:00,268.75,TIME_STOP,-223.40,-673.52
rsi50,WIPRO,2024-07-24,SHORT,2024-07-24T13:00:00,239.65,240.45,238.45,1251,0.80,2024-07-24T14:50:00,239.55,TIME_STOP,125.10,-324.51
rsi50,WIPRO,2024-07-25,LONG,2024-07-25T11:20:00,240.40,239.52,241.72,1247,0.88,2024-07-25T11:20:00,239.52,STOP,-1101.17,-1550.01
rsi50,WIPRO,2024-07-30,SHORT,2024-07-30T13:40:00,249.05,249.65,248.15,1204,0.60,2024-07-30T14:40:00,249.65,STOP,-718.86,-1169.18
rsi50,WIPRO,2024-07-31,LONG,2024-07-31T10:30:00,250.25,249.53,251.33,1198,0.72,2024-07-31T11:00:00,249.53,STOP,-858.59,-1307.65
rsi50,WIPRO,2024-08-01,SHORT,2024-08-01T12:50:00,249.55,250.22,248.55,1202,0.67,2024-08-01T13:30:00,248.55,TARGET,1206.98,757.94
rsi50,WIPRO,2024-08-08,SHORT,2024-08-08T10:00:00,235.60,236.43,234.35,1273,0.83,2024-08-08T11:00:00,234.35,TARGET,1585.23,1136.54
rsi50,WIPRO,2024-08-09,SHORT,2024-08-09T13:00:00,234.25,234.83,233.39,1280,0.58,2024-08-09T14:00:00,234.83,STOP,-736.41,-1186.72
rsi50,WIPRO,2024-08-12,LONG,2024-08-12T11:30:00,235.50,234.76,236.61,1273,0.74,2024-08-12T11:40:00,234.76,STOP,-944.44,-1393.42
rsi50,WIPRO,2024-08-13,LONG,2024-08-13T11:00:00,234.75,234.07,235.78,1277,0.68,2024-08-13T12:50:00,234.70,TIME_STOP,-63.85,-513.47
rsi50,WIPRO,2024-08-20,SHORT,2024-08-20T13:00:00,249.65,250.29,248.69,1201,0.64,2024-08-20T13:50:00,250.29,STOP,-772.47,-1222.80
rsi50,WIPRO,2024-08-21,SHORT,2024-08-21T12:10:00,250.05,250.60,249.22,1199,0.55,2024-08-21T12:50:00,249.22,TARGET,996.82,547.85
rsi50,WIPRO,2024-08-27,SHORT,2024-08-27T10:00:00,248.85,249.48,247.90,1205,0.63,2024-08-27T10:10:00,247.90,TARGET,1146.78,697.84
rsi50,WIPRO,2024-08-28,LONG,2024-08-28T10:00:00,248.15,247.53,249.08,1208,0.62,2024-08-28T10:00:00,249.08,TARGET,1120.27,669.78
rsi50,WIPRO,2024-09-02,SHORT,2024-09-02T10:20:00,256.00,256.93,254.61,1171,0.93,2024-09-02T10:30:00,256.93,STOP,-1086.65,-1537.12
rsi50,WIPRO,2024-09-03,LONG,2024-09-03T10:10:00,258.10,257.14,259.54,1162,0.96,2024-09-03T10:10:00,257.14,STOP,-1112.35,-1561.38
rsi50,WIPRO,2024-09-05,LONG,2024-09-05T10:30:00,250.05,249.35,251.10,1199,0.70,2024-09-05T10:30:00,249.35,STOP,-839.07,-1288.16
rsi50,WIPRO,2024-09-06,SHORT,2024-09-06T11:00:00,250.20,251.13,248.81,1199,0.93,2024-09-06T11:20:00,251.13,STOP,-1111.38,-1562.20
rsi50,WIPRO,2024-09-10,LONG,2024-09-10T12:00:00,247.35,246.63,248.42,1212,0.72,2024-09-10T12:20:00,248.42,TARGET,1301.33,850.67
rsi50,WIPRO,2024-09-11,SHORT,2024-09-11T10:40:00,249.15,249.87,248.07,1204,0.72,2024-09-11T11:10:00,249.87,STOP,-869.64,-1320.26
rsi50,WIPRO,2024-09-12,LONG,2024-09-12T11:00:00,249.25,248.29,250.70,1203,0.96,2024-09-12T12:50:00,249.95,TIME_STOP,842.10,391.70
rsi50,WIPRO,2024-09-17,LONG,2024-09-17T11:40:00,264.20,263.35,265.47,1135,0.85,2024-09-17T13:30:00,264.10,TIME_STOP,-113.50,-563.22
rsi50,WIPRO,2024-09-19,SHORT,2024-09-19T10:20:00,256.10,257.70,253.70,1171,1.60,2024-09-19T11:10:00,257.70,STOP,-1871.48,-2322.73
rsi50,WIPRO,2024-09-20,LONG,2024-09-20T12:00:00,255.60,254.64,257.04,1173,0.96,2024-09-20T13:40:00,254.64,STOP,-1125.81,-1574.70
rsi50,WIPRO,2024-09-24,LONG,2024-09-24T12:30:00,256.30,255.39,257.67,1170,0.91,2024-09-24T14:20:00,257.67,TARGET,1601.46,1150.45
rsi50,WIPRO,2024-09-25,SHORT,2024-09-25T10:30:00,255.10,256.10,253.61,1176,1.00,2024-09-25T12:20:00,254.25,TIME_STOP,999.60,550.35
rsi50,WIPRO,2024-09-27,SHORT,2024-09-27T13:00:00,259.90,260.90,258.39,1154,1.00,2024-09-27T14:50:00,259.30,TIME_STOP,692.40,243.03
rsi50,WIPRO,2024-09-30,LONG,2024-09-30T13:40:00,259.60,258.85,260.72,1155,0.75,2024-09-30T14:10:00,258.85,STOP,-862.22,-1311.34
rsi50,WIPRO,2024-10-04,LONG,2024-10-04T10:00:00,256.05,254.93,257.73,1171,1.12,2024-10-04T10:30:00,257.73,TARGET,1972.90,1521.67
rsi50,WIPRO,2024-10-07,SHORT,2024-10-07T10:50:00,254.65,255.78,252.96,1178,1.13,2024-10-07T11:00:00,252.96,TARGET,1992.19,1543.72
rsi50,WIPRO,2024-10-10,SHORT,2024-10-10T13:30:00,252.45,253.29,251.19,1188,0.84,2024-10-10T13:30:00,251.19,TARGET,1493.22,1044.48
rsi50,WIPRO,2024-10-11,LONG,2024-10-11T10:30:00,252.95,251.77,254.71,1186,1.18,2024-10-11T10:40:00,252.45,REVERSE,-593.00,-1042.55
rsi50,WIPRO,2024-10-15,SHORT,2024-10-15T10:40:00,258.25,259.41,256.51,1161,1.16,2024-10-15T10:50:00,259.41,STOP,-1349.64,-1800.39
rsi50,WIPRO,2024-10-21,SHORT,2024-10-21T12:50:00,263.15,264.19,261.59,1140,1.04,2024-10-21T14:00:00,264.19,STOP,-1186.90,-1637.78
rsi50,WIPRO,2024-10-22,LONG,2024-10-22T10:10:00,265.00,263.95,266.57,1132,1.05,2024-10-22T10:10:00,263.95,STOP,-1184.64,-1633.72
rsi50,WIPRO,2024-10-23,LONG,2024-10-23T10:40:00,263.25,262.06,265.03,1139,1.19,2024-10-23T12:30:00,263.45,TIME_STOP,227.80,-222.13
rsi50,WIPRO,2024-10-28,LONG,2024-10-28T10:40:00,264.20,263.30,265.54,1135,0.90,2024-10-28T10:50:00,265.54,TARGET,1525.11,1074.17
rsi50,WIPRO,2024-10-29,SHORT,2024-10-29T10:50:00,265.25,266.24,263.77,1131,0.99,2024-10-29T11:40:00,266.24,STOP,-1116.33,-1567.16
rsi50,WIPRO,2024-11-07,SHORT,2024-11-07T10:50:00,266.15,267.34,264.37,1127,1.19,2024-11-07T11:00:00,267.34,STOP,-1338.68,-1789.61
rsi50,WIPRO,2024-11-11,LONG,2024-11-11T10:10:00,274.50,273.46,276.06,1092,1.04,2024-11-11T10:50:00,276.06,TARGET,1699.03,1248.12
rsi50,WIPRO,2024-11-12,LONG,2024-11-12T10:00:00,276.20,275.16,277.76,1086,1.04,2024-11-12T10:40:00,275.16,STOP,-1133.04,-1582.12
rsi50,WIPRO,2024-11-14,SHORT,2024-11-14T11:30:00,270.75,271.76,269.24,1108,1.01,2024-11-14T13:20:00,270.60,TIME_STOP,166.20,-283.66
rsi50,WIPRO,2024-11-19,LONG,2024-11-19T13:20:00,271.25,270.47,272.42,1105,0.78,2024-11-19T14:20:00,270.47,STOP,-862.23,-1311.18
rsi50,WIPRO,2024-11-29,LONG,2024-11-29T10:20:00,275.10,274.01,276.73,1090,1.09,2024-11-29T10:30:00,276.73,TARGET,1781.57,1330.44
rsi50,WIPRO,2024-12-03,SHORT,2024-12-03T12:50:00,278.10,278.84,276.99,1078,0.74,2024-12-03T12:50:00,276.99,TARGET,1194.55,745.76
rsi50,WIPRO,2024-12-06,SHORT,2024-12-06T12:30:00,283.80,284.68,282.48,1057,0.88,2024-12-06T14:20:00,284.15,TIME_STOP,-369.95,-820.19
rsi50,WIPRO,2024-12-09,SHORT,2024-12-09T10:40:00,283.50,284.38,282.18,1058,0.88,2024-12-09T11:40:00,284.38,STOP,-933.15,-1383.76
rsi50,WIPRO,2024-12-11,LONG,2024-12-11T11:30:00,294.45,293.48,295.90,1018,0.97,2024-12-11T13:00:00,295.90,TARGET,1476.46,1025.73
rsi50,WIPRO,2024-12-13,LONG,2024-12-13T12:30:00,295.20,294.08,296.88,1016,1.12,2024-12-13T13:00:00,296.88,TARGET,1703.17,1252.01
rsi50,WIPRO,2024-12-16,SHORT,2024-12-16T11:10:00,294.75,295.67,293.37,1017,0.92,2024-12-16T13:00:00,294.25,TIME_STOP,508.50,59.24
rsi50,WIPRO,2024-12-17,SHORT,2024-12-17T10:50:00,294.60,295.59,293.12,1018,0.99,2024-12-17T12:10:00,295.59,STOP,-1004.56,-1455.17
rsi50,WIPRO,2024-12-19,LONG,2024-12-19T13:20:00,297.05,295.82,298.90,1009,1.23,2024-12-19T14:00:00,298.90,TARGET,1865.18,1414.20
rsi50,WIPRO,2024-12-24,LONG,2024-12-24T10:50:00,294.20,293.12,295.83,1019,1.08,2024-12-24T10:50:00,293.85,REVERSE,-356.65,-806.07
rsi50,WIPRO,2024-12-26,LONG,2024-12-26T10:40:00,292.55,291.62,293.95,1025,0.93,2024-12-26T10:50:00,291.62,STOP,-953.41,-1402.49
rsi50,WIPRO,2024-12-31,LONG,2024-12-31T13:50:00,288.25,287.28,289.70,1040,0.97,2024-12-31T15:20:00,288.65,EOD,416.00,-33.98
rsi50,WIPRO,2025-01-01,SHORT,2025-01-01T10:00:00,286.65,287.68,285.10,1046,1.03,2025-01-01T10:50:00,287.68,STOP,-1079.11,-1529.67
rsi50,WIPRO,2025-01-02,LONG,2025-01-02T11:10:00,288.80,287.62,290.56,1038,1.18,2025-01-02T11:50:00,287.62,STOP,-1219.65,-1668.40
rsi50,WIPRO,2025-01-03,SHORT,2025-01-03T10:00:00,286.15,287.16,284.64,1048,1.01,2025-01-03T10:30:00,284.64,TARGET,1587.23,1138.59
rsi50,WIPRO,2025-01-07,SHORT,2025-01-07T10:10:00,278.70,279.99,276.76,1076,1.29,2025-01-07T10:10:00,279.99,STOP,-1392.47,-1843.34
rsi50,WIPRO,2025-01-08,LONG,2025-01-08T14:00:00,280.25,279.41,281.51,1070,0.84,2025-01-08T14:00:00,279.41,STOP,-900.69,-1349.82
rsi50,WIPRO,2025-01-09,SHORT,2025-01-09T12:20:00,280.45,281.49,278.89,1069,1.04,2025-01-09T13:10:00,278.89,TARGET,1664.74,1216.29
rsi50,WIPRO,2025-01-16,SHORT,2025-01-16T10:00:00,277.45,278.51,275.86,1081,1.06,2025-01-16T10:00:00,278.51,STOP,-1146.10,-1596.85
rsi50,WIPRO,2025-01-28,LONG,2025-01-28T12:00:00,297.25,295.91,299.27,1009,1.34,2025-01-28T12:10:00,295.91,STOP,-1355.91,-1804.78
rsi50,WIPRO,2025-01-30,SHORT,2025-01-30T13:40:00,299.75,300.73,298.28,1000,0.98,2025-01-30T14:00:00,298.28,TARGET,1474.90,1026.38
rsi50,WIPRO,2025-01-31,SHORT,2025-01-31T13:20:00,302.20,303.27,300.59,992,1.07,2025-01-31T14:00:00,303.27,STOP,-1062.93,-1513.40
rsi50,WIPRO,2025-02-03,LONG,2025-02-03T10:30:00,300.55,298.99,302.90,998,1.56,2025-02-03T12:20:00,301.80,TIME_STOP,1247.50,796.64
rsi50,WIPRO,2025-02-05,SHORT,2025-02-05T12:10:00,307.70,308.71,306.19,974,1.01,2025-02-05T14:00:00,308.71,STOP,-981.13,-1431.42
rsi50,WIPRO,2025-02-07,LONG,2025-02-07T10:50:00,309.10,307.96,310.81,970,1.14,2025-02-07T12:40:00,310.81,TARGET,1658.44,1207.46
rsi50,WIPRO,2025-02-13,LONG,2025-02-13T10:20:00,305.05,303.94,306.72,983,1.11,2025-02-13T10:30:00,303.94,STOP,-1095.10,-1544.07
rsi50,WIPRO,2025-02-20,LONG,2025-02-20T12:50:00,305.45,304.67,306.62,982,0.78,2025-02-20T13:00:00,304.67,STOP,-767.08,-1216.44
rsi50,WIPRO,2025-02-27,LONG,2025-02-27T10:00:00,285.75,284.59,287.50,1049,1.16,2025-02-27T10:50:00,287.50,TARGET,1831.52,1380.52
rsi50,WIPRO,2025-03-03,LONG,2025-03-03T10:10:00,275.70,274.32,277.77,1088,1.38,2025-03-03T12:00:00,275.70,TIME_STOP,0.00,-449.94
rsi50,WIPRO,2025-03-06,SHORT,2025-03-06T11:10:00,277.25,278.27,275.73,1082,1.02,2025-03-06T11:10:00,278.20,REVERSE,-1027.90,-1478.65
rsi50,WIPRO,2025-03-07,SHORT,2025-03-07T11:50:00,277.60,278.44,276.34,1080,0.84,2025-03-07T12:00:00,276.34,TARGET,1359.26,910.57
rsi50,WIPRO,2025-03-13,SHORT,2025-03-13T11:40:00,258.70,259.72,257.17,1159,1.02,2025-03-13T13:30:00,258.25,TIME_STOP,521.55,72.19
rsi50,WIPRO,2025-03-19,LONG,2025-03-19T10:40:00,255.10,253.91,256.89,1176,1.19,2025-03-19T11:30:00,253.91,STOP,-1400.57,-1849.51
rsi50,WIPRO,2025-03-21,LONG,2025-03-21T12:30:00,261.90,260.72,263.66,1145,1.18,2025-03-21T13:10:00,260.72,STOP,-1346.61,-1795.41
rsi50,WIPRO,2025-03-24,LONG,2025-03-24T10:30:00,260.25,259.19,261.83,1152,1.06,2025-03-24T12:20:00,261.40,TIME_STOP,1324.80,874.09
rsi50,WIPRO,2025-03-27,LONG,2025-03-27T11:50:00,265.25,264.25,266.75,1131,1.00,2025-03-27T12:50:00,264.25,STOP,-1132.18,-1581.33
rsi50,WIPRO,2025-04-24,SHORT,2025-04-24T14:00:00,236.40,237.07,235.40,1269,0.67,2025-04-24T15:10:00,237.07,STOP,-846.89,-1297.51
rsi50,WIPRO,2025-04-25,LONG,2025-04-25T13:30:00,235.80,234.79,237.31,1272,1.01,2025-04-25T15:10:00,234.79,STOP,-1278.47,-1727.42
rsi50,WIPRO,2025-04-29,SHORT,2025-04-29T12:30:00,234.30,234.98,233.28,1280,0.68,2025-04-29T12:40:00,234.98,STOP,-870.47,-1320.98
rsi50,WIPRO,2025-04-30,SHORT,2025-04-30T11:50:00,235.10,235.78,234.07,1276,0.68,2025-04-30T12:40:00,234.07,TARGET,1309.46,860.46
rsi50,WIPRO,2025-05-02,SHORT,2025-05-02T12:40:00,235.20,236.04,233.94,1275,0.84,2025-05-02T13:30:00,236.04,STOP,-1069.03,-1519.66
rsi50,WIPRO,2025-05-06,SHORT,2025-05-06T13:10:00,236.35,237.02,235.35,1269,0.67,2025-05-06T13:30:00,237.02,STOP,-846.63,-1297.15
rsi50,WIPRO,2025-05-07,LONG,2025-05-07T12:10:00,236.60,235.80,237.80,1267,0.80,2025-05-07T14:00:00,237.60,TIME_STOP,1267.00,816.39
rsi50,WIPRO,2025-05-08,SHORT,2025-05-08T11:10:00,236.40,237.10,235.35,1269,0.70,2025-05-08T13:00:00,235.85,TIME_STOP,697.95,248.49
rsi50,WIPRO,2025-05-09,LONG,2025-05-09T11:40:00,236.70,235.68,238.23,1267,1.02,2025-05-09T11:40:00,235.68,STOP,-1292.67,-1741.55
rsi50,WIPRO,2025-05-14,SHORT,2025-05-14T10:30:00,246.20,247.23,244.65,1218,1.03,2025-05-14T12:20:00,245.70,TIME_STOP,609.00,159.65
rsi50,WIPRO,2025-05-15,SHORT,2025-05-15T10:00:00,245.30,246.06,244.16,1222,0.76,2025-05-15T10:40:00,246.06,STOP,-925.05,-1375.38
rsi50,WIPRO,2025-05-16,SHORT,2025-05-16T11:40:00,247.65,248.34,246.62,1211,0.69,2025-05-16T13:00:00,248.34,STOP,-831.86,-1282.34
rsi50,WIPRO,2025-05-27,LONG,2025-05-27T12:00:00,243.65,243.07,244.52,1231,0.58,2025-05-27T12:20:00,243.07,STOP,-715.06,-1164.43
rsi50,WIPRO,2025-06-13,LONG,2025-06-13T10:50:00,254.40,253.26,256.12,1179,1.14,2025-06-13T12:40:00,254.15,TIME_STOP,-294.75,-744.44
rsi50,WIPRO,2025-06-16,LONG,2025-06-16T11:00:00,254.65,253.73,256.03,1178,0.92,2025-06-16T12:10:00,253.73,STOP,-1079.84,-1529.00
rsi50,WIPRO,2025-06-18,SHORT,2025-06-18T10:30:00,256.05,256.88,254.81,1171,0.83,2025-06-18T12:00:00,254.81,TARGET,1455.22,1006.56
rsi50,WIPRO,2025-06-23,LONG,2025-06-23T14:10:00,257.60,257.03,258.45,1164,0.57,2025-06-23T14:10:00,257.03,STOP,-663.34,-1112.61
rsi50,WIPRO,2025-06-24,SHORT,2025-06-24T14:10:00,258.80,259.47,257.80,1159,0.67,2025-06-24T15:20:00,258.30,EOD,579.50,130.01
rsi50,WIPRO,2025-06-25,LONG,2025-06-25T10:00:00,260.85,260.07,262.02,1150,0.78,2025-06-25T11:50:00,261.25,TIME_STOP,460.00,9.69
rsi50,WIPRO,2025-06-26,SHORT,2025-06-26T12:50:00,262.10,262.69,261.21,1144,0.59,2025-06-26T12:50:00,261.21,TARGET,1012.92,563.91
rsi50,WIPRO,2025-07-02,SHORT,2025-07-02T13:30:00,258.15,258.86,257.09,1162,0.71,2025-07-02T14:10:00,258.86,STOP,-824.98,-1275.55
rsi50,WIPRO,2025-07-04,LONG,2025-07-04T10:00:00,262.30,261.35,263.73,1143,0.95,2025-07-04T10:50:00,261.35,STOP,-1090.20,-1539.10
rsi50,WIPRO,2025-07-07,SHORT,2025-07-07T10:20:00,262.15,262.85,261.10,1144,0.70,2025-07-07T11:10:00,262.85,STOP,-802.71,-1253.17
rsi50,WIPRO,2025-07-15,SHORT,2025-07-15T10:00:00,247.00,247.76,245.87,1214,0.76,2025-07-15T10:30:00,247.76,STOP,-917.19,-1367.67
rsi50,WIPRO,2025-07-23,LONG,2025-07-23T12:30:00,254.00,253.43,254.86,1181,0.57,2025-07-23T13:10:00,253.43,STOP,-673.52,-1122.97
rsi50,WIPRO,2025-07-25,SHORT,2025-07-25T10:10:00,251.80,252.53,250.70,1191,0.73,2025-07-25T10:30:00,250.70,TARGET,1312.14,863.28
rsi50,WIPRO,2025-07-29,LONG,2025-07-29T13:30:00,243.80,243.25,244.63,1230,0.55,2025-07-29T13:50:00,244.63,TARGET,1017.85,567.28
rsi50,WIPRO,2025-07-30,SHORT,2025-07-30T10:30:00,243.55,244.28,242.45,1231,0.73,2025-07-30T10:30:00,244.28,STOP,-899.97,-1350.36
rsi50,WIPRO,2025-07-31,LONG,2025-07-31T13:10:00,243.05,242.52,243.85,1234,0.53,2025-07-31T14:30:00,242.52,STOP,-659.46,-1108.85
rsi50,WIPRO,2025-08-04,LONG,2025-08-04T14:10:00,239.75,239.07,240.78,1251,0.68,2025-08-04T15:20:00,239.95,EOD,250.20,-199.88
rsi50,WIPRO,2025-08-05,SHORT,2025-08-05T10:20:00,238.85,239.53,237.82,1256,0.68,2025-08-05T11:00:00,239.53,STOP,-859.15,-1309.79
rsi50,WIPRO,2025-08-08,SHORT,2025-08-08T11:00:00,234.20,234.80,233.29,1280,0.60,2025-08-08T12:50:00,234.80,STOP,-773.20,-1223.44
rsi50,WIPRO,2025-08-11,LONG,2025-08-11T11:10:00,234.60,234.03,235.45,1278,0.57,2025-08-11T13:00:00,234.90,TIME_STOP,383.40,-66.62
rsi50,WIPRO,2025-08-12,SHORT,2025-08-12T14:00:00,236.45,236.95,235.71,1268,0.50,2025-08-12T14:50:00,235.71,TARGET,942.77,493.74
rsi50,WIPRO,2025-08-13,LONG,2025-08-13T13:20:00,235.85,235.35,236.60,1271,0.50,2025-08-13T13:30:00,235.35,STOP,-634.27,-1083.44
rsi50,WIPRO,2025-08-18,SHORT,2025-08-18T12:00:00,239.90,240.57,238.90,1250,0.67,2025-08-18T12:10:00,238.90,TARGET,1249.13,800.25
rsi50,WIPRO,2025-08-19,LONG,2025-08-19T11:20:00,240.10,239.55,240.92,1249,0.55,2025-08-19T12:00:00,240.92,TARGET,1021.90,571.30
rsi50,WIPRO,2025-08-21,SHORT,2025-08-21T10:10:00,244.15,244.83,243.13,1228,0.68,2025-08-21T10:30:00,244.83,STOP,-831.09,-1281.44
rsi50,WIPRO,2025-08-22,LONG,2025-08-22T13:00:00,243.55,242.82,244.64,1231,0.73,2025-08-22T14:10:00,243.15,REVERSE,-492.40,-941.75
rsi50,WIPRO,2025-08-28,LONG,2025-08-28T13:40:00,244.95,244.39,245.79,1224,0.56,2025-08-28T15:20:00,244.39,STOP,-686.32,-1135.54
rsi50,WIPRO,2025-08-29,SHORT,2025-08-29T10:20:00,244.05,244.90,242.78,1229,0.85,2025-08-29T10:40:00,244.90,STOP,-1041.50,-1492.19
rsi50,WIPRO,2025-09-01,SHORT,2025-09-01T13:20:00,244.30,244.85,243.48,1227,0.55,2025-09-01T15:10:00,244.15,TIME_STOP,184.05,-265.45
rsi50,WIPRO,2025-09-03,SHORT,2025-09-03T10:50:00,243.45,243.95,242.70,1232,0.50,2025-09-03T12:20:00,243.95,STOP,-620.04,-1070.40
rsi50,WIPRO,2025-09-12,SHORT,2025-09-12T10:00:00,244.90,245.64,243.79,1224,0.74,2025-09-12T10:50:00,245.64,STOP,-906.60,-1356.91
rsi50,WIPRO,2025-09-15,LONG,2025-09-15T13:30:00,244.90,244.54,245.44,1224,0.36,2025-09-15T13:40:00,244.54,STOP,-441.06,-890.37
rsi50,WIPRO,2025-09-19,SHORT,2025-09-19T13:20:00,248.70,249.18,247.98,1206,0.48,2025-09-19T15:00:00,249.18,STOP,-580.89,-1031.22
rsi50,WIPRO,2025-09-23,LONG,2025-09-23T13:10:00,244.45,243.90,245.28,1227,0.55,2025-09-23T14:40:00,243.90,STOP,-680.95,-1130.35
rsi50,WIPRO,2025-09-29,LONG,2025-09-29T14:10:00,234.70,234.09,235.61,1278,0.61,2025-09-29T14:30:00,234.09,STOP,-775.56,-1224.90
rsi50,WIPRO,2025-09-30,LONG,2025-09-30T10:00:00,234.15,233.39,235.30,1281,0.76,2025-09-30T11:50:00,234.15,TIME_STOP,0.00,-449.92
rsi50,WIPRO,2025-10-01,LONG,2025-10-01T13:00:00,233.65,233.12,234.44,1283,0.53,2025-10-01T14:10:00,234.44,TARGET,1018.28,567.86
rsi50,WIPRO,2025-10-03,SHORT,2025-10-03T10:00:00,232.90,233.78,231.57,1288,0.88,2025-10-03T10:10:00,233.78,STOP,-1139.41,-1590.23
rsi50,WIPRO,2025-10-08,SHORT,2025-10-08T12:20:00,237.25,237.86,236.33,1264,0.61,2025-10-08T13:00:00,237.86,STOP,-775.20,-1225.61
rsi50,WIPRO,2025-10-16,SHORT,2025-10-16T10:40:00,242.85,243.58,241.76,1235,0.73,2025-10-16T10:50:00,243.58,STOP,-895.60,-1346.16
rsi50,WIPRO,2025-10-27,LONG,2025-10-27T10:00:00,239.35,238.77,240.22,1253,0.58,2025-10-27T10:00:00,238.77,STOP,-724.26,-1173.58
rsi50,WIPRO,2025-10-31,SHORT,2025-10-31T11:50:00,235.70,236.08,235.14,1272,0.38,2025-10-31T13:30:00,235.14,TARGET,716.41,267.23
rsi50,WIPRO,2025-11-10,LONG,2025-11-10T10:00:00,231.90,231.44,232.59,1293,0.46,2025-11-10T10:20:00,232.59,TARGET,886.65,436.21
rsi50,WIPRO,2025-11-11,LONG,2025-11-11T12:40:00,234.25,233.74,235.01,1280,0.51,2025-11-11T13:00:00,235.01,TARGET,971.56,521.07
rsi50,WIPRO,2025-11-17,SHORT,2025-11-17T11:00:00,237.05,237.68,236.10,1265,0.63,2025-11-17T12:30:00,237.68,STOP,-799.62,-1250.02
rsi50,WIPRO,2025-11-19,LONG,2025-11-19T10:20:00,237.00,236.46,237.82,1265,0.54,2025-11-19T10:30:00,237.82,TARGET,1031.85,581.37
rsi50,WIPRO,2025-11-27,SHORT,2025-11-27T12:10:00,242.85,243.42,241.99,1235,0.57,2025-11-27T13:10:00,241.99,TARGET,1056.48,607.39
rsi50,WIPRO,2025-11-28,SHORT,2025-11-28T13:30:00,242.50,243.08,241.63,1237,0.58,2025-11-28T13:30:00,243.08,STOP,-719.65,-1170.15
rsi50,WIPRO,2025-12-01,SHORT,2025-12-01T11:30:00,243.15,243.66,242.38,1233,0.51,2025-12-01T12:00:00,243.66,STOP,-632.41,-1082.59
rsi50,WIPRO,2025-12-02,SHORT,2025-12-02T10:10:00,243.45,244.03,242.58,1232,0.58,2025-12-02T12:00:00,243.85,TIME_STOP,-492.80,-943.07
rsi50,WIPRO,2025-12-08,SHORT,2025-12-08T13:40:00,253.45,254.11,252.46,1183,0.66,2025-12-08T14:00:00,254.11,STOP,-783.48,-1233.82
rsi50,WIPRO,2025-12-10,SHORT,2025-12-10T11:50:00,251.80,252.49,250.76,1191,0.69,2025-12-10T12:20:00,252.49,STOP,-825.62,-1276.08
rsi50,WIPRO,2025-12-11,SHORT,2025-12-11T10:00:00,251.65,252.34,250.61,1192,0.69,2025-12-11T10:10:00,252.34,STOP,-826.94,-1277.51
rsi50,WIPRO,2025-12-12,LONG,2025-12-12T11:30:00,252.55,252.00,253.37,1187,0.55,2025-12-12T13:00:00,253.37,TARGET,976.64,526.25
rsi50,WIPRO,2025-12-16,SHORT,2025-12-16T13:10:00,253.50,253.91,252.88,1183,0.41,2025-12-16T13:40:00,253.70,REVERSE,-236.60,-686.61
rsi50,WIPRO,2026-01-06,LONG,2026-01-06T10:10:00,258.60,257.86,259.72,1160,0.74,2026-01-06T10:20:00,257.86,STOP,-863.69,-1313.01
rsi50,WIPRO,2026-01-12,LONG,2026-01-12T12:50:00,257.45,256.56,258.78,1165,0.89,2026-01-12T14:30:00,256.56,STOP,-1035.63,-1484.75
rsi50,WIPRO,2026-01-13,SHORT,2026-01-13T10:00:00,256.10,257.07,254.65,1171,0.97,2026-01-13T10:00:00,256.60,REVERSE,-585.50,-1035.78
rsi50,WIPRO,2026-01-22,SHORT,2026-01-22T13:20:00,234.05,234.58,233.25,1281,0.53,2026-01-22T13:20:00,233.25,TARGET,1018.48,569.51
rsi50,WIPRO,2026-01-23,SHORT,2026-01-23T11:40:00,233.55,234.18,232.61,1284,0.63,2026-01-23T12:40:00,234.18,STOP,-808.43,-1258.86
rsi50,WIPRO,2026-01-27,LONG,2026-01-27T12:00:00,234.30,233.53,235.46,1280,0.77,2026-01-27T12:20:00,233.53,STOP,-991.02,-1440.14
rsi50,WIPRO,2026-01-29,SHORT,2026-01-29T10:50:00,235.90,236.53,234.96,1271,0.63,2026-01-29T11:10:00,236.53,STOP,-797.16,-1247.51
rsi50,WIPRO,2026-02-03,SHORT,2026-02-03T13:20:00,243.80,244.94,242.10,1230,1.14,2026-02-03T15:10:00,242.57,TIME_STOP,1512.90,1064.22
rsi50,WIPRO,2026-02-05,LONG,2026-02-05T10:20:00,234.72,233.96,235.87,1278,0.76,2026-02-05T10:50:00,233.96,STOP,-976.78,-1426.00
rsi50,WIPRO,2026-02-10,LONG,2026-02-10T10:30:00,232.15,231.38,233.31,1292,0.77,2026-02-10T12:20:00,232.09,TIME_STOP,-77.52,-527.37
rsi50,WIPRO,2026-02-11,SHORT,2026-02-11T10:10:00,231.11,231.69,230.24,1298,0.58,2026-02-11T12:00:00,230.77,TIME_STOP,441.32,-8.32
rsi50,WIPRO,2026-02-18,SHORT,2026-02-18T10:10:00,210.88,211.82,209.46,1422,0.94,2026-02-18T10:40:00,211.82,STOP,-1341.93,-1792.74
rsi50,WIPRO,2026-02-19,SHORT,2026-02-19T12:50:00,211.94,212.49,211.11,1415,0.55,2026-02-19T13:10:00,212.49,STOP,-784.90,-1235.33
rsi50,WIPRO,2026-02-26,SHORT,2026-02-26T12:00:00,200.54,201.23,199.51,1495,0.69,2026-02-26T13:00:00,199.51,TARGET,1544.73,1096.17
rsi50,WIPRO,2026-03-06,SHORT,2026-03-06T12:40:00,196.34,196.88,195.53,1527,0.54,2026-03-06T14:30:00,196.26,TIME_STOP,122.16,-327.47
rsi50,WIPRO,2026-03-09,LONG,2026-03-09T11:40:00,196.65,195.80,197.93,1525,0.85,2026-03-09T13:30:00,197.13,TIME_STOP,732.00,281.61
rsi50,WIPRO,2026-03-12,LONG,2026-03-12T11:50:00,202.79,201.96,204.04,1479,0.83,2026-03-12T12:20:00,201.96,STOP,-1231.62,-1680.59
rsi50,HCLTECH,2024-03-18,LONG,2024-03-18T12:00:00,1661.60,1655.50,1670.75,180,6.10,2024-03-18T12:20:00,1655.50,STOP,-1098.52,-1546.32
rsi50,HCLTECH,2024-03-21,SHORT,2024-03-21T12:20:00,1584.00,1590.36,1574.46,189,6.36,2024-03-21T12:20:00,1590.36,STOP,-1202.55,-1652.51
rsi50,HCLTECH,2024-03-26,LONG,2024-03-26T10:00:00,1563.90,1556.13,1575.55,191,7.77,2024-03-26T11:10:00,1559.35,REVERSE,-869.05,-1316.46
rsi50,HCLTECH,2024-03-28,LONG,2024-03-28T13:30:00,1559.90,1555.21,1566.94,192,4.69,2024-03-28T13:30:00,1555.21,STOP,-900.77,-1349.34
rsi50,HCLTECH,2024-04-03,LONG,2024-04-03T10:30:00,1553.80,1548.18,1562.22,193,5.62,2024-04-03T10:40:00,1548.18,STOP,-1083.83,-1532.84
rsi50,HCLTECH,2024-04-04,LONG,2024-04-04T12:50:00,1540.00,1535.26,1547.10,194,4.74,2024-04-04T13:40:00,1547.10,TARGET,1378.30,929.13
rsi50,HCLTECH,2024-04-05,LONG,2024-04-05T14:00:00,1541.40,1537.89,1546.66,194,3.51,2024-04-05T15:00:00,1546.66,TARGET,1020.63,571.31
rsi50,HCLTECH,2024-04-09,SHORT,2024-04-09T12:40:00,1537.50,1541.74,1531.14,195,4.24,2024-04-09T12:40:00,1541.74,STOP,-826.83,-1277.17
rsi50,HCLTECH,2024-04-10,LONG,2024-04-10T10:30:00,1546.80,1542.37,1553.44,193,4.43,2024-04-10T12:20:00,1546.25,TIME_STOP,-106.15,-553.87
rsi50,HCLTECH,2024-04-22,SHORT,2024-04-22T14:00:00,1456.60,1460.58,1450.64,205,3.98,2024-04-22T14:50:00,1460.58,STOP,-814.89,-1263.41
rsi50,HCLTECH,2024-04-26,SHORT,2024-04-26T13:40:00,1507.50,1512.60,1499.85,199,5.10,2024-04-26T14:10:00,1499.85,TARGET,1521.53,1072.69
rsi50,HCLTECH,2024-05-13,LONG,2024-05-13T14:10:00,1316.00,1312.85,1320.72,227,3.15,2024-05-13T15:00:00,1312.85,STOP,-713.93,-1161.49
rsi50,HCLTECH,2024-05-14,SHORT,2024-05-14T10:20:00,1311.45,1315.05,1306.06,228,3.60,2024-05-14T11:10:00,1315.05,STOP,-819.72,-1268.85
rsi50,HCLTECH,2024-05-16,SHORT,2024-05-16T13:20:00,1332.35,1337.69,1324.34,225,5.34,2024-05-16T14:00:00,1337.69,STOP,-1200.80,-1651.37
rsi50,HCLTECH,2024-05-21,LONG,2024-05-21T13:40:00,1339.50,1335.52,1345.48,223,3.98,2024-05-21T14:00:00,1345.48,TARGET,1332.63,883.57
rsi50,HCLTECH,2024-05-23,LONG,2024-05-23T10:00:00,1345.75,1342.32,1350.89,222,3.43,2024-05-23T10:20:00,1342.32,STOP,-760.91,-1208.48
rsi50,HCLTECH,2024-05-24,SHORT,2024-05-24T10:40:00,1348.90,1353.00,1342.76,222,4.10,2024-05-24T10:50:00,1353.00,STOP,-909.33,-1359.19
rsi50,HCLTECH,2024-05-27,LONG,2024-05-27T11:40:00,1350.05,1346.91,1354.76,222,3.14,2024-05-27T12:10:00,1354.76,TARGET,1046.03,595.68
rsi50,HCLTECH,2024-05-28,SHORT,2024-05-28T10:10:00,1349.80,1353.73,1343.90,222,3.93,2024-05-28T10:20:00,1353.73,STOP,-873.03,-1323.17
rsi50,HCLTECH,2024-05-29,SHORT,2024-05-29T11:30:00,1356.00,1359.12,1351.31,221,3.12,2024-05-29T12:50:00,1359.12,STOP,-690.33,-1140.37
rsi50,HCLTECH,2024-05-31,LONG,2024-05-31T12:00:00,1335.90,1331.19,1342.97,224,4.71,2024-05-31T13:00:00,1331.19,STOP,-1055.98,-1504.05
rsi50,HCLTECH,2024-06-10,SHORT,2024-06-10T10:00:00,1404.35,1411.92,1393.00,213,7.57,2024-06-10T11:20:00,1411.92,STOP,-1611.54,-2061.44
rsi50,HCLTECH,2024-06-13,SHORT,2024-06-13T12:50:00,1442.50,1446.38,1436.68,207,3.88,2024-06-13T14:40:00,1445.35,TIME_STOP,-589.95,-1038.29
rsi50,HCLTECH,2024-06-14,LONG,2024-06-14T14:00:00,1436.85,1434.04,1441.06,208,2.81,2024-06-14T14:40:00,1434.04,STOP,-583.74,-1031.60
rsi50,HCLTECH,2024-06-18,SHORT,2024-06-18T10:00:00,1430.95,1434.76,1425.24,209,3.81,2024-06-18T11:50:00,1433.20,TIME_STOP,-470.25,-919.21
rsi50,HCLTECH,2024-06-20,SHORT,2024-06-20T10:10:00,1431.05,1434.80,1425.43,209,3.75,2024-06-20T10:20:00,1434.80,STOP,-783.35,-1232.57
rsi50,HCLTECH,2024-06-21,SHORT,2024-06-21T13:10:00,1448.30,1453.64,1440.29,207,5.34,2024-06-21T14:00:00,1453.64,STOP,-1105.98,-1556.50
rsi50,HCLTECH,2024-06-25,LONG,2024-06-25T11:20:00,1442.30,1438.92,1447.37,208,3.38,2024-06-25T12:30:00,1438.92,STOP,-702.80,-1152.27
rsi50,HCLTECH,2024-06-26,SHORT,2024-06-26T13:00:00,1440.60,1443.36,1436.46,208,2.76,2024-06-26T13:30:00,1443.36,STOP,-574.40,-1024.30
rsi50,HCLTECH,2024-07-03,LONG,2024-07-03T12:50:00,1485.00,1481.19,1490.72,202,3.81,2024-07-03T14:40:00,1483.85,TIME_STOP,-232.30,-682.08
rsi50,HCLTECH,2024-07-08,SHORT,2024-07-08T10:10:00,1512.10,1517.36,1504.20,198,5.26,2024-07-08T12:00:00,1511.75,TIME_STOP,69.30,-379.74
rsi50,HCLTECH,2024-07-09,SHORT,2024-07-09T13:50:00,1529.05,1534.33,1521.14,196,5.28,2024-07-09T15:20:00,1532.65,EOD,-705.60,-1155.67
rsi50,HCLTECH,2024-07-12,LONG,2024-07-12T10:10:00,1520.25,1514.37,1529.07,197,5.88,2024-07-12T10:40:00,1529.07,TARGET,1737.15,1286.61
rsi50,HCLTECH,2024-07-15,SHORT,2024-07-15T13:50:00,1574.40,1580.41,1565.39,190,6.01,2024-07-15T14:20:00,1580.41,STOP,-1141.38,-1590.94
rsi50,HCLTECH,2024-07-16,LONG,2024-07-16T12:00:00,1576.50,1570.88,1584.93,190,5.62,2024-07-16T12:30:00,1570.88,STOP,-1067.82,-1516.32
rsi50,HCLTECH,2024-07-18,LONG,2024-07-18T10:50:00,1575.55,1569.79,1584.20,190,5.76,2024-07-18T11:30:00,1569.79,STOP,-1095.33,-1543.54
rsi50,HCLTECH,2024-07-19,SHORT,2024-07-19T13:50:00,1592.85,1597.76,1585.49,188,4.91,2024-07-19T15:20:00,1597.76,STOP,-922.28,-1372.16
rsi50,HCLTECH,2024-07-23,LONG,2024-07-23T12:10:00,1577.55,1573.11,1584.22,190,4.44,2024-07-23T12:20:00,1573.11,STOP,-844.34,-1293.31
rsi50,HCLTECH,2024-07-24,SHORT,2024-07-24T13:50:00,1579.90,1584.72,1572.66,189,4.82,2024-07-24T14:20:00,1584.72,STOP,-911.90,-1360.48
rsi50,HCLTECH,2024-07-25,LONG,2024-07-25T10:10:00,1592.95,1586.62,1602.44,188,6.33,2024-07-25T10:40:00,1586.62,STOP,-1189.29,-1637.61
rsi50,HCLTECH,2024-07-30,SHORT,2024-07-30T11:00:00,1621.05,1625.72,1614.05,185,4.67,2024-07-30T12:30:00,1625.72,STOP,-863.39,-1313.88
rsi50,HCLTECH,2024-08-01,SHORT,2024-08-01T13:30:00,1641.60,1645.22,1636.17,182,3.62,2024-08-01T15:20:00,1639.70,TIME_STOP,345.80,-102.10
rsi50,HCLTECH,2024-08-08,LONG,2024-08-08T12:30:00,1597.00,1590.97,1606.05,187,6.03,2024-08-08T12:50:00,1590.97,STOP,-1128.19,-1575.30
rsi50,HCLTECH,2024-08-12,LONG,2024-08-12T11:40:00,1595.25,1590.51,1602.36,188,4.74,2024-08-12T13:30:00,1599.15,TIME_STOP,733.20,282.79
rsi50,HCLTECH,2024-08-13,LONG,2024-08-13T10:10:00,1598.25,1592.55,1606.80,187,5.70,2024-08-13T11:10:00,1606.80,TARGET,1598.45,1148.94
rsi50,HCLTECH,2024-08-20,SHORT,2024-08-20T12:20:00,1674.55,1678.82,1668.14,179,4.27,2024-08-20T13:00:00,1678.82,STOP,-765.21,-1215.40
rsi50,HCLTECH,2024-08-21,SHORT,2024-08-21T12:00:00,1676.55,1680.28,1670.95,178,3.73,2024-08-21T13:50:00,1677.00,TIME_STOP,-80.10,-527.80
rsi50,HCLTECH,2024-08-28,LONG,2024-08-28T10:50:00,1724.15,1717.00,1734.88,173,7.15,2024-08-28T11:40:00,1734.88,TARGET,1855.64,1406.83
rsi50,HCLTECH,2024-08-29,LONG,2024-08-29T10:20:00,1738.80,1732.03,1748.95,172,6.77,2024-08-29T12:10:00,1743.00,TIME_STOP,722.40,273.25
rsi50,HCLTECH,2024-09-06,SHORT,2024-09-06T10:10:00,1766.25,1773.04,1756.06,169,6.79,2024-09-06T10:10:00,1756.06,TARGET,1721.33,1274.88
rsi50,HCLTECH,2024-09-09,LONG,2024-09-09T10:40:00,1760.00,1753.55,1769.68,170,6.45,2024-09-09T12:30:00,1758.40,TIME_STOP,-272.00,-720.60
rsi50,HCLTECH,2024-09-10,LONG,2024-09-10T10:50:00,1758.60,1753.32,1766.52,170,5.28,2024-09-10T11:40:00,1766.52,TARGET,1345.70,896.25
rsi50,HCLTECH,2024-09-12,SHORT,2024-09-12T11:00:00,1782.10,1788.35,1772.72,168,6.25,2024-09-12T12:50:00,1780.30,TIME_STOP,302.40,-146.46
rsi50,HCLTECH,2024-09-16,SHORT,2024-09-16T13:20:00,1812.30,1816.17,1806.49,165,3.87,2024-09-16T15:10:00,1812.45,TIME_STOP,-24.75,-473.31
rsi50,HCLTECH,2024-09-17,LONG,2024-09-17T10:20:00,1816.00,1811.39,1822.92,165,4.61,2024-09-17T12:10:00,1822.00,TIME_STOP,990.00,539.80
rsi50,HCLTECH,2024-09-20,LONG,2024-09-20T10:00:00,1752.90,1745.10,1764.61,171,7.80,2024-09-20T10:10:00,1745.10,STOP,-1334.62,-1783.23
rsi50,HCLTECH,2024-09-25,SHORT,2024-09-25T12:10:00,1759.80,1765.87,1750.70,170,6.07,2024-09-25T13:20:00,1765.87,STOP,-1031.13,-1480.65
rsi50,HCLTECH,2024-09-26,SHORT,2024-09-26T14:10:00,1787.20,1792.59,1779.12,167,5.39,2024-09-26T14:40:00,1792.59,STOP,-899.68,-1348.05
rsi50,HCLTECH,2024-09-30,SHORT,2024-09-30T13:30:00,1810.85,1814.76,1804.98,165,3.91,2024-09-30T14:20:00,1804.98,TARGET,968.58,521.12
rsi50,HCLTECH,2024-10-04,LONG,2024-10-04T10:10:00,1791.80,1784.74,1802.39,167,7.06,2024-10-04T10:10:00,1784.74,STOP,-1179.26,-1627.22
rsi50,HCLTECH,2024-10-07,SHORT,2024-10-07T10:50:00,1777.65,1784.93,1766.73,168,7.28,2024-10-07T12:40:00,1774.05,TIME_STOP,604.80,157.29
rsi50,HCLTECH,2024-10-08,LONG,2024-10-08T11:50:00,1773.55,1767.35,1782.85,169,6.20,2024-10-08T12:40:00,1767.35,STOP,-1047.81,-1496.62
rsi50,HCLTECH,2024-10-10,SHORT,2024-10-10T14:10:00,1807.55,1815.29,1795.94,165,7.74,2024-10-10T15:20:00,1815.29,STOP,-1277.51,-1725.84
rsi50,HCLTECH,2024-10-16,SHORT,2024-10-16T11:50:00,1856.60,1862.23,1848.15,161,5.63,2024-10-16T12:00:00,1862.23,STOP,-906.88,-1355.93
rsi50,HCLTECH,2024-10-21,SHORT,2024-10-21T12:20:00,1854.55,1859.74,1846.77,161,5.19,2024-10-21T13:50:00,1846.77,TARGET,1252.91,805.98
rsi50,HCLTECH,2024-10-23,LONG,2024-10-23T10:40:00,1847.25,1840.16,1857.89,162,7.09,2024-10-23T11:40:00,1857.89,TARGET,1723.21,1273.04
rsi50,HCLTECH,2024-10-24,SHORT,2024-10-24T10:40:00,1838.70,1844.66,1829.77,163,5.96,2024-10-24T11:00:00,1844.66,STOP,-970.90,-1421.19
rsi50,HCLTECH,2024-10-29,SHORT,2024-10-29T10:10:00,1863.85,1869.86,1854.84,160,6.01,2024-10-29T10:40:00,1854.84,TARGET,1442.18,995.93
rsi50,HCLTECH,2024-10-30,SHORT,2024-10-30T10:10:00,1858.40,1864.58,1849.13,161,6.18,2024-10-30T10:20:00,1864.58,STOP,-995.18,-1444.73
rsi50,HCLTECH,2024-11-07,SHORT,2024-11-07T10:30:00,1821.15,1828.61,1809.96,164,7.46,2024-11-07T11:00:00,1828.61,STOP,-1223.16,-1672.08
rsi50,HCLTECH,2024-11-08,SHORT,2024-11-08T14:00:00,1834.95,1839.40,1828.28,163,4.45,2024-11-08T14:20:00,1839.40,STOP,-725.08,-1174.27
rsi50,HCLTECH,2024-11-14,SHORT,2024-11-14T10:40:00,1857.35,1864.17,1847.11,161,6.82,2024-11-14T10:40:00,1864.17,STOP,-1098.81,-1548.19
rsi50,HCLTECH,2024-11-19,LONG,2024-11-19T11:40:00,1861.40,1855.68,1869.98,161,5.72,2024-11-19T12:20:00,1855.68,STOP,-920.75,-1369.59
rsi50,HCLTECH,2024-11-25,SHORT,2024-11-25T13:20:00,1882.55,1888.71,1873.31,159,6.16,2024-11-25T14:00:00,1888.71,STOP,-979.24,-1428.97
rsi50,HCLTECH,2024-11-29,LONG,2024-11-29T10:40:00,1871.00,1862.62,1883.57,160,8.38,2024-11-29T10:50:00,1862.62,STOP,-1340.41,-1788.45
rsi50,HCLTECH,2024-12-02,LONG,2024-12-02T10:30:00,1860.45,1854.25,1869.75,161,6.20,2024-12-02T10:40:00,1854.25,STOP,-998.70,-1447.25
rsi50,HCLTECH,2024-12-09,SHORT,2024-12-09T10:00:00,1915.10,1921.00,1906.25,156,5.90,2024-12-09T10:30:00,1906.25,TARGET,1380.63,933.53
rsi50,HCLTECH,2024-12-13,SHORT,2024-12-13T10:30:00,1917.00,1922.47,1908.80,156,5.47,2024-12-13T10:30:00,1922.47,STOP,-852.96,-1302.17
rsi50,HCLTECH,2024-12-16,SHORT,2024-12-16T12:10:00,1958.80,1964.29,1950.56,153,5.49,2024-12-16T13:40:00,1950.56,TARGET,1260.44,811.84
rsi50,HCLTECH,2024-12-24,LONG,2024-12-24T10:30:00,1918.95,1913.17,1927.61,156,5.78,2024-12-24T10:40:00,1913.17,STOP,-901.05,-1349.41
rsi50,HCLTECH,2024-12-27,LONG,2024-12-27T10:50:00,1899.45,1893.89,1907.78,157,5.56,2024-12-27T11:30:00,1893.89,STOP,-872.24,-1318.90
rsi50,HCLTECH,2024-12-30,LONG,2024-12-30T11:10:00,1893.90,1888.29,1902.31,158,5.61,2024-12-30T11:30:00,1902.31,TARGET,1328.40,878.55
rsi50,HCLTECH,2024-12-31,SHORT,2024-12-31T10:10:00,1899.60,1911.63,1881.56,157,12.03,2024-12-31T10:10:00,1881.56,TARGET,2833.03,2387.80
rsi50,HCLTECH,2025-01-01,SHORT,2025-01-01T13:30:00,1920.05,1925.23,1912.28,156,5.18,2025-01-01T14:50:00,1912.28,TARGET,1211.61,763.23
rsi50,HCLTECH,2025-01-03,SHORT,2025-01-03T11:40:00,1953.70,1960.66,1943.26,153,6.96,2025-01-03T11:40:00,1960.66,STOP,-1064.87,-1514.04
rsi50,HCLTECH,2025-01-06,SHORT,2025-01-06T11:00:00,1947.00,1953.83,1936.76,154,6.83,2025-01-06T11:40:00,1936.76,TARGET,1577.45,1128.87
rsi50,HCLTECH,2025-01-07,SHORT,2025-01-07T10:10:00,1933.10,1942.26,1919.36,155,9.16,2025-01-07T10:10:00,1942.26,STOP,-1419.99,-1870.50
rsi50,HCLTECH,2025-01-08,LONG,2025-01-08T13:50:00,1919.90,1913.67,1929.25,156,6.23,2025-01-08T14:40:00,1929.25,TARGET,1458.60,1008.24
rsi50,HCLTECH,2025-01-20,SHORT,2025-01-20T10:40:00,1781.05,1788.87,1769.32,168,7.82,2025-01-20T10:40:00,1785.20,REVERSE,-697.20,-1146.55
rsi50,HCLTECH,2025-01-23,SHORT,2025-01-23T11:10:00,1809.45,1816.13,1799.42,165,6.68,2025-01-23T12:00:00,1816.13,STOP,-1102.77,-1551.44
rsi50,HCLTECH,2025-01-24,LONG,2025-01-24T11:50:00,1824.05,1817.28,1834.20,164,6.77,2025-01-24T12:00:00,1817.28,STOP,-1109.97,-1557.86
rsi50,HCLTECH,2025-01-30,SHORT,2025-01-30T14:00:00,1708.55,1713.70,1700.83,175,5.15,2025-01-30T14:10:00,1700.83,TARGET,1351.33,903.84
rsi50,HCLTECH,2025-01-31,SHORT,2025-01-31T12:20:00,1716.95,1722.27,1708.97,174,5.32,2025-01-31T13:10:00,1722.27,STOP,-925.75,-1374.57
rsi50,HCLTECH,2025-02-01,SHORT,2025-02-01T10:00:00,1717.05,1721.98,1709.66,174,4.93,2025-02-01T10:40:00,1709.66,TARGET,1286.19,839.00
rsi50,HCLTECH,2025-02-03,LONG,2025-02-03T13:40:00,1690.00,1684.26,1698.60,177,5.74,2025-02-03T13:50:00,1687.90,REVERSE,-371.70,-820.12
rsi50,HCLTECH,2025-02-05,SHORT,2025-02-05T11:50:00,1714.05,1720.41,1704.52,175,6.36,2025-02-05T13:40:00,1714.20,TIME_STOP,-26.25,-476.21
rsi50,HCLTECH,2025-02-07,LONG,2025-02-07T11:00:00,1719.55,1714.11,1727.71,174,5.44,2025-02-07T12:20:00,1727.71,TARGET,1419.49,969.63
rsi50,HCLTECH,2025-02-10,SHORT,2025-02-10T10:40:00,1718.75,1723.78,1711.21,174,5.03,2025-02-10T10:50:00,1723.78,STOP,-874.39,-1323.64
rsi50,HCLTECH,2025-02-11,SHORT,2025-02-11T13:10:00,1725.55,1730.04,1718.82,173,4.49,2025-02-11T13:10:00,1718.82,TARGET,1165.13,718.23
rsi50,HCLTECH,2025-02-12,SHORT,2025-02-12T10:10:00,1723.45,1730.01,1713.61,174,6.56,2025-02-12T10:40:00,1713.61,TARGET,1711.57,1263.03
rsi50,HCLTECH,2025-02-13,LONG,2025-02-13T10:20:00,1722.80,1716.75,1731.88,174,6.05,2025-02-13T10:30:00,1716.75,STOP,-1053.33,-1502.19
rsi50,HCLTECH,2025-02-18,SHORT,2025-02-18T12:30:00,1709.10,1713.08,1703.14,175,3.98,2025-02-18T13:50:00,1713.08,STOP,-695.81,-1144.97
rsi50,HCLTECH,2025-02-19,SHORT,2025-02-19T12:50:00,1715.50,1720.03,1708.71,174,4.53,2025-02-19T13:30:00,1708.71,TARGET,1181.47,734.61
rsi50,HCLTECH,2025-02-21,LONG,2025-02-21T12:10:00,1697.65,1692.88,1704.80,176,4.77,2025-02-21T14:00:00,1697.95,TIME_STOP,52.80,-395.42
rsi50,HCLTECH,2025-03-03,SHORT,2025-03-03T12:30:00,1579.15,1583.67,1572.37,189,4.52,2025-03-03T14:20:00,1573.25,TIME_STOP,1115.10,668.25
rsi50,HCLTECH,2025-03-13,SHORT,2025-03-13T12:30:00,1531.05,1536.34,1523.11,195,5.29,2025-03-13T12:50:00,1536.34,STOP,-1032.15,-1480.76
rsi50,HCLTECH,2025-03-17,LONG,2025-03-17T14:10:00,1534.95,1530.95,1540.96,195,4.00,2025-03-17T14:50:00,1540.96,TARGET,1171.27,721.41
rsi50,HCLTECH,2025-03-19,SHORT,2025-03-19T11:30:00,1530.45,1535.19,1523.34,196,4.74,2025-03-19T13:20:00,1535.19,STOP,-928.46,-1379.11
rsi50,HCLTECH,2025-03-21,LONG,2025-03-21T11:00:00,1578.00,1569.64,1590.54,190,8.36,2025-03-21T12:10:00,1590.54,TARGET,2381.93,1930.42
rsi50,HCLTECH,2025-03-24,LONG,2025-03-24T11:30:00,1578.55,1572.23,1588.02,190,6.32,2025-03-24T12:50:00,1588.02,TARGET,1799.96,1348.73
rsi50,HCLTECH,2025-03-27,LONG,2025-03-27T10:00:00,1633.85,1627.27,1643.72,183,6.58,2025-03-27T11:20:00,1627.27,STOP,-1203.93,-1651.52
rsi50,HCLTECH,2025-04-16,SHORT,2025-04-16T13:50:00,1415.00,1419.08,1408.88,212,4.08,2025-04-16T14:00:00,1419.08,STOP,-865.30,-1315.92
rsi50,HCLTECH,2025-04-17,LONG,2025-04-17T12:30:00,1417.20,1410.88,1426.68,211,6.32,2025-04-17T12:40:00,1426.68,TARGET,1999.99,1549.95
rsi50,HCLTECH,2025-04-22,SHORT,2025-04-22T10:20:00,1473.80,1481.67,1461.99,203,7.87,2025-04-22T11:40:00,1481.67,STOP,-1598.05,-2048.02
rsi50,HCLTECH,2025-04-24,SHORT,2025-04-24T13:50:00,1585.60,1589.66,1579.51,189,4.06,2025-04-24T14:30:00,1579.51,TARGET,1150.35,701.70
rsi50,HCLTECH,2025-04-25,SHORT,2025-04-25T10:10:00,1574.30,1582.32,1562.27,190,8.02,2025-04-25T10:10:00,1582.32,STOP,-1524.30,-1974.12
rsi50,HCLTECH,2025-04-29,LONG,2025-04-29T10:20:00,1555.30,1549.97,1563.29,192,5.33,2025-04-29T11:10:00,1563.29,TARGET,1533.65,1084.57
rsi50,HCLTECH,2025-04-30,SHORT,2025-04-30T13:10:00,1566.40,1571.36,1558.96,191,4.96,2025-04-30T13:30:00,1571.36,STOP,-947.23,-1396.72
rsi50,HCLTECH,2025-05-02,LONG,2025-05-02T10:10:00,1578.10,1570.73,1589.15,190,7.37,2025-05-02T10:30:00,1570.73,STOP,-1399.42,-1848.13
rsi50,HCLTECH,2025-05-06,SHORT,2025-05-06T10:00:00,1567.20,1573.07,1558.39,191,5.87,2025-05-06T10:20:00,1573.07,STOP,-1121.65,-1571.50
rsi50,HCLTECH,2025-05-14,SHORT,2025-05-14T10:10:00,1629.60,1637.95,1617.08,184,8.35,2025-05-14T12:00:00,1630.70,TIME_STOP,-202.40,-652.32
rsi50,HCLTECH,2025-05-15,SHORT,2025-05-15T10:10:00,1630.50,1636.56,1621.41,183,6.06,2025-05-15T10:10:00,1636.56,STOP,-1108.98,-1557.38
rsi50,HCLTECH,2025-05-16,SHORT,2025-05-16T10:50:00,1664.10,1671.00,1653.75,180,6.90,2025-05-16T11:00:00,1671.00,STOP,-1242.40,-1692.64
rsi50,HCLTECH,2025-05-20,SHORT,2025-05-20T13:00:00,1647.00,1651.54,1640.19,182,4.54,2025-05-20T14:40:00,1640.19,TARGET,1239.46,790.76
rsi50,HCLTECH,2025-05-22,LONG,2025-05-22T14:10:00,1637.70,1633.55,1643.92,183,4.15,2025-05-22T14:20:00,1633.55,STOP,-758.87,-1207.85
rsi50,HCLTECH,2025-05-28,LONG,2025-05-28T13:30:00,1655.10,1651.68,1660.22,181,3.42,2025-05-28T14:00:00,1651.68,STOP,-618.23,-1067.13
rsi50,HCLTECH,2025-05-30,SHORT,2025-05-30T10:00:00,1652.30,1657.16,1645.00,181,4.86,2025-05-30T10:00:00,1655.60,REVERSE,-597.30,-1046.35
rsi50,HCLTECH,2025-06-03,LONG,2025-06-03T11:40:00,1634.90,1628.78,1644.08,183,6.12,2025-06-03T12:50:00,1628.78,STOP,-1119.98,-1567.92
rsi50,HCLTECH,2025-06-04,LONG,2025-06-04T10:10:00,1632.60,1628.19,1639.21,183,4.41,2025-06-04T10:30:00,1639.21,TARGET,1209.94,760.89
rsi50,HCLTECH,2025-06-05,LONG,2025-06-05T11:20:00,1636.80,1633.09,1642.37,183,3.71,2025-06-05T11:50:00,1633.09,STOP,-678.96,-1127.75
rsi50,HCLTECH,2025-06-12,SHORT,2025-06-12T14:10:00,1700.30,1705.56,1692.41,176,5.26,2025-06-12T15:20:00,1705.56,STOP,-925.55,-1375.12
rsi50,HCLTECH,2025-06-13,LONG,2025-06-13T12:00:00,1703.10,1697.27,1711.84,176,5.83,2025-06-13T13:10:00,1697.27,STOP,-1025.87,-1474.72
rsi50,HCLTECH,2025-06-18,SHORT,2025-06-18T10:20:00,1728.00,1733.23,1720.15,173,5.23,2025-06-18T10:30:00,1720.15,TARGET,1357.22,909.82
rsi50,HCLTECH,2025-06-24,LONG,2025-06-24T10:10:00,1718.50,1712.05,1728.17,174,6.45,2025-06-24T12:00:00,1718.20,TIME_STOP,-52.20,-500.69
rsi50,HCLTECH,2025-06-25,LONG,2025-06-25T10:20:00,1710.60,1704.33,1720.00,175,6.27,2025-06-25T12:10:00,1710.60,TIME_STOP,0.00,-449.03
rsi50,HCLTECH,2025-06-26,SHORT,2025-06-26T13:00:00,1705.80,1710.50,1698.74,175,4.70,2025-06-26T13:00:00,1710.50,STOP,-823.25,-1271.64
rsi50,HCLTECH,2025-06-27,SHORT,2025-06-27T13:00:00,1724.90,1729.71,1717.68,173,4.81,2025-06-27T13:40:00,1717.68,TARGET,1248.62,801.95
rsi50,HCLTECH,2025-07-01,SHORT,2025-07-01T12:20:00,1721.80,1726.57,1714.64,174,4.77,2025-07-01T13:30:00,1714.64,TARGET,1245.47,797.02
rsi50,HCLTECH,2025-07-02,SHORT,2025-07-02T11:00:00,1716.80,1721.46,1709.81,174,4.66,2025-07-02T12:10:00,1721.46,STOP,-810.46,-1259.15
rsi50,HCLTECH,2025-07-03,SHORT,2025-07-03T13:30:00,1717.10,1721.15,1711.03,174,4.05,2025-07-03T13:40:00,1721.15,STOP,-704.03,-1152.72
rsi50,HCLTECH,2025-07-04,LONG,2025-07-04T11:40:00,1718.70,1714.69,1724.71,174,4.01,2025-07-04T13:30:00,1720.20,TIME_STOP,261.00,-187.78
rsi50,HCLTECH,2025-07-07,LONG,2025-07-07T13:50:00,1716.00,1712.97,1720.55,174,3.03,2025-07-07T13:50:00,1712.97,STOP,-527.44,-974.92
rsi50,HCLTECH,2025-07-18,LONG,2025-07-18T13:30:00,1545.00,1541.22,1550.67,194,3.78,2025-07-18T15:20:00,1548.20,TIME_STOP,620.80,170.74
rsi50,HCLTECH,2025-07-22,LONG,2025-07-22T11:00:00,1536.30,1533.21,1540.93,195,3.09,2025-07-22T11:50:00,1533.21,STOP,-602.08,-1051.00
rsi50,HCLTECH,2025-07-23,LONG,2025-07-23T12:00:00,1526.60,1523.75,1530.88,196,2.85,2025-07-23T12:20:00,1530.88,TARGET,838.68,389.23
rsi50,HCLTECH,2025-07-29,LONG,2025-07-29T14:10:00,1473.80,1470.91,1478.13,203,2.89,2025-07-29T14:10:00,1470.91,STOP,-586.48,-1034.81
rsi50,HCLTECH,2025-07-30,SHORT,2025-07-30T14:10:00,1471.60,1474.24,1467.64,203,2.64,2025-07-30T14:30:00,1474.24,STOP,-536.04,-984.54
rsi50,HCLTECH,2025-07-31,LONG,2025-07-31T11:50:00,1476.80,1473.38,1481.93,203,3.42,2025-07-31T12:00:00,1473.38,STOP,-693.98,-1143.14
rsi50,HCLTECH,2025-08-04,LONG,2025-08-04T13:30:00,1465.60,1462.05,1470.93,204,3.55,2025-08-04T13:30:00,1462.05,STOP,-725.07,-1173.00
rsi50,HCLTECH,2025-08-07,LONG,2025-08-07T12:50:00,1463.80,1460.77,1468.34,204,3.03,2025-08-07T13:20:00,1460.77,STOP,-617.23,-1064.69
rsi50,HCLTECH,2025-08-08,SHORT,2025-08-08T10:50:00,1462.90,1466.43,1457.60,205,3.53,2025-08-08T10:50:00,1466.43,STOP,-724.00,-1174.38
rsi50,HCLTECH,2025-08-11,SHORT,2025-08-11T10:20:00,1471.80,1475.37,1466.45,203,3.57,2025-08-11T10:20:00,1475.37,STOP,-724.13,-1172.84
rsi50,HCLTECH,2025-08-13,LONG,2025-08-13T13:00:00,1500.70,1497.19,1505.96,199,3.51,2025-08-13T14:40:00,1505.96,TARGET,1046.73,597.99
rsi50,HCLTECH,2025-08-14,SHORT,2025-08-14T10:30:00,1500.00,1503.22,1495.16,200,3.22,2025-08-14T10:30:00,1503.22,STOP,-644.71,-1095.20
rsi50,HCLTECH,2025-08-19,LONG,2025-08-19T13:10:00,1480.40,1477.74,1484.38,202,2.66,2025-08-19T13:50:00,1477.74,STOP,-536.63,-984.79
rsi50,HCLTECH,2025-08-20,LONG,2025-08-20T11:20:00,1479.10,1473.80,1487.05,202,5.30,2025-08-20T13:00:00,1487.05,TARGET,1605.23,1155.86
rsi50,HCLTECH,2025-08-29,LONG,2025-08-29T11:20:00,1460.90,1456.04,1468.19,205,4.86,2025-08-29T13:10:00,1460.00,TIME_STOP,-184.50,-633.59
rsi50,HCLTECH,2025-09-01,SHORT,2025-09-01T14:00:00,1461.60,1465.02,1456.47,205,3.42,2025-09-01T14:40:00,1465.02,STOP,-701.26,-1151.22
rsi50,HCLTECH,2025-09-03,SHORT,2025-09-03T10:10:00,1462.00,1465.71,1456.43,205,3.71,2025-09-03T10:50:00,1456.43,TARGET,1140.99,692.28
rsi50,HCLTECH,2025-09-04,SHORT,2025-09-04T10:50:00,1457.80,1460.44,1453.84,205,2.64,2025-09-04T10:50:00,1453.84,TARGET,812.72,365.06
rsi50,HCLTECH,2025-09-09,LONG,2025-09-09T10:00:00,1421.30,1416.34,1428.74,211,4.96,2025-09-09T11:50:00,1424.90,TIME_STOP,759.60,309.19
rsi50,HCLTECH,2025-09-15,LONG,2025-09-15T13:10:00,1462.50,1459.92,1466.37,205,2.58,2025-09-15T14:10:00,1466.37,TARGET,793.80,343.48
rsi50,HCLTECH,2025-09-23,LONG,2025-09-23T14:10:00,1436.00,1433.08,1440.38,208,2.92,2025-09-23T14:20:00,1433.08,STOP,-606.92,-1054.49
rsi50,HCLTECH,2025-09-24,LONG,2025-09-24T10:20:00,1438.00,1433.50,1444.75,208,4.50,2025-09-24T12:10:00,1441.10,TIME_STOP,644.80,195.66
rsi50,HCLTECH,2025-09-30,LONG,2025-09-30T10:40:00,1396.80,1393.25,1402.12,214,3.55,2025-09-30T11:10:00,1402.12,TARGET,1138.98,689.75
rsi50,HCLTECH,2025-10-03,SHORT,2025-10-03T10:50:00,1386.80,1390.39,1381.41,216,3.59,2025-10-03T12:40:00,1383.60,TIME_STOP,691.20,242.40
rsi50,HCLTECH,2025-10-13,SHORT,2025-10-13T10:20:00,1487.40,1492.09,1480.36,201,4.69,2025-10-13T11:20:00,1480.36,TARGET,1414.80,967.41
rsi50,HCLTECH,2025-10-29,LONG,2025-10-29T10:40:00,1546.30,1542.16,1552.50,194,4.14,2025-10-29T10:50:00,1542.16,STOP,-802.35,-1251.73
rsi50,HCLTECH,2025-10-30,SHORT,2025-10-30T10:00:00,1542.10,1545.65,1536.77,194,3.55,2025-10-30T10:20:00,1545.65,STOP,-689.28,-1138.55
rsi50,HCLTECH,2025-10-31,SHORT,2025-10-31T11:10:00,1545.60,1549.17,1540.25,194,3.57,2025-10-31T11:30:00,1549.17,STOP,-692.57,-1142.86
rsi50,HCLTECH,2025-11-06,LONG,2025-11-06T13:00:00,1530.60,1527.19,1535.71,196,3.41,2025-11-06T13:20:00,1527.19,STOP,-667.72,-1117.22
rsi50,HCLTECH,2025-11-14,SHORT,2025-11-14T10:40:00,1588.60,1592.40,1582.89,188,3.80,2025-11-14T10:50:00,1592.40,STOP,-715.31,-1163.83
rsi50,HCLTECH,2025-11-18,SHORT,2025-11-18T10:00:00,1592.60,1596.15,1587.27,188,3.55,2025-11-18T11:40:00,1596.15,STOP,-667.88,-1117.50
rsi50,HCLTECH,2025-11-20,SHORT,2025-11-20T12:20:00,1653.60,1657.51,1647.73,181,3.91,2025-11-20T14:10:00,1650.10,TIME_STOP,633.50,185.02
rsi50,HCLTECH,2025-11-27,SHORT,2025-11-27T13:50:00,1619.20,1623.08,1613.38,185,3.88,2025-11-27T14:00:00,1623.08,STOP,-717.99,-1167.86
rsi50,HCLTECH,2025-12-02,SHORT,2025-12-02T10:20:00,1632.00,1636.32,1625.52,183,4.32,2025-12-02T11:30:00,1625.52,TARGET,1186.18,739.09
rsi50,HCLTECH,2025-12-03,SHORT,2025-12-03T10:00:00,1633.00,1637.48,1626.28,183,4.48,2025-12-03T10:20:00,1637.48,STOP,-819.52,-1268.39
rsi50,HCLTECH,2025-12-08,SHORT,2025-12-08T14:00:00,1684.80,1688.82,1678.77,178,4.02,2025-12-08T14:30:00,1678.77,TARGET,1072.73,623.69
rsi50,HCLTECH,2025-12-10,LONG,2025-12-10T14:00:00,1665.10,1662.22,1669.42,180,2.88,2025-12-10T14:00:00,1663.20,REVERSE,-342.00,-791.32
rsi50,HCLTECH,2025-12-11,SHORT,2025-12-11T10:00:00,1653.20,1658.28,1645.58,181,5.08,2025-12-11T10:10:00,1658.28,STOP,-919.06,-1368.59
rsi50,HCLTECH,2025-12-12,SHORT,2025-12-12T10:30:00,1662.00,1665.98,1656.03,180,3.98,2025-12-12T11:10:00,1665.98,STOP,-716.90,-1166.18
rsi50,HCLTECH,2025-12-16,SHORT,2025-12-16T10:20:00,1667.00,1671.39,1660.42,179,4.39,2025-12-16T10:40:00,1660.42,TARGET,1177.81,731.10
rsi50,HCLTECH,2025-12-17,SHORT,2025-12-17T12:10:00,1649.20,1652.65,1644.03,181,3.45,2025-12-17T12:30:00,1652.65,STOP,-624.24,-1072.47
rsi50,HCLTECH,2025-12-19,SHORT,2025-12-19T10:10:00,1649.00,1654.13,1641.30,181,5.13,2025-12-19T10:10:00,1641.30,TARGET,1392.80,946.14
rsi50,HCLTECH,2026-01-01,LONG,2026-01-01T10:40:00,1629.00,1624.45,1635.82,184,4.55,2026-01-01T11:00:00,1635.82,TARGET,1254.76,804.22
rsi50,HCLTECH,2026-01-02,LONG,2026-01-02T11:30:00,1640.70,1636.61,1646.84,182,4.09,2026-01-02T12:10:00,1636.61,STOP,-745.19,-1192.54
rsi50,HCLTECH,2026-01-12,SHORT,2026-01-12T10:20:00,1650.80,1657.60,1640.60,181,6.80,2026-01-12T12:10:00,1655.00,TIME_STOP,-760.20,-1208.96
rsi50,HCLTECH,2026-01-13,LONG,2026-01-13T11:20:00,1669.70,1657.67,1687.74,179,12.03,2026-01-13T13:00:00,1657.67,STOP,-2152.86,-2599.56
rsi50,HCLTECH,2026-01-14,SHORT,2026-01-14T10:10:00,1658.50,1665.49,1648.02,180,6.99,2026-01-14T11:00:00,1665.49,STOP,-1257.69,-1706.43
rsi50,HCLTECH,2026-01-20,SHORT,2026-01-20T10:10:00,1692.80,1697.95,1685.08,177,5.15,2026-01-20T10:20:00,1697.95,STOP,-911.49,-1361.61
rsi50,HCLTECH,2026-01-21,LONG,2026-01-21T13:30:00,1683.20,1678.58,1690.14,178,4.62,2026-01-21T13:30:00,1679.10,REVERSE,-729.80,-1178.67
rsi50,HCLTECH,2026-01-27,SHORT,2026-01-27T11:20:00,1702.80,1708.76,1693.86,176,5.96,2026-01-27T11:20:00,1708.76,STOP,-1049.47,-1499.79
rsi50,HCLTECH,2026-01-28,SHORT,2026-01-28T12:50:00,1712.70,1717.71,1705.19,175,5.01,2026-01-28T14:20:00,1717.71,STOP,-876.16,-1326.40
rsi50,HCLTECH,2026-01-29,LONG,2026-01-29T13:20:00,1720.00,1715.42,1726.88,174,4.58,2026-01-29T15:10:00,1720.80,TIME_STOP,139.20,-309.82
rsi50,HCLTECH,2026-02-05,LONG,2026-02-05T10:30:00,1629.20,1622.03,1639.96,184,7.17,2026-02-05T10:50:00,1622.03,STOP,-1319.82,-1768.49
rsi50,HCLTECH,2026-02-10,LONG,2026-02-10T10:10:00,1598.20,1593.30,1605.55,187,4.90,2026-02-10T10:10:00,1593.30,STOP,-916.42,-1364.02
rsi50,HCLTECH,2026-02-13,LONG,2026-02-13T13:00:00,1465.20,1456.08,1478.88,204,9.12,2026-02-13T13:50:00,1456.08,STOP,-1861.07,-2308.03
rsi50,HCLTECH,2026-02-16,SHORT,2026-02-16T11:00:00,1454.10,1460.82,1444.03,206,6.72,2026-02-16T12:50:00,1452.30,TIME_STOP,370.80,-78.24
rsi50,HCLTECH,2026-02-18,SHORT,2026-02-18T10:50:00,1452.80,1460.01,1441.98,206,7.21,2026-02-18T11:00:00,1460.01,STOP,-1485.63,-1935.66
rsi50,HCLTECH,2026-02-19,SHORT,2026-02-19T12:10:00,1466.90,1472.85,1457.98,204,5.95,2026-02-19T14:00:00,1459.00,TIME_STOP,1611.60,1163.94
rsi50,HCLTECH,2026-02-26,SHORT,2026-02-26T14:10:00,1371.40,1376.64,1363.55,218,5.24,2026-02-26T14:40:00,1376.64,STOP,-1141.37,-1590.67
rsi50,HCLTECH,2026-03-04,SHORT,2026-03-04T10:40:00,1365.80,1372.45,1355.83,219,6.65,2026-03-04T12:30:00,1364.30,TIME_STOP,328.50,-119.92
rsi50,HCLTECH,2026-03-06,SHORT,2026-03-06T10:10:00,1366.60,1372.33,1358.01,219,5.73,2026-03-06T10:20:00,1369.40,REVERSE,-613.20,-1062.59
rsi50,HCLTECH,2026-03-09,LONG,2026-03-09T11:30:00,1369.80,1363.81,1378.78,219,5.99,2026-03-09T11:50:00,1363.81,STOP,-1311.62,-1760.62
rsi50,HCLTECH,2026-03-10,LONG,2026-03-10T13:20:00,1355.70,1351.83,1361.51,221,3.87,2026-03-10T14:50:00,1361.51,TARGET,1284.19,833.81
rsi50,HCLTECH,2026-03-11,SHORT,2026-03-11T10:20:00,1349.30,1353.77,1342.60,222,4.47,2026-03-11T10:20:00,1353.77,STOP,-992.01,-1442.07
rsi50,HCLTECH,2026-03-12,LONG,2026-03-12T11:20:00,1361.30,1356.23,1368.90,220,5.07,2026-03-12T11:20:00,1356.23,STOP,-1115.05,-1563.45
rsi50,MARUTI,2024-03-19,SHORT,2024-03-19T14:10:00,11528.30,11562.56,11476.91,26,34.26,2024-03-19T14:30:00,11562.56,STOP,-890.82,-1341.09
rsi50,MARUTI,2024-03-21,SHORT,2024-03-21T10:00:00,11890.00,11932.06,11826.92,25,42.06,2024-03-21T10:00:00,11932.06,STOP,-1051.39,-1498.06
rsi50,MARUTI,2024-03-26,SHORT,2024-03-26T10:40:00,12197.50,12247.05,12123.17,24,49.55,2024-03-26T11:20:00,12237.50,REVERSE,-960.00,-1399.83
rsi50,MARUTI,2024-03-28,LONG,2024-03-28T11:20:00,12607.40,12557.37,12682.44,23,50.03,2024-03-28T12:20:00,12557.37,STOP,-1150.67,-1584.77
rsi50,MARUTI,2024-04-01,SHORT,2024-04-01T10:50:00,12595.00,12635.46,12534.31,23,40.46,2024-04-01T12:40:00,12577.10,TIME_STOP,411.70,-22.52
rsi50,MARUTI,2024-04-02,LONG,2024-04-02T11:00:00,12599.20,12559.72,12658.41,23,39.48,2024-04-02T11:00:00,12559.72,STOP,-907.95,-1341.94
rsi50,MARUTI,2024-04-04,LONG,2024-04-04T13:20:00,12462.25,12427.87,12513.82,24,34.38,2024-04-04T14:00:00,12513.82,TARGET,1237.71,788.14
rsi50,MARUTI,2024-04-05,SHORT,2024-04-05T11:30:00,12458.25,12494.64,12403.67,24,36.39,2024-04-05T12:20:00,12403.67,TARGET,1309.91,862.39
rsi50,MARUTI,2024-04-10,SHORT,2024-04-10T11:20:00,12807.40,12845.58,12750.13,23,38.18,2024-04-10T11:50:00,12750.13,TARGET,1317.18,876.31
rsi50,MARUTI,2024-04-15,LONG,2024-04-15T14:10:00,12342.50,12303.56,12400.92,24,38.94,2024-04-15T14:30:00,12400.92,TARGET,1402.01,956.63
rsi50,MARUTI,2024-04-19,LONG,2024-04-19T12:20:00,12489.90,12426.05,12585.68,24,63.85,2024-04-19T13:50:00,12585.68,TARGET,2298.62,1847.26
rsi50,MARUTI,2024-04-25,SHORT,2024-04-25T10:00:00,12825.00,12870.46,12756.81,23,45.46,2024-04-25T10:50:00,12756.81,TARGET,1568.35,1127.06
rsi50,MARUTI,2024-04-26,SHORT,2024-04-26T11:50:00,12846.95,12899.69,12767.84,23,52.74,2024-04-26T12:30:00,12767.84,TARGET,1819.52,1377.66
rsi50,MARUTI,2024-05-06,LONG,2024-05-06T11:10:00,12585.10,12539.04,12654.18,23,46.06,2024-05-06T11:40:00,12539.04,STOP,-1059.29,-1492.68
rsi50,MARUTI,2024-05-09,SHORT,2024-05-09T13:00:00,12469.40,12515.58,12400.14,24,46.18,2024-05-09T13:40:00,12515.58,STOP,-1108.23,-1557.96
rsi50,MARUTI,2024-05-13,LONG,2024-05-13T11:00:00,12563.00,12509.12,12643.82,23,53.88,2024-05-13T12:50:00,12564.95,TIME_STOP,44.85,-388.61
rsi50,MARUTI,2024-05-15,SHORT,2024-05-15T10:20:00,12749.85,12778.63,12706.68,23,28.78,2024-05-15T10:50:00,12706.68,TARGET,992.89,553.76
rsi50,MARUTI,2024-05-17,LONG,2024-05-17T10:50:00,12494.20,12435.69,12581.96,24,58.51,2024-05-17T12:30:00,12526.30,EOD_FORCED,770.40,320.03
rsi50,MARUTI,2024-05-21,SHORT,2024-05-21T13:20:00,12554.95,12590.44,12501.72,23,35.49,2024-05-21T14:00:00,12501.72,TARGET,1224.24,792.02
rsi50,MARUTI,2024-05-22,LONG,2024-05-22T11:40:00,12536.00,12501.87,12587.19,23,34.13,2024-05-22T13:30:00,12556.15,TIME_STOP,463.45,30.61
rsi50,MARUTI,2024-05-27,LONG,2024-05-27T12:50:00,12959.05,12925.67,13009.12,23,33.38,2024-05-27T13:20:00,12925.67,STOP,-767.68,-1214.19
rsi50,MARUTI,2024-05-28,LONG,2024-05-28T11:20:00,12973.00,12936.58,13027.64,23,36.42,2024-05-28T11:30:00,12936.58,STOP,-837.76,-1284.70
rsi50,MARUTI,2024-06-05,LONG,2024-06-05T10:00:00,12370.00,12238.23,12567.66,18,131.77,2024-06-05T10:10:00,12567.66,TARGET,3557.86,3221.20
rsi50,MARUTI,2024-06-10,SHORT,2024-06-10T11:50:00,12739.95,12777.88,12683.05,23,37.93,2024-06-10T12:30:00,12683.05,TARGET,1308.73,870.18
rsi50,MARUTI,2024-06-13,SHORT,2024-06-13T10:00:00,12817.00,12852.88,12763.17,23,35.88,2024-06-13T10:00:00,12852.88,STOP,-825.33,-1268.13
rsi50,MARUTI,2024-06-14,LONG,2024-06-14T11:50:00,12842.85,12820.19,12876.83,23,22.66,2024-06-14T11:50:00,12876.83,TARGET,781.65,337.99
rsi50,MARUTI,2024-06-21,LONG,2024-06-21T12:10:00,12220.80,12171.53,12294.71,24,49.27,2024-06-21T12:40:00,12171.53,STOP,-1182.51,-1621.57
rsi50,MARUTI,2024-06-24,LONG,2024-06-24T10:30:00,12255.00,12204.97,12330.05,24,50.03,2024-06-24T11:10:00,12204.97,STOP,-1200.76,-1641.04
rsi50,MARUTI,2024-06-25,SHORT,2024-06-25T10:40:00,12133.75,12167.52,12083.09,24,33.77,2024-06-25T10:50:00,12167.52,STOP,-810.55,-1247.97
rsi50,MARUTI,2024-06-26,LONG,2024-06-26T10:30:00,12150.00,12121.11,12193.34,24,28.89,2024-06-26T10:30:00,12193.34,TARGET,1040.19,602.01
rsi50,MARUTI,2024-07-01,LONG,2024-07-01T10:00:00,12150.00,12106.08,12215.89,24,43.92,2024-07-01T10:50:00,12106.08,STOP,-1054.20,-1490.80
rsi50,MARUTI,2024-07-03,LONG,2024-07-03T11:10:00,12050.00,12018.62,12097.07,24,31.38,2024-07-03T12:30:00,12097.07,TARGET,1129.77,695.12
rsi50,MARUTI,2024-07-04,SHORT,2024-07-04T12:20:00,12098.20,12121.23,12063.65,24,23.03,2024-07-04T12:20:00,12121.23,STOP,-552.78,-988.73
rsi50,MARUTI,2024-07-10,SHORT,2024-07-10T14:10:00,12856.45,12923.43,12755.98,23,66.98,2024-07-10T14:50:00,12755.98,TARGET,2310.82,1869.00
rsi50,MARUTI,2024-07-16,SHORT,2024-07-16T10:30:00,12644.00,12690.72,12573.92,23,46.72,2024-07-16T11:10:00,12690.72,STOP,-1074.50,-1511.53
rsi50,MARUTI,2024-07-18,LONG,2024-07-18T14:00:00,12625.90,12593.37,12674.69,23,32.53,2024-07-18T14:10:00,12674.69,TARGET,1122.27,685.84
rsi50,MARUTI,2024-07-19,SHORT,2024-07-19T11:50:00,12596.80,12637.47,12535.79,23,40.67,2024-07-19T12:40:00,12535.79,TARGET,1403.15,969.62
rsi50,MARUTI,2024-07-22,LONG,2024-07-22T10:50:00,12596.45,12555.11,12658.46,23,41.34,2024-07-22T11:20:00,12555.11,STOP,-950.80,-1384.67
rsi50,MARUTI,2024-07-23,SHORT,2024-07-23T12:30:00,12455.95,12508.08,12377.76,24,52.13,2024-07-23T12:30:00,12377.76,TARGET,1876.67,1429.67
rsi50,MARUTI,2024-07-26,LONG,2024-07-26T10:10:00,12594.95,12552.94,12657.96,23,42.01,2024-07-26T10:10:00,12552.94,STOP,-966.17,-1399.97
rsi50,MARUTI,2024-08-01,SHORT,2024-08-01T14:00:00,13186.85,13251.61,13089.70,22,64.76,2024-08-01T14:10:00,13228.00,REVERSE,-905.30,-1341.15
rsi50,MARUTI,2024-08-07,LONG,2024-08-07T10:10:00,12375.00,12316.90,12462.15,24,58.10,2024-08-07T11:30:00,12316.90,STOP,-1394.42,-1838.88
rsi50,MARUTI,2024-08-08,SHORT,2024-08-08T10:20:00,12261.00,12301.22,12200.66,24,40.22,2024-08-08T10:30:00,12301.22,STOP,-965.39,-1407.51
rsi50,MARUTI,2024-08-09,SHORT,2024-08-09T11:20:00,12234.55,12269.00,12182.87,24,34.45,2024-08-09T13:00:00,12255.00,REVERSE,-490.80,-931.61
rsi50,MARUTI,2024-08-12,LONG,2024-08-12T10:00:00,12261.35,12226.21,12314.06,24,35.14,2024-08-12T10:10:00,12314.06,TARGET,1264.92,822.56
rsi50,MARUTI,2024-08-13,SHORT,2024-08-13T10:40:00,12245.00,12285.41,12184.39,24,40.41,2024-08-13T11:10:00,12285.41,STOP,-969.82,-1411.36
rsi50,MARUTI,2024-08-16,SHORT,2024-08-16T10:20:00,12184.00,12230.38,12114.43,24,46.38,2024-08-16T10:30:00,12114.43,TARGET,1669.57,1232.20
rsi50,MARUTI,2024-08-19,SHORT,2024-08-19T10:40:00,12177.55,12207.68,12132.36,24,30.13,2024-08-19T12:30:00,12161.65,TIME_STOP,381.60,-56.51
rsi50,MARUTI,2024-08-20,LONG,2024-08-20T10:00:00,12195.80,12174.11,12228.34,24,21.69,2024-08-20T10:10:00,12228.34,TARGET,780.88,341.25
rsi50,MARUTI,2024-08-21,LONG,2024-08-21T14:00:00,12228.85,12214.07,12251.02,24,14.78,2024-08-21T15:00:00,12214.07,STOP,-354.73,-794.70
rsi50,MARUTI,2024-08-26,LONG,2024-08-26T13:00:00,12304.00,12281.66,12337.51,24,22.34,2024-08-26T14:30:00,12281.66,STOP,-536.11,-978.65
rsi50,MARUTI,2024-08-27,LONG,2024-08-27T10:20:00,12366.40,12337.16,12410.26,24,29.24,2024-08-27T10:20:00,12337.16,STOP,-701.81,-1146.47
rsi50,MARUTI,2024-08-28,SHORT,2024-08-28T10:20:00,12420.00,12455.77,12366.35,24,35.77,2024-08-28T11:00:00,12366.35,TARGET,1287.55,841.40
rsi50,MARUTI,2024-08-29,LONG,2024-08-29T13:40:00,12363.80,12343.76,12393.86,24,20.04,2024-08-29T14:20:00,12343.76,STOP,-481.04,-925.77
rsi50,MARUTI,2024-09-02,SHORT,2024-09-02T12:40:00,12391.85,12425.42,12341.49,24,33.57,2024-09-02T14:30:00,12425.42,STOP,-805.74,-1252.46
rsi50,MARUTI,2024-09-03,LONG,2024-09-03T10:50:00,12418.20,12393.61,12455.09,24,24.59,2024-09-03T11:30:00,12455.09,TARGET,885.26,437.54
rsi50,MARUTI,2024-09-10,LONG,2024-09-10T11:30:00,12146.95,12123.79,12181.69,24,23.16,2024-09-10T12:00:00,12181.69,TARGET,833.68,395.76
rsi50,MARUTI,2024-09-12,LONG,2024-09-12T13:00:00,12238.55,12212.35,12277.85,24,26.20,2024-09-12T14:00:00,12277.85,TARGET,943.30,502.00
rsi50,MARUTI,2024-09-13,SHORT,2024-09-13T13:10:00,12301.50,12323.50,12268.51,24,22.00,2024-09-13T13:20:00,12323.50,STOP,-527.88,-971.13
rsi50,MARUTI,2024-09-16,SHORT,2024-09-16T10:50:00,12306.15,12329.92,12270.50,24,23.77,2024-09-16T12:40:00,12290.00,TIME_STOP,387.60,-55.13
rsi50,MARUTI,2024-09-18,SHORT,2024-09-18T13:10:00,12211.00,12234.84,12175.25,24,23.84,2024-09-18T13:40:00,12175.25,TARGET,858.08,419.13
rsi50,MARUTI,2024-09-25,SHORT,2024-09-25T10:30:00,12646.80,12684.36,12590.46,23,37.56,2024-09-25T11:40:00,12684.36,STOP,-863.91,-1300.87
rsi50,MARUTI,2024-09-30,SHORT,2024-09-30T11:20:00,13391.05,13437.31,13321.66,22,46.26,2024-09-30T12:40:00,13321.66,TARGET,1526.60,1085.84
rsi50,MARUTI,2024-10-04,LONG,2024-10-04T11:00:00,12835.85,12766.59,12939.74,23,69.26,2024-10-04T11:10:00,12766.59,STOP,-1592.92,-2034.56
rsi50,MARUTI,2024-10-08,LONG,2024-10-08T10:00:00,12514.05,12464.80,12587.93,23,49.25,2024-10-08T10:10:00,12464.80,STOP,-1132.82,-1563.71
rsi50,MARUTI,2024-10-11,SHORT,2024-10-11T12:50:00,12860.55,12893.37,12811.31,23,32.82,2024-10-11T13:40:00,12811.31,TARGET,1132.42,689.58
rsi50,MARUTI,2024-10-21,LONG,2024-10-21T11:10:00,12193.90,12137.67,12278.25,24,56.23,2024-10-21T11:10:00,12137.67,STOP,-1349.53,-1787.50
rsi50,MARUTI,2024-10-22,SHORT,2024-10-22T10:10:00,12102.45,12156.59,12021.24,24,54.14,2024-10-22T10:10:00,12021.24,TARGET,1948.96,1514.74
rsi50,MARUTI,2024-10-23,LONG,2024-10-23T11:00:00,12079.00,12024.38,12160.93,24,54.62,2024-10-23T12:50:00,12024.38,STOP,-1310.93,-1744.79
rsi50,MARUTI,2024-10-30,LONG,2024-10-30T10:00:00,11220.15,11094.20,11409.08,19,125.95,2024-10-30T11:50:00,11356.90,TIME_STOP,2598.25,2276.53
rsi50,MARUTI,2024-11-07,LONG,2024-11-07T14:00:00,11299.95,11270.44,11344.21,26,29.51,2024-11-07T15:20:00,11287.65,EOD,-319.80,-760.26
rsi50,MARUTI,2024-11-08,LONG,2024-11-08T12:40:00,11302.95,11267.79,11355.68,26,35.16,2024-11-08T13:40:00,11267.79,STOP,-914.06,-1354.19
rsi50,MARUTI,2024-11-14,LONG,2024-11-14T14:10:00,11000.05,10965.43,11051.98,27,34.62,2024-11-14T15:20:00,10993.50,EOD,-176.85,-622.22
rsi50,MARUTI,2024-11-22,LONG,2024-11-22T12:20:00,10945.00,10912.17,10994.25,27,32.83,2024-11-22T13:10:00,10994.25,TARGET,1329.80,885.53
rsi50,MARUTI,2024-11-27,LONG,2024-11-27T12:30:00,11082.40,11047.19,11135.21,27,35.21,2024-11-27T14:20:00,11056.60,TIME_STOP,-696.60,-1144.91
rsi50,MARUTI,2024-11-29,LONG,2024-11-29T10:50:00,11010.50,10973.04,11066.68,27,37.46,2024-11-29T11:20:00,11066.68,TARGET,1516.96,1069.90
rsi50,MARUTI,2024-12-03,SHORT,2024-12-03T12:20:00,11221.95,11248.65,11181.90,26,26.70,2024-12-03T12:30:00,11248.65,STOP,-694.28,-1132.46
rsi50,MARUTI,2024-12-06,SHORT,2024-12-06T12:00:00,11145.00,11179.42,11093.37,26,34.42,2024-12-06T12:00:00,11179.42,STOP,-894.84,-1330.17
rsi50,MARUTI,2024-12-13,LONG,2024-12-13T12:50:00,11185.00,11146.63,11242.55,26,38.37,2024-12-13T13:00:00,11242.55,TARGET,1496.28,1058.94
rsi50,MARUTI,2024-12-19,LONG,2024-12-19T11:50:00,11018.05,10987.09,11064.49,27,30.96,2024-12-19T12:30:00,10987.09,STOP,-835.85,-1281.45
rsi50,MARUTI,2024-12-24,LONG,2024-12-24T10:40:00,10880.40,10850.51,10925.23,27,29.89,2024-12-24T10:50:00,10850.51,STOP,-807.01,-1247.07
rsi50,MARUTI,2024-12-26,LONG,2024-12-26T10:10:00,10829.10,10799.05,10874.17,27,30.05,2024-12-26T10:10:00,10874.17,TARGET,1216.90,777.40
rsi50,MARUTI,2024-12-31,LONG,2024-12-31T14:00:00,10842.45,10818.49,10878.39,27,23.96,2024-12-31T14:10:00,10878.39,TARGET,970.36,530.51
rsi50,MARUTI,2025-01-01,SHORT,2025-01-01T10:00:00,10809.75,10835.38,10771.30,27,25.63,2025-01-01T10:10:00,10835.38,STOP,-692.02,-1130.34
rsi50,MARUTI,2025-01-07,LONG,2025-01-07T11:30:00,11799.00,11757.56,11861.16,25,41.44,2025-01-07T12:10:00,11757.56,STOP,-1035.99,-1477.68
rsi50,MARUTI,2025-01-08,LONG,2025-01-08T10:00:00,11746.80,11713.61,11796.59,25,33.19,2025-01-08T11:10:00,11796.59,TARGET,1244.69,803.25
rsi50,MARUTI,2025-01-09,LONG,2025-01-09T12:50:00,11797.25,11766.60,11843.23,25,30.65,2025-01-09T14:10:00,11766.60,STOP,-766.27,-1208.10
rsi50,MARUTI,2025-01-15,SHORT,2025-01-15T14:00:00,11904.70,11947.83,11840.00,25,43.13,2025-01-15T15:20:00,11947.83,STOP,-1078.32,-1525.56
rsi50,MARUTI,2025-01-17,SHORT,2025-01-17T11:20:00,12023.70,12057.11,11973.58,24,33.41,2025-01-17T11:30:00,12057.11,STOP,-801.90,-1235.36
rsi50,MARUTI,2025-01-20,LONG,2025-01-20T12:30:00,12090.00,12055.37,12141.95,24,34.63,2025-01-20T13:30:00,12055.37,STOP,-831.14,-1265.76
rsi50,MARUTI,2025-01-22,LONG,2025-01-22T12:40:00,12072.00,12035.61,12126.59,24,36.39,2025-01-22T12:40:00,12035.61,STOP,-873.41,-1307.35
rsi50,MARUTI,2025-01-24,LONG,2025-01-24T12:00:00,12086.90,12049.96,12142.31,24,36.94,2025-01-24T12:10:00,12049.96,STOP,-886.56,-1321.03
rsi50,MARUTI,2025-01-27,LONG,2025-01-27T12:10:00,12031.40,11997.35,12082.48,24,34.05,2025-01-27T12:10:00,11997.35,STOP,-817.29,-1249.81
rsi50,MARUTI,2025-01-28,LONG,2025-01-28T13:00:00,12008.95,11980.62,12051.44,24,28.33,2025-01-28T13:00:00,12051.44,TARGET,1019.78,586.70
rsi50,MARUTI,2025-01-30,SHORT,2025-01-30T10:20:00,11997.40,12048.25,11921.12,25,50.85,2025-01-30T12:10:00,12005.40,TIME_STOP,-200.00,-650.05
rsi50,MARUTI,2025-02-04,SHORT,2025-02-04T10:20:00,13072.80,13118.66,13004.01,22,45.86,2025-02-04T10:40:00,13004.01,TARGET,1513.45,1083.18
rsi50,MARUTI,2025-02-05,LONG,2025-02-05T14:10:00,13105.25,13076.86,13147.83,22,28.39,2025-02-05T14:40:00,13076.86,STOP,-624.50,-1056.50
rsi50,MARUTI,2025-02-07,SHORT,2025-02-07T10:10:00,13050.60,13079.80,13006.80,22,29.20,2025-02-07T10:10:00,13079.80,STOP,-642.43,-1073.58
rsi50,MARUTI,2025-02-11,LONG,2025-02-11T10:00:00,12991.95,12958.68,13041.85,23,33.27,2025-02-11T10:00:00,12958.68,STOP,-765.21,-1212.86
rsi50,MARUTI,2025-02-13,LONG,2025-02-13T11:50:00,12715.20,12682.63,12764.06,23,32.57,2025-02-13T12:00:00,12682.63,STOP,-749.11,-1187.22
rsi50,MARUTI,2025-02-17,LONG,2025-02-17T12:10:00,12685.05,12654.18,12731.35,23,30.87,2025-02-17T14:00:00,12693.10,TIME_STOP,185.15,-252.62
rsi50,MARUTI,2025-02-21,LONG,2025-02-21T13:50:00,12371.70,12338.19,12421.96,24,33.51,2025-02-21T14:40:00,12338.19,STOP,-804.21,-1248.98
rsi50,MARUTI,2025-02-24,SHORT,2025-02-24T11:20:00,12325.95,12363.57,12269.52,24,37.62,2025-02-24T12:40:00,12363.57,STOP,-902.84,-1347.25
rsi50,MARUTI,2025-02-27,SHORT,2025-02-27T10:10:00,12417.40,12452.69,12364.46,24,35.29,2025-02-27T11:40:00,12364.46,TARGET,1270.53,824.46
rsi50,MARUTI,2025-03-05,LONG,2025-03-05T11:10:00,11680.00,11651.91,11722.14,25,28.09,2025-03-05T11:40:00,11722.14,TARGET,1053.56,614.77
rsi50,MARUTI,2025-03-06,LONG,2025-03-06T13:20:00,11632.15,11597.01,11684.86,25,35.14,2025-03-06T15:10:00,11667.25,TIME_STOP,877.50,440.64
rsi50,MARUTI,2025-03-07,SHORT,2025-03-07T12:30:00,11621.65,11653.01,11574.61,25,31.36,2025-03-07T12:40:00,11653.01,STOP,-783.95,-1220.35
rsi50,MARUTI,2025-03-11,LONG,2025-03-11T13:50:00,11619.90,11590.01,11664.73,25,29.89,2025-03-11T14:20:00,11664.73,TARGET,1120.86,684.28
rsi50,MARUTI,2025-03-12,SHORT,2025-03-12T10:50:00,11606.35,11638.54,11558.06,25,32.19,2025-03-12T11:00:00,11638.54,STOP,-804.78,-1240.62
rsi50,MARUTI,2025-03-13,SHORT,2025-03-13T11:50:00,11600.00,11632.98,11550.53,25,32.98,2025-03-13T12:50:00,11632.98,STOP,-824.52,-1260.13
rsi50,MARUTI,2025-03-17,LONG,2025-03-17T10:00:00,11703.65,11665.08,11761.51,25,38.57,2025-03-17T10:00:00,11665.08,STOP,-964.26,-1402.42
rsi50,MARUTI,2025-03-19,SHORT,2025-03-19T14:00:00,11561.25,11585.02,11525.60,25,23.77,2025-03-19T14:00:00,11585.02,STOP,-594.23,-1028.22
rsi50,MARUTI,2025-03-21,SHORT,2025-03-21T14:10:00,11776.55,11810.13,11726.18,25,33.58,2025-03-21T15:00:00,11726.18,TARGET,1259.18,818.51
rsi50,MARUTI,2025-03-24,LONG,2025-03-24T11:00:00,11828.00,11790.42,11884.37,25,37.58,2025-03-24T11:50:00,11884.37,TARGET,1409.16,964.55
rsi50,MARUTI,2025-03-25,SHORT,2025-03-25T11:50:00,11908.00,11949.71,11845.44,25,41.71,2025-03-25T13:40:00,11934.00,TIME_STOP,-650.00,-1097.04
rsi50,MARUTI,2025-04-17,LONG,2025-04-17T12:10:00,11650.00,11618.84,11696.75,25,31.16,2025-04-17T14:00:00,11696.75,TARGET,1168.67,730.91
rsi50,MARUTI,2025-04-21,LONG,2025-04-21T10:50:00,11745.00,11710.86,11796.20,25,34.14,2025-04-21T10:50:00,11710.86,STOP,-853.39,-1293.19
rsi50,MARUTI,2025-04-22,SHORT,2025-04-22T10:10:00,11647.00,11680.08,11597.38,25,33.08,2025-04-22T11:40:00,11680.08,STOP,-827.04,-1264.42
rsi50,MARUTI,2025-04-25,SHORT,2025-04-25T10:10:00,11843.00,11893.08,11767.88,25,50.08,2025-04-25T12:00:00,11830.00,TIME_STOP,325.00,-118.87
rsi50,MARUTI,2025-04-28,LONG,2025-04-28T12:00:00,11750.00,11685.03,11847.45,25,64.97,2025-04-28T12:30:00,11847.45,TARGET,2436.20,1993.74
rsi50,MARUTI,2025-04-29,SHORT,2025-04-29T10:40:00,11780.00,11823.54,11714.70,25,43.54,2025-04-29T10:40:00,11823.54,STOP,-1088.39,-1530.95
rsi50,MARUTI,2025-05-16,SHORT,2025-05-16T14:10:00,12925.00,12953.21,12882.68,23,28.21,2025-05-16T14:40:00,12953.21,STOP,-648.87,-1095.27
rsi50,MARUTI,2025-05-19,SHORT,2025-05-19T11:00:00,12948.00,12976.67,12904.99,23,28.67,2025-05-19T11:10:00,12976.67,STOP,-659.42,-1106.62
rsi50,MARUTI,2025-05-23,LONG,2025-05-23T11:20:00,12485.00,12458.16,12525.26,24,26.84,2025-05-23T11:30:00,12458.16,STOP,-644.22,-1093.19
rsi50,MARUTI,2025-05-26,SHORT,2025-05-26T11:00:00,12452.00,12482.05,12406.93,24,30.05,2025-05-26T11:20:00,12482.05,STOP,-721.17,-1169.98
rsi50,MARUTI,2025-05-27,LONG,2025-05-27T11:50:00,12441.00,12401.87,12499.69,24,39.13,2025-05-27T12:00:00,12401.87,STOP,-939.02,-1386.19
rsi50,MARUTI,2025-05-30,SHORT,2025-05-30T11:30:00,12316.00,12347.21,12269.18,24,31.21,2025-05-30T11:40:00,12269.18,TARGET,1123.65,681.11
rsi50,MARUTI,2025-06-02,LONG,2025-06-02T12:40:00,12280.00,12246.17,12330.74,24,33.83,2025-06-02T13:00:00,12246.17,STOP,-811.84,-1253.32
rsi50,MARUTI,2025-06-04,LONG,2025-06-04T10:10:00,12188.00,12153.12,12240.32,24,34.88,2025-06-04T10:30:00,12240.32,TARGET,1255.74,816.03
rsi50,MARUTI,2025-06-05,SHORT,2025-06-05T10:20:00,12062.00,12101.48,12002.78,24,39.48,2025-06-05T10:20:00,12101.48,STOP,-947.47,-1382.41
rsi50,MARUTI,2025-06-10,SHORT,2025-06-10T11:50:00,12553.00,12578.20,12515.20,23,25.20,2025-06-10T12:00:00,12578.20,STOP,-579.67,-1013.18
rsi50,MARUTI,2025-06-13,LONG,2025-06-13T12:20:00,12361.00,12326.03,12413.46,24,34.97,2025-06-13T13:00:00,12413.46,TARGET,1258.96,813.02
rsi50,MARUTI,2025-06-17,SHORT,2025-06-17T10:10:00,12510.00,12534.80,12472.80,23,24.80,2025-06-17T10:20:00,12534.80,STOP,-570.47,-1002.49
rsi50,MARUTI,2025-06-20,SHORT,2025-06-20T10:50:00,12783.00,12811.42,12740.38,23,28.42,2025-06-20T11:20:00,12740.38,TARGET,980.37,540.09
rsi50,MARUTI,2025-06-24,SHORT,2025-06-24T13:10:00,12714.00,12747.08,12664.39,23,33.08,2025-06-24T13:20:00,12664.39,TARGET,1141.11,703.34
rsi50,MARUTI,2025-06-25,LONG,2025-06-25T10:50:00,12712.00,12678.23,12762.66,23,33.77,2025-06-25T11:20:00,12762.66,TARGET,1165.11,725.68
rsi50,MARUTI,2025-06-26,SHORT,2025-06-26T11:10:00,12728.00,12759.45,12680.83,23,31.45,2025-06-26T12:30:00,12759.45,STOP,-723.34,-1163.00
rsi50,MARUTI,2025-06-27,LONG,2025-06-27T13:00:00,12734.00,12708.62,12772.08,23,25.38,2025-06-27T13:00:00,12708.62,STOP,-583.84,-1022.73
rsi50,MARUTI,2025-07-09,LONG,2025-07-09T12:00:00,12527.00,12503.27,12562.60,23,23.73,2025-07-09T12:30:00,12503.27,STOP,-545.83,-977.61
rsi50,MARUTI,2025-07-10,LONG,2025-07-10T10:20:00,12588.00,12551.75,12642.38,23,36.25,2025-07-10T10:40:00,12642.38,TARGET,1250.73,815.50
rsi50,MARUTI,2025-07-11,SHORT,2025-07-11T10:30:00,12564.00,12597.22,12514.17,23,33.22,2025-07-11T12:20:00,12562.00,TIME_STOP,46.00,-387.42
rsi50,MARUTI,2025-07-14,SHORT,2025-07-14T10:40:00,12506.00,12539.44,12455.83,23,33.44,2025-07-14T11:40:00,12455.83,TARGET,1153.85,723.25
rsi50,MARUTI,2025-07-15,SHORT,2025-07-15T14:00:00,12525.00,12546.49,12492.77,23,21.49,2025-07-15T15:20:00,12546.49,STOP,-494.19,-926.68
rsi50,MARUTI,2025-07-17,SHORT,2025-07-17T13:20:00,12543.00,12563.06,12512.91,23,20.06,2025-07-17T13:50:00,12512.91,TARGET,692.15,259.94
rsi50,MARUTI,2025-07-22,LONG,2025-07-22T11:30:00,12398.00,12376.41,12430.38,24,21.59,2025-07-22T12:20:00,12430.38,TARGET,777.10,330.19
rsi50,MARUTI,2025-07-28,SHORT,2025-07-28T11:40:00,12429.00,12465.51,12374.23,24,36.51,2025-07-28T12:50:00,12374.23,TARGET,1314.45,867.99
rsi50,MARUTI,2025-07-29,LONG,2025-07-29T13:00:00,12377.00,12346.32,12423.02,24,30.68,2025-07-29T14:10:00,12423.02,TARGET,1104.52,658.12
rsi50,MARUTI,2025-07-31,SHORT,2025-07-31T10:00:00,12500.00,12536.65,12445.03,24,36.65,2025-07-31T11:10:00,12536.65,STOP,-879.54,-1330.20
rsi50,MARUTI,2025-08-06,SHORT,2025-08-06T13:00:00,12508.00,12531.33,12473.00,23,23.33,2025-08-06T14:50:00,12510.00,TIME_STOP,-46.00,-477.56
rsi50,MARUTI,2025-08-11,LONG,2025-08-11T13:40:00,12600.00,12574.71,12637.93,23,25.29,2025-08-11T13:50:00,12574.71,STOP,-581.60,-1015.86
rsi50,MARUTI,2025-08-13,LONG,2025-08-13T10:10:00,12875.00,12832.27,12939.09,23,42.73,2025-08-13T10:50:00,12832.27,STOP,-982.76,-1426.21
rsi50,MARUTI,2025-08-14,SHORT,2025-08-14T11:30:00,12834.00,12863.08,12790.39,23,29.08,2025-08-14T12:30:00,12863.08,STOP,-668.76,-1112.03
rsi50,MARUTI,2025-08-20,SHORT,2025-08-20T14:00:00,14223.00,14242.25,14194.12,21,19.25,2025-08-20T14:10:00,14242.25,STOP,-404.31,-852.63
rsi50,MARUTI,2025-08-21,LONG,2025-08-21T12:30:00,14255.00,14231.78,14289.84,21,23.22,2025-08-21T13:30:00,14231.78,STOP,-487.70,-936.37
rsi50,MARUTI,2025-08-29,SHORT,2025-08-29T11:10:00,14716.00,14755.30,14657.06,20,39.30,2025-08-29T11:30:00,14755.30,STOP,-785.92,-1227.99
rsi50,MARUTI,2025-09-01,LONG,2025-09-01T12:10:00,14791.00,14758.38,14839.93,20,32.62,2025-09-01T12:10:00,14758.38,STOP,-652.40,-1095.64
rsi50,MARUTI,2025-09-03,SHORT,2025-09-03T10:10:00,14773.00,14812.76,14713.36,20,39.76,2025-09-03T11:30:00,14812.76,STOP,-795.22,-1239.01
rsi50,MARUTI,2025-09-04,SHORT,2025-09-04T10:50:00,14822.00,14882.67,14730.99,20,60.67,2025-09-04T12:40:00,14800.00,TIME_STOP,440.00,-4.33
rsi50,MARUTI,2025-09-05,LONG,2025-09-05T10:10:00,14866.00,14823.21,14930.18,20,42.79,2025-09-05T11:20:00,14823.21,STOP,-855.72,-1301.06
rsi50,MARUTI,2025-09-15,SHORT,2025-09-15T12:00:00,15306.00,15326.30,15275.56,19,20.30,2025-09-15T12:10:00,15275.56,TARGET,578.45,142.66
rsi50,MARUTI,2025-09-22,SHORT,2025-09-22T13:30:00,15900.00,15923.76,15864.36,18,23.76,2025-09-22T14:30:00,15864.36,TARGET,641.51,212.69
rsi50,MARUTI,2025-09-25,LONG,2025-09-25T12:50:00,16197.00,16161.55,16250.17,18,35.45,2025-09-25T13:00:00,16250.17,TARGET,957.06,519.02
rsi50,MARUTI,2025-09-29,LONG,2025-09-29T14:10:00,16214.00,16168.23,16282.66,18,45.77,2025-09-29T14:10:00,16168.23,STOP,-823.91,-1261.07
rsi50,MARUTI,2025-09-30,LONG,2025-09-30T14:10:00,16013.00,15985.91,16053.63,18,27.09,2025-09-30T14:20:00,15985.91,STOP,-487.60,-919.59
rsi50,MARUTI,2025-10-01,SHORT,2025-10-01T10:10:00,15952.00,15993.65,15889.52,18,41.65,2025-10-01T10:30:00,15889.52,TARGET,1124.65,694.79
rsi50,MARUTI,2025-10-06,LONG,2025-10-06T10:10:00,15900.00,15855.45,15966.83,18,44.55,2025-10-06T10:30:00,15966.83,TARGET,1202.91,772.71
rsi50,MARUTI,2025-10-08,SHORT,2025-10-08T14:00:00,16122.00,16146.34,16085.49,18,24.34,2025-10-08T14:10:00,16085.49,TARGET,657.23,222.43
rsi50,MARUTI,2025-10-13,SHORT,2025-10-13T13:40:00,16286.00,16321.42,16232.86,18,35.42,2025-10-13T14:10:00,16304.00,REVERSE,-324.00,-763.96
rsi50,MARUTI,2025-10-15,SHORT,2025-10-15T14:00:00,16270.00,16299.23,16226.15,18,29.23,2025-10-15T14:50:00,16226.15,TARGET,789.22,350.52
rsi50,MARUTI,2025-10-16,LONG,2025-10-16T10:20:00,16298.00,16263.79,16349.31,18,34.21,2025-10-16T11:00:00,16263.79,STOP,-615.76,-1055.34
rsi50,MARUTI,2025-10-17,SHORT,2025-10-17T14:00:00,16363.00,16395.47,16314.29,18,32.47,2025-10-17T14:40:00,16395.47,STOP,-584.53,-1026.77
rsi50,MARUTI,2025-10-21,LONG,2025-10-21T14:00:00,16442.00,16407.80,16493.30,18,34.20,2025-10-21T14:00:00,16407.80,STOP,-615.64,-1059.11
rsi50,MARUTI,2025-10-23,SHORT,2025-10-23T11:00:00,16388.00,16433.83,16319.26,18,45.83,2025-10-23T12:50:00,16390.00,TIME_STOP,-36.00,-478.50
rsi50,MARUTI,2025-10-29,SHORT,2025-10-29T13:20:00,16325.00,16355.30,16279.55,18,30.30,2025-10-29T14:00:00,16279.55,TARGET,818.06,377.90
rsi50,MARUTI,2025-10-30,LONG,2025-10-30T13:10:00,16244.00,16201.60,16307.60,18,42.40,2025-10-30T13:30:00,16201.60,STOP,-763.17,-1201.18
rsi50,MARUTI,2025-11-06,LONG,2025-11-06T13:50:00,15459.00,15423.27,15512.60,19,35.73,2025-11-06T15:20:00,15433.00,EOD,-494.00,-934.21
rsi50,MARUTI,2025-11-07,LONG,2025-11-07T12:40:00,15425.00,15387.21,15481.69,19,37.79,2025-11-07T13:30:00,15481.69,TARGET,1077.10,636.68
rsi50,MARUTI,2025-11-11,SHORT,2025-11-11T10:40:00,15529.00,15562.24,15479.14,19,33.24,2025-11-11T11:40:00,15562.24,STOP,-631.60,-1074.65
rsi50,MARUTI,2025-11-12,SHORT,2025-11-12T10:20:00,15579.00,15608.69,15534.47,19,29.69,2025-11-12T11:00:00,15608.69,STOP,-564.03,-1008.45
rsi50,MARUTI,2025-11-14,SHORT,2025-11-14T10:20:00,15613.00,15655.60,15549.09,19,42.60,2025-11-14T12:10:00,15618.00,TIME_STOP,-95.00,-540.04
rsi50,MARUTI,2025-11-19,SHORT,2025-11-19T10:00:00,15880.00,15911.02,15833.48,18,31.02,2025-11-19T10:50:00,15833.48,TARGET,837.43,409.29
rsi50,MARUTI,2025-11-20,LONG,2025-11-20T14:10:00,15764.00,15736.97,15804.55,19,27.03,2025-11-20T14:50:00,15804.55,TARGET,770.44,320.59
rsi50,MARUTI,2025-11-25,SHORT,2025-11-25T12:50:00,15970.00,15997.47,15928.80,18,27.47,2025-11-25T13:10:00,15997.47,STOP,-494.40,-925.96
rsi50,MARUTI,2025-11-26,LONG,2025-11-26T10:10:00,16024.00,15983.86,16084.21,18,40.14,2025-11-26T12:00:00,16084.21,TARGET,1083.79,650.33
rsi50,MARUTI,2025-11-27,SHORT,2025-11-27T10:30:00,16085.00,16119.73,16032.90,18,34.73,2025-11-27T10:40:00,16119.73,STOP,-625.20,-1059.96
rsi50,MARUTI,2025-11-28,LONG,2025-11-28T11:20:00,16010.00,15973.19,16065.21,18,36.81,2025-11-28T11:40:00,15973.19,STOP,-662.56,-1094.33
rsi50,MARUTI,2025-12-01,LONG,2025-12-01T10:00:00,16011.00,15975.69,16063.96,18,35.31,2025-12-01T10:00:00,16063.96,TARGET,953.37,520.36
rsi50,MARUTI,2025-12-03,SHORT,2025-12-03T10:00:00,16080.00,16117.54,16023.69,18,37.54,2025-12-03T10:00:00,16117.54,STOP,-675.71,-1110.38
rsi50,MARUTI,2025-12-04,SHORT,2025-12-04T10:20:00,15986.00,16019.08,15936.38,18,33.08,2025-12-04T10:40:00,16019.08,STOP,-595.48,-1027.55
rsi50,MARUTI,2025-12-08,SHORT,2025-12-08T11:20:00,16168.00,16201.20,16118.21,18,33.20,2025-12-08T13:10:00,16167.00,TIME_STOP,18.00,-418.52
rsi50,MARUTI,2025-12-09,LONG,2025-12-09T12:30:00,16208.00,16171.87,16262.19,18,36.13,2025-12-09T13:10:00,16171.87,STOP,-650.25,-1087.38
rsi50,MARUTI,2025-12-10,LONG,2025-12-10T13:00:00,16080.00,16044.96,16132.55,18,35.04,2025-12-10T13:40:00,16044.96,STOP,-630.66,-1064.35
rsi50,MARUTI,2025-12-17,SHORT,2025-12-17T12:50:00,16399.00,16424.63,16360.55,18,25.63,2025-12-17T14:20:00,16424.63,STOP,-461.38,-904.50
rsi50,MARUTI,2025-12-18,LONG,2025-12-18T13:10:00,16383.00,16355.91,16423.63,18,27.09,2025-12-18T14:10:00,16355.91,STOP,-487.60,-929.58
rsi50,MARUTI,2025-12-26,SHORT,2025-12-26T10:00:00,16632.00,16657.67,16593.50,18,25.67,2025-12-26T11:10:00,16593.50,TARGET,693.07,244.53
rsi50,MARUTI,2025-12-29,SHORT,2025-12-29T10:30:00,16572.00,16602.01,16526.99,18,30.01,2025-12-29T11:10:00,16526.99,TARGET,810.24,363.40
rsi50,MARUTI,2025-12-30,LONG,2025-12-30T10:10:00,16605.00,16568.28,16660.08,18,36.72,2025-12-30T10:20:00,16660.08,TARGET,991.47,542.39
rsi50,MARUTI,2026-01-01,SHORT,2026-01-01T13:10:00,16668.00,16715.28,16597.08,17,47.28,2026-01-01T13:50:00,16715.28,STOP,-803.72,-1229.36
rsi50,MARUTI,2026-01-06,SHORT,2026-01-06T11:20:00,17165.00,17204.29,17106.07,17,39.29,2026-01-06T11:40:00,17204.29,STOP,-667.91,-1106.12
rsi50,MARUTI,2026-01-12,LONG,2026-01-12T13:20:00,16538.00,16489.68,16610.48,18,48.32,2026-01-12T15:00:00,16610.48,TARGET,1304.70,857.20
rsi50,MARUTI,2026-01-13,SHORT,2026-01-13T11:30:00,16435.00,16490.25,16352.13,18,55.25,2026-01-13T11:30:00,16490.25,STOP,-994.44,-1438.94
rsi50,MARUTI,2026-01-19,LONG,2026-01-19T13:20:00,16190.00,16143.87,16259.19,18,46.13,2026-01-19T15:10:00,16180.00,TIME_STOP,-180.00,-617.00
rsi50,MARUTI,2026-01-22,SHORT,2026-01-22T11:30:00,15761.00,15810.96,15686.07,19,49.96,2026-01-22T12:20:00,15810.96,STOP,-949.15,-1399.05
rsi50,MARUTI,2026-01-23,SHORT,2026-01-23T10:00:00,15758.00,15805.32,15687.02,19,47.32,2026-01-23T10:50:00,15687.02,TARGET,1348.66,900.57
rsi50,MARUTI,2026-01-30,LONG,2026-01-30T13:40:00,14504.00,14450.98,14583.53,20,53.02,2026-01-30T14:00:00,14583.53,TARGET,1590.63,1154.31
rsi50,MARUTI,2026-02-05,LONG,2026-02-05T12:30:00,15023.00,14985.49,15079.27,19,37.51,2026-02-05T13:10:00,15079.27,TARGET,1069.07,640.11
rsi50,MARUTI,2026-02-06,LONG,2026-02-06T11:40:00,15083.00,15034.76,15155.35,19,48.24,2026-02-06T12:10:00,15034.76,STOP,-916.48,-1345.66
rsi50,MARUTI,2026-02-12,SHORT,2026-02-12T13:30:00,15365.00,15395.25,15319.63,19,30.25,2026-02-12T14:50:00,15319.63,TARGET,862.02,424.77
rsi50,MARUTI,2026-02-13,LONG,2026-02-13T12:00:00,15401.00,15366.86,15452.21,19,34.14,2026-02-13T12:30:00,15366.86,STOP,-648.72,-1087.16
rsi50,MARUTI,2026-02-19,SHORT,2026-02-19T12:10:00,15126.00,15157.14,15079.29,19,31.14,2026-02-19T12:40:00,15079.29,TARGET,887.53,457.11
rsi50,MARUTI,2026-02-20,LONG,2026-02-20T13:00:00,15038.00,14994.55,15103.18,19,43.45,2026-02-20T13:10:00,14994.55,STOP,-825.63,-1253.60
rsi50,MARUTI,2026-02-23,SHORT,2026-02-23T13:20:00,15020.00,15051.08,14973.39,19,31.08,2026-02-23T13:30:00,15051.08,STOP,-590.45,-1018.96
rsi50,MARUTI,2026-03-10,LONG,2026-03-10T10:20:00,13590.00,13532.36,13676.46,22,57.64,2026-03-10T10:50:00,13676.46,TARGET,1902.03,1452.14
rsi50,MARUTI,2026-03-11,SHORT,2026-03-11T11:20:00,13702.00,13766.03,13605.96,21,64.03,2026-03-11T12:00:00,13605.96,TARGET,2016.84,1586.74
rsi50,HEROMOTOCO,2024-03-18,SHORT,2024-03-18T13:00:00,4435.90,4453.90,4408.90,67,18.00,2024-03-18T14:00:00,4453.90,STOP,-1205.85,-1652.56
rsi50,HEROMOTOCO,2024-03-19,SHORT,2024-03-19T10:30:00,4424.65,4442.99,4397.15,67,18.34,2024-03-19T11:20:00,4442.99,STOP,-1228.54,-1674.14
rsi50,HEROMOTOCO,2024-03-20,SHORT,2024-03-20T10:00:00,4408.00,4426.83,4379.75,68,18.83,2024-03-20T10:10:00,4426.83,STOP,-1280.44,-1731.02
rsi50,HEROMOTOCO,2024-03-26,SHORT,2024-03-26T12:10:00,4537.15,4555.15,4510.15,66,18.00,2024-03-26T13:50:00,4549.65,REVERSE,-825.00,-1274.80
rsi50,HEROMOTOCO,2024-03-27,SHORT,2024-03-27T10:10:00,4539.85,4554.83,4517.38,66,14.98,2024-03-27T11:00:00,4517.38,TARGET,1483.00,1034.67
rsi50,HEROMOTOCO,2024-03-28,LONG,2024-03-28T10:20:00,4539.45,4523.67,4563.12,66,15.78,2024-03-28T10:40:00,4523.67,STOP,-1041.47,-1490.09
rsi50,HEROMOTOCO,2024-04-01,SHORT,2024-04-01T11:00:00,4556.95,4576.11,4528.21,65,19.16,2024-04-01T11:20:00,4576.11,STOP,-1245.39,-1690.63
rsi50,HEROMOTOCO,2024-04-03,LONG,2024-04-03T10:10:00,4472.75,4458.41,4494.25,67,14.34,2024-04-03T10:50:00,4458.41,STOP,-960.51,-1409.30
rsi50,HEROMOTOCO,2024-04-09,SHORT,2024-04-09T11:50:00,4442.80,4462.57,4413.15,67,19.77,2024-04-09T13:40:00,4423.10,TIME_STOP,1319.90,874.39
rsi50,HEROMOTOCO,2024-04-12,LONG,2024-04-12T11:20:00,4392.75,4381.86,4409.08,68,10.89,2024-04-12T11:30:00,4409.08,TARGET,1110.44,661.55
rsi50,HEROMOTOCO,2024-04-22,LONG,2024-04-22T10:10:00,4121.70,4104.80,4147.05,72,16.90,2024-04-22T12:00:00,4128.35,TIME_STOP,478.80,33.30
rsi50,HEROMOTOCO,2024-05-03,LONG,2024-05-03T10:10:00,4451.30,4434.48,4476.53,67,16.82,2024-05-03T11:20:00,4434.48,STOP,-1126.80,-1573.31
rsi50,HEROMOTOCO,2024-05-07,SHORT,2024-05-07T11:00:00,4370.75,4388.35,4344.34,68,17.60,2024-05-07T11:20:00,4344.34,TARGET,1795.64,1351.17
rsi50,HEROMOTOCO,2024-05-08,LONG,2024-05-08T12:00:00,4388.05,4367.45,4418.96,68,20.60,2024-05-08T12:20:00,4418.96,TARGET,2101.68,1652.52
rsi50,HEROMOTOCO,2024-05-13,SHORT,2024-05-13T10:40:00,4624.40,4657.39,4574.91,64,32.99,2024-05-13T11:30:00,4657.39,STOP,-2111.51,-2557.04
rsi50,HEROMOTOCO,2024-05-16,SHORT,2024-05-16T13:40:00,4942.10,4960.40,4914.64,60,18.30,2024-05-16T14:20:00,4960.40,STOP,-1098.20,-1543.81
rsi50,HEROMOTOCO,2024-05-23,SHORT,2024-05-23T10:10:00,4862.10,4878.89,4836.92,61,16.79,2024-05-23T10:20:00,4878.89,STOP,-1023.93,-1469.58
rsi50,HEROMOTOCO,2024-05-28,LONG,2024-05-28T11:00:00,5011.25,4992.44,5039.46,59,18.81,2024-05-28T11:00:00,5039.46,TARGET,1664.60,1219.86
rsi50,HEROMOTOCO,2024-05-29,SHORT,2024-05-29T10:30:00,5019.05,5039.69,4988.09,59,20.64,2024-05-29T10:40:00,5039.69,STOP,-1217.72,-1662.82
rsi50,HEROMOTOCO,2024-05-30,LONG,2024-05-30T10:00:00,5049.60,5028.48,5081.27,59,21.12,2024-05-30T10:10:00,5028.48,STOP,-1245.83,-1691.78
rsi50,HEROMOTOCO,2024-05-31,SHORT,2024-05-31T10:40:00,4984.85,5010.38,4946.55,60,25.53,2024-05-31T11:20:00,4946.55,TARGET,2298.10,1851.19
rsi50,HEROMOTOCO,2024-06-04,SHORT,2024-06-04T12:30:00,4815.90,4874.61,4727.83,42,58.71,2024-06-04T12:30:00,4874.61,STOP,-2465.99,-2771.24
rsi50,HEROMOTOCO,2024-06-06,LONG,2024-06-06T13:50:00,5435.65,5407.44,5477.97,55,28.21,2024-06-06T13:50:00,5407.44,STOP,-1551.56,-1998.83
rsi50,HEROMOTOCO,2024-06-13,SHORT,2024-06-13T10:50:00,5638.75,5657.12,5611.19,53,18.37,2024-06-13T11:10:00,5611.19,TARGET,1460.46,1013.27
rsi50,HEROMOTOCO,2024-06-14,LONG,2024-06-14T11:00:00,5678.15,5659.93,5705.48,52,18.22,2024-06-14T11:30:00,5705.48,TARGET,1421.19,977.23
rsi50,HEROMOTOCO,2024-06-18,SHORT,2024-06-18T12:00:00,5651.95,5671.83,5622.14,53,19.88,2024-06-18T12:50:00,5671.83,STOP,-1053.46,-1503.58
rsi50,HEROMOTOCO,2024-06-21,LONG,2024-06-21T10:50:00,5447.25,5423.36,5483.08,55,23.89,2024-06-21T11:50:00,5423.36,STOP,-1313.86,-1762.27
rsi50,HEROMOTOCO,2024-06-24,LONG,2024-06-24T13:50:00,5368.10,5350.77,5394.10,55,17.33,2024-06-24T14:20:00,5394.10,TARGET,1429.83,985.89
rsi50,HEROMOTOCO,2024-06-25,SHORT,2024-06-25T14:10:00,5395.95,5409.83,5375.13,55,13.88,2024-06-25T14:40:00,5375.13,TARGET,1145.29,700.99
rsi50,HEROMOTOCO,2024-07-01,SHORT,2024-07-01T13:30:00,5461.00,5480.85,5431.22,54,19.85,2024-07-01T13:40:00,5480.85,STOP,-1072.05,-1515.20
rsi50,HEROMOTOCO,2024-07-02,LONG,2024-07-02T10:20:00,5513.20,5490.42,5547.38,54,22.78,2024-07-02T10:30:00,5490.42,STOP,-1230.34,-1675.98
rsi50,HEROMOTOCO,2024-07-03,LONG,2024-07-03T10:40:00,5451.15,5431.77,5480.22,55,19.38,2024-07-03T10:50:00,5431.77,STOP,-1065.90,-1514.82
rsi50,HEROMOTOCO,2024-07-04,LONG,2024-07-04T12:40:00,5435.95,5422.93,5455.47,55,13.02,2024-07-04T14:30:00,5429.75,TIME_STOP,-341.00,-789.21
rsi50,HEROMOTOCO,2024-07-08,SHORT,2024-07-08T11:50:00,5408.00,5427.18,5379.23,55,19.18,2024-07-08T13:40:00,5402.95,TIME_STOP,277.75,-168.20
rsi50,HEROMOTOCO,2024-07-09,LONG,2024-07-09T10:40:00,5443.00,5423.01,5472.99,55,19.99,2024-07-09T10:50:00,5423.01,STOP,-1099.70,-1547.93
rsi50,HEROMOTOCO,2024-07-10,SHORT,2024-07-10T10:30:00,5394.15,5417.11,5359.72,55,22.96,2024-07-10T10:40:00,5359.72,TARGET,1893.88,1450.28
rsi50,HEROMOTOCO,2024-07-11,LONG,2024-07-11T10:10:00,5407.60,5387.81,5437.29,55,19.79,2024-07-11T10:10:00,5387.81,STOP,-1088.67,-1533.98
rsi50,HEROMOTOCO,2024-07-12,SHORT,2024-07-12T12:30:00,5389.10,5405.12,5365.07,55,16.02,2024-07-12T13:30:00,5405.12,STOP,-881.25,-1326.51
rsi50,HEROMOTOCO,2024-07-16,LONG,2024-07-16T11:10:00,5475.45,5461.55,5496.30,54,13.90,2024-07-16T11:30:00,5461.55,STOP,-750.44,-1193.39
rsi50,HEROMOTOCO,2024-07-23,SHORT,2024-07-23T10:30:00,5309.10,5326.40,5283.14,56,17.30,2024-07-23T11:00:00,5326.40,STOP,-969.06,-1415.75
rsi50,HEROMOTOCO,2024-07-30,LONG,2024-07-30T11:50:00,5407.30,5387.39,5437.17,55,19.91,2024-07-30T12:00:00,5387.39,STOP,-1095.18,-1540.46
rsi50,HEROMOTOCO,2024-07-31,LONG,2024-07-31T13:20:00,5365.35,5344.72,5396.29,55,20.63,2024-07-31T13:40:00,5396.29,TARGET,1701.77,1257.85
rsi50,HEROMOTOCO,2024-08-09,LONG,2024-08-09T10:30:00,5078.55,5059.85,5106.60,59,18.70,2024-08-09T12:20:00,5079.55,TIME_STOP,59.00,-390.50
rsi50,HEROMOTOCO,2024-08-12,SHORT,2024-08-12T10:40:00,5075.15,5091.22,5051.04,59,16.07,2024-08-12T11:20:00,5091.22,STOP,-948.21,-1398.07
rsi50,HEROMOTOCO,2024-08-13,SHORT,2024-08-13T12:40:00,5176.05,5202.08,5137.01,57,26.03,2024-08-13T12:40:00,5137.01,TARGET,2225.21,1784.33
rsi50,HEROMOTOCO,2024-08-20,SHORT,2024-08-20T14:10:00,5108.80,5127.50,5080.75,58,18.70,2024-08-20T15:10:00,5127.50,STOP,-1084.62,-1529.89
rsi50,HEROMOTOCO,2024-08-21,LONG,2024-08-21T10:20:00,5136.50,5117.84,5164.48,58,18.66,2024-08-21T12:10:00,5135.35,TIME_STOP,-66.70,-513.53
rsi50,HEROMOTOCO,2024-08-26,LONG,2024-08-26T10:50:00,5271.95,5253.18,5300.11,56,18.77,2024-08-26T11:10:00,5253.18,STOP,-1051.19,-1493.24
rsi50,HEROMOTOCO,2024-08-27,LONG,2024-08-27T10:50:00,5250.35,5235.46,5272.68,57,14.89,2024-08-27T11:40:00,5235.46,STOP,-848.60,-1296.87
rsi50,HEROMOTOCO,2024-09-04,SHORT,2024-09-04T11:10:00,5484.40,5504.51,5454.24,54,20.11,2024-09-04T12:30:00,5504.51,STOP,-1085.69,-1530.75
rsi50,HEROMOTOCO,2024-09-06,SHORT,2024-09-06T10:20:00,5566.20,5587.37,5534.44,53,21.17,2024-09-06T10:30:00,5534.44,TARGET,1683.36,1242.10
rsi50,HEROMOTOCO,2024-09-09,LONG,2024-09-09T10:10:00,5612.20,5591.28,5643.58,53,20.92,2024-09-09T12:00:00,5591.28,STOP,-1108.94,-1554.27
rsi50,HEROMOTOCO,2024-09-10,SHORT,2024-09-10T10:40:00,5565.05,5589.68,5528.11,53,24.63,2024-09-10T12:30:00,5528.11,TARGET,1957.90,1516.94
rsi50,HEROMOTOCO,2024-09-11,LONG,2024-09-11T12:50:00,5551.80,5534.68,5577.48,54,17.12,2024-09-11T13:10:00,5534.68,STOP,-924.35,-1373.35
rsi50,HEROMOTOCO,2024-09-16,LONG,2024-09-16T10:50:00,5679.50,5661.43,5706.60,52,18.07,2024-09-16T10:50:00,5661.43,STOP,-939.57,-1381.86
rsi50,HEROMOTOCO,2024-09-17,LONG,2024-09-17T10:00:00,5654.85,5640.73,5676.03,53,14.12,2024-09-17T10:00:00,5676.03,TARGET,1122.43,672.03
rsi50,HEROMOTOCO,2024-09-18,SHORT,2024-09-18T13:30:00,5846.05,5871.75,5807.51,51,25.70,2024-09-18T14:30:00,5807.51,TARGET,1965.72,1519.97
rsi50,HEROMOTOCO,2024-09-19,LONG,2024-09-19T10:00:00,5886.75,5858.79,5928.69,50,27.96,2024-09-19T10:10:00,5858.79,STOP,-1398.08,-1838.54
rsi50,HEROMOTOCO,2024-09-20,LONG,2024-09-20T10:10:00,5893.90,5874.89,5922.41,50,19.01,2024-09-20T10:30:00,5922.41,TARGET,1425.43,982.31
rsi50,HEROMOTOCO,2024-09-25,SHORT,2024-09-25T10:20:00,5952.40,5970.75,5924.87,50,18.35,2024-09-25T10:40:00,5924.87,TARGET,1376.53,931.13
rsi50,HEROMOTOCO,2024-09-26,LONG,2024-09-26T13:20:00,5877.55,5857.07,5908.27,51,20.48,2024-09-26T13:30:00,5908.27,TARGET,1566.88,1116.07
rsi50,HEROMOTOCO,2024-09-27,SHORT,2024-09-27T11:20:00,5840.45,5865.83,5802.38,51,25.38,2024-09-27T13:10:00,5816.05,TIME_STOP,1244.40,798.54
rsi50,HEROMOTOCO,2024-10-08,LONG,2024-10-08T11:40:00,5370.25,5346.57,5405.77,55,23.68,2024-10-08T12:00:00,5346.57,STOP,-1302.27,-1744.34
rsi50,HEROMOTOCO,2024-10-10,SHORT,2024-10-10T12:20:00,5374.05,5390.12,5349.94,55,16.07,2024-10-10T12:50:00,5349.94,TARGET,1325.81,883.45
rsi50,HEROMOTOCO,2024-10-11,LONG,2024-10-11T13:00:00,5347.80,5335.68,5365.97,56,12.12,2024-10-11T13:00:00,5335.68,STOP,-678.53,-1127.23
rsi50,HEROMOTOCO,2024-10-15,SHORT,2024-10-15T10:30:00,5382.10,5398.18,5357.98,55,16.08,2024-10-15T10:50:00,5398.18,STOP,-884.43,-1329.12
rsi50,HEROMOTOCO,2024-10-22,SHORT,2024-10-22T10:40:00,5043.45,5067.72,5007.04,59,24.27,2024-10-22T10:50:00,5067.72,STOP,-1432.19,-1879.61
rsi50,HEROMOTOCO,2024-10-23,LONG,2024-10-23T10:00:00,5109.15,5082.29,5149.44,58,26.86,2024-10-23T10:10:00,5082.29,STOP,-1558.07,-2001.39
rsi50,HEROMOTOCO,2024-10-30,LONG,2024-10-30T10:40:00,4700.70,4676.54,4736.93,63,24.16,2024-10-30T11:10:00,4736.93,TARGET,2282.76,1836.83
rsi50,HEROMOTOCO,2024-11-05,SHORT,2024-11-05T11:40:00,4667.85,4688.00,4637.63,64,20.15,2024-11-05T13:20:00,4688.00,STOP,-1289.42,-1738.50
rsi50,HEROMOTOCO,2024-11-12,SHORT,2024-11-12T12:40:00,4632.50,4645.76,4612.61,64,13.26,2024-11-12T13:20:00,4612.61,TARGET,1273.16,829.39
rsi50,HEROMOTOCO,2024-11-14,LONG,2024-11-14T11:10:00,4472.95,4448.12,4510.19,67,24.83,2024-11-14T12:00:00,4510.19,TARGET,2495.34,2043.94
rsi50,HEROMOTOCO,2024-11-21,LONG,2024-11-21T11:00:00,4694.50,4672.57,4727.39,63,21.93,2024-11-21T11:30:00,4672.57,STOP,-1381.47,-1824.07
rsi50,HEROMOTOCO,2024-11-22,LONG,2024-11-22T12:40:00,4660.35,4646.93,4680.47,64,13.42,2024-11-22T13:20:00,4680.47,TARGET,1287.91,839.55
rsi50,HEROMOTOCO,2024-11-27,LONG,2024-11-27T11:40:00,4751.70,4735.79,4775.56,63,15.91,2024-11-27T11:50:00,4735.79,STOP,-1002.05,-1450.34
rsi50,HEROMOTOCO,2024-11-28,SHORT,2024-11-28T11:20:00,4721.85,4736.15,4700.40,63,14.30,2024-11-28T11:40:00,4700.40,TARGET,1351.51,906.31
rsi50,HEROMOTOCO,2024-12-03,SHORT,2024-12-03T11:50:00,4617.20,4627.99,4601.02,64,10.79,2024-12-03T13:00:00,4601.02,TARGET,1035.81,593.34
rsi50,HEROMOTOCO,2024-12-06,SHORT,2024-12-06T11:30:00,4520.55,4539.24,4492.52,66,18.69,2024-12-06T13:20:00,4513.75,TIME_STOP,448.80,1.60
rsi50,HEROMOTOCO,2024-12-09,LONG,2024-12-09T13:50:00,4507.25,4498.15,4520.91,66,9.10,2024-12-09T14:00:00,4498.15,STOP,-600.87,-1046.64
rsi50,HEROMOTOCO,2024-12-17,SHORT,2024-12-17T10:10:00,4405.25,4417.20,4387.33,68,11.95,2024-12-17T10:20:00,4387.33,TARGET,1218.87,770.45
rsi50,HEROMOTOCO,2024-12-19,LONG,2024-12-19T11:20:00,4317.65,4299.88,4344.30,69,17.77,2024-12-19T11:50:00,4344.30,TARGET,1839.13,1390.88
rsi50,HEROMOTOCO,2024-12-26,LONG,2024-12-26T11:10:00,4186.45,4173.51,4205.86,71,12.94,2024-12-26T13:00:00,4185.45,TIME_STOP,-71.00,-516.80
rsi50,HEROMOTOCO,2024-12-27,SHORT,2024-12-27T11:40:00,4166.10,4181.13,4143.56,72,15.03,2024-12-27T12:10:00,4143.56,TARGET,1622.96,1174.24
rsi50,HEROMOTOCO,2025-01-01,LONG,2025-01-01T14:00:00,4064.70,4055.57,4078.39,73,9.13,2025-01-01T14:10:00,4078.39,TARGET,999.56,553.73
rsi50,HEROMOTOCO,2025-01-03,SHORT,2025-01-03T10:00:00,4113.25,4134.22,4081.80,72,20.97,2025-01-03T10:00:00,4134.22,STOP,-1509.65,-1955.02
rsi50,HEROMOTOCO,2025-01-06,SHORT,2025-01-06T11:30:00,4124.50,4140.01,4101.23,72,15.51,2025-01-06T11:40:00,4140.01,STOP,-1116.87,-1563.16
rsi50,HEROMOTOCO,2025-01-09,LONG,2025-01-09T12:10:00,4034.75,4023.37,4051.82,74,11.38,2025-01-09T12:30:00,4051.82,TARGET,1263.41,814.60
rsi50,HEROMOTOCO,2025-01-10,LONG,2025-01-10T12:30:00,4040.60,4026.41,4061.88,74,14.19,2025-01-10T13:00:00,4061.88,TARGET,1574.86,1125.18
rsi50,HEROMOTOCO,2025-01-15,SHORT,2025-01-15T12:30:00,4002.80,4015.50,3983.75,74,12.70,2025-01-15T12:30:00,4015.50,STOP,-939.82,-1384.83
rsi50,HEROMOTOCO,2025-01-16,SHORT,2025-01-16T10:40:00,3995.55,4010.04,3973.81,75,14.49,2025-01-16T11:10:00,3973.81,TARGET,1630.33,1182.06
rsi50,HEROMOTOCO,2025-01-17,LONG,2025-01-17T10:20:00,3983.05,3970.80,4001.42,75,12.25,2025-01-17T10:30:00,4001.42,TARGET,1377.81,928.68
rsi50,HEROMOTOCO,2025-01-20,LONG,2025-01-20T12:00:00,3997.70,3987.58,4012.87,75,10.12,2025-01-20T13:50:00,3987.58,STOP,-758.67,-1207.84
rsi50,HEROMOTOCO,2025-01-23,LONG,2025-01-23T10:10:00,3979.30,3967.49,3997.02,75,11.81,2025-01-23T10:30:00,3997.02,TARGET,1329.01,880.34
rsi50,HEROMOTOCO,2025-01-24,SHORT,2025-01-24T10:00:00,3975.35,3986.43,3958.73,75,11.08,2025-01-24T10:00:00,3958.73,TARGET,1246.47,800.18
rsi50,HEROMOTOCO,2025-01-28,LONG,2025-01-28T11:30:00,3931.40,3915.94,3954.59,76,15.46,2025-01-28T12:30:00,3915.94,STOP,-1174.77,-1622.07
rsi50,HEROMOTOCO,2025-02-01,LONG,2025-02-01T11:50:00,4216.55,4199.13,4242.68,71,17.42,2025-02-01T11:50:00,4199.13,STOP,-1236.93,-1685.07
rsi50,HEROMOTOCO,2025-02-03,SHORT,2025-02-03T10:30:00,4235.55,4268.34,4186.37,70,32.79,2025-02-03T11:10:00,4186.37,TARGET,3442.44,3000.29
rsi50,HEROMOTOCO,2025-02-04,SHORT,2025-02-04T10:40:00,4160.60,4181.80,4128.80,72,21.20,2025-02-04T10:50:00,4128.80,TARGET,2289.93,1842.30
rsi50,HEROMOTOCO,2025-02-05,LONG,2025-02-05T11:30:00,4160.60,4148.12,4179.33,72,12.48,2025-02-05T11:30:00,4179.33,TARGET,1348.23,897.87
rsi50,HEROMOTOCO,2025-02-07,SHORT,2025-02-07T10:10:00,4124.90,4145.35,4094.22,72,20.45,2025-02-07T10:10:00,4145.35,STOP,-1472.76,-1919.35
rsi50,HEROMOTOCO,2025-02-10,SHORT,2025-02-10T11:50:00,4159.10,4175.01,4135.23,72,15.91,2025-02-10T12:10:00,4135.23,TARGET,1718.50,1270.61
rsi50,HEROMOTOCO,2025-02-12,LONG,2025-02-12T11:50:00,4015.00,3996.24,4043.15,74,18.76,2025-02-12T12:20:00,4043.15,TARGET,2082.79,1635.56
rsi50,HEROMOTOCO,2025-02-24,LONG,2025-02-24T11:50:00,3866.00,3852.87,3885.70,77,13.13,2025-02-24T12:10:00,3852.87,STOP,-1011.20,-1456.97
rsi50,HEROMOTOCO,2025-02-25,SHORT,2025-02-25T10:10:00,3852.60,3864.45,3834.82,77,11.85,2025-02-25T11:40:00,3864.45,STOP,-912.54,-1358.20
rsi50,HEROMOTOCO,2025-03-05,LONG,2025-03-05T10:10:00,3552.35,3538.15,3573.65,84,14.20,2025-03-05T10:40:00,3573.65,TARGET,1789.55,1340.61
rsi50,HEROMOTOCO,2025-03-07,SHORT,2025-03-07T12:50:00,3662.35,3675.67,3642.37,81,13.32,2025-03-07T14:30:00,3675.67,STOP,-1078.92,-1524.70
rsi50,HEROMOTOCO,2025-03-12,SHORT,2025-03-12T12:00:00,3612.45,3625.46,3592.94,83,13.01,2025-03-12T13:50:00,3598.85,TIME_STOP,1128.80,679.90
rsi50,HEROMOTOCO,2025-03-21,SHORT,2025-03-21T14:00:00,3622.60,3635.25,3603.63,82,12.65,2025-03-21T14:00:00,3635.25,STOP,-1037.04,-1483.39
rsi50,HEROMOTOCO,2025-03-24,LONG,2025-03-24T13:20:00,3635.00,3622.65,3653.52,82,12.35,2025-03-24T13:50:00,3622.65,STOP,-1012.67,-1459.02
rsi50,HEROMOTOCO,2025-03-25,SHORT,2025-03-25T12:30:00,3628.85,3642.74,3608.01,82,13.89,2025-03-25T12:50:00,3642.74,STOP,-1139.09,-1586.29
rsi50,HEROMOTOCO,2025-03-28,SHORT,2025-03-28T13:00:00,3745.00,3760.19,3722.22,80,15.19,2025-03-28T13:50:00,3722.22,TARGET,1822.35,1374.32
rsi50,HEROMOTOCO,2025-04-01,SHORT,2025-04-01T11:50:00,3744.30,3762.81,3716.53,80,18.51,2025-04-01T12:20:00,3762.81,STOP,-1480.92,-1931.35
rsi50,HEROMOTOCO,2025-04-02,LONG,2025-04-02T10:10:00,3764.65,3749.44,3787.47,79,15.21,2025-04-02T10:20:00,3749.44,STOP,-1201.76,-1646.97
rsi50,HEROMOTOCO,2025-04-08,SHORT,2025-04-08T11:50:00,3516.05,3534.03,3489.08,85,17.98,2025-04-08T11:50:00,3529.90,REVERSE,-1177.25,-1626.43
rsi50,HEROMOTOCO,2025-04-16,SHORT,2025-04-16T13:20:00,3752.00,3762.69,3735.97,79,10.69,2025-04-16T13:50:00,3762.69,STOP,-844.29,-1289.54
rsi50,HEROMOTOCO,2025-04-17,LONG,2025-04-17T13:10:00,3737.50,3725.23,3755.90,80,12.27,2025-04-17T13:40:00,3755.90,TARGET,1472.03,1022.43
rsi50,HEROMOTOCO,2025-04-22,SHORT,2025-04-22T10:30:00,3838.00,3857.00,3809.50,78,19.00,2025-04-22T12:20:00,3827.60,TIME_STOP,811.20,362.76
rsi50,HEROMOTOCO,2025-04-25,SHORT,2025-04-25T10:10:00,3881.60,3900.44,3853.35,77,18.84,2025-04-25T10:10:00,3900.44,STOP,-1450.39,-1899.81
rsi50,HEROMOTOCO,2025-04-28,LONG,2025-04-28T12:20:00,3895.90,3882.79,3915.57,77,13.11,2025-04-28T13:10:00,3915.57,TARGET,1514.49,1063.38
rsi50,HEROMOTOCO,2025-04-29,SHORT,2025-04-29T11:00:00,3895.10,3911.44,3870.59,77,16.34,2025-04-29T11:50:00,3870.59,TARGET,1887.24,1438.77
rsi50,HEROMOTOCO,2025-05-02,SHORT,2025-05-02T12:10:00,3825.10,3844.34,3796.25,78,19.24,2025-05-02T12:30:00,3796.25,TARGET,2250.62,1804.77
rsi50,HEROMOTOCO,2025-05-09,LONG,2025-05-09T10:30:00,3852.00,3831.79,3882.31,77,20.21,2025-05-09T10:50:00,3831.79,STOP,-1556.00,-1999.74
rsi50,HEROMOTOCO,2025-05-22,LONG,2025-05-22T13:40:00,4273.00,4259.18,4293.72,70,13.82,2025-05-22T13:40:00,4259.18,STOP,-967.06,-1415.00
rsi50,HEROMOTOCO,2025-05-28,LONG,2025-05-28T13:00:00,4341.00,4330.35,4356.97,69,10.65,2025-05-28T13:30:00,4356.97,TARGET,1102.03,651.91
rsi50,HEROMOTOCO,2025-05-30,SHORT,2025-05-30T12:40:00,4341.50,4353.59,4323.36,69,12.09,2025-05-30T13:30:00,4353.59,STOP,-834.35,-1284.32
rsi50,HEROMOTOCO,2025-06-03,LONG,2025-06-03T10:20:00,4245.00,4231.38,4265.44,70,13.62,2025-06-03T11:10:00,4231.38,STOP,-953.65,-1398.66
rsi50,HEROMOTOCO,2025-06-04,LONG,2025-06-04T14:10:00,4229.40,4221.37,4241.45,70,8.03,2025-06-04T14:30:00,4221.37,STOP,-562.41,-1006.07
rsi50,HEROMOTOCO,2025-06-17,LONG,2025-06-17T10:40:00,4378.20,4365.87,4396.69,68,12.33,2025-06-17T10:50:00,4365.87,STOP,-838.16,-1284.11
rsi50,HEROMOTOCO,2025-06-18,SHORT,2025-06-18T12:30:00,4380.20,4392.34,4361.99,68,12.14,2025-06-18T13:10:00,4392.34,STOP,-825.65,-1273.05
rsi50,HEROMOTOCO,2025-06-19,LONG,2025-06-19T10:10:00,4394.40,4381.40,4413.90,68,13.00,2025-06-19T10:30:00,4381.40,STOP,-883.91,-1331.47
rsi50,HEROMOTOCO,2025-06-24,LONG,2025-06-24T10:10:00,4289.40,4275.18,4310.73,69,14.22,2025-06-24T11:00:00,4310.73,TARGET,1471.59,1026.53
rsi50,HEROMOTOCO,2025-06-25,SHORT,2025-06-25T11:50:00,4305.40,4318.11,4286.34,69,12.71,2025-06-25T13:40:00,4310.90,TIME_STOP,-379.50,-825.39
rsi50,HEROMOTOCO,2025-07-07,SHORT,2025-07-07T10:30:00,4327.40,4341.10,4306.85,69,13.70,2025-07-07T12:20:00,4322.70,TIME_STOP,324.30,-123.34
rsi50,HEROMOTOCO,2025-07-09,LONG,2025-07-09T11:20:00,4321.00,4309.89,4337.67,69,11.11,2025-07-09T12:20:00,4337.67,TARGET,1150.20,702.12
rsi50,HEROMOTOCO,2025-07-10,SHORT,2025-07-10T11:40:00,4320.50,4329.93,4306.35,69,9.43,2025-07-10T12:30:00,4329.93,STOP,-650.92,-1098.58
rsi50,HEROMOTOCO,2025-07-11,LONG,2025-07-11T10:00:00,4334.40,4323.49,4350.76,69,10.91,2025-07-11T10:10:00,4323.49,STOP,-752.53,-1200.58
rsi50,HEROMOTOCO,2025-07-14,LONG,2025-07-14T13:30:00,4237.50,4226.89,4253.42,70,10.61,2025-07-14T14:00:00,4226.89,STOP,-742.75,-1187.13
rsi50,HEROMOTOCO,2025-07-18,SHORT,2025-07-18T10:20:00,4424.20,4436.86,4405.21,67,12.66,2025-07-18T10:30:00,4405.21,TARGET,1272.08,828.40
rsi50,HEROMOTOCO,2025-07-21,LONG,2025-07-21T11:50:00,4411.60,4397.86,4432.21,68,13.74,2025-07-21T13:40:00,4405.80,TIME_STOP,-394.40,-844.09
rsi50,HEROMOTOCO,2025-07-22,SHORT,2025-07-22T11:10:00,4390.90,4403.39,4372.16,68,12.49,2025-07-22T11:10:00,4372.16,TARGET,1274.48,827.56
rsi50,HEROMOTOCO,2025-07-23,LONG,2025-07-23T10:20:00,4374.20,4360.81,4394.29,68,13.39,2025-07-23T10:50:00,4360.81,STOP,-910.60,-1356.09
rsi50,HEROMOTOCO,2025-07-30,SHORT,2025-07-30T10:00:00,4311.60,4324.78,4291.83,69,13.18,2025-07-30T10:20:00,4324.78,STOP,-909.63,-1356.57
rsi50,HEROMOTOCO,2025-07-31,LONG,2025-07-31T11:40:00,4262.40,4247.30,4285.05,70,15.10,2025-07-31T12:50:00,4285.05,TARGET,1585.19,1136.45
rsi50,HEROMOTOCO,2025-08-14,SHORT,2025-08-14T10:30:00,4751.80,4765.25,4731.63,63,13.45,2025-08-14T10:30:00,4756.20,REVERSE,-277.20,-726.45
rsi50,HEROMOTOCO,2025-08-21,LONG,2025-08-21T10:50:00,5143.30,5129.03,5164.70,58,14.27,2025-08-21T11:30:00,5129.03,STOP,-827.42,-1274.27
rsi50,HEROMOTOCO,2025-08-28,SHORT,2025-08-28T14:10:00,5121.10,5135.31,5099.79,58,14.21,2025-08-28T15:00:00,5099.79,TARGET,1236.24,791.63
rsi50,HEROMOTOCO,2025-09-05,SHORT,2025-09-05T11:40:00,5358.00,5373.98,5334.02,55,15.98,2025-09-05T13:30:00,5363.50,TIME_STOP,-302.50,-744.76
rsi50,HEROMOTOCO,2025-09-12,SHORT,2025-09-12T12:20:00,5315.00,5328.72,5294.42,56,13.72,2025-09-12T13:40:00,5294.42,TARGET,1152.22,706.62
rsi50,HEROMOTOCO,2025-09-15,SHORT,2025-09-15T11:10:00,5312.00,5324.27,5293.60,56,12.27,2025-09-15T11:40:00,5293.60,TARGET,1030.30,584.86
rsi50,HEROMOTOCO,2025-09-25,LONG,2025-09-25T11:40:00,5327.00,5306.58,5357.63,56,20.42,2025-09-25T11:50:00,5306.58,STOP,-1143.47,-1590.08
rsi50,HEROMOTOCO,2025-09-29,SHORT,2025-09-29T11:40:00,5295.50,5316.69,5263.72,56,21.19,2025-09-29T13:10:00,5316.69,STOP,-1186.40,-1632.11
rsi50,HEROMOTOCO,2025-10-01,SHORT,2025-10-01T12:50:00,5426.50,5442.70,5402.20,55,16.20,2025-10-01T13:40:00,5442.70,STOP,-890.95,-1339.30
rsi50,HEROMOTOCO,2025-10-03,LONG,2025-10-03T11:20:00,5527.00,5500.78,5566.33,54,26.22,2025-10-03T12:20:00,5566.33,TARGET,2123.70,1674.42
rsi50,HEROMOTOCO,2025-10-08,SHORT,2025-10-08T10:20:00,5590.00,5606.64,5565.03,53,16.64,2025-10-08T10:20:00,5565.03,TARGET,1323.16,879.74
rsi50,HEROMOTOCO,2025-10-10,SHORT,2025-10-10T10:40:00,5486.50,5503.01,5461.73,54,16.51,2025-10-10T10:50:00,5503.01,STOP,-891.81,-1336.88
rsi50,HEROMOTOCO,2025-10-14,SHORT,2025-10-14T12:00:00,5555.00,5570.21,5532.19,54,15.21,2025-10-14T12:30:00,5569.00,REVERSE,-756.00,-1206.52
rsi50,HEROMOTOCO,2025-10-15,SHORT,2025-10-15T13:40:00,5562.50,5575.00,5543.75,53,12.50,2025-10-15T13:40:00,5543.75,TARGET,993.89,552.42
rsi50,HEROMOTOCO,2025-10-16,LONG,2025-10-16T10:00:00,5604.50,5584.12,5635.07,53,20.38,2025-10-16T10:00:00,5584.12,STOP,-1080.05,-1524.79
rsi50,HEROMOTOCO,2025-10-17,LONG,2025-10-17T10:50:00,5590.00,5576.15,5610.78,53,13.85,2025-10-17T11:00:00,5610.78,TARGET,1101.17,655.94
rsi50,HEROMOTOCO,2025-10-21,LONG,2025-10-21T14:00:00,5650.50,5632.64,5677.30,53,17.86,2025-10-21T14:40:00,5632.64,STOP,-946.80,-1395.31
rsi50,HEROMOTOCO,2025-11-06,SHORT,2025-11-06T10:50:00,5327.50,5348.46,5296.06,56,20.96,2025-11-06T12:40:00,5348.46,STOP,-1173.93,-1622.32
rsi50,HEROMOTOCO,2025-11-07,LONG,2025-11-07T14:00:00,5306.50,5290.93,5329.85,56,15.57,2025-11-07T14:00:00,5290.93,STOP,-871.69,-1316.79
rsi50,HEROMOTOCO,2025-11-11,LONG,2025-11-11T12:10:00,5400.50,5385.18,5423.48,55,15.32,2025-11-11T12:30:00,5423.48,TARGET,1263.88,817.39
rsi50,HEROMOTOCO,2025-11-19,SHORT,2025-11-19T13:50:00,5844.50,5854.89,5828.92,51,10.39,2025-11-19T14:50:00,5854.89,STOP,-529.88,-977.38
rsi50,HEROMOTOCO,2025-11-24,SHORT,2025-11-24T14:00:00,5999.50,6009.92,5983.86,50,10.42,2025-11-24T15:00:00,5983.86,TARGET,781.80,332.42
rsi50,HEROMOTOCO,2025-11-25,LONG,2025-11-25T10:00:00,6025.00,6009.11,6048.83,49,15.89,2025-11-25T10:40:00,6048.83,TARGET,1167.56,723.85
rsi50,HEROMOTOCO,2025-11-27,SHORT,2025-11-27T12:20:00,6120.00,6132.54,6101.19,49,12.54,2025-11-27T12:20:00,6101.19,TARGET,921.81,472.68
rsi50,HEROMOTOCO,2025-12-02,SHORT,2025-12-02T10:50:00,6264.50,6280.23,6240.91,47,15.73,2025-12-02T12:40:00,6262.50,TIME_STOP,94.00,-347.58
rsi50,HEROMOTOCO,2025-12-03,SHORT,2025-12-03T10:10:00,6245.00,6259.49,6223.27,48,14.49,2025-12-03T10:30:00,6223.27,TARGET,1043.12,594.26
rsi50,HEROMOTOCO,2025-12-05,SHORT,2025-12-05T13:40:00,6340.00,6353.13,6320.31,47,13.13,2025-12-05T15:20:00,6351.00,REVERSE,-517.00,-964.36
rsi50,HEROMOTOCO,2025-12-11,LONG,2025-12-11T10:00:00,5997.50,5974.49,6032.01,50,23.01,2025-12-11T10:50:00,5974.49,STOP,-1150.39,-1599.34
rsi50,HEROMOTOCO,2025-12-12,SHORT,2025-12-12T12:10:00,5978.00,5991.92,5957.12,50,13.92,2025-12-12T13:50:00,5957.12,TARGET,1043.95,596.38
rsi50,HEROMOTOCO,2025-12-22,SHORT,2025-12-22T10:20:00,5754.00,5772.81,5725.78,52,18.81,2025-12-22T11:10:00,5725.78,TARGET,1467.36,1019.65
rsi50,HEROMOTOCO,2025-12-24,LONG,2025-12-24T10:30:00,5729.00,5713.72,5751.92,52,15.28,2025-12-24T11:40:00,5713.72,STOP,-794.56,-1240.83
rsi50,HEROMOTOCO,2026-01-06,SHORT,2026-01-06T11:10:00,5983.50,5998.40,5961.15,50,14.90,2026-01-06T11:40:00,5998.40,STOP,-744.88,-1194.20
rsi50,HEROMOTOCO,2026-01-07,LONG,2026-01-07T12:00:00,5994.00,5983.26,6010.11,50,10.74,2026-01-07T12:00:00,5983.26,STOP,-537.13,-986.28
rsi50,HEROMOTOCO,2026-01-12,LONG,2026-01-12T13:50:00,5736.00,5714.78,5767.83,52,21.22,2026-01-12T14:40:00,5714.78,STOP,-1103.51,-1550.09
rsi50,HEROMOTOCO,2026-01-14,SHORT,2026-01-14T10:20:00,5683.50,5704.70,5651.70,52,21.20,2026-01-14T10:30:00,5704.70,STOP,-1102.56,-1546.70
rsi50,HEROMOTOCO,2026-01-20,SHORT,2026-01-20T10:50:00,5716.50,5740.94,5679.84,52,24.44,2026-01-20T11:20:00,5740.94,STOP,-1270.93,-1717.77
rsi50,HEROMOTOCO,2026-01-22,SHORT,2026-01-22T12:40:00,5576.50,5597.04,5545.69,53,20.54,2026-01-22T13:00:00,5545.69,TARGET,1632.76,1190.65
rsi50,HEROMOTOCO,2026-01-28,SHORT,2026-01-28T12:00:00,5343.00,5361.69,5314.96,56,18.69,2026-01-28T13:10:00,5361.69,STOP,-1046.69,-1496.29
rsi50,HEROMOTOCO,2026-01-30,SHORT,2026-01-30T11:50:00,5538.00,5557.36,5508.96,54,19.36,2026-01-30T12:40:00,5508.96,TARGET,1568.32,1120.92
rsi50,HEROMOTOCO,2026-02-02,LONG,2026-02-02T13:10:00,5538.00,5513.42,5574.87,54,24.58,2026-02-02T13:50:00,5574.87,TARGET,1990.85,1540.77
rsi50,HEROMOTOCO,2026-02-05,SHORT,2026-02-05T10:00:00,5789.50,5811.87,5755.94,51,22.37,2026-02-05T10:20:00,5811.87,STOP,-1141.01,-1584.76
rsi50,HEROMOTOCO,2026-02-06,LONG,2026-02-06T10:30:00,5823.00,5794.60,5865.60,51,28.40,2026-02-06T10:30:00,5794.60,STOP,-1448.54,-1892.91
rsi50,HEROMOTOCO,2026-02-10,LONG,2026-02-10T10:10:00,5795.00,5770.14,5832.29,51,24.86,2026-02-10T10:50:00,5770.14,STOP,-1267.73,-1710.10
rsi50,HEROMOTOCO,2026-02-12,SHORT,2026-02-12T12:20:00,5711.00,5729.23,5683.66,52,18.23,2026-02-12T13:00:00,5729.23,STOP,-947.72,-1393.89
rsi50,HEROMOTOCO,2026-02-19,SHORT,2026-02-19T10:40:00,5544.50,5562.47,5517.54,54,17.97,2026-02-19T11:20:00,5517.54,TARGET,1455.95,1007.94
rsi50,HEROMOTOCO,2026-02-20,LONG,2026-02-20T14:10:00,5441.00,5425.25,5464.62,55,15.75,2026-02-20T14:30:00,5425.25,STOP,-866.08,-1314.32
rsi50,HEROMOTOCO,2026-02-23,SHORT,2026-02-23T12:40:00,5454.00,5469.98,5430.04,55,15.98,2026-02-23T14:30:00,5456.50,TIME_STOP,-137.50,-587.56
rsi50,HEROMOTOCO,2026-02-24,SHORT,2026-02-24T13:50:00,5478.00,5492.93,5455.60,54,14.93,2026-02-24T14:00:00,5492.93,STOP,-806.34,-1250.66
rsi50,HEROMOTOCO,2026-02-27,SHORT,2026-02-27T12:20:00,5729.00,5748.57,5699.65,52,19.57,2026-02-27T13:40:00,5699.65,TARGET,1526.41,1080.69
rsi50,HEROMOTOCO,2026-03-11,SHORT,2026-03-11T11:20:00,5615.00,5645.05,5569.92,53,30.05,2026-03-11T13:10:00,5569.92,TARGET,2389.16,1944.56
rsi50,EICHERMOT,2024-03-19,LONG,2024-03-19T11:30:00,3704.15,3692.73,3721.28,80,11.42,2024-03-19T13:20:00,3697.40,TIME_STOP,-540.00,-984.09
rsi50,EICHERMOT,2024-03-22,LONG,2024-03-22T11:40:00,3951.25,3932.06,3980.04,75,19.19,2024-03-22T12:10:00,3980.04,TARGET,2158.93,1712.79
rsi50,EICHERMOT,2024-03-26,SHORT,2024-03-26T10:40:00,3935.90,3957.06,3904.16,76,21.16,2024-03-26T12:30:00,3921.95,TIME_STOP,1060.20,612.30
rsi50,EICHERMOT,2024-03-27,LONG,2024-03-27T10:00:00,3954.20,3943.14,3970.78,75,11.06,2024-03-27T10:00:00,3970.78,TARGET,1243.81,798.03
rsi50,EICHERMOT,2024-03-28,LONG,2024-03-28T10:40:00,3981.05,3962.87,4008.32,75,18.18,2024-03-28T11:50:00,4008.32,TARGET,2045.02,1595.62
rsi50,EICHERMOT,2024-04-01,SHORT,2024-04-01T11:10:00,3968.75,3988.40,3939.28,75,19.65,2024-04-01T11:30:00,3988.40,STOP,-1473.46,-1921.05
rsi50,EICHERMOT,2024-04-03,LONG,2024-04-03T12:30:00,3932.55,3922.64,3947.41,76,9.91,2024-04-03T12:30:00,3922.64,STOP,-753.03,-1200.78
rsi50,EICHERMOT,2024-04-04,SHORT,2024-04-04T10:00:00,3894.95,3909.87,3872.57,77,14.92,2024-04-04T10:00:00,3909.87,STOP,-1148.97,-1599.70
rsi50,EICHERMOT,2024-04-19,LONG,2024-04-19T13:00:00,4340.00,4318.42,4372.36,69,21.58,2024-04-19T14:50:00,4340.10,TIME_STOP,6.90,-442.30
rsi50,EICHERMOT,2024-04-25,SHORT,2024-04-25T11:50:00,4503.70,4520.49,4478.52,66,16.79,2024-04-25T12:20:00,4520.49,STOP,-1107.84,-1554.54
rsi50,EICHERMOT,2024-05-03,LONG,2024-05-03T10:00:00,4649.00,4632.07,4674.39,64,16.93,2024-05-03T10:20:00,4632.07,STOP,-1083.38,-1528.87
rsi50,EICHERMOT,2024-05-06,SHORT,2024-05-06T13:00:00,4608.00,4623.26,4585.11,65,15.26,2024-05-06T14:20:00,4585.11,TARGET,1487.95,1039.79
rsi50,EICHERMOT,2024-05-07,SHORT,2024-05-07T11:20:00,4590.00,4607.00,4564.51,65,17.00,2024-05-07T13:10:00,4591.30,TIME_STOP,-84.50,-532.09
rsi50,EICHERMOT,2024-05-08,SHORT,2024-05-08T10:30:00,4595.00,4617.14,4561.79,65,22.14,2024-05-08T12:20:00,4597.95,TIME_STOP,-191.75,-639.91
rsi50,EICHERMOT,2024-05-09,SHORT,2024-05-09T12:20:00,4600.00,4623.15,4565.28,65,23.15,2024-05-09T14:10:00,4599.95,TIME_STOP,3.25,-445.25
rsi50,EICHERMOT,2024-05-15,SHORT,2024-05-15T10:10:00,4671.00,4686.76,4647.37,64,15.76,2024-05-15T10:50:00,4647.37,TARGET,1512.56,1065.27
rsi50,EICHERMOT,2024-05-16,SHORT,2024-05-16T10:00:00,4627.55,4645.83,4600.13,64,18.28,2024-05-16T10:30:00,4600.13,TARGET,1754.64,1311.71
rsi50,EICHERMOT,2024-05-21,SHORT,2024-05-21T14:00:00,4669.10,4681.24,4650.90,64,12.14,2024-05-21T14:50:00,4681.24,STOP,-776.71,-1225.52
rsi50,EICHERMOT,2024-05-22,LONG,2024-05-22T10:00:00,4690.40,4674.72,4713.92,63,15.68,2024-05-22T10:20:00,4674.72,STOP,-987.78,-1430.29
rsi50,EICHERMOT,2024-05-28,LONG,2024-05-28T11:30:00,4813.85,4795.58,4841.25,62,18.27,2024-05-28T12:00:00,4795.58,STOP,-1132.69,-1579.53
rsi50,EICHERMOT,2024-05-29,LONG,2024-05-29T10:50:00,4805.80,4788.65,4831.53,62,17.15,2024-05-29T10:50:00,4788.65,STOP,-1063.52,-1509.66
rsi50,EICHERMOT,2024-05-30,LONG,2024-05-30T13:20:00,4756.65,4740.92,4780.24,63,15.73,2024-05-30T13:30:00,4740.92,STOP,-990.68,-1439.44
rsi50,EICHERMOT,2024-06-05,LONG,2024-06-05T10:20:00,4599.65,4545.47,4680.92,46,54.18,2024-06-05T12:10:00,4626.00,TIME_STOP,1212.10,893.82
rsi50,EICHERMOT,2024-06-06,LONG,2024-06-06T10:30:00,4595.95,4565.65,4641.40,65,30.30,2024-06-06T11:00:00,4641.40,TARGET,2954.51,2504.19
rsi50,EICHERMOT,2024-06-12,LONG,2024-06-12T11:20:00,4791.90,4777.92,4812.87,62,13.98,2024-06-12T11:40:00,4812.87,TARGET,1299.90,853.28
rsi50,EICHERMOT,2024-06-13,SHORT,2024-06-13T10:10:00,4805.30,4822.86,4778.97,62,17.56,2024-06-13T12:00:00,4794.80,TIME_STOP,651.00,204.60
rsi50,EICHERMOT,2024-06-24,LONG,2024-06-24T12:30:00,4867.65,4850.82,4892.89,61,16.83,2024-06-24T14:20:00,4869.45,TIME_STOP,109.80,-335.67
rsi50,EICHERMOT,2024-06-25,SHORT,2024-06-25T10:10:00,4859.20,4874.37,4836.44,61,15.17,2024-06-25T11:00:00,4836.44,TARGET,1388.46,944.88
rsi50,EICHERMOT,2024-07-04,SHORT,2024-07-04T10:20:00,4667.25,4679.07,4649.52,64,11.82,2024-07-04T10:30:00,4679.07,STOP,-756.64,-1205.27
rsi50,EICHERMOT,2024-07-08,SHORT,2024-07-08T14:00:00,4721.15,4731.57,4705.52,63,10.42,2024-07-08T14:00:00,4731.57,STOP,-656.54,-1103.18
rsi50,EICHERMOT,2024-07-10,SHORT,2024-07-10T11:40:00,4824.60,4850.74,4785.39,62,26.14,2024-07-10T11:50:00,4850.74,STOP,-1620.57,-2070.47
rsi50,EICHERMOT,2024-07-11,LONG,2024-07-11T10:00:00,4861.85,4840.17,4894.37,61,21.68,2024-07-11T11:10:00,4840.17,STOP,-1322.57,-1766.44
rsi50,EICHERMOT,2024-07-12,SHORT,2024-07-12T11:00:00,4823.70,4837.59,4802.86,62,13.89,2024-07-12T11:10:00,4837.59,STOP,-861.39,-1310.64
rsi50,EICHERMOT,2024-07-18,LONG,2024-07-18T14:00:00,4896.45,4880.32,4920.65,61,16.13,2024-07-18T14:30:00,4920.65,TARGET,1476.30,1027.17
rsi50,EICHERMOT,2024-07-19,SHORT,2024-07-19T10:00:00,4860.70,4880.55,4830.92,61,19.85,2024-07-19T10:10:00,4830.92,TARGET,1816.39,1373.00
rsi50,EICHERMOT,2024-07-22,LONG,2024-07-22T13:30:00,4842.25,4829.74,4861.02,61,12.51,2024-07-22T14:30:00,4861.02,TARGET,1144.92,701.00
rsi50,EICHERMOT,2024-07-23,SHORT,2024-07-23T12:40:00,4824.00,4853.43,4779.86,62,29.43,2024-07-23T12:40:00,4853.43,STOP,-1824.36,-2274.36
rsi50,EICHERMOT,2024-07-25,SHORT,2024-07-25T10:00:00,4894.25,4908.05,4873.56,61,13.80,2024-07-25T10:00:00,4908.05,STOP,-841.54,-1289.99
rsi50,EICHERMOT,2024-08-01,LONG,2024-08-01T13:20:00,4955.95,4941.48,4977.66,60,14.47,2024-08-01T13:40:00,4941.48,STOP,-868.43,-1313.81
rsi50,EICHERMOT,2024-08-07,SHORT,2024-08-07T10:20:00,4619.20,4640.18,4587.73,64,20.98,2024-08-07T10:30:00,4640.18,STOP,-1342.84,-1787.29
rsi50,EICHERMOT,2024-08-08,LONG,2024-08-08T12:40:00,4640.00,4619.93,4670.10,64,20.07,2024-08-08T12:50:00,4619.93,STOP,-1284.25,-1728.73
rsi50,EICHERMOT,2024-08-13,LONG,2024-08-13T11:30:00,4825.60,4812.93,4844.61,62,12.67,2024-08-13T11:50:00,4812.93,STOP,-785.62,-1233.81
rsi50,EICHERMOT,2024-08-16,LONG,2024-08-16T13:20:00,4794.75,4782.44,4813.21,62,12.31,2024-08-16T14:20:00,4813.21,TARGET,1144.52,697.75
rsi50,EICHERMOT,2024-08-19,SHORT,2024-08-19T10:40:00,4782.25,4796.81,4760.41,62,14.56,2024-08-19T10:50:00,4796.81,STOP,-902.76,-1348.19
rsi50,EICHERMOT,2024-08-23,SHORT,2024-08-23T13:40:00,4908.05,4920.43,4889.48,61,12.38,2024-08-23T15:20:00,4889.48,TARGET,1133.05,684.81
rsi50,EICHERMOT,2024-08-29,SHORT,2024-08-29T11:20:00,4928.00,4944.48,4903.27,60,16.48,2024-08-29T11:40:00,4903.27,TARGET,1483.59,1041.18
rsi50,EICHERMOT,2024-09-02,SHORT,2024-09-02T11:50:00,4918.15,4935.13,4892.69,60,16.98,2024-09-02T12:00:00,4892.69,TARGET,1527.87,1086.38
rsi50,EICHERMOT,2024-09-03,LONG,2024-09-03T10:40:00,4938.65,4925.13,4958.93,60,13.52,2024-09-03T10:40:00,4925.13,STOP,-811.03,-1254.90
rsi50,EICHERMOT,2024-09-10,SHORT,2024-09-10T10:10:00,4734.95,4747.20,4716.57,63,12.25,2024-09-10T10:20:00,4716.57,TARGET,1157.74,711.15
rsi50,EICHERMOT,2024-09-11,LONG,2024-09-11T11:00:00,4746.00,4730.38,4769.44,63,15.62,2024-09-11T11:10:00,4769.44,TARGET,1476.54,1026.94
rsi50,EICHERMOT,2024-09-12,LONG,2024-09-12T12:20:00,4746.60,4730.59,4770.61,63,16.01,2024-09-12T14:00:00,4770.61,TARGET,1512.73,1063.04
rsi50,EICHERMOT,2024-09-18,LONG,2024-09-18T10:00:00,4865.90,4854.24,4883.39,61,11.66,2024-09-18T10:10:00,4854.24,STOP,-711.21,-1155.90
rsi50,EICHERMOT,2024-09-19,SHORT,2024-09-19T13:40:00,4865.75,4880.51,4843.61,61,14.76,2024-09-19T15:20:00,4871.50,EOD,-350.75,-796.23
rsi50,EICHERMOT,2024-09-25,SHORT,2024-09-25T10:20:00,4867.45,4883.67,4843.12,61,16.22,2024-09-25T11:00:00,4883.67,STOP,-989.28,-1435.40
rsi50,EICHERMOT,2024-09-30,SHORT,2024-09-30T11:00:00,5004.05,5025.93,4971.23,59,21.88,2024-09-30T12:00:00,5025.93,STOP,-1291.10,-1734.92
rsi50,EICHERMOT,2024-10-08,LONG,2024-10-08T13:10:00,4678.00,4658.98,4706.53,64,19.02,2024-10-08T13:30:00,4706.53,TARGET,1825.72,1375.26
rsi50,EICHERMOT,2024-10-11,LONG,2024-10-11T10:10:00,4751.75,4732.58,4780.51,63,19.17,2024-10-11T10:10:00,4780.51,TARGET,1811.97,1361.57
rsi50,EICHERMOT,2024-10-22,SHORT,2024-10-22T10:00:00,4796.65,4814.74,4769.51,62,18.09,2024-10-22T10:10:00,4769.51,TARGET,1682.43,1237.61
rsi50,EICHERMOT,2024-10-28,LONG,2024-10-28T12:20:00,4682.50,4660.32,4715.78,64,22.18,2024-10-28T12:30:00,4715.78,TARGET,2129.72,1678.60
rsi50,EICHERMOT,2024-10-31,LONG,2024-10-31T11:20:00,4894.85,4874.62,4925.19,61,20.23,2024-10-31T11:20:00,4874.62,STOP,-1233.73,-1680.69
rsi50,EICHERMOT,2024-11-04,SHORT,2024-11-04T10:30:00,4861.85,4888.24,4822.26,61,26.39,2024-11-04T10:40:00,4822.26,TARGET,2415.07,1972.02
rsi50,EICHERMOT,2024-11-07,LONG,2024-11-07T13:50:00,4879.20,4863.93,4902.11,61,15.27,2024-11-07T15:20:00,4876.75,EOD,-149.45,-595.78
rsi50,EICHERMOT,2024-11-11,LONG,2024-11-11T11:30:00,4810.00,4794.45,4833.33,62,15.55,2024-11-11T13:20:00,4812.90,TIME_STOP,179.80,-267.66
rsi50,EICHERMOT,2024-11-22,LONG,2024-11-22T10:20:00,4921.00,4902.24,4949.14,60,18.76,2024-11-22T10:30:00,4902.24,STOP,-1125.80,-1567.84
rsi50,EICHERMOT,2024-11-29,LONG,2024-11-29T10:10:00,4848.25,4829.14,4876.91,61,19.11,2024-11-29T10:10:00,4831.40,REVERSE,-1027.85,-1470.69
rsi50,EICHERMOT,2024-12-05,LONG,2024-12-05T13:40:00,4806.75,4792.15,4828.66,62,14.60,2024-12-05T14:00:00,4828.66,TARGET,1358.13,910.08
rsi50,EICHERMOT,2024-12-10,SHORT,2024-12-10T10:50:00,4830.00,4840.55,4814.17,62,10.55,2024-12-10T11:20:00,4840.55,STOP,-654.30,-1103.98
rsi50,EICHERMOT,2024-12-11,LONG,2024-12-11T11:50:00,4824.10,4814.56,4838.41,62,9.54,2024-12-11T12:00:00,4816.20,REVERSE,-489.80,-938.07
rsi50,EICHERMOT,2024-12-13,LONG,2024-12-13T13:00:00,4806.15,4792.45,4826.69,62,13.70,2024-12-13T13:40:00,4826.69,TARGET,1273.75,825.82
rsi50,EICHERMOT,2024-12-16,SHORT,2024-12-16T11:10:00,4805.85,4818.88,4786.31,62,13.03,2024-12-16T11:40:00,4818.88,STOP,-807.73,-1255.28
rsi50,EICHERMOT,2024-12-17,SHORT,2024-12-17T10:30:00,4798.40,4813.96,4775.06,62,15.56,2024-12-17T11:00:00,4813.96,STOP,-964.81,-1411.78
rsi50,EICHERMOT,2024-12-18,LONG,2024-12-18T10:50:00,4794.40,4778.89,4817.67,62,15.51,2024-12-18T11:00:00,4778.89,STOP,-961.70,-1406.85
rsi50,EICHERMOT,2024-12-19,LONG,2024-12-19T12:30:00,4749.30,4733.10,4773.60,63,16.20,2024-12-19T13:20:00,4733.10,STOP,-1020.63,-1468.67
rsi50,EICHERMOT,2024-12-23,LONG,2024-12-23T11:20:00,4757.95,4742.65,4780.90,63,15.30,2024-12-23T12:00:00,4742.65,STOP,-963.96,-1412.87
rsi50,EICHERMOT,2024-12-30,LONG,2024-12-30T10:00:00,4882.95,4864.26,4910.98,61,18.69,2024-12-30T10:10:00,4864.26,STOP,-1139.86,-1585.79
rsi50,EICHERMOT,2025-01-01,LONG,2025-01-01T12:40:00,4836.15,4818.69,4862.34,62,17.46,2025-01-01T13:00:00,4818.69,STOP,-1082.37,-1531.32
rsi50,EICHERMOT,2025-01-08,LONG,2025-01-08T13:50:00,5177.90,5161.72,5202.18,57,16.18,2025-01-08T14:10:00,5161.72,STOP,-922.52,-1364.54
rsi50,EICHERMOT,2025-01-14,LONG,2025-01-14T14:10:00,5023.30,5007.54,5046.93,59,15.76,2025-01-14T14:40:00,5007.54,STOP,-929.55,-1373.41
rsi50,EICHERMOT,2025-01-16,SHORT,2025-01-16T12:40:00,5048.95,5065.50,5024.12,59,16.55,2025-01-16T14:00:00,5065.50,STOP,-976.62,-1424.18
rsi50,EICHERMOT,2025-01-20,LONG,2025-01-20T12:20:00,5015.45,4998.36,5041.08,59,17.09,2025-01-20T14:10:00,5019.50,TIME_STOP,238.95,-205.10
rsi50,EICHERMOT,2025-01-27,SHORT,2025-01-27T10:30:00,5156.00,5175.23,5127.15,58,19.23,2025-01-27T10:30:00,5127.15,TARGET,1673.19,1225.87
rsi50,EICHERMOT,2025-01-28,SHORT,2025-01-28T13:20:00,5154.10,5170.30,5129.79,58,16.20,2025-01-28T13:30:00,5170.30,STOP,-939.81,-1388.92
rsi50,EICHERMOT,2025-01-30,SHORT,2025-01-30T14:00:00,5182.35,5200.60,5154.98,57,18.25,2025-01-30T14:00:00,5154.98,TARGET,1560.17,1118.25
rsi50,EICHERMOT,2025-01-31,LONG,2025-01-31T10:40:00,5240.00,5214.20,5278.70,57,25.80,2025-01-31T10:40:00,5214.20,STOP,-1470.45,-1917.36
rsi50,EICHERMOT,2025-02-01,LONG,2025-02-01T11:40:00,5204.95,5185.93,5233.49,57,19.02,2025-02-01T11:50:00,5185.93,STOP,-1084.42,-1528.63
rsi50,EICHERMOT,2025-02-04,SHORT,2025-02-04T11:00:00,5460.55,5486.22,5422.04,54,25.67,2025-02-04T11:20:00,5486.22,STOP,-1386.41,-1829.76
rsi50,EICHERMOT,2025-02-05,LONG,2025-02-05T13:40:00,5431.90,5417.79,5453.07,55,14.11,2025-02-05T14:10:00,5417.79,STOP,-776.05,-1223.60
rsi50,EICHERMOT,2025-02-10,SHORT,2025-02-10T12:50:00,5359.90,5384.37,5323.20,55,24.47,2025-02-10T14:00:00,5323.20,TARGET,2018.75,1578.07
rsi50,EICHERMOT,2025-02-25,SHORT,2025-02-25T12:30:00,5012.05,5026.49,4990.39,59,14.44,2025-02-25T14:10:00,4990.39,TARGET,1277.98,835.37
rsi50,EICHERMOT,2025-03-12,LONG,2025-03-12T11:20:00,4999.75,4981.62,5026.94,60,18.13,2025-03-12T11:40:00,4981.62,STOP,-1087.50,-1536.67
rsi50,EICHERMOT,2025-03-13,LONG,2025-03-13T10:10:00,5029.00,5009.50,5058.25,59,19.50,2025-03-13T11:00:00,5009.50,STOP,-1150.37,-1594.57
rsi50,EICHERMOT,2025-03-28,LONG,2025-03-28T11:10:00,5390.25,5369.95,5420.69,55,20.30,2025-03-28T12:30:00,5369.95,STOP,-1116.29,-1560.15
rsi50,EICHERMOT,2025-04-01,SHORT,2025-04-01T11:20:00,5308.10,5339.94,5260.34,56,31.84,2025-04-01T13:10:00,5289.20,TIME_STOP,1058.40,613.31
rsi50,EICHERMOT,2025-04-02,SHORT,2025-04-02T13:20:00,5327.60,5344.45,5302.32,56,16.85,2025-04-02T14:40:00,5344.45,STOP,-943.64,-1391.87
rsi50,EICHERMOT,2025-04-09,SHORT,2025-04-09T10:40:00,5199.15,5220.78,5166.70,57,21.63,2025-04-09T10:50:00,5220.78,STOP,-1233.07,-1678.52
rsi50,EICHERMOT,2025-04-22,SHORT,2025-04-22T13:00:00,5816.00,5832.76,5790.86,51,16.76,2025-04-22T13:20:00,5832.76,STOP,-854.74,-1300.31
rsi50,EICHERMOT,2025-04-24,SHORT,2025-04-24T11:10:00,5712.00,5733.46,5679.80,52,21.46,2025-04-24T12:30:00,5679.80,TARGET,1674.24,1229.96
rsi50,EICHERMOT,2025-04-29,SHORT,2025-04-29T10:20:00,5587.50,5608.39,5556.16,53,20.89,2025-04-29T10:30:00,5556.16,TARGET,1661.05,1218.09
rsi50,EICHERMOT,2025-04-30,LONG,2025-04-30T10:00:00,5578.50,5554.39,5614.67,53,24.11,2025-04-30T10:00:00,5561.00,REVERSE,-927.50,-1370.30
rsi50,EICHERMOT,2025-05-07,LONG,2025-05-07T10:50:00,5553.00,5527.27,5591.59,54,25.73,2025-05-07T11:20:00,5527.27,STOP,-1389.41,-1838.16
rsi50,EICHERMOT,2025-05-15,LONG,2025-05-15T13:30:00,5457.50,5432.41,5495.13,54,25.09,2025-05-15T13:40:00,5495.13,TARGET,2032.19,1588.61
rsi50,EICHERMOT,2025-05-16,SHORT,2025-05-16T13:10:00,5496.00,5514.51,5468.23,54,18.51,2025-05-16T13:10:00,5514.51,STOP,-999.69,-1445.61
rsi50,EICHERMOT,2025-05-26,SHORT,2025-05-26T14:10:00,5421.50,5434.56,5401.91,55,13.06,2025-05-26T15:20:00,5425.00,EOD,-192.50,-639.92
rsi50,EICHERMOT,2025-05-27,LONG,2025-05-27T11:50:00,5433.50,5419.29,5454.82,55,14.21,2025-05-27T12:30:00,5419.29,STOP,-781.81,-1229.49
rsi50,EICHERMOT,2025-05-30,LONG,2025-05-30T10:00:00,5382.50,5366.84,5405.99,55,15.66,2025-05-30T10:20:00,5366.84,STOP,-861.30,-1304.71
rsi50,EICHERMOT,2025-06-02,SHORT,2025-06-02T13:40:00,5344.00,5355.98,5326.03,56,11.98,2025-06-02T13:40:00,5355.00,REVERSE,-616.00,-1065.36
rsi50,EICHERMOT,2025-06-03,SHORT,2025-06-03T10:10:00,5335.00,5351.35,5310.47,56,16.35,2025-06-03T10:20:00,5351.35,STOP,-915.66,-1364.49
rsi50,EICHERMOT,2025-06-04,SHORT,2025-06-04T11:40:00,5328.50,5341.81,5308.54,56,13.31,2025-06-04T12:00:00,5308.54,TARGET,1117.83,671.08
rsi50,EICHERMOT,2025-06-05,LONG,2025-06-05T13:10:00,5323.50,5311.10,5342.10,56,12.40,2025-06-05T13:30:00,5311.10,STOP,-694.25,-1140.90
rsi50,EICHERMOT,2025-06-10,SHORT,2025-06-10T14:00:00,5396.50,5404.35,5384.73,55,7.85,2025-06-10T14:40:00,5384.73,TARGET,647.34,202.61
rsi50,EICHERMOT,2025-06-11,LONG,2025-06-11T10:10:00,5399.00,5386.32,5418.02,55,12.68,2025-06-11T10:20:00,5386.32,STOP,-697.40,-1142.29
rsi50,EICHERMOT,2025-06-13,LONG,2025-06-13T13:30:00,5294.00,5280.32,5314.51,56,13.68,2025-06-13T13:30:00,5280.32,STOP,-765.83,-1209.95
rsi50,EICHERMOT,2025-06-23,LONG,2025-06-23T11:10:00,5517.00,5503.39,5537.41,54,13.61,2025-06-23T11:10:00,5503.39,STOP,-734.87,-1181.19
rsi50,EICHERMOT,2025-06-25,SHORT,2025-06-25T10:40:00,5596.50,5613.83,5570.51,53,17.33,2025-06-25T12:30:00,5587.50,TIME_STOP,477.00,32.44
rsi50,EICHERMOT,2025-06-26,LONG,2025-06-26T13:50:00,5580.00,5564.20,5603.69,53,15.80,2025-06-26T14:10:00,5603.69,TARGET,1255.80,811.25
rsi50,EICHERMOT,2025-07-03,SHORT,2025-07-03T13:10:00,5727.50,5738.11,5711.58,52,10.61,2025-07-03T13:40:00,5738.11,STOP,-551.97,-999.13
rsi50,EICHERMOT,2025-07-07,LONG,2025-07-07T10:00:00,5681.50,5666.37,5704.20,52,15.13,2025-07-07T11:50:00,5687.50,TIME_STOP,312.00,-131.39
rsi50,EICHERMOT,2025-07-09,SHORT,2025-07-09T13:30:00,5689.50,5699.94,5673.84,52,10.44,2025-07-09T14:50:00,5673.84,TARGET,814.46,371.29
rsi50,EICHERMOT,2025-07-11,LONG,2025-07-11T10:00:00,5677.00,5662.78,5698.34,52,14.22,2025-07-11T10:10:00,5662.78,STOP,-739.64,-1181.89
rsi50,EICHERMOT,2025-07-15,SHORT,2025-07-15T14:10:00,5585.50,5597.50,5567.50,53,12.00,2025-07-15T15:20:00,5593.00,EOD,-397.50,-841.85
rsi50,EICHERMOT,2025-07-18,SHORT,2025-07-18T10:40:00,5631.00,5641.63,5615.05,53,10.63,2025-07-18T10:40:00,5641.63,STOP,-563.50,-1011.58
rsi50,EICHERMOT,2025-07-28,SHORT,2025-07-28T11:00:00,5395.50,5412.03,5370.70,55,16.53,2025-07-28T11:40:00,5412.03,STOP,-909.22,-1355.03
rsi50,EICHERMOT,2025-07-29,LONG,2025-07-29T11:10:00,5397.50,5383.14,5419.05,55,14.36,2025-07-29T11:20:00,5392.50,REVERSE,-275.00,-720.09
rsi50,EICHERMOT,2025-07-31,LONG,2025-07-31T13:40:00,5492.00,5475.01,5517.49,54,16.99,2025-07-31T14:30:00,5475.01,STOP,-917.48,-1361.64
rsi50,EICHERMOT,2025-08-06,SHORT,2025-08-06T14:10:00,5667.50,5677.45,5652.57,52,9.95,2025-08-06T14:40:00,5652.57,TARGET,776.22,334.73
rsi50,EICHERMOT,2025-08-11,SHORT,2025-08-11T11:40:00,5668.00,5679.78,5650.33,52,11.78,2025-08-11T12:20:00,5679.78,STOP,-612.42,-1054.98
rsi50,EICHERMOT,2025-08-12,LONG,2025-08-12T12:40:00,5672.50,5660.15,5691.03,52,12.35,2025-08-12T12:50:00,5691.03,TARGET,963.49,520.31
rsi50,EICHERMOT,2025-08-13,LONG,2025-08-13T10:00:00,5707.50,5693.14,5729.05,52,14.36,2025-08-13T10:00:00,5729.05,TARGET,1120.43,674.41
rsi50,EICHERMOT,2025-08-21,LONG,2025-08-21T14:10:00,5945.50,5934.18,5962.48,50,11.32,2025-08-21T14:10:00,5962.48,TARGET,848.86,402.31
rsi50,EICHERMOT,2025-08-22,SHORT,2025-08-22T13:00:00,5940.00,5950.25,5924.63,50,10.25,2025-08-22T13:10:00,5950.25,STOP,-512.42,-958.31
rsi50,EICHERMOT,2025-08-28,SHORT,2025-08-28T14:10:00,6154.50,6170.73,6130.15,48,16.23,2025-08-28T15:20:00,6130.15,TARGET,1168.80,726.55
rsi50,EICHERMOT,2025-09-15,SHORT,2025-09-15T10:20:00,6848.00,6862.20,6826.71,43,14.20,2025-09-15T11:00:00,6826.71,TARGET,915.65,474.64
rsi50,EICHERMOT,2025-09-17,SHORT,2025-09-17T13:50:00,6895.00,6907.71,6875.94,43,12.71,2025-09-17T15:20:00,6889.00,EOD,258.00,-186.53
rsi50,EICHERMOT,2025-09-22,SHORT,2025-09-22T10:10:00,6951.00,6969.38,6923.43,43,18.38,2025-09-22T10:10:00,6969.38,STOP,-790.29,-1239.22
rsi50,EICHERMOT,2025-09-23,SHORT,2025-09-23T13:40:00,7001.50,7018.68,6975.72,42,17.18,2025-09-23T15:20:00,6987.50,EOD,588.00,147.35
rsi50,EICHERMOT,2025-09-24,LONG,2025-09-24T10:20:00,7044.00,7023.85,7074.23,42,20.15,2025-09-24T10:30:00,7023.85,STOP,-846.47,-1289.60
rsi50,EICHERMOT,2025-09-25,LONG,2025-09-25T11:50:00,7018.00,7001.20,7043.20,42,16.80,2025-09-25T12:50:00,7010.00,REVERSE,-336.00,-777.88
rsi50,EICHERMOT,2025-09-29,LONG,2025-09-29T10:10:00,7019.50,6999.92,7048.87,42,19.58,2025-09-29T11:30:00,6999.92,STOP,-822.25,-1263.87
rsi50,EICHERMOT,2025-09-30,LONG,2025-09-30T12:40:00,7008.50,6992.26,7032.86,42,16.24,2025-09-30T14:30:00,7021.00,TIME_STOP,525.00,83.07
rsi50,EICHERMOT,2025-10-01,SHORT,2025-10-01T10:30:00,7002.00,7020.74,6973.89,42,18.74,2025-10-01T10:30:00,7020.74,STOP,-786.98,-1228.70
rsi50,EICHERMOT,2025-10-03,LONG,2025-10-03T13:10:00,6971.50,6948.36,7006.21,43,23.14,2025-10-03T13:40:00,6948.36,STOP,-995.11,-1444.03
rsi50,EICHERMOT,2025-10-07,LONG,2025-10-07T10:00:00,6924.50,6907.36,6950.22,43,17.14,2025-10-07T10:10:00,6950.22,TARGET,1105.77,658.31
rsi50,EICHERMOT,2025-10-08,SHORT,2025-10-08T14:10:00,6963.50,6976.19,6944.47,43,12.69,2025-10-08T14:20:00,6944.47,TARGET,818.29,369.76
rsi50,EICHERMOT,2025-10-09,LONG,2025-10-09T11:50:00,6923.00,6899.67,6958.00,43,23.33,2025-10-09T13:10:00,6901.00,REVERSE,-946.00,-1391.82
rsi50,EICHERMOT,2025-10-13,SHORT,2025-10-13T11:30:00,6948.00,6965.84,6921.23,43,17.84,2025-10-13T11:30:00,6965.84,STOP,-767.27,-1215.99
rsi50,EICHERMOT,2025-10-15,SHORT,2025-10-15T13:50:00,6886.50,6900.93,6864.85,43,14.43,2025-10-15T14:30:00,6900.93,STOP,-620.67,-1065.32
rsi50,EICHERMOT,2025-10-21,SHORT,2025-10-21T14:00:00,7032.50,7050.15,7006.02,42,17.65,2025-10-21T14:40:00,7006.02,TARGET,1112.24,670.02
rsi50,EICHERMOT,2025-10-27,LONG,2025-10-27T10:00:00,6852.00,6837.06,6874.41,43,14.94,2025-10-27T10:20:00,6874.41,TARGET,963.46,520.78
rsi50,EICHERMOT,2025-11-03,SHORT,2025-11-03T12:00:00,7009.00,7027.47,6981.30,42,18.47,2025-11-03T13:50:00,7008.00,TIME_STOP,42.00,-399.54
rsi50,EICHERMOT,2025-11-07,LONG,2025-11-07T12:50:00,6832.50,6813.55,6860.93,43,18.95,2025-11-07T12:50:00,6813.55,STOP,-815.06,-1255.14
rsi50,EICHERMOT,2025-11-10,SHORT,2025-11-10T14:00:00,6827.50,6841.84,6805.98,43,14.34,2025-11-10T14:10:00,6841.84,STOP,-616.83,-1057.67
rsi50,EICHERMOT,2025-11-11,LONG,2025-11-11T13:10:00,6828.50,6811.54,6853.94,43,16.96,2025-11-11T13:40:00,6853.94,TARGET,1093.75,652.49
rsi50,EICHERMOT,2025-11-17,LONG,2025-11-17T10:20:00,6737.50,6718.17,6766.49,44,19.33,2025-11-17T11:10:00,6766.49,TARGET,1275.77,830.14
rsi50,EICHERMOT,2025-11-18,SHORT,2025-11-18T10:40:00,6761.50,6777.85,6736.97,44,16.35,2025-11-18T11:00:00,6777.85,STOP,-719.57,-1166.36
rsi50,EICHERMOT,2025-11-19,SHORT,2025-11-19T11:50:00,6808.50,6822.93,6786.85,44,14.43,2025-11-19T12:10:00,6822.93,STOP,-635.12,-1084.95
rsi50,EICHERMOT,2025-11-26,LONG,2025-11-26T10:10:00,7251.00,7230.19,7282.22,41,20.81,2025-11-26T10:20:00,7230.19,STOP,-853.36,-1298.66
rsi50,EICHERMOT,2025-11-28,LONG,2025-11-28T11:50:00,7048.50,7028.65,7078.27,42,19.85,2025-11-28T12:30:00,7028.65,STOP,-833.53,-1276.96
rsi50,EICHERMOT,2025-12-02,SHORT,2025-12-02T11:00:00,7123.00,7152.51,7078.74,42,29.51,2025-12-02T11:10:00,7144.50,REVERSE,-903.00,-1352.43
rsi50,EICHERMOT,2025-12-04,SHORT,2025-12-04T12:10:00,7079.00,7096.34,7053.00,42,17.34,2025-12-04T12:30:00,7096.34,STOP,-728.12,-1174.65
rsi50,EICHERMOT,2025-12-08,SHORT,2025-12-08T13:10:00,7152.50,7168.31,7128.78,41,15.81,2025-12-08T13:20:00,7128.78,TARGET,972.49,533.34
rsi50,EICHERMOT,2025-12-09,LONG,2025-12-09T12:00:00,7160.00,7138.27,7192.59,41,21.73,2025-12-09T12:40:00,7192.59,TARGET,1336.12,894.78
rsi50,EICHERMOT,2025-12-11,SHORT,2025-12-11T14:10:00,7249.50,7266.00,7224.75,41,16.50,2025-12-11T14:20:00,7266.00,STOP,-676.52,-1122.87
rsi50,EICHERMOT,2025-12-18,LONG,2025-12-18T13:30:00,7104.00,7089.14,7126.29,42,14.86,2025-12-18T13:50:00,7089.14,STOP,-624.20,-1071.28
rsi50,EICHERMOT,2025-12-26,SHORT,2025-12-26T11:30:00,7295.50,7310.53,7272.95,41,15.03,2025-12-26T11:50:00,7310.53,STOP,-616.40,-1065.54
rsi50,EICHERMOT,2025-12-29,SHORT,2025-12-29T10:30:00,7310.00,7329.69,7280.47,41,19.69,2025-12-29T11:10:00,7280.47,TARGET,1210.83,762.17
rsi50,EICHERMOT,2025-12-30,LONG,2025-12-30T10:50:00,7299.00,7273.73,7336.90,41,25.27,2025-12-30T10:50:00,7273.73,STOP,-1036.02,-1484.13
rsi50,EICHERMOT,2026-01-07,LONG,2026-01-07T10:40:00,7535.00,7516.73,7562.41,39,18.27,2026-01-07T11:00:00,7562.41,TARGET,1069.08,627.48
rsi50,EICHERMOT,2026-01-09,SHORT,2026-01-09T12:40:00,7521.00,7539.34,7493.50,39,18.34,2026-01-09T14:30:00,7509.50,TIME_STOP,448.50,8.86
rsi50,EICHERMOT,2026-01-13,SHORT,2026-01-13T12:50:00,7403.50,7426.25,7369.37,40,22.75,2026-01-13T14:00:00,7369.37,TARGET,1365.22,922.03
rsi50,EICHERMOT,2026-01-19,LONG,2026-01-19T13:00:00,7324.00,7307.42,7348.87,40,16.58,2026-01-19T14:40:00,7348.87,TARGET,994.87,554.68
rsi50,EICHERMOT,2026-01-20,SHORT,2026-01-20T10:10:00,7312.00,7333.35,7279.98,41,21.35,2026-01-20T10:40:00,7333.35,STOP,-875.16,-1325.51
rsi50,EICHERMOT,2026-01-22,SHORT,2026-01-22T11:50:00,7113.00,7144.64,7065.55,42,31.64,2026-01-22T13:40:00,7065.55,TARGET,1993.06,1546.43
rsi50,EICHERMOT,2026-01-27,LONG,2026-01-27T11:30:00,7036.50,7008.33,7078.75,42,28.17,2026-01-27T11:50:00,7078.75,TARGET,1774.49,1329.86
rsi50,EICHERMOT,2026-01-28,SHORT,2026-01-28T10:00:00,6964.50,6997.84,6914.49,43,33.34,2026-01-28T10:10:00,6914.49,TARGET,2150.53,1702.93
rsi50,EICHERMOT,2026-01-29,SHORT,2026-01-29T12:20:00,7019.00,7047.43,6976.35,42,28.43,2026-01-29T12:30:00,7035.50,REVERSE,-693.00,-1135.72
rsi50,EICHERMOT,2026-01-30,SHORT,2026-01-30T10:10:00,7015.00,7040.97,6976.05,42,25.97,2026-01-30T10:30:00,7040.97,STOP,-1090.58,-1533.35
rsi50,EICHERMOT,2026-02-16,SHORT,2026-02-16T11:30:00,8032.50,8053.07,8001.65,37,20.57,2026-02-16T11:30:00,8001.65,TARGET,1141.47,696.53
rsi50,EICHERMOT,2026-02-18,LONG,2026-02-18T14:00:00,7990.00,7977.82,8008.27,37,12.18,2026-02-18T15:00:00,8008.27,TARGET,675.89,231.94
rsi50,EICHERMOT,2026-02-19,SHORT,2026-02-19T11:40:00,7988.00,8014.02,7948.98,37,26.02,2026-02-19T12:40:00,7948.98,TARGET,1443.87,1001.62
rsi50,EICHERMOT,2026-02-20,LONG,2026-02-20T11:40:00,7958.50,7935.84,7992.50,37,22.66,2026-02-20T12:10:00,7935.84,STOP,-838.60,-1279.67
rsi50,EICHERMOT,2026-02-24,SHORT,2026-02-24T10:20:00,7988.50,8014.46,7949.55,37,25.96,2026-02-24T11:20:00,7949.55,TARGET,1441.02,998.74
rsi50,EICHERMOT,2026-02-27,SHORT,2026-02-27T10:40:00,8077.00,8105.21,8034.68,37,28.21,2026-02-27T11:50:00,8105.21,STOP,-1043.86,-1492.91
rsi50,EICHERMOT,2026-03-06,SHORT,2026-03-06T10:10:00,7633.00,7661.75,7589.87,39,28.75,2026-03-06T10:10:00,7647.00,REVERSE,-546.00,-992.94
rsi50,EICHERMOT,2026-03-11,SHORT,2026-03-11T11:10:00,7466.50,7497.99,7419.27,40,31.49,2026-03-11T11:10:00,7419.27,TARGET,1889.17,1442.60
rsi50,TITAN,2024-03-19,LONG,2024-03-19T12:20:00,3584.45,3575.25,3598.25,83,9.20,2024-03-19T12:40:00,3575.25,STOP,-763.67,-1209.37
rsi50,TITAN,2024-03-20,LONG,2024-03-20T13:20:00,3582.60,3573.95,3595.58,83,8.65,2024-03-20T13:40:00,3573.95,STOP,-718.10,-1163.60
rsi50,TITAN,2024-03-26,SHORT,2024-03-26T13:50:00,3693.25,3702.99,3678.64,81,9.74,2024-03-26T14:20:00,3702.99,STOP,-788.81,-1238.13
rsi50,TITAN,2024-04-01,SHORT,2024-04-01T10:50:00,3776.40,3793.60,3750.60,79,17.20,2024-04-01T12:20:00,3750.60,TARGET,2038.41,1592.43
rsi50,TITAN,2024-04-02,LONG,2024-04-02T10:00:00,3769.00,3757.40,3786.39,79,11.60,2024-04-02T10:40:00,3757.40,STOP,-916.02,-1361.96
rsi50,TITAN,2024-04-04,LONG,2024-04-04T12:50:00,3734.75,3719.75,3757.25,80,15.00,2024-04-04T13:20:00,3757.25,TARGET,1799.72,1350.20
rsi50,TITAN,2024-04-05,SHORT,2024-04-05T12:10:00,3751.00,3763.97,3731.54,79,12.97,2024-04-05T12:20:00,3763.97,STOP,-1024.67,-1469.93
rsi50,TITAN,2024-04-10,LONG,2024-04-10T11:50:00,3707.80,3698.50,3721.74,80,9.30,2024-04-10T13:40:00,3707.30,TIME_STOP,-40.00,-484.91
rsi50,TITAN,2024-04-18,LONG,2024-04-18T10:10:00,3633.00,3618.85,3654.23,82,14.15,2024-04-18T10:10:00,3618.85,STOP,-1160.38,-1606.37
rsi50,TITAN,2024-04-19,LONG,2024-04-19T13:50:00,3544.80,3531.60,3564.59,84,13.20,2024-04-19T14:00:00,3564.59,TARGET,1662.58,1214.68
rsi50,TITAN,2024-04-26,LONG,2024-04-26T10:10:00,3579.80,3566.90,3599.15,83,12.90,2024-04-26T10:10:00,3571.75,REVERSE,-668.15,-1113.33
rsi50,TITAN,2024-05-08,SHORT,2024-05-08T10:40:00,3244.05,3257.68,3223.61,92,13.63,2024-05-08T11:20:00,3257.68,STOP,-1253.57,-1702.19
rsi50,TITAN,2024-05-09,SHORT,2024-05-09T13:00:00,3255.00,3266.58,3237.63,92,11.58,2024-05-09T13:40:00,3266.58,STOP,-1065.39,-1515.38
rsi50,TITAN,2024-05-13,LONG,2024-05-13T12:20:00,3261.95,3249.23,3281.03,91,12.72,2024-05-13T13:30:00,3249.23,STOP,-1157.72,-1602.11
rsi50,TITAN,2024-05-15,SHORT,2024-05-15T10:20:00,3276.80,3286.43,3262.36,91,9.63,2024-05-15T11:30:00,3262.36,TARGET,1313.99,867.69
rsi50,TITAN,2024-05-16,LONG,2024-05-16T12:30:00,3282.95,3272.58,3298.50,91,10.37,2024-05-16T12:30:00,3272.58,STOP,-943.48,-1390.89
rsi50,TITAN,2024-05-24,SHORT,2024-05-24T10:50:00,3426.25,3436.72,3410.54,87,10.47,2024-05-24T10:50:00,3433.95,REVERSE,-669.90,-1117.53
rsi50,TITAN,2024-05-27,LONG,2024-05-27T12:10:00,3432.50,3421.86,3448.46,87,10.64,2024-05-27T13:00:00,3421.86,STOP,-925.63,-1372.88
rsi50,TITAN,2024-05-29,LONG,2024-05-29T12:50:00,3406.95,3401.41,3415.25,88,5.54,2024-05-29T12:50:00,3415.25,TARGET,730.78,280.51
rsi50,TITAN,2024-05-31,LONG,2024-05-31T10:10:00,3308.10,3296.50,3325.51,90,11.60,2024-05-31T10:20:00,3325.51,TARGET,1566.61,1118.84
rsi50,TITAN,2024-06-06,SHORT,2024-06-06T13:10:00,3305.50,3320.86,3282.47,90,15.36,2024-06-06T13:40:00,3320.86,STOP,-1382.08,-1829.36
rsi50,TITAN,2024-06-24,LONG,2024-06-24T12:10:00,3412.50,3402.53,3427.46,87,9.97,2024-06-24T12:30:00,3427.46,TARGET,1301.12,854.81
rsi50,TITAN,2024-07-02,SHORT,2024-07-02T10:30:00,3410.35,3418.38,3398.30,87,8.03,2024-07-02T10:40:00,3418.38,STOP,-698.89,-1144.47
rsi50,TITAN,2024-07-12,SHORT,2024-07-12T13:10:00,3246.75,3255.18,3234.10,92,8.43,2024-07-12T15:00:00,3234.10,TARGET,1163.96,716.78
rsi50,TITAN,2024-07-18,LONG,2024-07-18T10:20:00,3248.00,3238.84,3261.74,92,9.16,2024-07-18T10:50:00,3238.84,STOP,-842.57,-1290.16
rsi50,TITAN,2024-07-22,LONG,2024-07-22T11:50:00,3269.55,3259.16,3285.14,91,10.39,2024-07-22T12:40:00,3259.16,STOP,-945.78,-1391.37
rsi50,TITAN,2024-07-23,LONG,2024-07-23T12:20:00,3378.05,3360.68,3404.11,88,17.37,2024-07-23T12:20:00,3360.68,STOP,-1528.90,-1973.65
rsi50,TITAN,2024-07-26,LONG,2024-07-26T10:40:00,3417.10,3406.49,3433.01,87,10.61,2024-07-26T10:50:00,3433.01,TARGET,1383.98,937.01
rsi50,TITAN,2024-07-31,SHORT,2024-07-31T12:50:00,3449.70,3462.55,3430.42,86,12.85,2024-07-31T13:10:00,3462.55,STOP,-1105.41,-1551.25
rsi50,TITAN,2024-08-01,SHORT,2024-08-01T12:20:00,3458.30,3467.98,3443.77,86,9.68,2024-08-01T13:00:00,3443.77,TARGET,1249.20,804.01
rsi50,TITAN,2024-08-08,SHORT,2024-08-08T10:30:00,3333.05,3342.21,3319.32,90,9.16,2024-08-08T10:30:00,3342.21,STOP,-824.00,-1274.58
rsi50,TITAN,2024-08-09,LONG,2024-08-09T10:00:00,3326.85,3312.70,3348.08,90,14.15,2024-08-09T11:00:00,3312.70,STOP,-1273.63,-1721.80
rsi50,TITAN,2024-08-12,SHORT,2024-08-12T10:10:00,3301.30,3311.14,3286.54,90,9.84,2024-08-12T10:20:00,3311.14,STOP,-885.38,-1331.72
rsi50,TITAN,2024-08-13,LONG,2024-08-13T10:40:00,3337.65,3327.42,3352.99,89,10.23,2024-08-13T11:00:00,3352.99,TARGET,1365.47,918.87
rsi50,TITAN,2024-08-27,SHORT,2024-08-27T10:50:00,3604.10,3616.84,3584.99,83,12.74,2024-08-27T12:40:00,3592.00,TIME_STOP,1004.30,556.34
rsi50,TITAN,2024-08-29,LONG,2024-08-29T13:00:00,3548.80,3538.92,3563.62,84,9.88,2024-08-29T13:40:00,3538.92,STOP,-829.86,-1276.39
rsi50,TITAN,2024-09-03,SHORT,2024-09-03T10:00:00,3567.00,3575.94,3553.59,84,8.94,2024-09-03T10:30:00,3575.94,STOP,-750.97,-1200.97
rsi50,TITAN,2024-09-04,LONG,2024-09-04T13:30:00,3603.05,3594.97,3615.17,83,8.08,2024-09-04T15:20:00,3606.35,TIME_STOP,273.90,-174.89
rsi50,TITAN,2024-09-06,SHORT,2024-09-06T10:30:00,3684.00,3698.97,3661.55,81,14.97,2024-09-06T12:00:00,3698.97,STOP,-1212.44,-1660.96
rsi50,TITAN,2024-09-09,LONG,2024-09-09T10:00:00,3713.25,3697.26,3737.24,80,15.99,2024-09-09T10:10:00,3697.26,STOP,-1279.46,-1724.09
rsi50,TITAN,2024-09-10,SHORT,2024-09-10T10:20:00,3673.30,3684.90,3655.90,81,11.60,2024-09-10T10:20:00,3684.80,REVERSE,-931.50,-1378.50
rsi50,TITAN,2024-09-11,SHORT,2024-09-11T13:40:00,3722.90,3731.04,3710.69,80,8.14,2024-09-11T14:00:00,3710.69,TARGET,977.07,531.05
rsi50,TITAN,2024-09-12,LONG,2024-09-12T10:10:00,3748.70,3735.83,3768.01,80,12.87,2024-09-12T11:50:00,3735.83,STOP,-1029.96,-1479.03
rsi50,TITAN,2024-09-16,SHORT,2024-09-16T11:40:00,3753.70,3764.43,3737.61,79,10.73,2024-09-16T13:30:00,3748.80,TIME_STOP,387.10,-57.42
rsi50,TITAN,2024-09-17,LONG,2024-09-17T11:50:00,3748.95,3740.70,3761.32,80,8.25,2024-09-17T12:30:00,3761.32,TARGET,989.66,539.04
rsi50,TITAN,2024-09-18,SHORT,2024-09-18T11:50:00,3752.65,3760.92,3740.24,79,8.27,2024-09-18T12:00:00,3760.92,STOP,-653.62,-1098.80
rsi50,TITAN,2024-09-20,LONG,2024-09-20T10:10:00,3785.00,3770.10,3807.35,79,14.90,2024-09-20T10:20:00,3770.10,STOP,-1177.30,-1624.94
rsi50,TITAN,2024-09-30,SHORT,2024-09-30T13:50:00,3819.95,3829.10,3806.23,78,9.15,2024-09-30T14:00:00,3829.10,STOP,-713.47,-1160.94
rsi50,TITAN,2024-10-04,LONG,2024-10-04T11:00:00,3725.90,3703.69,3759.21,80,22.21,2024-10-04T12:40:00,3703.69,STOP,-1776.44,-2222.22
rsi50,TITAN,2024-10-11,LONG,2024-10-11T10:10:00,3475.05,3462.69,3493.59,86,12.36,2024-10-11T10:50:00,3462.69,STOP,-1062.75,-1510.23
rsi50,TITAN,2024-10-15,SHORT,2024-10-15T10:30:00,3494.20,3504.17,3479.24,85,9.97,2024-10-15T10:30:00,3479.24,TARGET,1271.49,826.93
rsi50,TITAN,2024-10-16,SHORT,2024-10-16T10:10:00,3485.20,3494.39,3471.41,86,9.19,2024-10-16T10:30:00,3471.41,TARGET,1185.72,737.01
rsi50,TITAN,2024-10-22,SHORT,2024-10-22T10:20:00,3347.10,3364.62,3320.82,89,17.52,2024-10-22T12:10:00,3339.00,TIME_STOP,720.90,274.60
rsi50,TITAN,2024-10-24,LONG,2024-10-24T10:50:00,3319.50,3307.97,3336.79,90,11.53,2024-10-24T12:40:00,3318.60,TIME_STOP,-81.00,-529.07
rsi50,TITAN,2024-11-05,SHORT,2024-11-05T11:40:00,3210.35,3224.48,3189.15,93,14.13,2024-11-05T13:20:00,3189.15,TARGET,1971.70,1525.33
rsi50,TITAN,2024-11-06,LONG,2024-11-06T13:20:00,3187.40,3171.62,3211.08,94,15.78,2024-11-06T14:50:00,3171.62,STOP,-1483.67,-1931.98
rsi50,TITAN,2024-11-08,LONG,2024-11-08T10:10:00,3142.50,3131.64,3158.79,95,10.86,2024-11-08T11:40:00,3131.64,STOP,-1031.58,-1478.62
rsi50,TITAN,2024-11-11,SHORT,2024-11-11T14:10:00,3185.40,3195.61,3170.08,94,10.21,2024-11-11T14:30:00,3195.61,STOP,-960.01,-1409.87
rsi50,TITAN,2024-11-12,SHORT,2024-11-12T12:30:00,3205.15,3214.84,3190.62,93,9.69,2024-11-12T14:20:00,3203.35,TIME_STOP,167.40,-279.59
rsi50,TITAN,2024-11-27,LONG,2024-11-27T14:00:00,3308.25,3299.64,3321.16,90,8.61,2024-11-27T14:00:00,3299.64,STOP,-774.52,-1220.55
rsi50,TITAN,2024-11-29,LONG,2024-11-29T10:50:00,3242.00,3228.82,3261.77,92,13.18,2024-11-29T12:40:00,3249.80,TIME_STOP,717.60,269.67
rsi50,TITAN,2024-12-09,SHORT,2024-12-09T10:20:00,3453.90,3465.54,3436.45,86,11.64,2024-12-09T10:20:00,3465.54,STOP,-1000.62,-1446.92
rsi50,TITAN,2024-12-10,SHORT,2024-12-10T14:00:00,3480.15,3487.88,3468.56,86,7.73,2024-12-10T14:40:00,3468.56,TARGET,997.16,548.96
rsi50,TITAN,2024-12-13,LONG,2024-12-13T12:40:00,3459.85,3445.65,3481.15,86,14.20,2024-12-13T13:10:00,3481.15,TARGET,1832.21,1384.51
rsi50,TITAN,2024-12-16,SHORT,2024-12-16T11:00:00,3458.20,3470.04,3440.43,86,11.84,2024-12-16T12:00:00,3440.43,TARGET,1527.98,1083.02
rsi50,TITAN,2024-12-18,LONG,2024-12-18T12:30:00,3412.45,3403.71,3425.55,87,8.74,2024-12-18T12:40:00,3403.71,STOP,-759.98,-1204.73
rsi50,TITAN,2024-12-23,LONG,2024-12-23T11:10:00,3393.20,3379.90,3413.15,88,13.30,2024-12-23T13:00:00,3399.20,TIME_STOP,528.00,79.70
rsi50,TITAN,2024-12-24,SHORT,2024-12-24T12:00:00,3388.60,3398.57,3373.65,88,9.97,2024-12-24T12:20:00,3373.65,TARGET,1315.69,869.38
rsi50,TITAN,2024-12-27,LONG,2024-12-27T11:10:00,3338.00,3329.47,3350.80,89,8.53,2024-12-27T12:10:00,3329.47,STOP,-759.30,-1204.35
rsi50,TITAN,2024-12-31,LONG,2024-12-31T14:10:00,3270.60,3261.73,3283.91,91,8.87,2024-12-31T14:20:00,3261.73,STOP,-807.57,-1253.40
rsi50,TITAN,2025-01-01,LONG,2025-01-01T11:30:00,3267.95,3258.90,3281.53,91,9.05,2025-01-01T11:30:00,3258.90,STOP,-823.92,-1269.37
rsi50,TITAN,2025-01-07,SHORT,2025-01-07T13:30:00,3502.40,3515.22,3483.17,85,12.82,2025-01-07T14:10:00,3515.22,STOP,-1089.60,-1536.97
rsi50,TITAN,2025-01-16,SHORT,2025-01-16T10:20:00,3300.95,3312.46,3283.68,90,11.51,2025-01-16T10:30:00,3283.68,TARGET,1554.33,1109.87
rsi50,TITAN,2025-01-23,LONG,2025-01-23T10:30:00,3382.60,3369.97,3401.55,88,12.63,2025-01-23T10:50:00,3401.55,TARGET,1667.54,1219.78
rsi50,TITAN,2025-01-24,SHORT,2025-01-24T10:10:00,3382.00,3394.23,3363.65,88,12.23,2025-01-24T10:10:00,3394.23,STOP,-1076.44,-1523.67
rsi50,TITAN,2025-01-28,LONG,2025-01-28T12:20:00,3348.65,3334.97,3369.17,89,13.68,2025-01-28T12:40:00,3334.97,STOP,-1217.25,-1663.39
rsi50,TITAN,2025-02-01,LONG,2025-02-01T12:30:00,3570.40,3543.26,3611.11,84,27.14,2025-02-01T12:30:00,3543.26,STOP,-2279.80,-2727.96
rsi50,TITAN,2025-02-03,SHORT,2025-02-03T14:00:00,3564.85,3582.52,3538.34,84,17.67,2025-02-03T14:10:00,3582.52,STOP,-1484.30,-1934.58
rsi50,TITAN,2025-02-04,SHORT,2025-02-04T10:20:00,3551.85,3572.56,3520.78,84,20.71,2025-02-04T12:10:00,3531.50,TIME_STOP,1709.40,1263.15
rsi50,TITAN,2025-02-05,SHORT,2025-02-05T10:00:00,3501.55,3532.07,3455.78,81,30.52,2025-02-05T11:50:00,3494.30,TIME_STOP,587.25,162.25
rsi50,TITAN,2025-02-11,LONG,2025-02-11T12:20:00,3342.80,3330.44,3361.34,89,12.36,2025-02-11T13:00:00,3330.44,STOP,-1100.24,-1545.67
rsi50,TITAN,2025-02-12,LONG,2025-02-12T12:10:00,3307.20,3288.87,3334.69,90,18.33,2025-02-12T12:20:00,3288.87,STOP,-1649.35,-2094.58
rsi50,TITAN,2025-02-18,SHORT,2025-02-18T10:30:00,3200.30,3212.88,3181.44,93,12.58,2025-02-18T10:40:00,3212.88,STOP,-1169.62,-1616.94
rsi50,TITAN,2025-02-19,SHORT,2025-02-19T12:20:00,3220.25,3229.06,3207.03,93,8.81,2025-02-19T13:40:00,3207.03,TARGET,1229.47,781.16
rsi50,TITAN,2025-02-24,LONG,2025-02-24T12:00:00,3185.60,3177.28,3198.08,94,8.32,2025-02-24T12:00:00,3177.28,STOP,-782.10,-1230.68
rsi50,TITAN,2025-02-25,LONG,2025-02-25T10:20:00,3180.70,3171.04,3195.19,94,9.66,2025-02-25T11:00:00,3195.19,TARGET,1361.81,912.31
rsi50,TITAN,2025-02-27,SHORT,2025-02-27T10:10:00,3179.15,3189.72,3163.30,94,10.57,2025-02-27T10:30:00,3189.72,STOP,-993.48,-1442.49
rsi50,TITAN,2025-03-06,LONG,2025-03-06T12:30:00,3081.75,3071.56,3097.03,97,10.19,2025-03-06T12:40:00,3075.50,REVERSE,-606.25,-1054.19
rsi50,TITAN,2025-03-13,SHORT,2025-03-13T12:10:00,3017.25,3028.14,3000.91,99,10.89,2025-03-13T13:20:00,3000.91,TARGET,1617.30,1170.46
rsi50,TITAN,2025-03-17,LONG,2025-03-17T10:00:00,3018.90,3008.61,3034.33,99,10.29,2025-03-17T10:20:00,3008.61,STOP,-1018.28,-1465.82
rsi50,TITAN,2025-03-21,SHORT,2025-03-21T13:20:00,3171.05,3178.10,3160.47,94,7.05,2025-03-21T13:50:00,3160.47,TARGET,994.31,547.94
rsi50,TITAN,2025-03-27,SHORT,2025-03-27T13:40:00,3072.00,3078.97,3061.54,97,6.97,2025-03-27T13:50:00,3074.60,REVERSE,-252.20,-699.37
rsi50,TITAN,2025-03-28,SHORT,2025-03-28T12:40:00,3068.75,3078.15,3054.66,97,9.40,2025-03-28T12:50:00,3078.15,STOP,-911.43,-1358.61
rsi50,TITAN,2025-04-02,LONG,2025-04-02T11:10:00,3017.95,3008.07,3032.77,99,9.88,2025-04-02T11:10:00,3032.77,TARGET,1467.65,1018.39
rsi50,TITAN,2025-04-04,SHORT,2025-04-04T13:10:00,3068.50,3078.11,3054.08,97,9.61,2025-04-04T14:20:00,3054.08,TARGET,1398.36,952.94
rsi50,TITAN,2025-04-09,LONG,2025-04-09T10:40:00,3134.00,3118.10,3157.85,95,15.90,2025-04-09T11:40:00,3157.85,TARGET,2265.63,1817.34
rsi50,TITAN,2025-04-16,SHORT,2025-04-16T10:50:00,3257.70,3266.10,3245.10,92,8.40,2025-04-16T12:30:00,3266.10,STOP,-772.92,-1223.06
rsi50,TITAN,2025-04-17,LONG,2025-04-17T10:50:00,3269.80,3256.91,3289.13,91,12.89,2025-04-17T11:00:00,3256.91,STOP,-1172.71,-1618.16
rsi50,TITAN,2025-04-22,SHORT,2025-04-22T10:30:00,3323.80,3334.92,3307.12,90,11.12,2025-04-22T10:30:00,3334.92,STOP,-1000.78,-1450.24
rsi50,TITAN,2025-04-23,SHORT,2025-04-23T11:00:00,3319.30,3330.23,3302.91,90,10.93,2025-04-23T11:10:00,3330.23,STOP,-983.37,-1432.22
rsi50,TITAN,2025-04-25,SHORT,2025-04-25T10:40:00,3349.00,3362.25,3329.12,89,13.25,2025-04-25T11:10:00,3329.12,TARGET,1769.16,1323.40
rsi50,TITAN,2025-04-29,SHORT,2025-04-29T10:50:00,3358.20,3368.84,3342.24,89,10.64,2025-04-29T11:00:00,3368.84,STOP,-947.24,-1396.27
rsi50,TITAN,2025-05-07,LONG,2025-05-07T10:20:00,3307.50,3293.34,3328.74,90,14.16,2025-05-07T11:00:00,3328.74,TARGET,1911.43,1463.48
rsi50,TITAN,2025-05-15,LONG,2025-05-15T11:10:00,3606.30,3593.24,3625.89,83,13.06,2025-05-15T11:10:00,3593.24,STOP,-1084.03,-1532.20
rsi50,TITAN,2025-05-19,SHORT,2025-05-19T12:00:00,3631.00,3638.57,3619.64,82,7.57,2025-05-19T13:50:00,3629.00,TIME_STOP,164.00,-282.49
rsi50,TITAN,2025-05-26,SHORT,2025-05-26T13:30:00,3594.30,3605.05,3578.17,83,10.75,2025-05-26T13:30:00,3605.05,STOP,-892.28,-1340.44
rsi50,TITAN,2025-05-27,LONG,2025-05-27T11:40:00,3629.20,3612.87,3653.69,82,16.33,2025-05-27T11:40:00,3612.87,STOP,-1338.69,-1784.08
rsi50,TITAN,2025-05-28,LONG,2025-05-28T13:30:00,3578.40,3569.82,3591.27,83,8.58,2025-05-28T13:50:00,3591.27,TARGET,1068.01,621.70
rsi50,TITAN,2025-05-30,SHORT,2025-05-30T11:20:00,3571.00,3580.19,3557.21,84,9.19,2025-05-30T13:10:00,3573.00,TIME_STOP,-168.00,-618.07
rsi50,TITAN,2025-06-03,SHORT,2025-06-03T13:10:00,3520.50,3536.02,3497.22,85,15.52,2025-06-03T15:00:00,3518.40,TIME_STOP,178.50,-270.23
rsi50,TITAN,2025-06-05,SHORT,2025-06-05T13:40:00,3493.40,3503.61,3478.08,85,10.21,2025-06-05T14:40:00,3503.61,STOP,-868.06,-1314.12
rsi50,TITAN,2025-06-11,LONG,2025-06-11T12:20:00,3532.80,3525.83,3543.25,84,6.97,2025-06-11T12:40:00,3525.83,STOP,-585.40,-1030.09
rsi50,TITAN,2025-06-12,SHORT,2025-06-12T10:50:00,3514.10,3524.27,3498.84,85,10.17,2025-06-12T11:20:00,3498.84,TARGET,1296.97,849.90
rsi50,TITAN,2025-06-16,LONG,2025-06-16T12:40:00,3435.20,3426.50,3448.25,87,8.70,2025-06-16T13:00:00,3426.50,STOP,-756.75,-1204.48
rsi50,TITAN,2025-06-18,SHORT,2025-06-18T11:40:00,3402.00,3410.52,3389.21,88,8.52,2025-06-18T11:50:00,3410.52,STOP,-750.08,-1199.71
rsi50,TITAN,2025-06-23,LONG,2025-06-23T13:30:00,3524.90,3515.96,3538.32,85,8.94,2025-06-23T14:00:00,3515.96,STOP,-760.30,-1209.15
rsi50,TITAN,2025-06-24,SHORT,2025-06-24T13:50:00,3516.50,3530.04,3496.19,85,13.54,2025-06-24T14:40:00,3530.04,STOP,-1151.16,-1600.38
rsi50,TITAN,2025-06-27,SHORT,2025-06-27T11:40:00,3668.30,3677.62,3654.32,81,9.32,2025-06-27T12:40:00,3677.62,STOP,-754.70,-1200.96
rsi50,TITAN,2025-07-02,SHORT,2025-07-02T10:20:00,3693.40,3699.92,3683.62,81,6.52,2025-07-02T10:30:00,3699.92,STOP,-528.39,-977.53
rsi50,TITAN,2025-07-03,LONG,2025-07-03T10:20:00,3708.40,3700.53,3720.20,80,7.87,2025-07-03T11:10:00,3700.53,STOP,-629.25,-1073.79
rsi50,TITAN,2025-07-04,LONG,2025-07-04T13:40:00,3673.70,3665.65,3685.77,81,8.05,2025-07-04T14:40:00,3685.77,TARGET,977.86,530.77
rsi50,TITAN,2025-07-07,SHORT,2025-07-07T10:50:00,3667.00,3675.96,3653.57,81,8.96,2025-07-07T12:40:00,3653.57,TARGET,1088.12,643.39
rsi50,TITAN,2025-07-14,LONG,2025-07-14T12:10:00,3387.30,3378.80,3400.05,88,8.50,2025-07-14T12:30:00,3378.80,STOP,-747.91,-1194.47
rsi50,TITAN,2025-07-21,LONG,2025-07-21T12:40:00,3405.70,3398.89,3415.91,88,6.81,2025-07-21T13:00:00,3415.91,TARGET,898.63,448.40
rsi50,TITAN,2025-07-23,LONG,2025-07-23T11:30:00,3471.80,3463.64,3484.04,86,8.16,2025-07-23T13:20:00,3475.80,TIME_STOP,344.00,-104.12
rsi50,TITAN,2025-07-25,LONG,2025-07-25T11:30:00,3471.50,3464.69,3481.71,86,6.81,2025-07-25T12:00:00,3464.69,STOP,-585.32,-1032.70
rsi50,TITAN,2025-07-30,SHORT,2025-07-30T10:00:00,3363.80,3371.62,3352.06,89,7.82,2025-07-30T11:20:00,3371.62,STOP,-696.29,-1145.88
rsi50,TITAN,2025-07-31,LONG,2025-07-31T13:50:00,3358.60,3350.65,3370.52,89,7.95,2025-07-31T15:00:00,3350.65,STOP,-707.11,-1154.95
rsi50,TITAN,2025-08-04,LONG,2025-08-04T13:20:00,3350.90,3343.85,3361.47,89,7.05,2025-08-04T14:20:00,3361.47,TARGET,940.64,492.59
rsi50,TITAN,2025-08-11,LONG,2025-08-11T11:50:00,3460.00,3448.37,3477.44,86,11.63,2025-08-11T13:30:00,3477.44,TARGET,1499.97,1052.51
rsi50,TITAN,2025-08-14,LONG,2025-08-14T12:20:00,3483.00,3475.62,3494.07,86,7.38,2025-08-14T13:00:00,3494.07,TARGET,951.88,501.86
rsi50,TITAN,2025-08-26,SHORT,2025-08-26T11:50:00,3615.30,3623.59,3602.87,82,8.29,2025-08-26T12:20:00,3623.59,STOP,-679.66,-1124.85
rsi50,TITAN,2025-08-28,LONG,2025-08-28T11:20:00,3633.20,3623.72,3647.42,82,9.48,2025-08-28T11:20:00,3647.42,TARGET,1165.73,717.97
rsi50,TITAN,2025-09-01,SHORT,2025-09-01T13:10:00,3621.40,3627.73,3611.90,82,6.33,2025-09-01T13:20:00,3627.73,STOP,-519.12,-964.94
rsi50,TITAN,2025-09-03,LONG,2025-09-03T10:10:00,3639.00,3631.06,3650.90,82,7.94,2025-09-03T10:10:00,3631.06,STOP,-650.71,-1097.82
rsi50,TITAN,2025-09-05,LONG,2025-09-05T10:20:00,3691.90,3682.59,3705.87,81,9.31,2025-09-05T11:30:00,3686.80,REVERSE,-413.10,-861.36
rsi50,TITAN,2025-09-08,LONG,2025-09-08T11:20:00,3675.00,3666.43,3687.85,81,8.57,2025-09-08T11:40:00,3666.43,STOP,-694.08,-1140.07
rsi50,TITAN,2025-09-12,LONG,2025-09-12T12:00:00,3592.50,3585.42,3603.12,83,7.08,2025-09-12T12:10:00,3585.42,STOP,-587.42,-1034.25
rsi50,TITAN,2025-09-16,LONG,2025-09-16T13:00:00,3543.10,3536.50,3553.00,84,6.60,2025-09-16T13:10:00,3536.50,STOP,-554.54,-1000.56
rsi50,TITAN,2025-09-17,SHORT,2025-09-17T10:40:00,3534.50,3543.88,3520.43,84,9.38,2025-09-17T11:30:00,3520.43,TARGET,1181.55,737.09
rsi50,TITAN,2025-09-23,LONG,2025-09-23T13:30:00,3443.00,3435.98,3453.53,87,7.02,2025-09-23T13:40:00,3453.53,TARGET,915.70,465.70
rsi50,TITAN,2025-09-29,LONG,2025-09-29T13:00:00,3382.00,3373.48,3394.78,88,8.52,2025-09-29T14:30:00,3394.78,TARGET,1124.95,677.68
rsi50,TITAN,2025-09-30,SHORT,2025-09-30T12:50:00,3390.40,3399.85,3376.23,88,9.45,2025-09-30T13:00:00,3376.23,TARGET,1247.33,800.73
rsi50,TITAN,2025-10-01,LONG,2025-10-01T12:00:00,3389.00,3379.51,3403.23,88,9.49,2025-10-01T12:50:00,3379.51,STOP,-834.83,-1281.56
rsi50,TITAN,2025-10-06,SHORT,2025-10-06T11:00:00,3406.60,3416.41,3391.89,88,9.81,2025-10-06T12:00:00,3416.41,STOP,-863.14,-1313.46
rsi50,TITAN,2025-10-09,SHORT,2025-10-09T11:00:00,3538.90,3549.27,3523.35,84,10.37,2025-10-09T12:50:00,3545.00,TIME_STOP,-512.40,-958.69
rsi50,TITAN,2025-10-10,SHORT,2025-10-10T13:40:00,3551.30,3558.90,3539.91,84,7.60,2025-10-10T13:50:00,3539.91,TARGET,957.10,510.35
rsi50,TITAN,2025-10-15,SHORT,2025-10-15T13:40:00,3529.00,3537.53,3516.20,85,8.53,2025-10-15T13:50:00,3537.53,STOP,-725.11,-1175.60
rsi50,TITAN,2025-10-21,LONG,2025-10-21T14:00:00,3742.80,3729.36,3762.96,80,13.44,2025-10-21T14:20:00,3729.36,STOP,-1075.19,-1523.52
rsi50,TITAN,2025-10-27,LONG,2025-10-27T10:20:00,3734.40,3726.28,3746.58,80,8.12,2025-10-27T10:20:00,3726.28,STOP,-649.45,-1097.09
rsi50,TITAN,2025-10-29,LONG,2025-10-29T11:00:00,3737.20,3726.67,3753.00,80,10.53,2025-10-29T12:50:00,3753.00,TARGET,1264.15,814.74
rsi50,TITAN,2025-10-30,LONG,2025-10-30T11:10:00,3759.60,3750.57,3773.15,79,9.03,2025-10-30T11:20:00,3773.15,TARGET,1070.14,623.83
rsi50,TITAN,2025-10-31,SHORT,2025-10-31T13:00:00,3753.30,3760.80,3742.05,79,7.50,2025-10-31T13:10:00,3760.80,STOP,-592.32,-1037.53
rsi50,TITAN,2025-11-03,LONG,2025-11-03T13:10:00,3736.00,3723.49,3754.77,80,12.51,2025-11-03T13:50:00,3754.77,TARGET,1501.60,1052.15
rsi50,TITAN,2025-11-06,SHORT,2025-11-06T10:30:00,3786.50,3801.42,3764.12,79,14.92,2025-11-06T12:20:00,3780.40,TIME_STOP,481.90,33.56
rsi50,TITAN,2025-11-07,LONG,2025-11-07T13:40:00,3780.20,3771.63,3793.05,79,8.57,2025-11-07T14:00:00,3771.63,STOP,-676.71,-1124.16
rsi50,TITAN,2025-11-11,SHORT,2025-11-11T10:10:00,3790.20,3797.94,3778.59,79,7.74,2025-11-11T10:20:00,3778.59,TARGET,916.83,468.38
rsi50,TITAN,2025-11-18,SHORT,2025-11-18T10:00:00,3847.40,3854.84,3836.24,77,7.44,2025-11-18T10:20:00,3854.84,STOP,-572.75,-1017.56
rsi50,TITAN,2025-11-20,SHORT,2025-11-20T13:10:00,3918.50,3925.03,3908.71,76,6.53,2025-11-20T13:10:00,3925.03,STOP,-496.18,-943.26
rsi50,TITAN,2025-11-24,LONG,2025-11-24T10:20:00,3933.50,3924.08,3947.63,76,9.42,2025-11-24T10:30:00,3924.08,STOP,-716.16,-1164.04
rsi50,TITAN,2025-11-25,LONG,2025-11-25T10:20:00,3906.00,3896.40,3920.40,76,9.60,2025-11-25T11:00:00,3896.40,STOP,-729.84,-1174.58
rsi50,TITAN,2025-11-26,LONG,2025-11-26T10:10:00,3894.70,3883.14,3912.03,77,11.56,2025-11-26T11:00:00,3912.03,TARGET,1334.69,883.85
rsi50,TITAN,2025-11-27,SHORT,2025-11-27T13:30:00,3894.20,3902.29,3882.07,77,8.09,2025-11-27T13:30:00,3902.29,STOP,-622.62,-1072.87
rsi50,TITAN,2025-11-28,SHORT,2025-11-28T13:00:00,3909.20,3916.67,3898.00,76,7.47,2025-11-28T14:50:00,3906.60,TIME_STOP,197.60,-247.90
rsi50,TITAN,2025-12-02,LONG,2025-12-02T11:40:00,3887.40,3878.87,3900.19,77,8.53,2025-12-02T13:30:00,3887.50,TIME_STOP,7.70,-441.30
rsi50,TITAN,2025-12-04,LONG,2025-12-04T11:40:00,3826.20,3817.08,3839.88,78,9.12,2025-12-04T12:10:00,3817.08,STOP,-711.26,-1158.39
rsi50,TITAN,2025-12-05,LONG,2025-12-05T10:10:00,3815.30,3806.16,3829.00,78,9.14,2025-12-05T12:00:00,3813.50,TIME_STOP,-140.40,-586.68
rsi50,TITAN,2025-12-09,LONG,2025-12-09T10:50:00,3809.00,3797.73,3825.91,78,11.27,2025-12-09T11:20:00,3825.91,TARGET,1318.84,872.19
rsi50,TITAN,2025-12-10,SHORT,2025-12-10T10:20:00,3838.80,3848.51,3824.23,78,9.71,2025-12-10T10:20:00,3839.40,REVERSE,-46.80,-495.97
rsi50,TITAN,2025-12-11,LONG,2025-12-11T12:50:00,3832.70,3823.31,3846.79,78,9.39,2025-12-11T14:20:00,3846.79,TARGET,1098.65,649.40
rsi50,TITAN,2025-12-17,SHORT,2025-12-17T11:50:00,3909.00,3917.13,3896.80,76,8.13,2025-12-17T12:20:00,3896.80,TARGET,926.95,482.02
rsi50,TITAN,2025-12-18,LONG,2025-12-18T11:00:00,3909.00,3901.19,3920.71,76,7.81,2025-12-18T11:10:00,3901.19,STOP,-593.20,-1038.38
rsi50,TITAN,2025-12-22,LONG,2025-12-22T10:00:00,3944.50,3936.78,3956.08,76,7.72,2025-12-22T11:00:00,3936.78,STOP,-586.79,-1036.02
rsi50,TITAN,2025-12-29,SHORT,2025-12-29T13:50:00,3998.50,4005.77,3987.59,75,7.27,2025-12-29T15:00:00,3987.59,TARGET,818.27,369.05
rsi50,TITAN,2025-12-30,LONG,2025-12-30T13:50:00,3991.40,3985.08,4000.87,75,6.32,2025-12-30T14:00:00,3985.08,STOP,-473.68,-922.35
rsi50,TITAN,2026-01-02,LONG,2026-01-02T11:30:00,4048.10,4036.63,4065.30,74,11.47,2026-01-02T13:20:00,4045.30,TIME_STOP,-207.20,-656.38
rsi50,TITAN,2026-01-09,SHORT,2026-01-09T10:10:00,4253.70,4267.25,4233.38,70,13.55,2026-01-09T10:30:00,4267.25,STOP,-948.45,-1395.80
rsi50,TITAN,2026-01-12,LONG,2026-01-12T14:00:00,4216.70,4204.70,4234.71,71,12.00,2026-01-12T14:20:00,4234.71,TARGET,1278.40,828.36
rsi50,TITAN,2026-01-14,LONG,2026-01-14T10:10:00,4238.00,4227.47,4253.79,70,10.53,2026-01-14T10:10:00,4227.47,STOP,-736.87,-1181.30
rsi50,TITAN,2026-01-21,LONG,2026-01-21T13:10:00,4093.00,4079.96,4112.56,73,13.04,2026-01-21T13:20:00,4079.96,STOP,-951.98,-1399.45
rsi50,TITAN,2026-01-22,SHORT,2026-01-22T11:20:00,4071.20,4083.63,4052.56,73,12.43,2026-01-22T11:40:00,4052.56,TARGET,1360.93,916.16
rsi50,TITAN,2026-01-23,LONG,2026-01-23T10:50:00,4046.00,4031.41,4067.89,74,14.59,2026-01-23T12:40:00,4056.00,TIME_STOP,740.00,290.34
rsi50,TITAN,2026-01-29,LONG,2026-01-29T13:50:00,3935.90,3922.36,3956.21,76,13.54,2026-01-29T15:20:00,3934.90,EOD,-76.00,-524.64
rsi50,TITAN,2026-02-02,SHORT,2026-02-02T10:00:00,3949.30,3965.76,3924.61,75,16.46,2026-02-02T10:00:00,3924.61,TARGET,1851.69,1408.78
rsi50,TITAN,2026-02-06,SHORT,2026-02-06T10:10:00,4071.70,4085.40,4051.15,73,13.70,2026-02-06T10:20:00,4085.40,STOP,-999.95,-1446.55
rsi50,TITAN,2026-02-11,SHORT,2026-02-11T11:40:00,4243.30,4269.23,4204.40,70,25.93,2026-02-11T13:30:00,4218.50,TIME_STOP,1736.00,1291.76
rsi50,TITAN,2026-02-12,LONG,2026-02-12T13:30:00,4268.90,4254.34,4290.73,70,14.56,2026-02-12T13:50:00,4254.34,STOP,-1018.95,-1466.42
rsi50,TITAN,2026-02-13,SHORT,2026-02-13T10:40:00,4244.00,4257.05,4224.42,70,13.05,2026-02-13T11:50:00,4224.42,TARGET,1370.44,925.85
rsi50,TITAN,2026-02-19,SHORT,2026-02-19T11:20:00,4235.80,4244.50,4222.75,70,8.70,2026-02-19T12:30:00,4244.50,STOP,-608.87,-1054.08
rsi50,TITAN,2026-02-20,LONG,2026-02-20T10:20:00,4235.00,4220.65,4256.53,70,14.35,2026-02-20T12:10:00,4241.80,TIME_STOP,476.00,30.97
rsi50,TITAN,2026-02-24,LONG,2026-02-24T11:10:00,4271.80,4262.64,4285.54,70,9.16,2026-02-24T11:30:00,4262.64,STOP,-641.21,-1089.26
rsi50,TITAN,2026-02-27,SHORT,2026-02-27T10:10:00,4318.10,4327.43,4304.11,69,9.33,2026-02-27T10:30:00,4327.43,STOP,-643.49,-1090.89
rsi50,TITAN,2026-03-04,LONG,2026-03-04T13:40:00,4197.90,4182.24,4221.39,71,15.66,2026-03-04T14:40:00,4221.39,TARGET,1667.73,1219.41
rsi50,TITAN,2026-03-11,SHORT,2026-03-11T10:50:00,4184.70,4198.35,4164.22,71,13.65,2026-03-11T11:30:00,4164.22,TARGET,1453.89,1009.31
rsi50,TITAN,2026-03-12,LONG,2026-03-12T12:40:00,4134.20,4118.19,4158.22,72,16.01,2026-03-12T13:20:00,4158.22,TARGET,1729.61,1281.82
rsi50,ASIANPAINT,2024-03-20,LONG,2024-03-20T11:40:00,2819.60,2813.02,2829.47,106,6.58,2024-03-20T12:10:00,2813.02,STOP,-697.78,-1145.58
rsi50,ASIANPAINT,2024-03-22,LONG,2024-03-22T12:00:00,2829.95,2822.90,2840.53,106,7.05,2024-03-22T13:50:00,2833.05,TIME_STOP,328.60,-121.61
rsi50,ASIANPAINT,2024-03-26,SHORT,2024-03-26T10:10:00,2825.85,2834.72,2812.55,106,8.87,2024-03-26T11:40:00,2812.55,TARGET,1409.92,961.66
rsi50,ASIANPAINT,2024-03-27,LONG,2024-03-27T10:10:00,2828.60,2822.51,2837.73,106,6.09,2024-03-27T12:00:00,2828.45,TIME_STOP,-15.90,-465.64
rsi50,ASIANPAINT,2024-03-28,LONG,2024-03-28T10:20:00,2837.55,2831.26,2846.98,105,6.29,2024-03-28T10:30:00,2831.26,STOP,-660.35,-1106.76
rsi50,ASIANPAINT,2024-04-03,LONG,2024-04-03T12:50:00,2869.00,2863.51,2877.23,104,5.49,2024-04-03T13:30:00,2877.23,TARGET,856.40,408.19
rsi50,ASIANPAINT,2024-04-04,SHORT,2024-04-04T10:00:00,2860.50,2868.42,2848.62,104,7.92,2024-04-04T11:50:00,2868.42,STOP,-823.74,-1270.60
rsi50,ASIANPAINT,2024-04-05,SHORT,2024-04-05T12:30:00,2901.50,2908.77,2890.60,103,7.27,2024-04-05T14:20:00,2895.95,TIME_STOP,571.65,123.80
rsi50,ASIANPAINT,2024-04-09,LONG,2024-04-09T10:00:00,2911.75,2904.66,2922.39,103,7.09,2024-04-09T10:10:00,2904.66,STOP,-730.34,-1179.66
rsi50,ASIANPAINT,2024-04-10,LONG,2024-04-10T11:10:00,2871.20,2864.30,2881.55,104,6.90,2024-04-10T12:00:00,2881.55,TARGET,1075.90,627.18
rsi50,ASIANPAINT,2024-04-18,LONG,2024-04-18T11:30:00,2851.20,2842.25,2864.63,105,8.95,2024-04-18T13:20:00,2850.40,TIME_STOP,-84.00,-533.00
rsi50,ASIANPAINT,2024-04-19,LONG,2024-04-19T13:50:00,2800.80,2793.55,2811.68,107,7.25,2024-04-19T13:50:00,2811.68,TARGET,1164.40,714.00
rsi50,ASIANPAINT,2024-04-25,LONG,2024-04-25T13:50:00,2854.05,2848.02,2863.10,105,6.03,2024-04-25T14:10:00,2863.10,TARGET,950.26,500.04
rsi50,ASIANPAINT,2024-04-26,SHORT,2024-04-26T12:50:00,2854.45,2861.70,2843.57,105,7.25,2024-04-26T12:50:00,2861.70,STOP,-761.27,-1211.41
rsi50,ASIANPAINT,2024-05-03,SHORT,2024-05-03T13:00:00,2919.70,2932.80,2900.05,102,13.10,2024-05-03T14:30:00,2932.80,STOP,-1336.21,-1783.93
rsi50,ASIANPAINT,2024-05-06,LONG,2024-05-06T10:40:00,2939.50,2926.34,2959.25,102,13.16,2024-05-06T12:30:00,2934.25,TIME_STOP,-535.50,-984.84
rsi50,ASIANPAINT,2024-05-07,SHORT,2024-05-07T11:30:00,2926.25,2936.75,2910.50,102,10.50,2024-05-07T12:10:00,2910.50,TARGET,1606.67,1160.16
rsi50,ASIANPAINT,2024-05-13,LONG,2024-05-13T10:40:00,2805.40,2786.18,2834.23,106,19.22,2024-05-13T11:00:00,2834.23,TARGET,3055.66,2607.31
rsi50,ASIANPAINT,2024-05-14,SHORT,2024-05-14T10:30:00,2848.55,2860.33,2830.88,105,11.78,2024-05-14T10:30:00,2860.33,STOP,-1237.04,-1686.61
rsi50,ASIANPAINT,2024-05-23,SHORT,2024-05-23T12:20:00,2885.25,2893.83,2872.37,103,8.58,2024-05-23T12:20:00,2890.55,REVERSE,-545.90,-992.08
rsi50,ASIANPAINT,2024-05-24,SHORT,2024-05-24T10:10:00,2882.95,2892.04,2869.32,104,9.09,2024-05-24T10:20:00,2892.04,STOP,-945.17,-1395.62
rsi50,ASIANPAINT,2024-05-27,LONG,2024-05-27T11:10:00,2882.65,2873.54,2896.32,104,9.11,2024-05-27T11:20:00,2873.54,STOP,-947.46,-1396.44
rsi50,ASIANPAINT,2024-05-28,LONG,2024-05-28T11:20:00,2880.90,2874.02,2891.22,104,6.88,2024-05-28T11:20:00,2876.50,REVERSE,-457.60,-906.68
rsi50,ASIANPAINT,2024-05-30,LONG,2024-05-30T12:50:00,2902.00,2894.61,2913.09,103,7.39,2024-05-30T13:20:00,2894.61,STOP,-761.55,-1209.34
rsi50,ASIANPAINT,2024-05-31,LONG,2024-05-31T12:30:00,2899.65,2889.43,2914.97,103,10.22,2024-05-31T13:40:00,2889.43,STOP,-1052.30,-1499.50
rsi50,ASIANPAINT,2024-06-07,LONG,2024-06-07T11:00:00,2925.25,2914.93,2940.73,102,10.32,2024-06-07T11:30:00,2914.93,STOP,-1052.85,-1499.62
rsi50,ASIANPAINT,2024-06-12,LONG,2024-06-12T13:50:00,2906.30,2897.54,2919.44,103,8.76,2024-06-12T14:20:00,2897.54,STOP,-902.48,-1350.83
rsi50,ASIANPAINT,2024-06-20,LONG,2024-06-20T13:10:00,2915.95,2909.14,2926.16,102,6.81,2024-06-20T15:00:00,2914.20,TIME_STOP,-178.50,-624.51
rsi50,ASIANPAINT,2024-06-21,LONG,2024-06-21T14:10:00,2907.00,2900.74,2916.39,103,6.26,2024-06-21T14:20:00,2900.74,STOP,-644.67,-1093.32
rsi50,ASIANPAINT,2024-06-24,LONG,2024-06-24T12:10:00,2898.50,2892.15,2908.02,103,6.35,2024-06-24T12:30:00,2892.15,STOP,-653.97,-1101.30
rsi50,ASIANPAINT,2024-06-26,LONG,2024-06-26T12:30:00,2872.00,2866.80,2879.80,104,5.20,2024-06-26T12:40:00,2866.80,STOP,-540.74,-988.37
rsi50,ASIANPAINT,2024-07-02,LONG,2024-07-02T11:10:00,2930.60,2924.06,2940.41,102,6.54,2024-07-02T11:40:00,2924.06,STOP,-666.81,-1114.69
rsi50,ASIANPAINT,2024-07-04,LONG,2024-07-04T10:10:00,2947.00,2939.89,2957.67,101,7.11,2024-07-04T10:20:00,2939.89,STOP,-718.21,-1164.14
rsi50,ASIANPAINT,2024-07-09,LONG,2024-07-09T12:10:00,2910.00,2903.72,2919.42,103,6.28,2024-07-09T14:00:00,2905.00,TIME_STOP,-515.00,-964.21
rsi50,ASIANPAINT,2024-07-12,SHORT,2024-07-12T10:30:00,2981.20,2992.01,2964.99,100,10.81,2024-07-12T10:50:00,2992.01,STOP,-1080.50,-1528.49
rsi50,ASIANPAINT,2024-07-16,LONG,2024-07-16T11:10:00,2975.80,2967.90,2987.65,100,7.90,2024-07-16T12:10:00,2987.65,TARGET,1185.20,737.94
rsi50,ASIANPAINT,2024-07-19,SHORT,2024-07-19T12:40:00,2932.40,2944.27,2914.59,102,11.87,2024-07-19T13:10:00,2944.27,STOP,-1210.83,-1660.40
rsi50,ASIANPAINT,2024-07-22,LONG,2024-07-22T10:20:00,2960.00,2946.70,2979.95,101,13.30,2024-07-22T10:50:00,2946.70,STOP,-1343.04,-1790.48
rsi50,ASIANPAINT,2024-07-24,LONG,2024-07-24T11:20:00,2925.00,2914.08,2941.38,102,10.92,2024-07-24T12:20:00,2914.08,STOP,-1113.54,-1560.23
rsi50,ASIANPAINT,2024-08-01,SHORT,2024-08-01T13:30:00,3077.40,3085.55,3065.18,97,8.15,2024-08-01T13:50:00,3085.55,STOP,-790.37,-1238.72
rsi50,ASIANPAINT,2024-08-05,LONG,2024-08-05T10:10:00,3141.00,3127.19,3161.72,95,13.81,2024-08-05T10:10:00,3127.19,STOP,-1312.15,-1758.76
rsi50,ASIANPAINT,2024-08-16,LONG,2024-08-16T12:20:00,3036.30,3026.65,3050.77,98,9.65,2024-08-16T13:00:00,3026.65,STOP,-945.68,-1391.30
rsi50,ASIANPAINT,2024-08-26,LONG,2024-08-26T10:40:00,3163.70,3155.19,3176.47,94,8.51,2024-08-26T12:00:00,3155.19,STOP,-800.14,-1245.62
rsi50,ASIANPAINT,2024-08-27,LONG,2024-08-27T10:20:00,3174.15,3166.31,3185.90,94,7.84,2024-08-27T10:40:00,3185.90,TARGET,1104.88,656.49
rsi50,ASIANPAINT,2024-09-09,SHORT,2024-09-09T12:00:00,3266.95,3276.42,3252.75,91,9.47,2024-09-09T12:30:00,3276.42,STOP,-861.44,-1308.03
rsi50,ASIANPAINT,2024-09-12,SHORT,2024-09-12T11:30:00,3355.25,3365.76,3339.48,89,10.51,2024-09-12T12:20:00,3365.76,STOP,-935.74,-1384.37
rsi50,ASIANPAINT,2024-09-13,LONG,2024-09-13T13:40:00,3355.30,3347.61,3366.84,89,7.69,2024-09-13T15:20:00,3362.95,EOD,680.85,232.41
rsi50,ASIANPAINT,2024-09-16,SHORT,2024-09-16T10:10:00,3350.50,3360.74,3335.15,89,10.24,2024-09-16T10:10:00,3360.74,STOP,-911.03,-1359.00
rsi50,ASIANPAINT,2024-09-19,SHORT,2024-09-19T13:10:00,3277.60,3287.57,3262.64,91,9.97,2024-09-19T13:20:00,3287.57,STOP,-907.49,-1355.56
rsi50,ASIANPAINT,2024-09-20,LONG,2024-09-20T10:40:00,3298.05,3286.86,3314.83,90,11.19,2024-09-20T10:40:00,3314.83,TARGET,1510.29,1063.92
rsi50,ASIANPAINT,2024-10-11,LONG,2024-10-11T12:30:00,3056.75,3048.71,3068.80,98,8.04,2024-10-11T12:40:00,3048.71,STOP,-787.58,-1236.34
rsi50,ASIANPAINT,2024-10-14,LONG,2024-10-14T11:50:00,3040.50,3032.58,3052.38,98,7.92,2024-10-14T13:10:00,3052.38,TARGET,1164.50,716.68
rsi50,ASIANPAINT,2024-10-16,SHORT,2024-10-16T12:10:00,3075.00,3083.67,3062.00,97,8.67,2024-10-16T12:40:00,3080.20,REVERSE,-504.40,-952.19
rsi50,ASIANPAINT,2024-10-21,LONG,2024-10-21T12:40:00,3030.00,3021.52,3042.73,99,8.48,2024-10-21T14:10:00,3042.73,TARGET,1259.96,809.06
rsi50,ASIANPAINT,2024-10-22,SHORT,2024-10-22T11:00:00,3030.75,3041.23,3015.03,98,10.48,2024-10-22T11:30:00,3015.03,TARGET,1540.35,1095.98
rsi50,ASIANPAINT,2024-10-23,LONG,2024-10-23T12:00:00,3019.20,3008.53,3035.20,99,10.67,2024-10-23T13:50:00,3020.00,TIME_STOP,79.20,-369.21
rsi50,ASIANPAINT,2024-10-28,LONG,2024-10-28T10:00:00,2985.00,2974.39,3000.92,100,10.61,2024-10-28T10:20:00,3000.92,TARGET,1592.10,1143.16
rsi50,ASIANPAINT,2024-10-30,SHORT,2024-10-30T10:20:00,2976.30,2985.99,2961.77,100,9.69,2024-10-30T10:20:00,2985.99,STOP,-968.83,-1416.00
rsi50,ASIANPAINT,2024-11-06,LONG,2024-11-06T13:50:00,2896.00,2887.15,2909.28,103,8.85,2024-11-06T15:20:00,2898.00,EOD,206.00,-241.59
rsi50,ASIANPAINT,2024-11-07,SHORT,2024-11-07T10:00:00,2864.50,2874.97,2848.80,104,10.47,2024-11-07T10:20:00,2874.97,STOP,-1088.70,-1536.38
rsi50,ASIANPAINT,2024-11-22,LONG,2024-11-22T10:20:00,2453.00,2445.59,2464.11,122,7.41,2024-11-22T10:40:00,2445.59,STOP,-903.70,-1351.92
rsi50,ASIANPAINT,2024-11-25,SHORT,2024-11-25T13:10:00,2464.20,2470.77,2454.34,121,6.57,2024-11-25T13:30:00,2470.77,STOP,-795.49,-1243.34
rsi50,ASIANPAINT,2024-11-28,SHORT,2024-11-28T10:50:00,2477.45,2484.59,2466.74,121,7.14,2024-11-28T11:20:00,2466.74,TARGET,1295.50,846.82
rsi50,ASIANPAINT,2024-11-29,LONG,2024-11-29T10:00:00,2477.75,2471.40,2487.27,121,6.35,2024-11-29T10:10:00,2471.40,STOP,-768.20,-1217.33
rsi50,ASIANPAINT,2024-12-02,LONG,2024-12-02T12:40:00,2483.50,2477.87,2491.95,120,5.63,2024-12-02T12:40:00,2477.87,STOP,-675.64,-1122.16
rsi50,ASIANPAINT,2024-12-03,SHORT,2024-12-03T10:00:00,2472.95,2478.12,2465.19,121,5.17,2024-12-03T10:20:00,2478.12,STOP,-625.58,-1074.89
rsi50,ASIANPAINT,2024-12-06,SHORT,2024-12-06T10:30:00,2442.55,2450.17,2431.12,122,7.62,2024-12-06T12:20:00,2436.20,TIME_STOP,774.70,328.29
rsi50,ASIANPAINT,2024-12-13,LONG,2024-12-13T13:50:00,2397.95,2390.32,2409.39,125,7.63,2024-12-13T15:00:00,2409.39,TARGET,1429.74,979.06
rsi50,ASIANPAINT,2024-12-16,SHORT,2024-12-16T10:40:00,2390.20,2397.26,2379.62,125,7.06,2024-12-16T12:30:00,2393.70,TIME_STOP,-437.50,-885.99
rsi50,ASIANPAINT,2024-12-18,LONG,2024-12-18T12:10:00,2370.20,2364.81,2378.28,126,5.39,2024-12-18T12:30:00,2364.81,STOP,-678.85,-1126.31
rsi50,ASIANPAINT,2024-12-23,LONG,2024-12-23T12:00:00,2295.45,2289.73,2304.03,130,5.72,2024-12-23T12:00:00,2289.73,STOP,-744.02,-1191.07
rsi50,ASIANPAINT,2024-12-24,LONG,2024-12-24T10:20:00,2284.70,2278.97,2293.29,131,5.73,2024-12-24T10:30:00,2293.29,TARGET,1125.53,675.74
rsi50,ASIANPAINT,2024-12-27,LONG,2024-12-27T10:10:00,2280.55,2275.37,2288.32,131,5.18,2024-12-27T11:20:00,2288.32,TARGET,1018.40,569.50
rsi50,ASIANPAINT,2024-12-30,LONG,2024-12-30T11:30:00,2275.50,2270.35,2283.22,131,5.15,2024-12-30T11:30:00,2270.35,STOP,-674.18,-1120.81
rsi50,ASIANPAINT,2025-01-02,LONG,2025-01-02T11:20:00,2314.50,2308.88,2322.92,129,5.62,2025-01-02T12:30:00,2322.92,TARGET,1086.51,637.84
rsi50,ASIANPAINT,2025-01-07,LONG,2025-01-07T10:00:00,2296.40,2288.57,2308.15,130,7.83,2025-01-07T10:50:00,2308.15,TARGET,1527.41,1078.46
rsi50,ASIANPAINT,2025-01-08,LONG,2025-01-08T10:50:00,2300.85,2294.04,2311.07,130,6.81,2025-01-08T10:50:00,2294.04,STOP,-885.84,-1333.84
rsi50,ASIANPAINT,2025-01-24,LONG,2025-01-24T12:00:00,2289.90,2283.11,2300.08,131,6.79,2025-01-24T12:00:00,2283.11,STOP,-889.45,-1338.75
rsi50,ASIANPAINT,2025-01-27,LONG,2025-01-27T11:40:00,2273.55,2265.13,2286.18,131,8.42,2025-01-27T12:30:00,2265.13,STOP,-1103.27,-1549.19
rsi50,ASIANPAINT,2025-01-28,LONG,2025-01-28T11:50:00,2263.50,2255.60,2275.35,132,7.90,2025-01-28T12:30:00,2255.60,STOP,-1042.93,-1490.33
rsi50,ASIANPAINT,2025-01-30,LONG,2025-01-30T12:10:00,2252.20,2245.53,2262.20,133,6.67,2025-01-30T13:50:00,2245.53,STOP,-886.51,-1335.16
rsi50,ASIANPAINT,2025-01-31,SHORT,2025-01-31T10:30:00,2243.50,2251.88,2230.92,133,8.38,2025-01-31T10:40:00,2251.88,STOP,-1115.08,-1563.49
rsi50,ASIANPAINT,2025-02-03,SHORT,2025-02-03T10:20:00,2331.70,2344.75,2312.12,128,13.05,2025-02-03T12:00:00,2312.12,TARGET,2505.68,2059.88
rsi50,ASIANPAINT,2025-02-04,LONG,2025-02-04T11:50:00,2300.20,2289.21,2316.69,130,10.99,2025-02-04T12:20:00,2316.69,TARGET,2143.88,1693.73
rsi50,ASIANPAINT,2025-02-10,SHORT,2025-02-10T12:10:00,2260.05,2267.35,2249.10,132,7.30,2025-02-10T13:50:00,2267.35,STOP,-963.59,-1411.80
rsi50,ASIANPAINT,2025-02-11,SHORT,2025-02-11T10:20:00,2253.45,2260.67,2242.61,133,7.22,2025-02-11T10:50:00,2242.61,TARGET,1441.25,992.76
rsi50,ASIANPAINT,2025-02-12,LONG,2025-02-12T12:40:00,2231.55,2222.27,2245.47,134,9.28,2025-02-12T14:10:00,2222.27,STOP,-1243.34,-1690.95
rsi50,ASIANPAINT,2025-02-19,SHORT,2025-02-19T13:10:00,2235.70,2240.82,2228.03,134,5.12,2025-02-19T13:30:00,2240.82,STOP,-685.48,-1135.37
rsi50,ASIANPAINT,2025-02-20,LONG,2025-02-20T10:20:00,2247.60,2241.84,2256.24,133,5.76,2025-02-20T11:20:00,2256.24,TARGET,1149.33,700.07
rsi50,ASIANPAINT,2025-02-21,SHORT,2025-02-21T10:00:00,2241.95,2247.03,2234.33,133,5.08,2025-02-21T11:00:00,2247.03,STOP,-675.95,-1123.72
rsi50,ASIANPAINT,2025-02-24,LONG,2025-02-24T10:50:00,2256.70,2250.48,2266.03,132,6.22,2025-02-24T12:10:00,2250.48,STOP,-821.18,-1267.39
rsi50,ASIANPAINT,2025-02-25,LONG,2025-02-25T10:00:00,2255.35,2250.48,2262.65,133,4.87,2025-02-25T10:30:00,2250.48,STOP,-647.65,-1097.10
rsi50,ASIANPAINT,2025-03-05,LONG,2025-03-05T11:00:00,2147.65,2140.52,2158.35,139,7.13,2025-03-05T11:10:00,2158.35,TARGET,1487.37,1038.47
rsi50,ASIANPAINT,2025-03-07,SHORT,2025-03-07T13:40:00,2255.70,2260.40,2248.65,132,4.70,2025-03-07T13:40:00,2260.40,STOP,-620.73,-1067.82
rsi50,ASIANPAINT,2025-03-12,SHORT,2025-03-12T10:00:00,2272.00,2277.05,2264.43,132,5.05,2025-03-12T10:00:00,2264.43,TARGET,999.59,550.49
rsi50,ASIANPAINT,2025-03-20,SHORT,2025-03-20T14:10:00,2279.95,2285.84,2271.12,131,5.89,2025-03-20T14:30:00,2285.84,STOP,-771.56,-1220.15
rsi50,ASIANPAINT,2025-03-21,LONG,2025-03-21T10:40:00,2295.25,2288.85,2304.85,130,6.40,2025-03-21T10:40:00,2304.85,TARGET,1247.81,799.30
rsi50,ASIANPAINT,2025-03-27,LONG,2025-03-27T11:20:00,2321.55,2313.86,2333.09,129,7.69,2025-03-27T13:00:00,2333.09,TARGET,1488.61,1038.28
rsi50,ASIANPAINT,2025-03-28,SHORT,2025-03-28T13:00:00,2339.00,2345.61,2329.08,128,6.61,2025-03-28T13:50:00,2329.08,TARGET,1269.28,821.15
rsi50,ASIANPAINT,2025-04-01,SHORT,2025-04-01T10:40:00,2327.35,2336.63,2313.43,128,9.28,2025-04-01T12:30:00,2330.00,TIME_STOP,-339.20,-786.31
rsi50,ASIANPAINT,2025-04-07,SHORT,2025-04-07T10:00:00,2329.85,2349.28,2300.70,128,19.43,2025-04-07T10:50:00,2343.15,REVERSE,-1702.40,-2151.01
rsi50,ASIANPAINT,2025-04-15,LONG,2025-04-15T13:10:00,2412.00,2406.43,2420.35,124,5.57,2025-04-15T15:00:00,2412.80,TIME_STOP,99.20,-349.51
rsi50,ASIANPAINT,2025-04-21,LONG,2025-04-21T12:40:00,2465.20,2459.40,2473.89,121,5.80,2025-04-21T13:00:00,2459.40,STOP,-701.21,-1148.12
rsi50,ASIANPAINT,2025-04-23,SHORT,2025-04-23T11:00:00,2430.40,2437.93,2419.11,123,7.53,2025-04-23T12:40:00,2437.93,STOP,-925.64,-1374.74
rsi50,ASIANPAINT,2025-04-24,SHORT,2025-04-24T12:40:00,2448.00,2455.39,2436.91,122,7.39,2025-04-24T12:50:00,2455.39,STOP,-901.84,-1350.50
rsi50,ASIANPAINT,2025-04-28,LONG,2025-04-28T10:20:00,2445.70,2435.81,2460.53,122,9.89,2025-04-28T10:30:00,2435.81,STOP,-1206.13,-1652.79
rsi50,ASIANPAINT,2025-04-30,LONG,2025-04-30T12:20:00,2457.50,2452.27,2465.35,122,5.23,2025-04-30T12:20:00,2452.27,STOP,-638.56,-1087.80
rsi50,ASIANPAINT,2025-05-06,SHORT,2025-05-06T10:30:00,2407.20,2417.18,2392.23,124,9.98,2025-05-06T12:20:00,2398.10,TIME_STOP,1128.40,681.51
rsi50,ASIANPAINT,2025-05-07,LONG,2025-05-07T13:10:00,2397.50,2389.06,2410.16,125,8.44,2025-05-07T13:20:00,2389.06,STOP,-1054.61,-1503.35
rsi50,ASIANPAINT,2025-05-09,LONG,2025-05-09T12:10:00,2321.30,2309.18,2339.48,129,12.12,2025-05-09T12:10:00,2309.18,STOP,-1563.78,-2011.78
rsi50,ASIANPAINT,2025-05-15,LONG,2025-05-15T11:20:00,2293.00,2286.39,2302.91,130,6.61,2025-05-15T12:20:00,2302.91,TARGET,1288.46,840.36
rsi50,ASIANPAINT,2025-05-19,SHORT,2025-05-19T12:10:00,2340.10,2345.91,2331.38,128,5.81,2025-05-19T12:20:00,2345.91,STOP,-743.80,-1193.66
rsi50,ASIANPAINT,2025-05-26,SHORT,2025-05-26T12:00:00,2316.00,2322.18,2306.73,129,6.18,2025-05-26T12:20:00,2306.73,TARGET,1195.48,748.23
rsi50,ASIANPAINT,2025-06-02,LONG,2025-06-02T13:20:00,2268.60,2264.62,2274.57,132,3.98,2025-06-02T14:30:00,2264.62,STOP,-525.65,-974.44
rsi50,ASIANPAINT,2025-06-03,SHORT,2025-06-03T10:20:00,2264.90,2270.24,2256.89,132,5.34,2025-06-03T10:20:00,2270.24,STOP,-704.83,-1153.81
rsi50,ASIANPAINT,2025-06-04,LONG,2025-06-04T14:10:00,2255.60,2252.54,2260.19,133,3.06,2025-06-04T14:30:00,2252.54,STOP,-406.55,-856.23
rsi50,ASIANPAINT,2025-06-05,SHORT,2025-06-05T10:50:00,2245.90,2250.35,2239.23,133,4.45,2025-06-05T12:20:00,2250.35,STOP,-591.71,-1040.21
rsi50,ASIANPAINT,2025-06-09,LONG,2025-06-09T10:30:00,2248.00,2242.59,2256.11,133,5.41,2025-06-09T12:20:00,2245.70,TIME_STOP,-305.90,-754.15
rsi50,ASIANPAINT,2025-06-11,LONG,2025-06-11T12:10:00,2222.50,2218.47,2228.55,134,4.03,2025-06-11T12:30:00,2218.47,STOP,-540.53,-986.85
rsi50,ASIANPAINT,2025-06-12,SHORT,2025-06-12T13:30:00,2224.50,2231.35,2214.22,134,6.85,2025-06-12T13:40:00,2214.22,TARGET,1377.84,931.74
rsi50,ASIANPAINT,2025-06-18,SHORT,2025-06-18T12:20:00,2264.00,2269.07,2256.40,132,5.07,2025-06-18T13:00:00,2267.40,REVERSE,-448.80,-897.41
rsi50,ASIANPAINT,2025-06-19,SHORT,2025-06-19T13:30:00,2271.70,2275.63,2265.80,132,3.93,2025-06-19T13:40:00,2275.63,STOP,-518.90,-969.08
rsi50,ASIANPAINT,2025-06-20,LONG,2025-06-20T12:00:00,2278.10,2273.36,2285.21,131,4.74,2025-06-20T12:40:00,2273.36,STOP,-621.34,-1068.52
rsi50,ASIANPAINT,2025-06-24,SHORT,2025-06-24T13:50:00,2270.90,2276.91,2261.89,132,6.01,2025-06-24T14:30:00,2276.91,STOP,-792.73,-1242.96
rsi50,ASIANPAINT,2025-06-25,LONG,2025-06-25T10:00:00,2282.50,2276.25,2291.88,131,6.25,2025-06-25T11:50:00,2282.50,TIME_STOP,0.00,-448.51
rsi50,ASIANPAINT,2025-07-01,SHORT,2025-07-01T13:30:00,2352.80,2357.96,2345.07,127,5.16,2025-07-01T14:00:00,2357.96,STOP,-654.81,-1103.50
rsi50,ASIANPAINT,2025-07-02,LONG,2025-07-02T11:00:00,2369.00,2361.34,2380.49,126,7.66,2025-07-02T12:10:00,2380.49,TARGET,1447.54,998.72
rsi50,ASIANPAINT,2025-07-07,SHORT,2025-07-07T13:40:00,2436.90,2442.85,2427.97,123,5.95,2025-07-07T14:30:00,2442.85,STOP,-732.12,-1182.28
rsi50,ASIANPAINT,2025-07-10,SHORT,2025-07-10T10:00:00,2488.40,2495.27,2478.09,120,6.87,2025-07-10T10:00:00,2478.09,TARGET,1237.18,790.20
rsi50,ASIANPAINT,2025-07-23,LONG,2025-07-23T14:10:00,2363.20,2358.94,2369.60,126,4.26,2025-07-23T15:00:00,2369.60,TARGET,806.02,358.77
rsi50,ASIANPAINT,2025-07-28,LONG,2025-07-28T10:20:00,2344.80,2338.29,2354.56,127,6.51,2025-07-28T10:20:00,2354.56,TARGET,1239.69,792.07
rsi50,ASIANPAINT,2025-07-29,SHORT,2025-07-29T10:40:00,2343.00,2350.57,2331.65,128,7.57,2025-07-29T12:30:00,2343.50,TIME_STOP,-64.00,-513.90
rsi50,ASIANPAINT,2025-07-31,SHORT,2025-07-31T10:10:00,2405.70,2413.43,2394.11,124,7.73,2025-07-31T11:50:00,2394.11,TARGET,1437.12,990.74
rsi50,ASIANPAINT,2025-08-07,SHORT,2025-08-07T11:00:00,2475.30,2482.44,2464.59,121,7.14,2025-08-07T12:00:00,2482.44,STOP,-863.67,-1313.59
rsi50,ASIANPAINT,2025-08-08,SHORT,2025-08-08T10:40:00,2485.40,2492.47,2474.80,120,7.07,2025-08-08T11:10:00,2492.47,STOP,-848.17,-1296.18
rsi50,ASIANPAINT,2025-08-11,LONG,2025-08-11T13:10:00,2489.50,2483.44,2498.59,120,6.06,2025-08-11T13:40:00,2498.59,TARGET,1091.34,642.41
rsi50,ASIANPAINT,2025-08-12,SHORT,2025-08-12T11:20:00,2485.90,2492.41,2476.14,120,6.51,2025-08-12T11:20:00,2492.41,STOP,-780.92,-1228.97
rsi50,ASIANPAINT,2025-08-13,LONG,2025-08-13T10:30:00,2489.40,2483.64,2498.04,120,5.76,2025-08-13T12:20:00,2492.60,TIME_STOP,384.00,-64.38
rsi50,ASIANPAINT,2025-08-19,SHORT,2025-08-19T10:40:00,2566.50,2573.27,2556.34,116,6.77,2025-08-19T11:00:00,2573.27,STOP,-785.36,-1232.52
rsi50,ASIANPAINT,2025-08-21,LONG,2025-08-21T13:20:00,2573.80,2570.12,2579.32,116,3.68,2025-08-21T13:30:00,2570.12,STOP,-427.09,-874.61
rsi50,ASIANPAINT,2025-08-26,LONG,2025-08-26T12:40:00,2511.50,2505.62,2520.32,119,5.88,2025-08-26T13:00:00,2520.32,TARGET,1050.08,600.99
rsi50,ASIANPAINT,2025-08-28,LONG,2025-08-28T10:10:00,2519.50,2508.15,2536.52,119,11.35,2025-08-28T11:00:00,2508.15,STOP,-1350.48,-1799.20
rsi50,ASIANPAINT,2025-08-29,SHORT,2025-08-29T10:20:00,2497.30,2506.58,2483.38,120,9.28,2025-08-29T10:20:00,2506.58,STOP,-1113.89,-1564.24
rsi50,ASIANPAINT,2025-09-05,SHORT,2025-09-05T12:00:00,2571.00,2577.98,2560.53,116,6.98,2025-09-05T13:10:00,2577.98,STOP,-809.50,-1257.46
rsi50,ASIANPAINT,2025-09-12,SHORT,2025-09-12T12:40:00,2546.00,2550.28,2539.58,117,4.28,2025-09-12T12:40:00,2539.58,TARGET,750.82,304.56
rsi50,ASIANPAINT,2025-09-19,LONG,2025-09-19T10:20:00,2496.70,2491.01,2505.23,120,5.69,2025-09-19T10:20:00,2491.01,STOP,-682.64,-1131.54
rsi50,ASIANPAINT,2025-09-22,LONG,2025-09-22T11:50:00,2501.00,2495.19,2509.72,119,5.81,2025-09-22T11:50:00,2495.19,STOP,-691.68,-1137.59
rsi50,ASIANPAINT,2025-09-24,LONG,2025-09-24T10:10:00,2464.80,2458.44,2474.33,121,6.36,2025-09-24T10:10:00,2458.44,STOP,-769.01,-1215.79
rsi50,ASIANPAINT,2025-09-30,SHORT,2025-09-30T10:40:00,2347.70,2355.83,2335.51,127,8.13,2025-09-30T12:30:00,2348.60,TIME_STOP,-114.30,-561.62
rsi50,ASIANPAINT,2025-10-06,SHORT,2025-10-06T11:50:00,2340.70,2345.48,2333.52,128,4.78,2025-10-06T13:00:00,2345.48,STOP,-612.35,-1062.23
rsi50,ASIANPAINT,2025-10-09,LONG,2025-10-09T13:30:00,2336.40,2332.20,2342.70,128,4.20,2025-10-09T14:30:00,2332.20,STOP,-537.17,-985.36
rsi50,ASIANPAINT,2025-10-13,SHORT,2025-10-13T11:50:00,2342.10,2347.72,2333.67,128,5.62,2025-10-13T13:20:00,2347.72,STOP,-718.94,-1169.16
rsi50,ASIANPAINT,2025-10-23,SHORT,2025-10-23T14:00:00,2519.70,2525.33,2511.25,119,5.63,2025-10-23T14:30:00,2511.25,TARGET,1005.07,556.05
rsi50,ASIANPAINT,2025-10-30,LONG,2025-10-30T13:30:00,2527.60,2522.86,2534.70,118,4.74,2025-10-30T13:30:00,2522.86,STOP,-558.91,-1005.88
rsi50,ASIANPAINT,2025-10-31,SHORT,2025-10-31T10:10:00,2522.00,2526.97,2514.55,118,4.97,2025-10-31T10:20:00,2514.55,TARGET,879.13,433.40
rsi50,ASIANPAINT,2025-11-04,SHORT,2025-11-04T12:50:00,2500.00,2505.46,2491.81,120,5.46,2025-11-04T13:30:00,2491.81,TARGET,982.40,533.13
rsi50,ASIANPAINT,2025-11-07,SHORT,2025-11-07T10:50:00,2589.70,2596.55,2579.42,115,6.85,2025-11-07T11:00:00,2596.55,STOP,-788.15,-1235.46
rsi50,ASIANPAINT,2025-11-11,LONG,2025-11-11T14:00:00,2645.50,2641.44,2651.58,113,4.06,2025-11-11T14:30:00,2651.58,TARGET,687.56,238.63
rsi50,ASIANPAINT,2025-11-18,LONG,2025-11-18T11:20:00,2896.80,2890.11,2906.84,103,6.69,2025-11-18T11:50:00,2906.84,TARGET,1033.87,585.54
rsi50,ASIANPAINT,2025-11-19,SHORT,2025-11-19T10:30:00,2899.90,2906.81,2889.53,103,6.91,2025-11-19T11:30:00,2906.81,STOP,-712.14,-1160.71
rsi50,ASIANPAINT,2025-11-24,LONG,2025-11-24T10:00:00,2879.10,2872.66,2888.76,104,6.44,2025-11-24T10:10:00,2888.76,TARGET,1004.63,554.74
rsi50,ASIANPAINT,2025-11-25,SHORT,2025-11-25T13:30:00,2884.90,2890.80,2876.04,103,5.90,2025-11-25T15:00:00,2876.04,TARGET,912.17,467.14
rsi50,ASIANPAINT,2025-11-26,LONG,2025-11-26T10:20:00,2889.00,2882.55,2898.67,103,6.45,2025-11-26T10:30:00,2882.55,STOP,-664.11,-1109.96
rsi50,ASIANPAINT,2025-11-27,SHORT,2025-11-27T12:30:00,2877.00,2883.89,2866.67,104,6.89,2025-11-27T14:20:00,2881.00,TIME_STOP,-416.00,-865.12
rsi50,ASIANPAINT,2025-11-28,LONG,2025-11-28T12:20:00,2880.00,2874.48,2888.28,104,5.52,2025-11-28T12:20:00,2874.48,STOP,-574.11,-1022.96
rsi50,ASIANPAINT,2025-12-04,SHORT,2025-12-04T13:00:00,2952.90,2959.47,2943.05,101,6.57,2025-12-04T13:20:00,2959.47,STOP,-663.50,-1111.36
rsi50,ASIANPAINT,2025-12-05,LONG,2025-12-05T13:00:00,2959.40,2955.02,2965.96,101,4.38,2025-12-05T14:20:00,2965.96,TARGET,663.06,214.21
rsi50,ASIANPAINT,2025-12-12,LONG,2025-12-12T10:00:00,2790.70,2783.88,2800.92,107,6.82,2025-12-12T10:00:00,2783.88,STOP,-729.33,-1176.69
rsi50,ASIANPAINT,2025-12-17,SHORT,2025-12-17T11:50:00,2785.80,2791.78,2776.82,107,5.98,2025-12-17T12:20:00,2776.82,TARGET,960.58,514.17
rsi50,ASIANPAINT,2025-12-22,SHORT,2025-12-22T12:40:00,2793.00,2799.53,2783.20,107,6.53,2025-12-22T14:10:00,2799.53,STOP,-698.79,-1147.59
rsi50,ASIANPAINT,2025-12-24,SHORT,2025-12-24T11:30:00,2799.10,2805.91,2788.88,107,6.81,2025-12-24T13:20:00,2788.88,TARGET,1093.46,645.03
rsi50,ASIANPAINT,2025-12-29,LONG,2025-12-29T10:50:00,2760.50,2754.68,2769.24,108,5.82,2025-12-29T10:50:00,2754.68,STOP,-628.93,-1075.66
rsi50,ASIANPAINT,2025-12-30,SHORT,2025-12-30T14:10:00,2760.00,2766.94,2749.59,108,6.94,2025-12-30T15:00:00,2766.94,STOP,-749.25,-1196.93
rsi50,ASIANPAINT,2026-01-01,LONG,2026-01-01T10:30:00,2779.00,2770.65,2791.52,107,8.35,2026-01-01T12:20:00,2778.20,TIME_STOP,-85.60,-531.57
rsi50,ASIANPAINT,2026-01-02,SHORT,2026-01-02T12:00:00,2766.40,2773.42,2755.87,108,7.02,2026-01-02T13:50:00,2765.00,TIME_STOP,151.20,-296.84
rsi50,ASIANPAINT,2026-01-07,SHORT,2026-01-07T12:00:00,2825.70,2832.25,2815.87,106,6.55,2026-01-07T12:40:00,2815.87,TARGET,1042.10,593.60
rsi50,ASIANPAINT,2026-01-09,LONG,2026-01-09T10:30:00,2833.40,2823.63,2848.06,105,9.77,2026-01-09T11:00:00,2823.63,STOP,-1026.30,-1471.79
rsi50,ASIANPAINT,2026-01-13,SHORT,2026-01-13T12:30:00,2872.80,2880.87,2860.69,104,8.07,2026-01-13T12:30:00,2880.87,STOP,-839.53,-1288.32
rsi50,ASIANPAINT,2026-01-30,LONG,2026-01-30T12:40:00,2431.10,2422.21,2444.43,123,8.89,2026-01-30T12:50:00,2444.43,TARGET,1639.71,1189.94
rsi50,ASIANPAINT,2026-02-03,SHORT,2026-02-03T11:30:00,2408.00,2423.23,2385.15,124,15.23,2026-02-03T11:30:00,2413.30,REVERSE,-657.20,-1105.58
rsi50,ASIANPAINT,2026-02-05,LONG,2026-02-05T14:10:00,2430.10,2424.95,2437.82,123,5.15,2026-02-05T14:40:00,2437.82,TARGET,949.54,500.48
rsi50,ASIANPAINT,2026-02-10,SHORT,2026-02-10T11:30:00,2395.30,2400.84,2386.99,125,5.54,2026-02-10T12:10:00,2400.84,STOP,-692.51,-1142.15
rsi50,ASIANPAINT,2026-02-12,SHORT,2026-02-12T10:00:00,2381.10,2388.82,2369.52,125,7.72,2026-02-12T10:40:00,2388.82,STOP,-965.04,-1412.22
rsi50,ASIANPAINT,2026-02-13,SHORT,2026-02-13T10:30:00,2397.60,2403.59,2388.61,125,5.99,2026-02-13T10:40:00,2403.59,STOP,-749.22,-1199.34
rsi50,ASIANPAINT,2026-02-16,LONG,2026-02-16T12:20:00,2380.90,2374.96,2389.81,126,5.94,2026-02-16T12:20:00,2389.81,TARGET,1122.47,671.63
rsi50,ASIANPAINT,2026-02-20,LONG,2026-02-20T10:50:00,2413.70,2405.90,2425.40,124,7.80,2026-02-20T11:40:00,2425.40,TARGET,1451.36,1001.33
rsi50,ASIANPAINT,2026-02-24,SHORT,2026-02-24T10:40:00,2423.00,2430.39,2411.91,123,7.39,2026-02-24T11:20:00,2411.91,TARGET,1363.65,917.63
rsi50,ASIANPAINT,2026-02-27,LONG,2026-02-27T13:50:00,2380.00,2374.47,2388.29,126,5.53,2026-02-27T14:00:00,2388.29,TARGET,1044.33,593.73
rsi50,ASIANPAINT,2026-03-06,SHORT,2026-03-06T10:00:00,2272.70,2280.79,2260.57,132,8.09,2026-03-06T10:20:00,2279.50,REVERSE,-897.60,-1348.27
rsi50,ASIANPAINT,2026-03-11,SHORT,2026-03-11T11:50:00,2268.90,2277.05,2256.68,132,8.15,2026-03-11T12:30:00,2256.68,TARGET,1612.74,1164.71
rsi50,ASIANPAINT,2026-03-12,LONG,2026-03-12T11:50:00,2247.70,2239.57,2259.89,133,8.13,2026-03-12T11:50:00,2239.57,STOP,-1080.78,-1528.38
rsi50,JSWSTEEL,2024-03-19,SHORT,2024-03-19T11:10:00,796.90,800.84,790.98,376,3.94,2024-03-19T12:00:00,800.84,STOP,-1483.04,-1933.60
rsi50,JSWSTEEL,2024-03-26,SHORT,2024-03-26T10:30:00,821.15,824.99,815.39,365,3.84,2024-03-26T12:20:00,823.20,TIME_STOP,-748.25,-1198.39
rsi50,JSWSTEEL,2024-03-27,LONG,2024-03-27T12:00:00,824.00,821.76,827.36,364,2.24,2024-03-27T13:10:00,827.36,TARGET,1222.02,771.20
rsi50,JSWSTEEL,2024-03-28,LONG,2024-03-28T10:20:00,828.35,825.10,833.22,362,3.25,2024-03-28T11:10:00,833.22,TARGET,1764.55,1313.43
rsi50,JSWSTEEL,2024-04-02,SHORT,2024-04-02T10:40:00,865.65,869.14,860.42,346,3.49,2024-04-02T11:40:00,869.14,STOP,-1207.43,-1657.61
rsi50,JSWSTEEL,2024-04-03,SHORT,2024-04-03T11:00:00,868.50,872.24,862.89,345,3.74,2024-04-03T11:10:00,872.24,STOP,-1289.40,-1739.82
rsi50,JSWSTEEL,2024-04-05,LONG,2024-04-05T13:00:00,862.50,859.31,867.29,347,3.19,2024-04-05T13:50:00,859.31,STOP,-1108.26,-1556.36
rsi50,JSWSTEEL,2024-04-10,SHORT,2024-04-10T12:00:00,878.85,882.35,873.61,341,3.50,2024-04-10T12:00:00,880.00,REVERSE,-392.15,-841.98
rsi50,JSWSTEEL,2024-04-15,LONG,2024-04-15T10:50:00,880.70,876.18,887.48,340,4.52,2024-04-15T10:50:00,876.18,STOP,-1537.50,-1985.50
rsi50,JSWSTEEL,2024-04-19,LONG,2024-04-19T13:10:00,852.10,848.55,857.43,352,3.55,2024-04-19T14:00:00,857.43,TARGET,1876.67,1425.35
rsi50,JSWSTEEL,2024-04-22,SHORT,2024-04-22T13:30:00,856.40,858.71,852.93,350,2.31,2024-04-22T13:50:00,858.71,STOP,-810.18,-1260.40
rsi50,JSWSTEEL,2024-04-23,LONG,2024-04-23T10:30:00,864.05,861.08,868.50,347,2.97,2024-04-23T10:30:00,861.08,STOP,-1029.87,-1478.84
rsi50,JSWSTEEL,2024-04-26,SHORT,2024-04-26T14:00:00,891.45,895.01,886.12,336,3.56,2024-04-26T15:00:00,886.12,TARGET,1792.08,1344.14
rsi50,JSWSTEEL,2024-04-29,LONG,2024-04-29T10:30:00,898.50,894.31,904.79,333,4.19,2024-04-29T11:00:00,894.31,STOP,-1396.38,-1844.13
rsi50,JSWSTEEL,2024-04-30,SHORT,2024-04-30T10:10:00,891.40,894.71,886.44,336,3.31,2024-04-30T11:10:00,886.44,TARGET,1666.09,1218.07
rsi50,JSWSTEEL,2024-05-03,SHORT,2024-05-03T11:30:00,884.50,888.42,878.62,339,3.92,2024-05-03T11:50:00,878.62,TARGET,1992.50,1544.23
rsi50,JSWSTEEL,2024-05-08,LONG,2024-05-08T10:10:00,864.70,860.79,870.56,346,3.91,2024-05-08T10:30:00,860.79,STOP,-1352.42,-1800.19
rsi50,JSWSTEEL,2024-05-13,LONG,2024-05-13T11:40:00,847.00,842.55,853.67,354,4.45,2024-05-13T13:10:00,853.67,TARGET,2361.65,1910.12
rsi50,JSWSTEEL,2024-05-15,SHORT,2024-05-15T10:20:00,868.60,872.43,862.85,345,3.83,2024-05-15T11:00:00,872.43,STOP,-1321.61,-1772.11
rsi50,JSWSTEEL,2024-05-16,LONG,2024-05-16T12:20:00,875.75,872.44,880.72,342,3.31,2024-05-16T12:30:00,872.44,STOP,-1132.38,-1580.79
rsi50,JSWSTEEL,2024-05-22,SHORT,2024-05-22T10:00:00,911.80,917.02,903.98,329,5.22,2024-05-22T10:30:00,917.02,STOP,-1715.96,-2167.22
rsi50,JSWSTEEL,2024-05-23,LONG,2024-05-23T13:00:00,914.70,910.76,920.61,327,3.94,2024-05-23T13:20:00,910.76,STOP,-1289.26,-1736.95
rsi50,JSWSTEEL,2024-05-28,LONG,2024-05-28T13:20:00,908.15,905.58,912.01,330,2.57,2024-05-28T13:30:00,912.01,TARGET,1273.72,823.23
rsi50,JSWSTEEL,2024-05-29,LONG,2024-05-29T13:00:00,908.90,906.25,912.87,330,2.65,2024-05-29T14:00:00,906.25,STOP,-873.35,-1322.60
rsi50,JSWSTEEL,2024-05-31,SHORT,2024-05-31T11:00:00,883.15,886.76,877.74,339,3.61,2024-05-31T11:10:00,886.76,STOP,-1223.72,-1673.72
rsi50,JSWSTEEL,2024-06-04,LONG,2024-06-04T10:00:00,900.85,893.92,911.24,333,6.93,2024-06-04T10:20:00,893.92,STOP,-2306.66,-2754.90
rsi50,JSWSTEEL,2024-06-05,LONG,2024-06-05T12:10:00,857.35,848.66,870.38,287,8.69,2024-06-05T12:50:00,848.66,STOP,-2493.33,-2860.54
rsi50,JSWSTEEL,2024-06-13,LONG,2024-06-13T13:00:00,918.25,915.61,922.22,326,2.64,2024-06-13T13:50:00,915.61,STOP,-861.90,-1310.28
rsi50,JSWSTEEL,2024-06-14,LONG,2024-06-14T12:10:00,915.80,913.47,919.30,327,2.33,2024-06-14T12:20:00,919.30,TARGET,1145.09,695.03
rsi50,JSWSTEEL,2024-06-18,SHORT,2024-06-18T11:00:00,917.10,920.30,912.30,327,3.20,2024-06-18T11:10:00,920.30,STOP,-1045.68,-1496.30
rsi50,JSWSTEEL,2024-06-20,LONG,2024-06-20T10:50:00,924.30,921.25,928.87,324,3.05,2024-06-20T12:00:00,928.87,TARGET,1481.96,1031.64
rsi50,JSWSTEEL,2024-06-21,SHORT,2024-06-21T12:30:00,931.05,934.05,926.55,322,3.00,2024-06-21T12:40:00,926.55,TARGET,1449.98,1001.37
rsi50,JSWSTEEL,2024-06-24,LONG,2024-06-24T11:40:00,935.90,932.37,941.19,320,3.53,2024-06-24T12:10:00,941.19,TARGET,1692.17,1241.67
rsi50,JSWSTEEL,2024-06-25,LONG,2024-06-25T14:10:00,935.15,932.95,938.45,320,2.20,2024-06-25T14:10:00,932.95,STOP,-703.52,-1151.87
rsi50,JSWSTEEL,2024-07-02,SHORT,2024-07-02T13:10:00,942.00,944.75,937.88,318,2.75,2024-07-02T14:30:00,937.88,TARGET,1310.50,862.15
rsi50,JSWSTEEL,2024-07-03,LONG,2024-07-03T10:20:00,943.65,941.05,947.54,317,2.60,2024-07-03T12:10:00,943.40,TIME_STOP,-79.25,-527.90
rsi50,JSWSTEEL,2024-07-04,SHORT,2024-07-04T13:30:00,948.20,950.33,945.00,316,2.13,2024-07-04T13:50:00,945.00,TARGET,1010.24,561.55
rsi50,JSWSTEEL,2024-07-11,SHORT,2024-07-11T10:30:00,923.15,926.50,918.13,324,3.35,2024-07-11T12:00:00,918.13,TARGET,1627.72,1180.29
rsi50,JSWSTEEL,2024-07-15,SHORT,2024-07-15T12:00:00,932.15,935.05,927.80,321,2.90,2024-07-15T13:50:00,930.00,TIME_STOP,690.15,241.84
rsi50,JSWSTEEL,2024-07-16,SHORT,2024-07-16T13:50:00,932.25,934.34,929.12,321,2.09,2024-07-16T14:20:00,934.34,STOP,-670.08,-1119.46
rsi50,JSWSTEEL,2024-07-24,SHORT,2024-07-24T10:40:00,885.05,888.86,879.33,338,3.81,2024-07-24T11:40:00,888.86,STOP,-1289.44,-1739.12
rsi50,JSWSTEEL,2024-07-25,LONG,2024-07-25T14:00:00,876.80,874.33,880.51,342,2.47,2024-07-25T14:30:00,874.33,STOP,-845.77,-1294.94
rsi50,JSWSTEEL,2024-08-01,SHORT,2024-08-01T13:30:00,928.85,932.64,923.16,322,3.79,2024-08-01T14:00:00,932.64,STOP,-1220.41,-1669.96
rsi50,JSWSTEEL,2024-08-08,LONG,2024-08-08T12:50:00,902.70,899.36,907.70,332,3.34,2024-08-08T13:00:00,899.36,STOP,-1107.30,-1556.02
rsi50,JSWSTEEL,2024-08-09,LONG,2024-08-09T11:00:00,896.45,893.04,901.56,334,3.41,2024-08-09T11:20:00,901.56,TARGET,1708.20,1257.80
rsi50,JSWSTEEL,2024-08-13,SHORT,2024-08-13T10:00:00,917.25,920.76,911.99,327,3.51,2024-08-13T10:00:00,919.50,REVERSE,-735.75,-1186.21
rsi50,JSWSTEEL,2024-08-27,SHORT,2024-08-27T12:00:00,948.45,951.64,943.66,316,3.19,2024-08-27T13:00:00,951.64,STOP,-1008.98,-1459.30
rsi50,JSWSTEEL,2024-08-28,LONG,2024-08-28T12:30:00,946.90,943.71,951.68,316,3.19,2024-08-28T14:20:00,949.80,TIME_STOP,916.40,466.88
rsi50,JSWSTEEL,2024-08-29,SHORT,2024-08-29T11:00:00,942.35,945.33,937.88,318,2.98,2024-08-29T12:10:00,937.88,TARGET,1422.62,974.18
rsi50,JSWSTEEL,2024-09-02,SHORT,2024-09-02T13:30:00,941.40,944.01,937.48,318,2.61,2024-09-02T14:00:00,937.48,TARGET,1245.70,797.58
rsi50,JSWSTEEL,2024-09-04,LONG,2024-09-04T13:40:00,928.05,924.95,932.70,323,3.10,2024-09-04T15:00:00,932.70,TARGET,1503.56,1052.79
rsi50,JSWSTEEL,2024-09-05,SHORT,2024-09-05T12:50:00,932.95,935.58,929.00,321,2.63,2024-09-05T13:00:00,929.00,TARGET,1268.21,819.95
rsi50,JSWSTEEL,2024-09-06,LONG,2024-09-06T12:10:00,930.70,927.16,936.01,322,3.54,2024-09-06T12:30:00,936.01,TARGET,1710.97,1260.16
rsi50,JSWSTEEL,2024-09-09,SHORT,2024-09-09T10:40:00,926.35,930.54,920.06,323,4.19,2024-09-09T10:40:00,930.54,STOP,-1354.65,-1804.49
rsi50,JSWSTEEL,2024-09-11,LONG,2024-09-11T12:20:00,938.85,936.08,943.00,319,2.77,2024-09-11T12:50:00,936.08,STOP,-882.26,-1330.84
rsi50,JSWSTEEL,2024-09-12,LONG,2024-09-12T10:10:00,936.25,931.85,942.85,320,4.40,2024-09-12T10:20:00,931.85,STOP,-1408.82,-1857.16
rsi50,JSWSTEEL,2024-09-17,SHORT,2024-09-17T10:20:00,963.40,966.57,958.65,311,3.17,2024-09-17T10:50:00,966.57,STOP,-985.54,-1435.71
rsi50,JSWSTEEL,2024-09-18,LONG,2024-09-18T10:20:00,967.90,965.22,971.92,309,2.68,2024-09-18T10:30:00,965.22,STOP,-828.99,-1276.99
rsi50,JSWSTEEL,2024-09-26,LONG,2024-09-26T10:10:00,982.90,979.87,987.45,305,3.03,2024-09-26T10:10:00,987.45,TARGET,1386.38,935.66
rsi50,JSWSTEEL,2024-09-27,SHORT,2024-09-27T13:10:00,1001.45,1004.81,996.41,299,3.36,2024-09-27T13:30:00,1004.81,STOP,-1003.82,-1453.72
rsi50,JSWSTEEL,2024-10-04,LONG,2024-10-04T10:20:00,1043.30,1037.64,1051.79,287,5.66,2024-10-04T11:10:00,1051.79,TARGET,2436.95,1985.98
rsi50,JSWSTEEL,2024-10-10,SHORT,2024-10-10T11:50:00,998.10,1001.47,993.04,300,3.37,2024-10-10T13:00:00,1001.47,STOP,-1012.24,-1462.15
rsi50,JSWSTEEL,2024-10-11,SHORT,2024-10-11T13:50:00,1009.05,1011.71,1005.06,297,2.66,2024-10-11T14:40:00,1011.71,STOP,-789.75,-1239.87
rsi50,JSWSTEEL,2024-10-14,SHORT,2024-10-14T13:10:00,1012.95,1016.37,1007.82,296,3.42,2024-10-14T15:00:00,1012.15,TIME_STOP,236.80,-212.77
rsi50,JSWSTEEL,2024-10-18,LONG,2024-10-18T11:50:00,992.20,988.31,998.03,302,3.89,2024-10-18T12:30:00,998.03,TARGET,1760.85,1310.06
rsi50,JSWSTEEL,2024-10-21,SHORT,2024-10-21T10:00:00,986.85,991.07,980.53,303,4.22,2024-10-21T10:10:00,991.07,STOP,-1277.29,-1726.78
rsi50,JSWSTEEL,2024-10-24,LONG,2024-10-24T13:20:00,960.25,957.40,964.52,312,2.85,2024-10-24T14:00:00,957.40,STOP,-887.95,-1336.68
rsi50,JSWSTEEL,2024-10-28,LONG,2024-10-28T10:50:00,967.25,960.65,977.15,310,6.60,2024-10-28T12:40:00,968.65,TIME_STOP,434.00,-16.10
rsi50,JSWSTEEL,2024-10-31,LONG,2024-10-31T11:10:00,963.75,960.67,968.38,311,3.08,2024-10-31T11:40:00,960.67,STOP,-959.32,-1408.19
rsi50,JSWSTEEL,2024-11-04,SHORT,2024-11-04T10:10:00,957.10,961.03,951.21,313,3.93,2024-11-04T10:30:00,951.21,TARGET,1843.86,1395.89
rsi50,JSWSTEEL,2024-11-07,SHORT,2024-11-07T11:20:00,998.20,1002.86,991.20,300,4.66,2024-11-07T12:00:00,991.20,TARGET,2098.52,1650.90
rsi50,JSWSTEEL,2024-11-11,SHORT,2024-11-11T10:30:00,986.90,991.87,979.45,303,4.97,2024-11-11T10:30:00,991.87,STOP,-1504.58,-1954.26
rsi50,JSWSTEEL,2024-11-14,LONG,2024-11-14T10:10:00,947.15,942.32,954.39,316,4.83,2024-11-14T10:50:00,942.32,STOP,-1524.79,-1972.60
rsi50,JSWSTEEL,2024-11-21,LONG,2024-11-21T13:10:00,949.45,945.91,954.76,315,3.54,2024-11-21T13:20:00,945.91,STOP,-1115.52,-1563.30
rsi50,JSWSTEEL,2024-11-25,SHORT,2024-11-25T10:20:00,955.10,961.04,946.19,314,5.94,2024-11-25T11:10:00,961.04,STOP,-1865.45,-2316.71
rsi50,JSWSTEEL,2024-11-28,SHORT,2024-11-28T11:40:00,962.70,965.96,957.81,311,3.26,2024-11-28T12:00:00,965.96,STOP,-1013.03,-1462.89
rsi50,JSWSTEEL,2024-11-29,LONG,2024-11-29T10:50:00,963.70,959.49,970.01,311,4.21,2024-11-29T11:30:00,970.01,TARGET,1961.97,1510.93
rsi50,JSWSTEEL,2024-12-05,LONG,2024-12-05T12:50:00,992.55,988.82,998.15,302,3.73,2024-12-05T13:30:00,998.15,TARGET,1690.65,1239.76
rsi50,JSWSTEEL,2024-12-09,SHORT,2024-12-09T10:10:00,999.20,1002.82,993.77,300,3.62,2024-12-09T12:00:00,997.05,TIME_STOP,645.00,195.84
rsi50,JSWSTEEL,2024-12-10,SHORT,2024-12-10T13:00:00,1011.10,1014.29,1006.31,296,3.19,2024-12-10T14:50:00,1011.35,TIME_STOP,-74.00,-522.98
rsi50,JSWSTEEL,2024-12-11,SHORT,2024-12-11T11:40:00,1010.50,1013.82,1005.52,296,3.32,2024-12-11T11:50:00,1013.82,STOP,-983.66,-1433.06
rsi50,JSWSTEEL,2024-12-13,LONG,2024-12-13T13:40:00,994.80,990.58,1001.13,301,4.22,2024-12-13T15:00:00,1001.13,TARGET,1906.50,1455.92
rsi50,JSWSTEEL,2024-12-16,SHORT,2024-12-16T10:00:00,989.15,993.81,982.16,303,4.66,2024-12-16T11:50:00,987.10,TIME_STOP,621.15,172.05
rsi50,JSWSTEEL,2024-12-23,LONG,2024-12-23T10:00:00,937.20,932.50,944.25,320,4.70,2024-12-23T10:40:00,944.25,TARGET,2256.21,1804.66
rsi50,JSWSTEEL,2024-12-27,LONG,2024-12-27T10:20:00,923.80,921.19,927.72,324,2.61,2024-12-27T10:50:00,921.19,STOP,-845.95,-1294.28
rsi50,JSWSTEEL,2024-12-31,LONG,2024-12-31T14:00:00,903.20,900.93,906.61,332,2.27,2024-12-31T14:30:00,900.93,STOP,-754.70,-1203.93
rsi50,JSWSTEEL,2025-01-01,LONG,2025-01-01T11:10:00,908.00,904.68,912.98,330,3.32,2025-01-01T11:30:00,904.68,STOP,-1095.63,-1544.27
rsi50,JSWSTEEL,2025-01-02,SHORT,2025-01-02T10:20:00,902.60,905.46,898.30,332,2.86,2025-01-02T11:00:00,905.46,STOP,-950.96,-1401.17
rsi50,JSWSTEEL,2025-01-07,LONG,2025-01-07T10:00:00,907.05,902.87,913.32,330,4.18,2025-01-07T11:50:00,910.90,TIME_STOP,1270.50,820.56
rsi50,JSWSTEEL,2025-01-09,SHORT,2025-01-09T10:10:00,900.20,903.57,895.15,333,3.37,2025-01-09T11:00:00,895.15,TARGET,1681.44,1233.06
rsi50,JSWSTEEL,2025-01-10,LONG,2025-01-10T11:40:00,897.65,894.01,903.12,334,3.64,2025-01-10T13:30:00,903.12,TARGET,1825.50,1374.41
rsi50,JSWSTEEL,2025-01-15,SHORT,2025-01-15T13:30:00,905.10,907.61,901.34,331,2.51,2025-01-15T13:50:00,907.61,STOP,-829.53,-1279.53
rsi50,JSWSTEEL,2025-01-16,SHORT,2025-01-16T10:50:00,903.10,905.98,898.78,332,2.88,2025-01-16T11:30:00,905.98,STOP,-956.17,-1406.63
rsi50,JSWSTEEL,2025-01-20,LONG,2025-01-20T10:50:00,913.00,910.17,917.24,328,2.83,2025-01-20T11:00:00,917.24,TARGET,1390.10,939.86
rsi50,JSWSTEEL,2025-01-22,SHORT,2025-01-22T12:00:00,918.60,921.73,913.90,326,3.13,2025-01-22T12:00:00,913.90,TARGET,1532.60,1084.55
rsi50,JSWSTEEL,2025-01-24,SHORT,2025-01-24T14:10:00,936.50,940.45,930.57,320,3.95,2025-01-24T14:20:00,930.57,TARGET,1897.63,1449.54
rsi50,JSWSTEEL,2025-01-28,LONG,2025-01-28T12:20:00,916.75,913.39,921.79,327,3.36,2025-01-28T12:40:00,913.39,STOP,-1099.01,-1547.85
rsi50,JSWSTEEL,2025-01-31,SHORT,2025-01-31T14:10:00,945.90,949.11,941.09,317,3.21,2025-01-31T14:10:00,941.09,TARGET,1525.70,1077.07
rsi50,JSWSTEEL,2025-02-01,LONG,2025-02-01T10:50:00,951.40,947.78,956.83,315,3.62,2025-02-01T10:50:00,947.78,STOP,-1139.59,-1588.27
rsi50,JSWSTEEL,2025-02-11,SHORT,2025-02-11T13:10:00,956.40,959.90,951.15,313,3.50,2025-02-11T14:00:00,951.15,TARGET,1644.74,1196.94
rsi50,JSWSTEEL,2025-02-12,LONG,2025-02-12T12:20:00,958.65,953.69,966.09,312,4.96,2025-02-12T13:50:00,953.69,STOP,-1546.77,-1994.26
rsi50,JSWSTEEL,2025-02-19,SHORT,2025-02-19T12:50:00,974.00,976.73,969.91,308,2.73,2025-02-19T13:40:00,976.73,STOP,-839.34,-1289.96
rsi50,JSWSTEEL,2025-02-21,SHORT,2025-02-21T10:20:00,977.40,980.58,972.63,306,3.18,2025-02-21T10:30:00,980.58,STOP,-973.19,-1422.55
rsi50,JSWSTEEL,2025-02-25,SHORT,2025-02-25T10:40:00,966.55,970.12,961.19,310,3.57,2025-02-25T10:40:00,967.35,REVERSE,-248.00,-697.63
rsi50,JSWSTEEL,2025-02-27,SHORT,2025-02-27T12:50:00,962.50,965.33,958.25,311,2.83,2025-02-27T12:50:00,965.33,STOP,-880.75,-1330.42
rsi50,JSWSTEEL,2025-03-04,SHORT,2025-03-04T13:00:00,969.45,972.30,965.17,309,2.85,2025-03-04T13:10:00,972.30,STOP,-881.94,-1331.94
rsi50,JSWSTEEL,2025-03-07,SHORT,2025-03-07T13:00:00,1010.30,1013.15,1006.02,296,2.85,2025-03-07T14:30:00,1013.15,STOP,-844.44,-1293.65
rsi50,JSWSTEEL,2025-03-11,LONG,2025-03-11T10:40:00,1013.15,1009.56,1018.53,296,3.59,2025-03-11T12:30:00,1014.95,TIME_STOP,532.80,82.56
rsi50,JSWSTEEL,2025-03-12,SHORT,2025-03-12T10:00:00,1009.05,1012.22,1004.30,297,3.17,2025-03-12T10:50:00,1004.30,TARGET,1410.94,962.47
rsi50,JSWSTEEL,2025-03-13,SHORT,2025-03-13T11:50:00,1004.40,1007.45,999.83,298,3.05,2025-03-13T13:40:00,1004.65,TIME_STOP,-74.50,-523.52
rsi50,JSWSTEEL,2025-03-17,SHORT,2025-03-17T11:00:00,1003.45,1006.26,999.24,298,2.81,2025-03-17T11:40:00,1006.26,STOP,-836.89,-1286.06
rsi50,JSWSTEEL,2025-03-24,SHORT,2025-03-24T12:20:00,1059.80,1063.41,1054.39,283,3.61,2025-03-24T13:20:00,1063.41,STOP,-1021.32,-1471.97
rsi50,JSWSTEEL,2025-03-25,LONG,2025-03-25T10:00:00,1065.90,1062.02,1071.73,281,3.88,2025-03-25T10:40:00,1062.02,STOP,-1091.25,-1539.71
rsi50,JSWSTEEL,2025-03-27,LONG,2025-03-27T13:00:00,1065.60,1062.56,1070.16,281,3.04,2025-03-27T13:30:00,1062.56,STOP,-853.75,-1302.26
rsi50,JSWSTEEL,2025-03-28,LONG,2025-03-28T11:20:00,1062.60,1059.60,1067.10,282,3.00,2025-03-28T12:10:00,1067.10,TARGET,1268.91,818.48
rsi50,JSWSTEEL,2025-04-01,SHORT,2025-04-01T11:30:00,1060.70,1064.21,1055.44,282,3.51,2025-04-01T13:20:00,1059.90,TIME_STOP,225.60,-222.91
rsi50,JSWSTEEL,2025-04-09,SHORT,2025-04-09T10:10:00,946.90,951.45,940.07,316,4.55,2025-04-09T11:40:00,951.45,STOP,-1439.35,-1889.26
rsi50,JSWSTEEL,2025-04-16,SHORT,2025-04-16T10:40:00,995.30,998.51,990.48,301,3.21,2025-04-16T12:20:00,998.51,STOP,-967.48,-1417.59
rsi50,JSWSTEEL,2025-04-17,LONG,2025-04-17T12:20:00,1001.50,997.22,1007.92,299,4.28,2025-04-17T14:10:00,1003.00,TIME_STOP,448.50,-1.01
rsi50,JSWSTEEL,2025-04-23,SHORT,2025-04-23T10:00:00,1041.40,1045.45,1035.33,288,4.05,2025-04-23T10:10:00,1035.33,TARGET,1749.58,1301.01
rsi50,JSWSTEEL,2025-04-24,LONG,2025-04-24T12:40:00,1039.50,1036.59,1043.86,288,2.91,2025-04-24T14:00:00,1043.86,TARGET,1255.67,805.67
rsi50,JSWSTEEL,2025-04-25,SHORT,2025-04-25T10:20:00,1030.60,1035.25,1023.63,291,4.65,2025-04-25T10:50:00,1023.63,TARGET,2029.51,1581.18
rsi50,JSWSTEEL,2025-04-28,LONG,2025-04-28T10:00:00,1036.80,1032.04,1043.94,289,4.76,2025-04-28T10:10:00,1043.94,TARGET,2064.87,1613.87
rsi50,JSWSTEEL,2025-04-29,SHORT,2025-04-29T12:10:00,1045.50,1049.70,1039.19,286,4.20,2025-04-29T12:20:00,1039.19,TARGET,1803.40,1356.23
rsi50,JSWSTEEL,2025-05-09,LONG,2025-05-09T12:20:00,958.30,954.03,964.70,313,4.27,2025-05-09T12:20:00,954.03,STOP,-1336.26,-1785.18
rsi50,JSWSTEEL,2025-05-14,SHORT,2025-05-14T12:10:00,995.70,999.03,990.70,301,3.33,2025-05-14T12:50:00,990.70,TARGET,1505.01,1056.58
rsi50,JSWSTEEL,2025-05-16,SHORT,2025-05-16T12:00:00,1025.70,1029.29,1020.32,292,3.59,2025-05-16T13:50:00,1023.40,TIME_STOP,671.60,222.85
rsi50,JSWSTEEL,2025-05-19,LONG,2025-05-19T10:00:00,1026.70,1023.34,1031.73,292,3.36,2025-05-19T10:30:00,1023.34,STOP,-980.05,-1429.01
rsi50,JSWSTEEL,2025-05-20,SHORT,2025-05-20T13:00:00,1020.90,1023.90,1016.41,293,3.00,2025-05-20T14:20:00,1016.41,TARGET,1316.69,869.00
rsi50,JSWSTEEL,2025-05-26,SHORT,2025-05-26T10:00:00,1006.40,1010.87,999.69,298,4.47,2025-05-26T10:00:00,1010.87,STOP,-1332.25,-1783.11
rsi50,JSWSTEEL,2025-05-27,SHORT,2025-05-27T13:00:00,1019.90,1023.24,1014.90,294,3.34,2025-05-27T14:00:00,1014.90,TARGET,1471.04,1022.36
rsi50,JSWSTEEL,2025-06-03,LONG,2025-06-03T11:40:00,980.00,976.64,985.05,306,3.36,2025-06-03T11:40:00,976.64,STOP,-1029.68,-1478.72
rsi50,JSWSTEEL,2025-06-04,LONG,2025-06-04T10:50:00,978.00,974.64,983.05,306,3.36,2025-06-04T10:50:00,974.64,STOP,-1029.26,-1477.39
rsi50,JSWSTEEL,2025-06-05,SHORT,2025-06-05T11:20:00,967.15,970.20,962.58,310,3.05,2025-06-05T12:00:00,970.20,STOP,-944.65,-1395.09
rsi50,JSWSTEEL,2025-06-10,SHORT,2025-06-10T12:10:00,1006.30,1009.39,1001.66,298,3.09,2025-06-10T12:20:00,1001.66,TARGET,1383.06,934.28
rsi50,JSWSTEEL,2025-06-11,SHORT,2025-06-11T13:50:00,1008.50,1010.42,1005.62,297,1.92,2025-06-11T15:20:00,1006.50,EOD,594.00,145.16
rsi50,JSWSTEEL,2025-06-16,LONG,2025-06-16T10:40:00,993.45,989.93,998.73,301,3.52,2025-06-16T11:30:00,998.73,TARGET,1590.10,1140.37
rsi50,JSWSTEEL,2025-06-17,SHORT,2025-06-17T13:10:00,998.95,1001.25,995.50,300,2.30,2025-06-17T14:00:00,1001.25,STOP,-690.76,-1140.81
rsi50,JSWSTEEL,2025-06-19,LONG,2025-06-19T10:10:00,992.00,989.22,996.18,302,2.78,2025-06-19T12:00:00,992.70,TIME_STOP,211.40,-238.13
rsi50,JSWSTEEL,2025-06-23,LONG,2025-06-23T13:00:00,1000.25,997.07,1005.01,299,3.18,2025-06-23T14:50:00,999.30,TIME_STOP,-284.05,-732.45
rsi50,JSWSTEEL,2025-06-25,LONG,2025-06-25T10:10:00,1015.00,1011.55,1020.17,295,3.45,2025-06-25T12:00:00,1015.80,TIME_STOP,236.00,-213.31
rsi50,JSWSTEEL,2025-06-26,SHORT,2025-06-26T11:40:00,1020.00,1023.87,1014.20,294,3.87,2025-06-26T12:50:00,1023.87,STOP,-1137.74,-1588.42
rsi50,JSWSTEEL,2025-06-27,SHORT,2025-06-27T12:00:00,1026.00,1029.07,1021.39,292,3.07,2025-06-27T12:20:00,1029.07,STOP,-896.75,-1346.81
rsi50,JSWSTEEL,2025-07-01,LONG,2025-07-01T12:50:00,1027.40,1024.36,1031.96,291,3.04,2025-07-01T14:40:00,1028.00,TIME_STOP,174.60,-273.99
rsi50,JSWSTEEL,2025-07-03,SHORT,2025-07-03T13:10:00,1053.30,1055.93,1049.36,284,2.63,2025-07-03T13:50:00,1049.36,TARGET,1119.79,671.92
rsi50,JSWSTEEL,2025-07-07,SHORT,2025-07-07T13:20:00,1039.60,1041.79,1036.31,288,2.19,2025-07-07T13:30:00,1041.79,STOP,-631.17,-1080.75
rsi50,JSWSTEEL,2025-07-09,LONG,2025-07-09T11:00:00,1044.20,1040.93,1049.10,287,3.27,2025-07-09T12:00:00,1040.93,STOP,-937.41,-1386.24
rsi50,JSWSTEEL,2025-07-10,SHORT,2025-07-10T10:30:00,1038.00,1041.08,1033.38,289,3.08,2025-07-10T11:30:00,1041.08,STOP,-890.18,-1340.82
rsi50,JSWSTEEL,2025-07-11,SHORT,2025-07-11T11:30:00,1040.20,1043.36,1035.47,288,3.16,2025-07-11T11:50:00,1043.36,STOP,-909.05,-1359.10
rsi50,JSWSTEEL,2025-07-14,LONG,2025-07-14T10:10:00,1041.70,1039.23,1045.41,287,2.47,2025-07-14T11:20:00,1039.23,STOP,-709.06,-1156.98
rsi50,JSWSTEEL,2025-07-15,LONG,2025-07-15T11:50:00,1038.80,1035.80,1043.30,288,3.00,2025-07-15T13:10:00,1035.80,STOP,-863.43,-1311.54
rsi50,JSWSTEEL,2025-07-17,LONG,2025-07-17T13:30:00,1033.70,1030.52,1038.47,290,3.18,2025-07-17T13:30:00,1038.47,TARGET,1383.97,933.27
rsi50,JSWSTEEL,2025-07-18,SHORT,2025-07-18T11:00:00,1032.60,1036.16,1027.26,290,3.56,2025-07-18T12:20:00,1027.26,TARGET,1547.80,1099.78
rsi50,JSWSTEEL,2025-07-21,LONG,2025-07-21T13:50:00,1033.60,1030.38,1038.44,290,3.22,2025-07-21T15:20:00,1036.10,EOD,725.00,274.84
rsi50,JSWSTEEL,2025-07-22,SHORT,2025-07-22T13:50:00,1033.00,1035.06,1029.91,290,2.06,2025-07-22T15:00:00,1029.91,TARGET,895.03,446.35
rsi50,JSWSTEEL,2025-07-25,SHORT,2025-07-25T10:30:00,1026.40,1029.33,1022.01,292,2.93,2025-07-25T11:20:00,1022.01,TARGET,1281.42,832.82
rsi50,JSWSTEEL,2025-07-28,SHORT,2025-07-28T11:00:00,1021.90,1025.24,1016.90,293,3.34,2025-07-28T12:40:00,1025.24,STOP,-977.23,-1427.09
rsi50,JSWSTEEL,2025-07-30,SHORT,2025-07-30T10:40:00,1035.10,1039.12,1029.07,289,4.02,2025-07-30T10:50:00,1039.12,STOP,-1161.41,-1611.00
rsi50,JSWSTEEL,2025-08-04,LONG,2025-08-04T12:50:00,1053.80,1048.82,1061.28,284,4.98,2025-08-04T13:30:00,1048.82,STOP,-1415.32,-1863.18
rsi50,JSWSTEEL,2025-08-05,SHORT,2025-08-05T12:10:00,1050.40,1053.32,1046.01,285,2.92,2025-08-05T12:10:00,1053.32,STOP,-833.55,-1283.23
rsi50,JSWSTEEL,2025-08-06,SHORT,2025-08-06T11:00:00,1047.40,1050.81,1042.29,286,3.41,2025-08-06T12:00:00,1050.81,STOP,-974.59,-1424.65
rsi50,JSWSTEEL,2025-08-07,LONG,2025-08-07T12:20:00,1053.20,1050.38,1057.43,284,2.82,2025-08-07T13:00:00,1057.43,TARGET,1200.97,751.41
rsi50,JSWSTEEL,2025-08-08,SHORT,2025-08-08T11:50:00,1054.20,1057.78,1048.83,284,3.58,2025-08-08T12:20:00,1048.83,TARGET,1525.03,1077.09
rsi50,JSWSTEEL,2025-08-11,SHORT,2025-08-11T10:30:00,1050.50,1054.67,1044.25,285,4.17,2025-08-11T10:30:00,1050.80,REVERSE,-85.50,-534.65
rsi50,JSWSTEEL,2025-08-12,SHORT,2025-08-12T10:30:00,1054.60,1057.95,1049.57,284,3.35,2025-08-12T12:00:00,1057.20,REVERSE,-738.40,-1188.21
rsi50,JSWSTEEL,2025-08-13,LONG,2025-08-13T10:00:00,1057.60,1054.87,1061.70,283,2.73,2025-08-13T10:10:00,1054.87,STOP,-772.92,-1221.29
rsi50,JSWSTEEL,2025-08-19,SHORT,2025-08-19T13:00:00,1071.90,1074.71,1067.69,279,2.81,2025-08-19T14:30:00,1074.71,STOP,-783.51,-1232.68
rsi50,JSWSTEEL,2025-08-20,LONG,2025-08-20T10:30:00,1075.30,1072.53,1079.46,278,2.77,2025-08-20T10:40:00,1079.46,TARGET,1156.59,707.32
rsi50,JSWSTEEL,2025-08-21,SHORT,2025-08-21T11:30:00,1081.40,1083.84,1077.74,277,2.44,2025-08-21T11:30:00,1083.84,STOP,-675.54,-1125.37
rsi50,JSWSTEEL,2025-08-28,LONG,2025-08-28T11:50:00,1054.10,1050.94,1058.83,284,3.16,2025-08-28T12:00:00,1050.94,STOP,-896.38,-1344.75
rsi50,JSWSTEEL,2025-09-01,LONG,2025-09-01T10:00:00,1032.90,1029.84,1037.49,290,3.06,2025-09-01T10:20:00,1029.84,STOP,-886.69,-1335.33
rsi50,JSWSTEEL,2025-09-05,LONG,2025-09-05T14:00:00,1071.90,1069.67,1075.24,279,2.23,2025-09-05T15:20:00,1073.60,EOD,474.30,25.35
rsi50,JSWSTEEL,2025-09-09,SHORT,2025-09-09T10:30:00,1098.30,1101.60,1093.35,273,3.30,2025-09-09T11:10:00,1101.60,STOP,-901.26,-1351.69
rsi50,JSWSTEEL,2025-09-12,LONG,2025-09-12T14:10:00,1101.30,1099.17,1104.50,272,2.13,2025-09-12T14:20:00,1099.17,STOP,-580.31,-1029.20
rsi50,JSWSTEEL,2025-09-15,LONG,2025-09-15T11:00:00,1100.00,1097.28,1104.08,272,2.72,2025-09-15T12:50:00,1101.40,TIME_STOP,380.80,-68.29
rsi50,JSWSTEEL,2025-09-17,SHORT,2025-09-17T12:30:00,1112.50,1114.74,1109.15,269,2.24,2025-09-17T13:10:00,1114.74,STOP,-601.57,-1050.91
rsi50,JSWSTEEL,2025-09-22,SHORT,2025-09-22T11:20:00,1119.70,1122.23,1115.91,267,2.53,2025-09-22T11:40:00,1122.23,STOP,-675.33,-1124.28
rsi50,JSWSTEEL,2025-09-23,LONG,2025-09-23T10:20:00,1123.10,1119.62,1128.32,267,3.48,2025-09-23T11:20:00,1119.62,STOP,-928.75,-1377.86
rsi50,JSWSTEEL,2025-09-25,SHORT,2025-09-25T11:40:00,1146.40,1149.86,1141.22,261,3.46,2025-09-25T13:00:00,1149.86,STOP,-902.13,-1351.63
rsi50,JSWSTEEL,2025-09-30,LONG,2025-09-30T10:20:00,1139.90,1136.03,1145.71,263,3.87,2025-09-30T11:40:00,1145.71,TARGET,1527.11,1076.28
rsi50,JSWSTEEL,2025-10-01,SHORT,2025-10-01T10:30:00,1138.50,1142.11,1133.08,263,3.61,2025-10-01T10:50:00,1133.08,TARGET,1424.63,976.56
rsi50,JSWSTEEL,2025-10-06,LONG,2025-10-06T13:50:00,1158.50,1155.53,1162.96,258,2.97,2025-10-06T13:50:00,1155.53,STOP,-766.39,-1214.16
rsi50,JSWSTEEL,2025-10-10,LONG,2025-10-10T14:00:00,1167.10,1164.02,1171.72,257,3.08,2025-10-10T15:20:00,1168.30,EOD,308.40,-141.75
rsi50,JSWSTEEL,2025-10-14,SHORT,2025-10-14T11:10:00,1155.80,1158.71,1151.44,259,2.91,2025-10-14T11:20:00,1151.44,TARGET,1129.41,681.23
rsi50,JSWSTEEL,2025-10-17,SHORT,2025-10-17T12:50:00,1167.20,1169.78,1163.33,257,2.58,2025-10-17T12:50:00,1169.78,STOP,-663.38,-1113.83
rsi50,JSWSTEEL,2025-10-30,SHORT,2025-10-30T12:00:00,1202.50,1206.12,1197.07,249,3.62,2025-10-30T12:10:00,1206.12,STOP,-901.23,-1351.04
rsi50,JSWSTEEL,2025-11-07,LONG,2025-11-07T12:10:00,1164.90,1161.38,1170.18,257,3.52,2025-11-07T12:20:00,1162.00,REVERSE,-745.30,-1193.81
rsi50,JSWSTEEL,2025-11-11,SHORT,2025-11-11T10:00:00,1174.60,1178.23,1169.15,255,3.63,2025-11-11T10:40:00,1169.15,TARGET,1390.26,942.01
rsi50,JSWSTEEL,2025-11-12,SHORT,2025-11-12T11:10:00,1182.90,1186.84,1176.98,253,3.94,2025-11-12T13:00:00,1186.84,STOP,-998.04,-1447.70
rsi50,JSWSTEEL,2025-11-17,SHORT,2025-11-17T12:10:00,1168.50,1171.57,1163.90,256,3.07,2025-11-17T12:50:00,1171.57,STOP,-785.76,-1235.05
rsi50,JSWSTEEL,2025-11-18,LONG,2025-11-18T13:50:00,1167.20,1164.69,1170.97,257,2.51,2025-11-18T14:30:00,1164.69,STOP,-646.13,-1095.60
rsi50,JSWSTEEL,2025-11-19,LONG,2025-11-19T12:40:00,1170.00,1166.98,1174.53,256,3.02,2025-11-19T13:40:00,1166.98,STOP,-773.29,-1221.99
rsi50,JSWSTEEL,2025-11-20,SHORT,2025-11-20T10:10:00,1163.30,1166.63,1158.31,257,3.33,2025-11-20T10:10:00,1166.63,STOP,-854.63,-1303.72
rsi50,JSWSTEEL,2025-11-25,LONG,2025-11-25T12:20:00,1119.60,1116.20,1124.70,267,3.40,2025-11-25T13:20:00,1116.60,REVERSE,-801.00,-1248.80
rsi50,JSWSTEEL,2025-11-27,SHORT,2025-11-27T11:20:00,1147.80,1151.19,1142.72,261,3.39,2025-11-27T12:30:00,1142.72,TARGET,1325.74,877.37
rsi50,JSWSTEEL,2025-12-01,SHORT,2025-12-01T11:30:00,1161.00,1165.31,1154.53,258,4.31,2025-12-01T13:20:00,1160.90,TIME_STOP,25.80,-423.49
rsi50,JSWSTEEL,2025-12-02,SHORT,2025-12-02T10:20:00,1163.50,1167.24,1157.90,257,3.74,2025-12-02T10:20:00,1165.10,REVERSE,-411.20,-860.04
rsi50,JSWSTEEL,2025-12-03,LONG,2025-12-03T13:20:00,1162.40,1158.84,1167.73,258,3.56,2025-12-03T13:30:00,1167.73,TARGET,1375.93,925.05
rsi50,JSWSTEEL,2025-12-04,LONG,2025-12-04T11:20:00,1152.10,1145.23,1162.41,260,6.87,2025-12-04T11:30:00,1147.20,REVERSE,-1274.00,-1722.36
rsi50,JSWSTEEL,2025-12-05,LONG,2025-12-05T11:50:00,1156.30,1152.66,1161.77,259,3.64,2025-12-05T12:40:00,1161.77,TARGET,1415.62,965.33
rsi50,JSWSTEEL,2025-12-08,SHORT,2025-12-08T10:20:00,1144.00,1148.17,1137.74,262,4.17,2025-12-08T10:30:00,1148.17,STOP,-1093.77,-1544.18
rsi50,JSWSTEEL,2025-12-11,LONG,2025-12-11T10:40:00,1107.80,1103.66,1114.01,270,4.14,2025-12-11T12:00:00,1103.66,STOP,-1116.96,-1564.78
rsi50,JSWSTEEL,2025-12-18,LONG,2025-12-18T11:20:00,1087.00,1083.26,1092.61,275,3.74,2025-12-18T13:10:00,1088.30,TIME_STOP,357.50,-91.16
rsi50,JSWSTEEL,2025-12-19,LONG,2025-12-19T10:20:00,1085.30,1081.73,1090.66,276,3.57,2025-12-19T10:20:00,1083.40,REVERSE,-524.40,-973.32
rsi50,JSWSTEEL,2025-12-24,SHORT,2025-12-24T11:00:00,1091.20,1093.62,1087.57,274,2.42,2025-12-24T11:10:00,1093.62,STOP,-663.26,-1112.24
rsi50,JSWSTEEL,2025-12-26,LONG,2025-12-26T12:20:00,1097.40,1094.07,1102.39,273,3.33,2025-12-26T12:30:00,1094.07,STOP,-909.06,-1357.76
rsi50,JSWSTEEL,2025-12-29,SHORT,2025-12-29T13:20:00,1094.80,1098.50,1089.25,274,3.70,2025-12-29T15:10:00,1093.20,TIME_STOP,438.40,-11.23
rsi50,JSWSTEEL,2025-12-30,LONG,2025-12-30T10:30:00,1100.00,1096.94,1104.60,272,3.06,2025-12-30T11:00:00,1096.94,STOP,-833.34,-1281.52
rsi50,JSWSTEEL,2026-01-06,SHORT,2026-01-06T12:20:00,1185.80,1188.72,1181.41,252,2.92,2026-01-06T14:00:00,1181.41,TARGET,1105.07,657.66
rsi50,JSWSTEEL,2026-01-07,LONG,2026-01-07T11:10:00,1184.20,1180.52,1189.73,253,3.68,2026-01-07T11:20:00,1180.52,STOP,-932.27,-1380.97
rsi50,JSWSTEEL,2026-01-12,LONG,2026-01-12T12:40:00,1170.90,1166.44,1177.59,256,4.46,2026-01-12T13:40:00,1177.59,TARGET,1713.78,1262.87
rsi50,JSWSTEEL,2026-01-13,SHORT,2026-01-13T12:40:00,1177.00,1180.89,1171.16,254,3.89,2026-01-13T12:50:00,1180.89,STOP,-988.80,-1437.98
rsi50,JSWSTEEL,2026-01-14,SHORT,2026-01-14T14:00:00,1184.10,1187.80,1178.55,253,3.70,2026-01-14T15:20:00,1181.80,EOD,581.90,132.97
rsi50,JSWSTEEL,2026-01-19,SHORT,2026-01-19T12:10:00,1184.50,1188.14,1179.04,253,3.64,2026-01-19T12:40:00,1179.04,TARGET,1380.26,931.78
rsi50,JSWSTEEL,2026-01-21,LONG,2026-01-21T12:20:00,1174.00,1169.87,1180.19,255,4.13,2026-01-21T13:20:00,1169.87,STOP,-1052.61,-1500.88
rsi50,JSWSTEEL,2026-01-22,SHORT,2026-01-22T14:10:00,1178.40,1182.04,1172.94,254,3.64,2026-01-22T14:30:00,1182.04,STOP,-924.25,-1373.92
rsi50,JSWSTEEL,2026-01-23,SHORT,2026-01-23T11:30:00,1177.70,1181.65,1171.77,254,3.95,2026-01-23T11:40:00,1171.77,TARGET,1506.36,1058.79
rsi50,JSWSTEEL,2026-02-04,SHORT,2026-02-04T11:50:00,1230.10,1234.02,1224.23,243,3.92,2026-02-04T13:40:00,1226.20,TIME_STOP,947.70,500.04
rsi50,JSWSTEEL,2026-02-05,LONG,2026-02-05T12:10:00,1229.50,1225.41,1235.64,244,4.09,2026-02-05T12:30:00,1225.41,STOP,-998.58,-1447.82
rsi50,JSWSTEEL,2026-02-06,SHORT,2026-02-06T10:40:00,1225.60,1229.11,1220.33,244,3.51,2026-02-06T11:10:00,1229.11,STOP,-857.27,-1306.48
rsi50,JSWSTEEL,2026-02-10,SHORT,2026-02-10T14:10:00,1243.50,1246.19,1239.47,241,2.69,2026-02-10T15:20:00,1243.30,EOD,48.20,-401.29
rsi50,JSWSTEEL,2026-02-11,SHORT,2026-02-11T10:10:00,1239.10,1242.51,1233.99,242,3.41,2026-02-11T10:20:00,1242.51,STOP,-825.18,-1275.59
rsi50,JSWSTEEL,2026-02-12,SHORT,2026-02-12T10:40:00,1245.20,1248.61,1240.08,240,3.41,2026-02-12T11:30:00,1248.61,STOP,-819.36,-1268.25
rsi50,JSWSTEEL,2026-02-13,LONG,2026-02-13T13:10:00,1239.50,1236.17,1244.49,242,3.33,2026-02-13T13:50:00,1236.17,STOP,-805.38,-1254.72
rsi50,JSWSTEEL,2026-02-16,LONG,2026-02-16T13:00:00,1240.80,1237.77,1245.34,241,3.03,2026-02-16T14:40:00,1245.34,TARGET,1093.84,644.47
rsi50,JSWSTEEL,2026-02-20,LONG,2026-02-20T11:00:00,1240.50,1236.58,1246.38,241,3.92,2026-02-20T11:30:00,1246.38,TARGET,1417.13,967.63
rsi50,JSWSTEEL,2026-02-23,LONG,2026-02-23T10:20:00,1244.50,1240.26,1250.86,241,4.24,2026-02-23T11:00:00,1240.26,STOP,-1021.77,-1470.89
rsi50,JSWSTEEL,2026-02-27,SHORT,2026-02-27T10:10:00,1266.40,1270.45,1260.33,236,4.05,2026-02-27T12:00:00,1270.45,STOP,-955.50,-1404.52
rsi50,JSWSTEEL,2026-03-10,LONG,2026-03-10T10:00:00,1201.60,1195.06,1211.41,249,6.54,2026-03-10T11:50:00,1206.40,TIME_STOP,1195.20,745.51
rsi50,JSWSTEEL,2026-03-11,SHORT,2026-03-11T10:20:00,1195.30,1201.21,1186.43,250,5.91,2026-03-11T11:10:00,1201.21,STOP,-1478.15,-1927.50
rsi50,JSWSTEEL,2026-03-12,LONG,2026-03-12T14:00:00,1177.50,1172.44,1185.08,254,5.06,2026-03-12T14:10:00,1172.44,STOP,-1284.01,-1731.67
rsi50,HINDALCO,2024-03-18,SHORT,2024-03-18T11:10:00,529.15,532.79,523.69,566,3.64,2024-03-18T12:00:00,531.90,REVERSE,-1556.50,-2006.92
rsi50,HINDALCO,2024-03-19,SHORT,2024-03-19T11:00:00,530.75,533.26,526.99,565,2.51,2024-03-19T11:10:00,533.26,STOP,-1416.71,-1867.58
rsi50,HINDALCO,2024-03-28,LONG,2024-03-28T13:20:00,561.65,559.99,564.14,534,1.66,2024-03-28T13:50:00,564.14,TARGET,1330.55,879.68
rsi50,HINDALCO,2024-04-02,SHORT,2024-04-02T10:00:00,563.85,566.04,560.56,532,2.19,2024-04-02T10:20:00,566.04,STOP,-1167.68,-1618.51
rsi50,HINDALCO,2024-04-04,SHORT,2024-04-04T11:30:00,575.80,578.45,571.83,521,2.65,2024-04-04T12:20:00,571.83,TARGET,2068.69,1620.25
rsi50,HINDALCO,2024-04-12,SHORT,2024-04-12T12:30:00,597.20,599.31,594.03,502,2.11,2024-04-12T13:40:00,599.31,STOP,-1060.16,-1510.65
rsi50,HINDALCO,2024-04-18,LONG,2024-04-18T10:20:00,616.25,613.40,620.52,486,2.85,2024-04-18T10:40:00,620.52,TARGET,2074.79,1623.99
rsi50,HINDALCO,2024-04-19,LONG,2024-04-19T14:00:00,614.45,611.79,618.43,488,2.66,2024-04-19T14:40:00,611.79,STOP,-1296.10,-1744.90
rsi50,HINDALCO,2024-04-29,SHORT,2024-04-29T10:20:00,641.70,644.61,637.33,467,2.91,2024-04-29T10:20:00,644.61,STOP,-1359.25,-1809.78
rsi50,HINDALCO,2024-04-30,SHORT,2024-04-30T11:20:00,644.50,646.60,641.34,465,2.10,2024-04-30T12:20:00,646.60,STOP,-978.57,-1428.85
rsi50,HINDALCO,2024-05-03,LONG,2024-05-03T10:10:00,648.15,645.16,652.63,462,2.99,2024-05-03T11:30:00,645.16,STOP,-1379.15,-1827.28
rsi50,HINDALCO,2024-05-07,SHORT,2024-05-07T10:40:00,632.65,635.65,628.14,474,3.00,2024-05-07T11:00:00,628.14,TARGET,2136.23,1688.02
rsi50,HINDALCO,2024-05-08,LONG,2024-05-08T10:10:00,625.35,622.15,630.15,479,3.20,2024-05-08T10:30:00,622.15,STOP,-1531.85,-1980.01
rsi50,HINDALCO,2024-05-09,SHORT,2024-05-09T11:30:00,627.25,630.10,622.98,478,2.85,2024-05-09T11:40:00,630.10,STOP,-1360.49,-1811.25
rsi50,HINDALCO,2024-05-13,LONG,2024-05-13T12:20:00,622.90,620.40,626.65,481,2.50,2024-05-13T13:40:00,626.65,TARGET,1805.57,1354.79
rsi50,HINDALCO,2024-05-16,SHORT,2024-05-16T11:20:00,649.70,652.65,645.27,461,2.95,2024-05-16T12:50:00,652.65,STOP,-1361.47,-1811.75
rsi50,HINDALCO,2024-05-22,SHORT,2024-05-22T10:40:00,682.35,686.05,676.80,439,3.70,2024-05-22T10:50:00,686.05,STOP,-1625.75,-2076.29
rsi50,HINDALCO,2024-05-24,SHORT,2024-05-24T13:30:00,676.55,678.96,672.94,443,2.41,2024-05-24T13:50:00,678.96,STOP,-1065.86,-1516.23
rsi50,HINDALCO,2024-05-27,SHORT,2024-05-27T12:00:00,678.75,682.19,673.59,441,3.44,2024-05-27T13:50:00,679.00,TIME_STOP,-110.25,-559.33
rsi50,HINDALCO,2024-05-28,SHORT,2024-05-28T12:50:00,679.75,682.56,675.54,441,2.81,2024-05-28T13:00:00,682.56,STOP,-1239.18,-1689.76
rsi50,HINDALCO,2024-05-30,SHORT,2024-05-30T14:10:00,703.05,705.41,699.50,426,2.36,2024-05-30T14:10:00,699.50,TARGET,1510.20,1062.08
rsi50,HINDALCO,2024-05-31,LONG,2024-05-31T13:30:00,699.95,697.02,704.34,428,2.93,2024-05-31T14:30:00,697.02,STOP,-1252.14,-1700.57
rsi50,HINDALCO,2024-06-05,LONG,2024-06-05T11:40:00,653.55,644.63,666.93,280,8.92,2024-06-05T13:10:00,666.93,TARGET,3747.19,3469.89
rsi50,HINDALCO,2024-06-06,SHORT,2024-06-06T13:30:00,676.00,680.14,669.79,443,4.14,2024-06-06T13:30:00,680.14,STOP,-1834.33,-2284.90
rsi50,HINDALCO,2024-06-07,SHORT,2024-06-07T12:20:00,678.60,681.37,674.45,442,2.77,2024-06-07T12:30:00,681.37,STOP,-1222.38,-1673.20
rsi50,HINDALCO,2024-06-10,LONG,2024-06-10T10:30:00,682.95,679.75,687.76,439,3.20,2024-06-10T10:40:00,679.75,STOP,-1406.90,-1855.57
rsi50,HINDALCO,2024-06-12,SHORT,2024-06-12T10:40:00,674.75,677.56,670.54,444,2.81,2024-06-12T11:00:00,677.56,STOP,-1246.30,-1696.62
rsi50,HINDALCO,2024-06-18,SHORT,2024-06-18T10:30:00,681.05,683.09,677.99,440,2.04,2024-06-18T10:30:00,683.09,STOP,-896.96,-1347.12
rsi50,HINDALCO,2024-06-20,LONG,2024-06-20T12:20:00,681.25,678.41,685.52,440,2.84,2024-06-20T14:00:00,678.41,STOP,-1251.71,-1700.39
rsi50,HINDALCO,2024-06-24,LONG,2024-06-24T10:50:00,687.20,684.29,691.56,436,2.91,2024-06-24T11:40:00,684.29,STOP,-1267.57,-1716.05
rsi50,HINDALCO,2024-06-25,SHORT,2024-06-25T12:50:00,683.80,685.99,680.52,438,2.19,2024-06-25T13:20:00,685.99,STOP,-959.16,-1409.14
rsi50,HINDALCO,2024-07-01,SHORT,2024-07-01T13:40:00,692.20,693.57,690.15,433,1.37,2024-07-01T14:40:00,690.15,TARGET,888.76,439.84
rsi50,HINDALCO,2024-07-02,LONG,2024-07-02T10:30:00,693.05,691.15,695.90,432,1.90,2024-07-02T10:50:00,695.90,TARGET,1231.61,781.59
rsi50,HINDALCO,2024-07-03,SHORT,2024-07-03T10:10:00,693.45,695.73,690.02,432,2.28,2024-07-03T10:30:00,690.02,TARGET,1479.91,1031.66
rsi50,HINDALCO,2024-07-08,SHORT,2024-07-08T11:50:00,693.75,696.48,689.65,432,2.73,2024-07-08T13:40:00,694.30,TIME_STOP,-237.60,-687.33
rsi50,HINDALCO,2024-07-10,SHORT,2024-07-10T10:30:00,693.80,696.98,689.04,432,3.18,2024-07-10T10:40:00,689.04,TARGET,2057.63,1609.59
rsi50,HINDALCO,2024-07-12,SHORT,2024-07-12T10:40:00,694.35,697.04,690.31,432,2.69,2024-07-12T11:30:00,690.31,TARGET,1744.70,1296.07
rsi50,HINDALCO,2024-07-16,SHORT,2024-07-16T11:30:00,695.95,697.74,693.26,431,1.79,2024-07-16T11:40:00,697.74,STOP,-773.56,-1224.08
rsi50,HINDALCO,2024-07-18,LONG,2024-07-18T13:00:00,692.80,690.50,696.25,433,2.30,2024-07-18T14:20:00,691.30,REVERSE,-649.50,-1098.99
rsi50,HINDALCO,2024-07-22,LONG,2024-07-22T10:50:00,670.05,667.31,674.16,447,2.74,2024-07-22T12:40:00,667.31,STOP,-1223.36,-1671.71
rsi50,HINDALCO,2024-07-23,SHORT,2024-07-23T10:00:00,665.50,668.25,661.38,450,2.75,2024-07-23T11:20:00,661.38,TARGET,1853.48,1405.66
rsi50,HINDALCO,2024-07-24,LONG,2024-07-24T12:00:00,654.30,651.48,658.53,458,2.82,2024-07-24T12:30:00,651.48,STOP,-1291.34,-1739.87
rsi50,HINDALCO,2024-07-30,SHORT,2024-07-30T10:00:00,657.75,660.32,653.90,456,2.57,2024-07-30T11:50:00,656.20,TIME_STOP,706.80,257.43
rsi50,HINDALCO,2024-08-01,SHORT,2024-08-01T12:50:00,671.45,673.67,668.12,446,2.22,2024-08-01T13:40:00,668.12,TARGET,1487.21,1039.13
rsi50,HINDALCO,2024-08-07,LONG,2024-08-07T10:10:00,626.15,622.62,631.45,479,3.53,2024-08-07T11:20:00,622.62,STOP,-1691.22,-2139.84
rsi50,HINDALCO,2024-08-08,SHORT,2024-08-08T10:20:00,619.95,623.24,615.02,483,3.29,2024-08-08T11:30:00,615.02,TARGET,2381.28,1933.91
rsi50,HINDALCO,2024-08-09,SHORT,2024-08-09T13:20:00,616.05,617.90,613.27,486,1.85,2024-08-09T13:20:00,617.90,STOP,-899.65,-1349.43
rsi50,HINDALCO,2024-08-13,SHORT,2024-08-13T10:50:00,626.25,628.91,622.27,479,2.66,2024-08-13T12:00:00,628.91,STOP,-1272.18,-1723.09
rsi50,HINDALCO,2024-08-23,SHORT,2024-08-23T12:50:00,683.00,685.32,679.52,439,2.32,2024-08-23T13:00:00,679.52,TARGET,1526.44,1077.83
rsi50,HINDALCO,2024-08-27,SHORT,2024-08-27T13:00:00,705.00,706.81,702.29,425,1.81,2024-08-27T13:40:00,706.81,STOP,-767.15,-1217.17
rsi50,HINDALCO,2024-08-28,LONG,2024-08-28T11:40:00,707.35,705.45,710.20,424,1.90,2024-08-28T13:00:00,710.20,TARGET,1208.55,757.77
rsi50,HINDALCO,2024-09-05,LONG,2024-09-05T10:00:00,668.85,666.68,672.10,448,2.17,2024-09-05T11:00:00,672.10,TARGET,1457.29,1006.73
rsi50,HINDALCO,2024-09-06,SHORT,2024-09-06T10:40:00,667.10,669.80,663.05,449,2.70,2024-09-06T10:40:00,669.80,STOP,-1213.11,-1663.31
rsi50,HINDALCO,2024-09-10,SHORT,2024-09-10T11:00:00,655.80,657.92,652.62,457,2.12,2024-09-10T12:00:00,657.92,STOP,-968.30,-1418.58
rsi50,HINDALCO,2024-09-13,SHORT,2024-09-13T14:00:00,671.60,673.76,668.36,446,2.16,2024-09-13T14:40:00,673.76,STOP,-962.80,-1412.83
rsi50,HINDALCO,2024-09-19,SHORT,2024-09-19T10:50:00,678.00,681.07,673.40,442,3.07,2024-09-19T11:10:00,673.40,TARGET,2033.53,1585.55
rsi50,HINDALCO,2024-09-26,LONG,2024-09-26T11:00:00,721.75,718.90,726.02,415,2.85,2024-09-26T11:30:00,726.02,TARGET,1771.78,1321.16
rsi50,HINDALCO,2024-10-03,SHORT,2024-10-03T10:20:00,754.10,758.16,748.01,397,4.06,2024-10-03T10:30:00,758.16,STOP,-1611.06,-2061.33
rsi50,HINDALCO,2024-10-04,LONG,2024-10-04T12:00:00,752.35,749.01,757.35,398,3.34,2024-10-04T12:40:00,749.01,STOP,-1327.56,-1775.71
rsi50,HINDALCO,2024-10-08,LONG,2024-10-08T11:40:00,730.60,726.40,736.90,410,4.20,2024-10-08T11:40:00,726.40,STOP,-1721.36,-2169.39
rsi50,HINDALCO,2024-10-14,SHORT,2024-10-14T11:00:00,742.00,744.99,737.51,404,2.99,2024-10-14T11:40:00,744.99,STOP,-1209.71,-1660.27
rsi50,HINDALCO,2024-10-16,SHORT,2024-10-16T12:10:00,728.85,731.34,725.12,411,2.49,2024-10-16T13:00:00,731.34,STOP,-1023.16,-1473.26
rsi50,HINDALCO,2024-10-18,LONG,2024-10-18T10:30:00,735.70,732.72,740.17,407,2.98,2024-10-18T11:30:00,740.17,TARGET,1819.92,1369.41
rsi50,HINDALCO,2024-10-21,SHORT,2024-10-21T11:00:00,745.50,749.01,740.24,402,3.51,2024-10-21T12:20:00,740.24,TARGET,2116.00,1668.05
rsi50,HINDALCO,2024-10-23,LONG,2024-10-23T11:30:00,728.95,724.52,735.60,411,4.43,2024-10-23T12:20:00,724.52,STOP,-1821.94,-2269.97
rsi50,HINDALCO,2024-10-28,LONG,2024-10-28T10:50:00,695.85,692.14,701.41,431,3.71,2024-10-28T12:40:00,692.80,TIME_STOP,-1314.55,-1763.43
rsi50,HINDALCO,2024-10-30,SHORT,2024-10-30T14:00:00,690.20,692.47,686.80,434,2.27,2024-10-30T15:20:00,687.70,EOD,1085.00,636.49
rsi50,HINDALCO,2024-11-08,LONG,2024-11-08T11:00:00,657.75,654.75,662.26,456,3.00,2024-11-08T11:20:00,654.75,STOP,-1370.12,-1818.99
rsi50,HINDALCO,2024-11-11,LONG,2024-11-11T12:50:00,653.45,650.83,657.38,459,2.62,2024-11-11T13:50:00,650.83,STOP,-1203.09,-1652.09
rsi50,HINDALCO,2024-11-12,SHORT,2024-11-12T13:30:00,654.75,657.20,651.07,458,2.45,2024-11-12T15:10:00,651.07,TARGET,1684.58,1236.03
rsi50,HINDALCO,2024-11-14,LONG,2024-11-14T10:20:00,633.00,629.89,637.67,473,3.11,2024-11-14T11:10:00,629.89,STOP,-1471.19,-1919.20
rsi50,HINDALCO,2024-11-21,LONG,2024-11-21T11:00:00,649.95,646.44,655.22,461,3.51,2024-11-21T12:50:00,649.15,TIME_STOP,-368.80,-817.96
rsi50,HINDALCO,2024-11-29,LONG,2024-11-29T13:40:00,656.40,654.38,659.42,457,2.02,2024-11-29T14:10:00,654.38,STOP,-920.91,-1370.18
rsi50,HINDALCO,2024-12-03,SHORT,2024-12-03T10:10:00,657.75,659.52,655.09,456,1.77,2024-12-03T10:20:00,659.52,STOP,-808.28,-1258.78
rsi50,HINDALCO,2024-12-05,SHORT,2024-12-05T10:20:00,660.75,662.76,657.74,454,2.01,2024-12-05T10:50:00,662.76,STOP,-910.79,-1361.44
rsi50,HINDALCO,2024-12-06,SHORT,2024-12-06T12:20:00,668.85,670.98,665.65,448,2.13,2024-12-06T12:30:00,670.50,REVERSE,-739.20,-1189.22
rsi50,HINDALCO,2024-12-09,LONG,2024-12-09T14:00:00,668.55,665.85,672.60,448,2.70,2024-12-09T14:10:00,665.85,STOP,-1209.94,-1658.30
rsi50,HINDALCO,2024-12-10,SHORT,2024-12-10T13:20:00,666.05,668.29,662.69,450,2.24,2024-12-10T15:00:00,668.29,STOP,-1008.14,-1458.48
rsi50,HINDALCO,2024-12-11,SHORT,2024-12-11T14:10:00,671.10,672.76,668.60,447,1.66,2024-12-11T14:20:00,672.76,STOP,-744.00,-1194.53
rsi50,HINDALCO,2024-12-13,LONG,2024-12-13T13:40:00,663.85,661.52,667.35,451,2.33,2024-12-13T14:40:00,661.52,STOP,-1051.57,-1499.88
rsi50,HINDALCO,2024-12-19,LONG,2024-12-19T12:10:00,631.00,628.52,634.72,475,2.48,2024-12-19T12:50:00,628.52,STOP,-1179.38,-1628.09
rsi50,HINDALCO,2024-12-24,SHORT,2024-12-24T11:30:00,629.95,631.82,627.14,476,1.87,2024-12-24T13:20:00,630.20,TIME_STOP,-119.00,-568.87
rsi50,HINDALCO,2024-12-27,LONG,2024-12-27T10:20:00,631.50,629.52,634.46,475,1.98,2024-12-27T10:30:00,629.52,STOP,-938.18,-1387.42
rsi50,HINDALCO,2024-12-31,LONG,2024-12-31T14:00:00,604.55,603.00,606.88,496,1.55,2024-12-31T14:30:00,603.00,STOP,-769.88,-1219.09
rsi50,HINDALCO,2025-01-02,LONG,2025-01-02T13:30:00,595.70,593.76,598.62,503,1.94,2025-01-02T14:20:00,598.62,TARGET,1466.72,1016.16
rsi50,HINDALCO,2025-01-03,SHORT,2025-01-03T10:20:00,591.20,593.58,587.63,507,2.38,2025-01-03T10:30:00,593.58,STOP,-1208.24,-1658.75
rsi50,HINDALCO,2025-01-07,LONG,2025-01-07T10:00:00,580.35,577.45,584.70,516,2.90,2025-01-07T10:20:00,584.70,TARGET,2243.90,1793.02
rsi50,HINDALCO,2025-01-08,LONG,2025-01-08T13:50:00,583.20,581.56,585.67,514,1.64,2025-01-08T14:10:00,585.67,TARGET,1267.82,817.22
rsi50,HINDALCO,2025-01-09,SHORT,2025-01-09T13:10:00,586.15,588.48,582.66,511,2.33,2025-01-09T14:30:00,588.48,STOP,-1188.71,-1638.89
rsi50,HINDALCO,2025-01-23,SHORT,2025-01-23T13:50:00,611.70,613.22,609.42,490,1.52,2025-01-23T14:10:00,613.22,STOP,-745.58,-1195.74
rsi50,HINDALCO,2025-01-24,LONG,2025-01-24T12:10:00,614.00,611.70,617.45,488,2.30,2025-01-24T12:40:00,611.70,STOP,-1123.87,-1572.48
rsi50,HINDALCO,2025-01-28,LONG,2025-01-28T13:30:00,583.90,581.33,587.76,513,2.57,2025-01-28T14:50:00,581.33,STOP,-1318.44,-1766.76
rsi50,HINDALCO,2025-01-30,SHORT,2025-01-30T13:10:00,586.55,588.80,583.18,511,2.25,2025-01-30T13:50:00,583.18,TARGET,1724.03,1275.73
rsi50,HINDALCO,2025-01-31,LONG,2025-01-31T10:10:00,588.75,586.38,592.31,509,2.37,2025-01-31T10:10:00,586.38,STOP,-1208.12,-1656.72
rsi50,HINDALCO,2025-02-01,SHORT,2025-02-01T12:40:00,586.15,588.77,582.22,511,2.62,2025-02-01T13:20:00,582.22,TARGET,2008.49,1560.71
rsi50,HINDALCO,2025-02-07,SHORT,2025-02-07T10:40:00,597.30,599.79,593.57,502,2.49,2025-02-07T10:40:00,599.79,STOP,-1249.55,-1700.25
rsi50,HINDALCO,2025-02-11,SHORT,2025-02-11T12:40:00,597.80,600.09,594.37,501,2.29,2025-02-11T13:00:00,594.37,TARGET,1720.00,1272.04
rsi50,HINDALCO,2025-02-12,LONG,2025-02-12T11:50:00,600.10,596.88,604.93,499,3.22,2025-02-12T12:40:00,604.93,TARGET,2410.41,1959.43
rsi50,HINDALCO,2025-02-13,LONG,2025-02-13T10:00:00,603.15,600.05,607.80,497,3.10,2025-02-13T11:50:00,606.40,TIME_STOP,1615.25,1164.39
rsi50,HINDALCO,2025-02-17,SHORT,2025-02-17T10:00:00,599.70,602.59,595.37,500,2.89,2025-02-17T10:00:00,602.59,STOP,-1444.43,-1895.29
rsi50,HINDALCO,2025-02-18,SHORT,2025-02-18T11:50:00,605.00,607.36,601.46,495,2.36,2025-02-18T13:40:00,607.36,STOP,-1169.18,-1619.27
rsi50,HINDALCO,2025-02-27,SHORT,2025-02-27T11:30:00,621.45,624.00,617.62,482,2.55,2025-02-27T12:30:00,624.00,STOP,-1229.85,-1680.08
rsi50,HINDALCO,2025-02-28,SHORT,2025-02-28T10:10:00,620.00,622.85,615.72,483,2.85,2025-02-28T10:20:00,622.85,STOP,-1376.72,-1826.94
rsi50,HINDALCO,2025-03-03,SHORT,2025-03-03T10:20:00,624.65,627.86,619.83,480,3.21,2025-03-03T10:30:00,627.86,STOP,-1542.06,-1992.96
rsi50,HINDALCO,2025-03-11,SHORT,2025-03-11T13:40:00,686.40,688.62,683.08,437,2.22,2025-03-11T13:40:00,688.62,STOP,-968.31,-1418.98
rsi50,HINDALCO,2025-03-12,SHORT,2025-03-12T11:40:00,689.50,692.39,685.17,435,2.89,2025-03-12T12:20:00,685.17,TARGET,1884.35,1435.86
rsi50,HINDALCO,2025-03-17,SHORT,2025-03-17T12:40:00,678.45,680.43,675.47,442,1.98,2025-03-17T13:20:00,680.43,STOP,-877.17,-1327.64
rsi50,HINDALCO,2025-03-21,SHORT,2025-03-21T10:50:00,703.45,705.48,700.40,426,2.03,2025-03-21T11:10:00,700.40,TARGET,1298.99,850.46
rsi50,HINDALCO,2025-03-24,LONG,2025-03-24T11:40:00,700.05,697.86,703.33,428,2.19,2025-03-24T12:10:00,698.50,REVERSE,-663.40,-1112.33
rsi50,HINDALCO,2025-03-27,SHORT,2025-03-27T11:40:00,691.85,694.08,688.50,433,2.23,2025-03-27T11:50:00,694.08,STOP,-967.16,-1417.24
rsi50,HINDALCO,2025-04-08,LONG,2025-04-08T13:10:00,565.15,562.01,569.86,530,3.14,2025-04-08T15:00:00,566.85,TIME_STOP,901.00,451.03
rsi50,HINDALCO,2025-04-09,LONG,2025-04-09T13:00:00,565.35,562.71,569.30,530,2.64,2025-04-09T13:40:00,562.71,STOP,-1396.59,-1845.00
rsi50,HINDALCO,2025-04-16,SHORT,2025-04-16T10:50:00,606.50,608.83,603.01,494,2.33,2025-04-16T12:40:00,607.90,TIME_STOP,-691.60,-1141.54
rsi50,HINDALCO,2025-04-17,LONG,2025-04-17T11:00:00,609.20,606.50,613.25,492,2.70,2025-04-17T11:00:00,606.50,STOP,-1329.31,-1777.90
rsi50,HINDALCO,2025-04-24,SHORT,2025-04-24T11:50:00,627.75,629.44,625.21,477,1.69,2025-04-24T12:50:00,629.44,STOP,-806.82,-1256.58
rsi50,HINDALCO,2025-04-25,SHORT,2025-04-25T10:00:00,625.95,627.92,623.00,479,1.97,2025-04-25T10:00:00,623.00,TARGET,1415.01,966.33
rsi50,HINDALCO,2025-04-29,SHORT,2025-04-29T10:30:00,626.00,627.97,623.04,479,1.97,2025-04-29T10:40:00,623.04,TARGET,1415.65,966.93
rsi50,HINDALCO,2025-04-30,SHORT,2025-04-30T13:40:00,626.50,628.18,623.97,478,1.68,2025-04-30T13:40:00,628.18,STOP,-805.15,-1254.95
rsi50,HINDALCO,2025-05-02,SHORT,2025-05-02T12:00:00,625.95,629.55,620.56,479,3.60,2025-05-02T12:20:00,629.55,STOP,-1722.15,-2173.19
rsi50,HINDALCO,2025-05-06,SHORT,2025-05-06T11:40:00,628.30,631.18,623.99,477,2.88,2025-05-06T12:00:00,631.18,STOP,-1372.15,-1822.73
rsi50,HINDALCO,2025-05-07,LONG,2025-05-07T10:40:00,635.55,632.88,639.56,472,2.67,2025-05-07T11:00:00,632.88,STOP,-1260.41,-1709.43
rsi50,HINDALCO,2025-05-09,LONG,2025-05-09T13:00:00,624.90,621.82,629.52,480,3.08,2025-05-09T14:50:00,629.52,TARGET,2219.97,1768.38
rsi50,HINDALCO,2025-05-16,SHORT,2025-05-16T11:10:00,657.45,659.64,654.16,456,2.19,2025-05-16T13:00:00,657.20,TIME_STOP,114.00,-335.61
rsi50,HINDALCO,2025-05-19,LONG,2025-05-19T10:40:00,658.55,656.64,661.42,455,1.91,2025-05-19T12:00:00,656.64,STOP,-871.13,-1319.94
rsi50,HINDALCO,2025-05-20,SHORT,2025-05-20T14:10:00,661.90,664.10,658.59,453,2.20,2025-05-20T14:20:00,664.10,STOP,-998.35,-1448.86
rsi50,HINDALCO,2025-05-23,LONG,2025-05-23T11:40:00,651.25,648.77,654.97,460,2.48,2025-05-23T11:50:00,648.77,STOP,-1140.49,-1588.99
rsi50,HINDALCO,2025-05-26,SHORT,2025-05-26T13:10:00,656.50,658.67,653.24,456,2.17,2025-05-26T13:10:00,658.67,STOP,-991.31,-1441.10
rsi50,HINDALCO,2025-05-27,SHORT,2025-05-27T13:50:00,660.50,662.28,657.83,454,1.78,2025-05-27T14:00:00,657.83,TARGET,1212.27,763.38
rsi50,HINDALCO,2025-06-02,LONG,2025-06-02T13:30:00,633.70,631.22,637.42,473,2.48,2025-06-02T14:10:00,631.22,STOP,-1174.25,-1622.98
rsi50,HINDALCO,2025-06-03,SHORT,2025-06-03T13:30:00,633.25,635.28,630.21,473,2.03,2025-06-03T15:20:00,632.25,TIME_STOP,473.00,24.06
rsi50,HINDALCO,2025-06-04,LONG,2025-06-04T10:20:00,638.30,635.89,641.91,469,2.41,2025-06-04T12:10:00,637.05,TIME_STOP,-586.25,-1034.85
rsi50,HINDALCO,2025-06-05,LONG,2025-06-05T12:10:00,638.05,636.74,640.02,470,1.31,2025-06-05T12:10:00,640.02,TARGET,926.86,476.34
rsi50,HINDALCO,2025-06-11,SHORT,2025-06-11T10:10:00,657.45,659.28,654.71,456,1.83,2025-06-11T11:50:00,659.28,STOP,-834.04,-1284.36
rsi50,HINDALCO,2025-06-12,LONG,2025-06-12T10:40:00,660.00,657.75,663.38,454,2.25,2025-06-12T10:50:00,657.75,STOP,-1022.69,-1471.38
rsi50,HINDALCO,2025-06-16,LONG,2025-06-16T11:30:00,644.60,642.56,647.66,465,2.04,2025-06-16T12:30:00,647.66,TARGET,1422.85,972.17
rsi50,HINDALCO,2025-06-17,SHORT,2025-06-17T12:20:00,644.45,646.09,641.99,465,1.64,2025-06-17T12:40:00,641.99,TARGET,1143.22,694.58
rsi50,HINDALCO,2025-06-18,LONG,2025-06-18T10:00:00,646.20,644.36,648.96,464,1.84,2025-06-18T10:10:00,644.36,STOP,-854.90,-1304.01
rsi50,HINDALCO,2025-06-23,LONG,2025-06-23T12:00:00,652.20,649.53,656.21,459,2.67,2025-06-23T12:00:00,656.21,TARGET,1839.60,1389.18
rsi50,HINDALCO,2025-07-01,LONG,2025-07-01T12:40:00,696.35,693.64,700.42,430,2.71,2025-07-01T13:30:00,693.64,STOP,-1166.38,-1614.65
rsi50,HINDALCO,2025-07-02,SHORT,2025-07-02T14:10:00,695.65,698.08,692.00,431,2.43,2025-07-02T15:00:00,698.08,STOP,-1048.28,-1498.81
rsi50,HINDALCO,2025-07-03,SHORT,2025-07-03T12:40:00,699.95,701.87,697.08,428,1.92,2025-07-03T14:10:00,697.08,TARGET,1230.36,781.92
rsi50,HINDALCO,2025-07-07,SHORT,2025-07-07T10:00:00,691.35,693.56,688.04,433,2.21,2025-07-07T11:50:00,690.00,TIME_STOP,584.55,135.96
rsi50,HINDALCO,2025-07-11,LONG,2025-07-11T13:30:00,673.10,670.97,676.30,445,2.13,2025-07-11T15:10:00,670.97,STOP,-950.02,-1398.60
rsi50,HINDALCO,2025-07-14,SHORT,2025-07-14T11:30:00,668.60,671.23,664.65,448,2.63,2025-07-14T13:20:00,668.90,TIME_STOP,-134.40,-583.80
rsi50,HINDALCO,2025-07-15,LONG,2025-07-15T11:20:00,670.85,668.73,674.03,447,2.12,2025-07-15T13:10:00,673.10,TIME_STOP,1005.75,555.19
rsi50,HINDALCO,2025-07-18,SHORT,2025-07-18T13:00:00,673.85,675.33,671.63,445,1.48,2025-07-18T13:00:00,675.33,STOP,-660.00,-1110.29
rsi50,HINDALCO,2025-07-23,SHORT,2025-07-23T14:00:00,690.70,691.91,688.88,434,1.21,2025-07-23T14:40:00,691.91,STOP,-525.52,-975.56
rsi50,HINDALCO,2025-07-25,SHORT,2025-07-25T12:00:00,691.55,693.58,688.51,433,2.03,2025-07-25T12:30:00,688.51,TARGET,1315.49,867.32
rsi50,HINDALCO,2025-07-29,LONG,2025-07-29T10:10:00,689.65,687.57,692.77,435,2.08,2025-07-29T10:20:00,687.57,STOP,-905.92,-1355.24
rsi50,HINDALCO,2025-07-30,SHORT,2025-07-30T10:40:00,686.65,689.08,683.01,436,2.43,2025-07-30T10:50:00,689.08,STOP,-1058.81,-1508.67
rsi50,HINDALCO,2025-07-31,LONG,2025-07-31T12:20:00,687.20,684.25,691.63,436,2.95,2025-07-31T12:50:00,684.25,STOP,-1288.03,-1736.50
rsi50,HINDALCO,2025-08-04,LONG,2025-08-04T11:30:00,685.90,683.60,689.34,437,2.30,2025-08-04T12:00:00,683.60,STOP,-1003.05,-1451.90
rsi50,HINDALCO,2025-08-05,SHORT,2025-08-05T12:40:00,685.20,687.08,682.38,437,1.88,2025-08-05T13:20:00,682.38,TARGET,1231.82,783.59
rsi50,HINDALCO,2025-08-08,SHORT,2025-08-08T10:10:00,677.00,679.75,672.88,443,2.75,2025-08-08T12:00:00,672.88,TARGET,1824.53,1376.03
rsi50,HINDALCO,2025-08-11,LONG,2025-08-11T10:50:00,675.40,673.23,678.66,444,2.17,2025-08-11T11:30:00,673.80,REVERSE,-710.40,-1159.68
rsi50,HINDALCO,2025-08-14,SHORT,2025-08-14T10:00:00,693.50,695.89,689.92,432,2.39,2025-08-14T10:40:00,689.92,TARGET,1548.31,1100.08
rsi50,HINDALCO,2025-08-19,SHORT,2025-08-19T10:10:00,709.20,711.63,705.55,423,2.43,2025-08-19T10:30:00,711.63,STOP,-1029.57,-1480.33
rsi50,HINDALCO,2025-08-22,SHORT,2025-08-22T10:30:00,704.20,705.67,702.00,426,1.47,2025-08-22T10:40:00,705.67,STOP,-626.06,-1076.52
rsi50,HINDALCO,2025-08-26,LONG,2025-08-26T10:10:00,707.80,705.83,710.76,423,1.97,2025-08-26T10:50:00,705.83,STOP,-834.20,-1282.68
rsi50,HINDALCO,2025-08-28,LONG,2025-08-28T12:00:00,706.00,704.34,708.49,424,1.66,2025-08-28T13:00:00,704.34,STOP,-703.21,-1151.70
rsi50,HINDALCO,2025-08-29,LONG,2025-08-29T11:20:00,705.60,703.37,708.94,425,2.23,2025-08-29T13:10:00,705.80,TIME_STOP,85.00,-364.88
rsi50,HINDALCO,2025-09-08,SHORT,2025-09-08T13:50:00,743.00,744.54,740.69,403,1.54,2025-09-08T14:10:00,740.69,TARGET,931.41,482.96
rsi50,HINDALCO,2025-09-09,LONG,2025-09-09T13:10:00,742.55,741.21,744.56,404,1.34,2025-09-09T15:00:00,742.70,TIME_STOP,60.60,-389.43
rsi50,HINDALCO,2025-09-11,SHORT,2025-09-11T11:50:00,739.85,741.41,737.52,405,1.56,2025-09-11T12:30:00,741.41,STOP,-629.99,-1079.92
rsi50,HINDALCO,2025-09-15,SHORT,2025-09-15T14:00:00,754.70,756.27,752.34,397,1.57,2025-09-15T15:20:00,753.45,EOD,496.25,47.20
rsi50,HINDALCO,2025-09-16,LONG,2025-09-16T12:50:00,754.55,752.83,757.13,397,1.72,2025-09-16T13:00:00,757.13,TARGET,1024.64,574.54
rsi50,HINDALCO,2025-09-17,SHORT,2025-09-17T10:00:00,752.20,754.00,749.50,398,1.80,2025-09-17T10:00:00,754.00,STOP,-716.52,-1166.12
rsi50,HINDALCO,2025-09-23,LONG,2025-09-23T13:00:00,747.25,745.35,750.10,401,1.90,2025-09-23T13:00:00,750.10,TARGET,1143.42,693.09
rsi50,HINDALCO,2025-09-24,LONG,2025-09-24T14:00:00,746.15,744.48,748.65,402,1.67,2025-09-24T14:00:00,745.55,REVERSE,-241.20,-690.95
rsi50,HINDALCO,2025-09-25,SHORT,2025-09-25T13:20:00,747.00,749.06,743.92,401,2.06,2025-09-25T13:50:00,749.06,STOP,-824.50,-1274.44
rsi50,HINDALCO,2025-10-01,LONG,2025-10-01T13:00:00,761.80,759.39,765.41,393,2.41,2025-10-01T13:40:00,765.41,TARGET,1419.61,969.46
rsi50,HINDALCO,2025-10-06,SHORT,2025-10-06T10:10:00,779.45,782.12,775.45,384,2.67,2025-10-06T10:10:00,782.12,STOP,-1023.49,-1473.22
rsi50,HINDALCO,2025-10-07,LONG,2025-10-07T10:40:00,777.75,774.81,782.15,385,2.94,2025-10-07T10:50:00,774.81,STOP,-1130.61,-1578.92
rsi50,HINDALCO,2025-10-08,SHORT,2025-10-08T12:30:00,771.75,774.56,767.54,388,2.81,2025-10-08T13:50:00,774.56,STOP,-1088.62,-1538.59
rsi50,HINDALCO,2025-10-10,LONG,2025-10-10T13:30:00,772.80,770.67,776.00,388,2.13,2025-10-10T15:20:00,774.05,TIME_STOP,485.00,34.87
rsi50,HINDALCO,2025-10-13,SHORT,2025-10-13T10:30:00,770.80,773.06,767.40,389,2.26,2025-10-13T11:20:00,767.40,TARGET,1320.83,872.06
rsi50,HINDALCO,2025-10-14,SHORT,2025-10-14T11:20:00,764.80,767.19,761.21,392,2.39,2025-10-14T11:30:00,761.21,TARGET,1408.14,959.49
rsi50,HINDALCO,2025-10-17,SHORT,2025-10-17T11:20:00,775.85,777.69,773.09,386,1.84,2025-10-17T12:40:00,773.09,TARGET,1066.15,617.73
rsi50,HINDALCO,2025-10-21,LONG,2025-10-21T14:00:00,786.35,783.16,791.14,381,3.19,2025-10-21T14:40:00,783.16,STOP,-1216.59,-1665.08
rsi50,HINDALCO,2025-10-30,SHORT,2025-10-30T10:10:00,851.45,854.32,847.15,352,2.87,2025-10-30T10:10:00,854.32,STOP,-1008.73,-1459.05
rsi50,HINDALCO,2025-10-31,SHORT,2025-10-31T10:10:00,852.70,855.69,848.22,351,2.99,2025-10-31T11:20:00,848.22,TARGET,1571.61,1123.84
rsi50,HINDALCO,2025-11-03,LONG,2025-11-03T10:30:00,850.60,847.49,855.26,352,3.11,2025-11-03T10:50:00,848.80,REVERSE,-633.60,-1082.24
rsi50,HINDALCO,2025-11-07,LONG,2025-11-07T10:50:00,790.65,787.61,795.21,379,3.04,2025-11-07T11:50:00,795.21,TARGET,1729.95,1279.17
rsi50,HINDALCO,2025-11-10,SHORT,2025-11-10T12:20:00,791.60,794.33,787.51,378,2.73,2025-11-10T13:30:00,794.33,STOP,-1030.32,-1479.93
rsi50,HINDALCO,2025-11-11,LONG,2025-11-11T14:00:00,788.10,785.87,791.45,380,2.23,2025-11-11T14:10:00,791.45,TARGET,1271.22,821.05
rsi50,HINDALCO,2025-11-14,SHORT,2025-11-14T13:10:00,799.50,801.86,795.96,375,2.36,2025-11-14T13:20:00,801.86,STOP,-885.89,-1336.27
rsi50,HINDALCO,2025-11-17,SHORT,2025-11-17T11:20:00,802.00,804.20,798.70,374,2.20,2025-11-17T12:30:00,804.20,STOP,-823.99,-1274.53
rsi50,HINDALCO,2025-11-19,LONG,2025-11-19T13:30:00,796.10,794.22,798.92,376,1.88,2025-11-19T13:30:00,794.30,REVERSE,-676.80,-1125.29
rsi50,HINDALCO,2025-11-25,LONG,2025-11-25T10:00:00,787.50,784.71,791.68,380,2.79,2025-11-25T10:00:00,784.71,STOP,-1058.73,-1506.81
rsi50,HINDALCO,2025-12-03,SHORT,2025-12-03T10:10:00,805.05,807.33,801.63,372,2.28,2025-12-03T10:40:00,807.33,STOP,-847.40,-1297.25
rsi50,HINDALCO,2025-12-04,SHORT,2025-12-04T13:10:00,814.60,816.55,811.68,368,1.95,2025-12-04T13:40:00,811.68,TARGET,1074.99,626.14
rsi50,HINDALCO,2025-12-05,LONG,2025-12-05T11:00:00,818.25,815.73,822.03,366,2.52,2025-12-05T11:10:00,822.03,TARGET,1382.56,932.30
rsi50,HINDALCO,2025-12-08,SHORT,2025-12-08T12:10:00,823.55,825.76,820.23,364,2.21,2025-12-08T13:20:00,820.23,TARGET,1208.33,759.57
rsi50,HINDALCO,2025-12-11,SHORT,2025-12-11T12:00:00,824.00,826.15,820.77,364,2.15,2025-12-11T13:50:00,825.25,REVERSE,-455.00,-905.25
rsi50,HINDALCO,2025-12-16,SHORT,2025-12-16T10:00:00,841.85,844.88,837.31,356,3.03,2025-12-16T11:00:00,837.31,TARGET,1615.64,1167.30
rsi50,HINDALCO,2025-12-19,SHORT,2025-12-19T11:10:00,848.45,851.33,844.13,353,2.88,2025-12-19T11:30:00,851.33,STOP,-1017.26,-1467.27
rsi50,HINDALCO,2025-12-24,SHORT,2025-12-24T14:00:00,867.20,869.57,863.64,345,2.37,2025-12-24T14:20:00,863.64,TARGET,1228.25,780.39
rsi50,HINDALCO,2025-12-26,LONG,2025-12-26T12:20:00,870.35,867.93,873.99,344,2.42,2025-12-26T12:30:00,867.93,STOP,-834.13,-1282.60
rsi50,HINDALCO,2025-12-29,SHORT,2025-12-29T12:20:00,869.50,872.35,865.23,345,2.85,2025-12-29T12:30:00,865.23,TARGET,1472.57,1023.71
rsi50,HINDALCO,2025-12-30,LONG,2025-12-30T10:00:00,871.20,868.59,875.11,344,2.61,2025-12-30T10:10:00,875.11,TARGET,1346.21,895.66
rsi50,HINDALCO,2026-01-06,SHORT,2026-01-06T14:00:00,945.75,949.38,940.31,317,3.63,2026-01-06T15:10:00,940.31,TARGET,1726.03,1277.62
rsi50,HINDALCO,2026-01-12,LONG,2026-01-12T10:30:00,904.90,900.60,911.36,331,4.30,2026-01-12T11:20:00,900.60,STOP,-1424.54,-1872.76
rsi50,HINDALCO,2026-01-20,LONG,2026-01-20T11:40:00,944.80,941.26,950.12,317,3.54,2026-01-20T11:50:00,941.26,STOP,-1123.73,-1572.14
rsi50,HINDALCO,2026-01-21,LONG,2026-01-21T12:40:00,936.80,933.45,941.82,320,3.35,2026-01-21T13:00:00,941.82,TARGET,1608.00,1157.13
rsi50,HINDALCO,2026-01-22,SHORT,2026-01-22T11:20:00,936.50,940.12,931.07,320,3.62,2026-01-22T11:30:00,940.12,STOP,-1157.94,-1608.33
rsi50,HINDALCO,2026-01-23,SHORT,2026-01-23T13:50:00,950.00,952.78,945.83,315,2.78,2026-01-23T14:40:00,952.78,STOP,-875.10,-1324.64
rsi50,HINDALCO,2026-01-27,SHORT,2026-01-27T14:00:00,953.10,956.92,947.37,314,3.82,2026-01-27T14:30:00,956.92,STOP,-1200.15,-1649.96
rsi50,HINDALCO,2026-02-04,SHORT,2026-02-04T12:10:00,958.15,962.04,952.31,313,3.89,2026-02-04T12:30:00,962.04,STOP,-1217.94,-1668.70
rsi50,HINDALCO,2026-02-06,LONG,2026-02-06T11:50:00,938.35,934.95,943.44,319,3.40,2026-02-06T12:40:00,934.95,STOP,-1083.11,-1531.29
rsi50,HINDALCO,2026-02-11,LONG,2026-02-11T13:30:00,963.00,960.09,967.37,311,2.91,2026-02-11T13:40:00,967.37,TARGET,1358.36,908.11
rsi50,HINDALCO,2026-02-12,SHORT,2026-02-12T10:00:00,960.75,965.13,954.18,312,4.38,2026-02-12T10:20:00,954.18,TARGET,2051.39,1603.30
rsi50,HINDALCO,2026-02-23,SHORT,2026-02-23T11:20:00,924.90,928.43,919.61,324,3.53,2026-02-23T11:20:00,919.61,TARGET,1715.15,1266.94
rsi50,HINDALCO,2026-02-24,LONG,2026-02-24T10:30:00,918.15,914.63,923.42,326,3.52,2026-02-24T12:00:00,915.25,REVERSE,-945.40,-1393.67
rsi50,HINDALCO,2026-02-27,SHORT,2026-02-27T10:10:00,931.55,934.67,926.87,322,3.12,2026-02-27T11:00:00,934.67,STOP,-1005.36,-1456.05
rsi50,HINDALCO,2026-03-02,SHORT,2026-03-02T10:50:00,926.60,932.05,918.43,323,5.45,2026-03-02T12:40:00,923.35,TIME_STOP,1049.75,601.60
rsi50,HINDALCO,2026-03-04,SHORT,2026-03-04T10:10:00,918.35,924.35,909.34,326,6.00,2026-03-04T10:30:00,924.35,STOP,-1957.35,-2407.89
rsi50,HINDALCO,2026-03-10,LONG,2026-03-10T11:40:00,944.85,940.68,951.11,317,4.17,2026-03-10T13:30:00,948.15,TIME_STOP,1046.10,596.04
rsi50,HINDALCO,2026-03-11,SHORT,2026-03-11T13:40:00,958.30,961.91,952.88,313,3.61,2026-03-11T15:20:00,959.60,EOD,-406.90,-857.13
rsi50,HINDALCO,2026-03-12,LONG,2026-03-12T13:20:00,953.65,949.84,959.36,314,3.81,2026-03-12T13:30:00,959.36,TARGET,1793.54,1343.03
rsi50,JINDALSTEL,2024-03-19,SHORT,2024-03-19T11:20:00,795.95,800.96,788.43,376,5.01,2024-03-19T12:30:00,800.96,STOP,-1884.16,-2334.49
rsi50,JINDALSTEL,2024-03-27,LONG,2024-03-27T13:10:00,839.15,836.47,843.17,357,2.68,2024-03-27T14:20:00,836.47,STOP,-955.90,-1404.55
rsi50,JINDALSTEL,2024-04-02,SHORT,2024-04-02T10:30:00,858.95,862.70,853.32,349,3.75,2024-04-02T11:00:00,862.70,STOP,-1310.31,-1760.95
rsi50,JINDALSTEL,2024-04-04,SHORT,2024-04-04T12:00:00,901.85,906.06,895.53,332,4.21,2024-04-04T12:50:00,906.06,STOP,-1398.89,-1849.06
rsi50,JINDALSTEL,2024-04-05,LONG,2024-04-05T11:50:00,905.80,901.88,911.69,331,3.92,2024-04-05T11:50:00,911.69,TARGET,1948.23,1497.04
rsi50,JINDALSTEL,2024-04-09,SHORT,2024-04-09T13:50:00,911.25,915.03,905.58,329,3.78,2024-04-09T14:10:00,905.58,TARGET,1864.30,1416.00
rsi50,JINDALSTEL,2024-04-10,LONG,2024-04-10T13:20:00,907.05,902.42,914.00,330,4.63,2024-04-10T14:00:00,902.42,STOP,-1529.26,-1977.10
rsi50,JINDALSTEL,2024-04-12,LONG,2024-04-12T11:10:00,904.00,900.16,909.77,331,3.84,2024-04-12T12:40:00,900.16,STOP,-1272.34,-1720.22
rsi50,JINDALSTEL,2024-04-15,LONG,2024-04-15T10:50:00,910.95,904.99,919.90,329,5.96,2024-04-15T11:00:00,904.99,STOP,-1962.03,-2410.11
rsi50,JINDALSTEL,2024-04-19,LONG,2024-04-19T12:50:00,920.90,914.52,930.46,325,6.38,2024-04-19T13:30:00,930.46,TARGET,3108.39,2657.12
rsi50,JINDALSTEL,2024-04-22,SHORT,2024-04-22T11:10:00,920.15,926.00,911.37,326,5.85,2024-04-22T13:00:00,920.45,TIME_STOP,-97.80,-547.83
rsi50,JINDALSTEL,2024-04-26,SHORT,2024-04-26T11:10:00,930.95,935.17,924.63,322,4.22,2024-04-26T11:20:00,935.17,STOP,-1357.45,-1808.11
rsi50,JINDALSTEL,2024-04-30,SHORT,2024-04-30T10:20:00,932.50,936.63,926.31,321,4.13,2024-04-30T10:40:00,936.63,STOP,-1324.62,-1774.62
rsi50,JINDALSTEL,2024-05-03,SHORT,2024-05-03T12:10:00,937.50,942.10,930.60,320,4.60,2024-05-03T13:40:00,930.60,TARGET,2208.56,1760.22
rsi50,JINDALSTEL,2024-05-06,LONG,2024-05-06T11:00:00,937.20,931.19,946.22,320,6.01,2024-05-06T12:50:00,936.55,TIME_STOP,-208.00,-657.70
rsi50,JINDALSTEL,2024-05-09,SHORT,2024-05-09T11:20:00,934.85,939.17,928.37,320,4.32,2024-05-09T12:00:00,939.17,STOP,-1383.27,-1833.03
rsi50,JINDALSTEL,2024-05-13,LONG,2024-05-13T12:10:00,930.00,925.25,937.12,322,4.75,2024-05-13T12:50:00,925.25,STOP,-1527.98,-1976.03
rsi50,JINDALSTEL,2024-05-30,LONG,2024-05-30T13:50:00,1037.90,1034.35,1043.23,289,3.55,2024-05-30T13:50:00,1034.35,STOP,-1027.17,-1476.33
rsi50,JINDALSTEL,2024-05-31,SHORT,2024-05-31T12:20:00,1031.95,1035.95,1025.95,290,4.00,2024-05-31T14:10:00,1033.80,TIME_STOP,-536.50,-985.80
rsi50,JINDALSTEL,2024-06-05,LONG,2024-06-05T12:40:00,961.20,950.39,977.42,231,10.81,2024-06-05T13:10:00,977.42,TARGET,3746.60,3410.74
rsi50,JINDALSTEL,2024-06-07,SHORT,2024-06-07T12:20:00,1023.95,1028.84,1016.61,292,4.89,2024-06-07T12:50:00,1028.84,STOP,-1428.01,-1877.57
rsi50,JINDALSTEL,2024-06-12,LONG,2024-06-12T10:00:00,1024.70,1019.74,1032.15,292,4.96,2024-06-12T11:50:00,1032.00,TIME_STOP,2131.60,1681.18
rsi50,JINDALSTEL,2024-06-21,LONG,2024-06-21T10:10:00,1067.85,1062.17,1076.37,280,5.68,2024-06-21T10:50:00,1062.17,STOP,-1589.48,-2036.78
rsi50,JINDALSTEL,2024-06-24,LONG,2024-06-24T12:00:00,1070.20,1064.69,1078.46,280,5.51,2024-06-24T12:50:00,1064.69,STOP,-1541.91,-1990.24
rsi50,JINDALSTEL,2024-06-25,SHORT,2024-06-25T10:20:00,1063.00,1067.71,1055.93,282,4.71,2024-06-25T10:30:00,1055.93,TARGET,1994.18,1546.03
rsi50,JINDALSTEL,2024-06-28,SHORT,2024-06-28T12:20:00,1048.75,1051.92,1044.00,286,3.17,2024-06-28T13:40:00,1050.75,REVERSE,-572.00,-1022.34
rsi50,JINDALSTEL,2024-07-01,SHORT,2024-07-01T12:40:00,1044.95,1048.66,1039.38,287,3.71,2024-07-01T14:30:00,1044.70,TIME_STOP,71.75,-378.05
rsi50,JINDALSTEL,2024-07-02,SHORT,2024-07-02T12:40:00,1045.55,1050.24,1038.52,286,4.69,2024-07-02T13:10:00,1038.52,TARGET,2010.89,1563.85
rsi50,JINDALSTEL,2024-07-03,LONG,2024-07-03T10:20:00,1048.05,1044.44,1053.46,286,3.61,2024-07-03T10:20:00,1053.46,TARGET,1548.25,1097.48
rsi50,JINDALSTEL,2024-07-12,SHORT,2024-07-12T10:00:00,1012.05,1016.71,1005.06,296,4.66,2024-07-12T11:00:00,1016.71,STOP,-1379.93,-1830.32
rsi50,JINDALSTEL,2024-07-15,LONG,2024-07-15T10:40:00,1014.65,1010.68,1020.60,295,3.97,2024-07-15T11:30:00,1010.68,STOP,-1171.10,-1619.21
rsi50,JINDALSTEL,2024-07-22,LONG,2024-07-22T13:40:00,956.70,952.73,962.66,313,3.97,2024-07-22T14:00:00,952.73,STOP,-1244.02,-1692.26
rsi50,JINDALSTEL,2024-07-23,LONG,2024-07-23T14:10:00,950.30,944.70,958.70,315,5.60,2024-07-23T14:50:00,958.70,TARGET,2644.74,2193.74
rsi50,JINDALSTEL,2024-07-30,SHORT,2024-07-30T13:40:00,968.15,971.31,963.41,309,3.16,2024-07-30T13:50:00,971.31,STOP,-976.04,-1425.51
rsi50,JINDALSTEL,2024-08-01,SHORT,2024-08-01T12:00:00,985.00,989.04,978.93,304,4.04,2024-08-01T13:40:00,978.93,TARGET,1844.50,1396.73
rsi50,JINDALSTEL,2024-08-09,LONG,2024-08-09T12:40:00,924.65,921.32,929.65,324,3.33,2024-08-09T13:00:00,921.32,STOP,-1079.76,-1528.33
rsi50,JINDALSTEL,2024-08-12,LONG,2024-08-12T14:00:00,918.55,915.38,923.30,326,3.17,2024-08-12T14:40:00,915.38,STOP,-1033.18,-1481.58
rsi50,JINDALSTEL,2024-08-13,SHORT,2024-08-13T13:10:00,915.10,918.25,910.38,327,3.15,2024-08-13T13:40:00,910.38,TARGET,1544.81,1097.12
rsi50,JINDALSTEL,2024-08-20,SHORT,2024-08-20T11:10:00,939.60,942.89,934.66,319,3.29,2024-08-20T12:20:00,942.89,STOP,-1049.59,-1499.97
rsi50,JINDALSTEL,2024-08-26,LONG,2024-08-26T10:00:00,966.00,962.81,970.78,310,3.19,2024-08-26T11:10:00,962.81,STOP,-988.64,-1437.09
rsi50,JINDALSTEL,2024-08-27,SHORT,2024-08-27T12:30:00,975.00,978.03,970.45,307,3.03,2024-08-27T12:30:00,978.03,STOP,-930.99,-1380.68
rsi50,JINDALSTEL,2024-08-28,LONG,2024-08-28T12:10:00,974.00,970.98,978.53,308,3.02,2024-08-28T14:00:00,974.00,TIME_STOP,0.00,-449.99
rsi50,JINDALSTEL,2024-09-02,SHORT,2024-09-02T13:10:00,959.35,962.58,954.50,312,3.23,2024-09-02T13:10:00,962.58,STOP,-1008.97,-1458.70
rsi50,JINDALSTEL,2024-09-05,SHORT,2024-09-05T10:40:00,943.55,946.98,938.41,317,3.43,2024-09-05T11:10:00,946.98,STOP,-1085.99,-1535.46
rsi50,JINDALSTEL,2024-09-06,LONG,2024-09-06T11:40:00,951.90,948.69,956.72,315,3.21,2024-09-06T11:50:00,956.72,TARGET,1518.22,1067.31
rsi50,JINDALSTEL,2024-09-11,LONG,2024-09-11T11:20:00,966.00,962.52,971.22,310,3.48,2024-09-11T13:10:00,969.80,TIME_STOP,1178.00,727.93
rsi50,JINDALSTEL,2024-09-20,LONG,2024-09-20T10:50:00,1019.00,1011.40,1030.39,294,7.60,2024-09-20T11:40:00,1011.40,STOP,-2233.01,-2680.72
rsi50,JINDALSTEL,2024-09-25,SHORT,2024-09-25T10:30:00,1038.20,1043.48,1030.28,288,5.28,2024-09-25T10:30:00,1030.28,TARGET,2279.66,1832.87
rsi50,JINDALSTEL,2024-09-26,LONG,2024-09-26T13:10:00,1025.70,1021.86,1031.47,292,3.84,2024-09-26T14:20:00,1031.47,TARGET,1683.69,1233.17
rsi50,JINDALSTEL,2024-09-27,SHORT,2024-09-27T12:10:00,1025.75,1030.20,1019.08,292,4.45,2024-09-27T12:50:00,1019.08,TARGET,1947.13,1499.31
rsi50,JINDALSTEL,2024-10-10,SHORT,2024-10-10T14:00:00,995.75,999.63,989.92,301,3.88,2024-10-10T14:20:00,989.92,TARGET,1753.40,1305.13
rsi50,JINDALSTEL,2024-10-11,LONG,2024-10-11T10:00:00,1001.95,997.80,1008.18,299,4.15,2024-10-11T10:50:00,1008.18,TARGET,1861.58,1410.81
rsi50,JINDALSTEL,2024-10-18,LONG,2024-10-18T12:00:00,964.80,959.36,972.96,310,5.44,2024-10-18T13:20:00,972.96,TARGET,2528.88,2078.35
rsi50,JINDALSTEL,2024-10-21,SHORT,2024-10-21T11:00:00,959.20,964.02,951.96,312,4.82,2024-10-21T12:50:00,951.96,TARGET,2257.99,1810.77
rsi50,JINDALSTEL,2024-10-23,LONG,2024-10-23T13:40:00,923.05,918.80,929.43,325,4.25,2024-10-23T14:10:00,918.80,STOP,-1381.78,-1830.73
rsi50,JINDALSTEL,2024-10-24,LONG,2024-10-24T10:10:00,928.80,923.79,936.32,322,5.01,2024-10-24T10:20:00,923.79,STOP,-1614.27,-2061.67
rsi50,JINDALSTEL,2024-10-31,LONG,2024-10-31T10:20:00,925.95,922.10,931.72,323,3.85,2024-10-31T12:10:00,925.30,TIME_STOP,-209.95,-658.42
rsi50,JINDALSTEL,2024-11-07,SHORT,2024-11-07T12:30:00,948.25,953.49,940.39,316,5.24,2024-11-07T13:10:00,940.39,TARGET,2482.49,2034.88
rsi50,JINDALSTEL,2024-11-08,SHORT,2024-11-08T10:50:00,940.35,945.51,932.62,319,5.16,2024-11-08T11:30:00,932.62,TARGET,2467.34,2019.23
rsi50,JINDALSTEL,2024-11-14,LONG,2024-11-14T10:00:00,869.20,864.14,876.79,345,5.06,2024-11-14T10:00:00,876.79,TARGET,2618.22,2166.45
rsi50,JINDALSTEL,2024-11-19,SHORT,2024-11-19T11:20:00,876.90,881.02,870.71,342,4.12,2024-11-19T13:10:00,881.02,STOP,-1410.36,-1861.27
rsi50,JINDALSTEL,2024-11-21,LONG,2024-11-21T11:50:00,878.70,874.31,885.29,341,4.39,2024-11-21T12:10:00,874.31,STOP,-1498.41,-1946.74
rsi50,JINDALSTEL,2024-11-22,LONG,2024-11-22T12:00:00,874.70,870.88,880.43,342,3.82,2024-11-22T13:20:00,880.43,TARGET,1961.28,1511.09
rsi50,JINDALSTEL,2024-11-25,SHORT,2024-11-25T13:00:00,880.60,883.95,875.57,340,3.35,2024-11-25T13:40:00,883.95,STOP,-1140.05,-1590.01
rsi50,JINDALSTEL,2024-11-27,LONG,2024-11-27T10:00:00,888.50,883.20,896.45,337,5.30,2024-11-27T11:50:00,885.60,TIME_STOP,-977.30,-1425.70
rsi50,JINDALSTEL,2024-11-29,SHORT,2024-11-29T10:20:00,893.85,897.73,888.03,335,3.88,2024-11-29T10:30:00,897.73,STOP,-1299.93,-1750.07
rsi50,JINDALSTEL,2024-12-13,LONG,2024-12-13T13:10:00,994.45,990.17,1000.88,301,4.28,2024-12-13T15:00:00,999.00,TIME_STOP,1369.55,919.53
rsi50,JINDALSTEL,2024-12-17,SHORT,2024-12-17T11:40:00,975.60,978.45,971.32,307,2.85,2024-12-17T12:00:00,971.32,TARGET,1314.58,866.30
rsi50,JINDALSTEL,2024-12-26,SHORT,2024-12-26T10:10:00,936.00,939.47,930.80,320,3.47,2024-12-26T10:50:00,930.80,TARGET,1663.38,1215.34
rsi50,JINDALSTEL,2024-12-27,SHORT,2024-12-27T11:30:00,932.40,935.90,927.15,321,3.50,2024-12-27T12:30:00,927.15,TARGET,1686.01,1238.32
rsi50,JINDALSTEL,2025-01-01,LONG,2025-01-01T10:50:00,930.55,927.02,935.84,322,3.53,2025-01-01T12:40:00,934.00,TIME_STOP,1110.90,660.61
rsi50,JINDALSTEL,2025-01-07,SHORT,2025-01-07T14:10:00,943.75,947.66,937.89,317,3.91,2025-01-07T14:20:00,946.80,REVERSE,-966.85,-1416.33
rsi50,JINDALSTEL,2025-01-10,LONG,2025-01-10T13:30:00,925.90,922.04,931.68,324,3.86,2025-01-10T14:00:00,922.04,STOP,-1249.09,-1698.14
rsi50,JINDALSTEL,2025-01-14,LONG,2025-01-14T12:10:00,920.00,914.90,927.64,326,5.10,2025-01-14T12:10:00,914.90,STOP,-1661.38,-2110.02
rsi50,JINDALSTEL,2025-01-15,LONG,2025-01-15T11:20:00,917.50,913.68,923.23,326,3.82,2025-01-15T11:30:00,913.68,STOP,-1246.28,-1694.00
rsi50,JINDALSTEL,2025-01-17,LONG,2025-01-17T10:10:00,926.10,922.53,931.46,323,3.57,2025-01-17T10:20:00,922.53,STOP,-1153.52,-1601.35
rsi50,JINDALSTEL,2025-01-20,LONG,2025-01-20T11:20:00,928.35,924.72,933.80,323,3.63,2025-01-20T13:10:00,933.80,TARGET,1760.30,1309.19
rsi50,JINDALSTEL,2025-01-23,SHORT,2025-01-23T11:40:00,895.20,899.45,888.83,335,4.25,2025-01-23T12:30:00,898.45,REVERSE,-1088.75,-1539.40
rsi50,JINDALSTEL,2025-01-24,SHORT,2025-01-24T10:00:00,892.40,896.58,886.13,336,4.18,2025-01-24T10:20:00,886.13,TARGET,2108.32,1660.13
rsi50,JINDALSTEL,2025-01-28,LONG,2025-01-28T12:30:00,849.30,844.07,857.14,353,5.23,2025-01-28T13:10:00,857.14,TARGET,2769.06,2317.27
rsi50,JINDALSTEL,2025-01-30,SHORT,2025-01-30T13:40:00,850.35,853.84,845.12,352,3.49,2025-01-30T14:50:00,853.84,STOP,-1228.13,-1678.03
rsi50,JINDALSTEL,2025-02-01,SHORT,2025-02-01T12:30:00,786.45,793.30,776.18,365,6.85,2025-02-01T12:30:00,776.18,TARGET,3749.61,3321.84
rsi50,JINDALSTEL,2025-02-03,LONG,2025-02-03T10:30:00,791.95,782.48,806.16,263,9.47,2025-02-03T12:20:00,791.60,TIME_STOP,-92.05,-404.41
rsi50,JINDALSTEL,2025-02-10,LONG,2025-02-10T12:30:00,835.70,832.18,840.98,358,3.52,2025-02-10T14:20:00,836.15,TIME_STOP,161.10,-287.79
rsi50,JINDALSTEL,2025-02-11,SHORT,2025-02-11T13:10:00,835.50,839.09,830.12,359,3.59,2025-02-11T13:30:00,830.12,TARGET,1931.48,1483.01
rsi50,JINDALSTEL,2025-02-12,LONG,2025-02-12T13:20:00,825.00,819.30,833.55,363,5.70,2025-02-12T14:00:00,819.30,STOP,-2068.64,-2516.30
rsi50,JINDALSTEL,2025-02-18,LONG,2025-02-18T10:10:00,839.20,834.56,846.16,357,4.64,2025-02-18T10:20:00,834.56,STOP,-1656.25,-2104.40
rsi50,JINDALSTEL,2025-02-21,SHORT,2025-02-21T10:20:00,864.90,868.73,859.16,346,3.83,2025-02-21T10:30:00,868.73,STOP,-1324.42,-1774.30
rsi50,JINDALSTEL,2025-02-24,SHORT,2025-02-24T11:40:00,872.60,876.68,866.48,343,4.08,2025-02-24T11:40:00,876.68,STOP,-1398.39,-1848.39
rsi50,JINDALSTEL,2025-02-25,LONG,2025-02-25T11:10:00,869.35,865.05,875.81,345,4.30,2025-02-25T11:20:00,865.05,STOP,-1485.00,-1933.77
rsi50,JINDALSTEL,2025-02-27,SHORT,2025-02-27T10:40:00,856.30,860.58,849.87,350,4.28,2025-02-27T12:00:00,849.87,TARGET,2248.91,1801.04
rsi50,JINDALSTEL,2025-02-28,SHORT,2025-02-28T12:10:00,852.60,857.63,845.05,351,5.03,2025-02-28T13:00:00,845.05,TARGET,2649.85,2202.94
rsi50,JINDALSTEL,2025-03-03,SHORT,2025-03-03T11:20:00,850.35,856.12,841.70,352,5.77,2025-03-03T12:30:00,856.12,STOP,-2030.50,-2481.01
rsi50,JINDALSTEL,2025-03-12,SHORT,2025-03-12T10:20:00,899.15,902.80,893.67,333,3.65,2025-03-12T11:00:00,893.67,TARGET,1824.74,1376.98
rsi50,JINDALSTEL,2025-03-13,SHORT,2025-03-13T12:00:00,895.40,898.97,890.04,335,3.57,2025-03-13T12:20:00,898.97,STOP,-1197.52,-1648.36
rsi50,JINDALSTEL,2025-03-17,LONG,2025-03-17T10:00:00,902.00,898.38,907.43,332,3.62,2025-03-17T10:30:00,898.38,STOP,-1201.68,-1649.98
rsi50,JINDALSTEL,2025-03-20,LONG,2025-03-20T12:40:00,927.75,924.32,932.90,323,3.43,2025-03-20T14:30:00,926.75,TIME_STOP,-323.00,-772.25
rsi50,JINDALSTEL,2025-03-24,LONG,2025-03-24T10:10:00,922.00,918.14,927.79,325,3.86,2025-03-24T12:00:00,923.50,TIME_STOP,487.50,37.66
rsi50,JINDALSTEL,2025-03-28,SHORT,2025-03-28T14:00:00,907.85,911.04,903.07,330,3.19,2025-03-28T14:30:00,911.04,STOP,-1052.67,-1502.84
rsi50,JINDALSTEL,2025-04-02,LONG,2025-04-02T10:20:00,906.50,902.92,911.86,330,3.58,2025-04-02T12:00:00,902.92,STOP,-1179.76,-1627.59
rsi50,JINDALSTEL,2025-04-08,LONG,2025-04-08T12:50:00,800.05,794.86,807.84,374,5.19,2025-04-08T14:40:00,799.35,TIME_STOP,-261.80,-710.43
rsi50,JINDALSTEL,2025-04-23,SHORT,2025-04-23T10:10:00,908.05,912.00,902.12,330,3.95,2025-04-23T10:10:00,902.12,TARGET,1955.54,1507.53
rsi50,JINDALSTEL,2025-04-24,SHORT,2025-04-24T11:30:00,910.65,914.81,904.41,329,4.16,2025-04-24T13:20:00,908.10,TIME_STOP,838.95,390.17
rsi50,JINDALSTEL,2025-04-29,SHORT,2025-04-29T11:00:00,903.75,907.30,898.42,331,3.55,2025-04-29T11:00:00,907.30,STOP,-1175.34,-1624.94
rsi50,JINDALSTEL,2025-04-30,LONG,2025-04-30T12:30:00,903.20,899.80,908.30,332,3.40,2025-04-30T14:10:00,899.80,STOP,-1128.03,-1576.97
rsi50,JINDALSTEL,2025-05-02,LONG,2025-05-02T13:30:00,903.00,896.47,912.79,332,6.53,2025-05-02T14:30:00,896.47,STOP,-2167.95,-2616.02
rsi50,JINDALSTEL,2025-05-06,SHORT,2025-05-06T10:00:00,883.20,889.86,873.21,339,6.66,2025-05-06T10:50:00,889.86,STOP,-2258.86,-2709.66
rsi50,JINDALSTEL,2025-05-07,LONG,2025-05-07T12:20:00,879.75,875.48,886.16,341,4.27,2025-05-07T14:10:00,881.45,TIME_STOP,579.70,129.27
rsi50,JINDALSTEL,2025-05-19,SHORT,2025-05-19T10:00:00,969.55,973.62,963.45,309,4.07,2025-05-19T10:10:00,973.62,STOP,-1257.07,-1707.40
rsi50,JINDALSTEL,2025-05-20,SHORT,2025-05-20T11:00:00,967.00,972.04,959.44,310,5.04,2025-05-20T12:30:00,972.04,STOP,-1562.79,-2013.62
rsi50,JINDALSTEL,2025-05-22,LONG,2025-05-22T10:00:00,972.45,967.79,979.44,308,4.66,2025-05-22T10:30:00,967.79,STOP,-1435.24,-1883.43
rsi50,JINDALSTEL,2025-05-26,SHORT,2025-05-26T14:10:00,958.10,961.28,953.33,313,3.18,2025-05-26T15:20:00,953.33,TARGET,1493.56,1044.85
rsi50,JINDALSTEL,2025-05-30,SHORT,2025-05-30T14:00:00,954.80,957.70,950.45,314,2.90,2025-05-30T15:00:00,950.45,TARGET,1366.31,917.62
rsi50,JINDALSTEL,2025-06-02,LONG,2025-06-02T13:30:00,946.70,942.68,952.74,316,4.02,2025-06-02T14:10:00,942.68,STOP,-1271.70,-1719.49
rsi50,JINDALSTEL,2025-06-03,LONG,2025-06-03T10:20:00,946.05,942.17,951.87,317,3.88,2025-06-03T10:40:00,942.17,STOP,-1230.92,-1679.84
rsi50,JINDALSTEL,2025-06-04,LONG,2025-06-04T12:30:00,947.50,944.67,951.74,316,2.83,2025-06-04T13:50:00,951.74,TARGET,1339.55,889.43
rsi50,JINDALSTEL,2025-06-05,SHORT,2025-06-05T14:00:00,951.65,954.06,948.03,315,2.41,2025-06-05T14:20:00,948.03,TARGET,1139.60,690.80
rsi50,JINDALSTEL,2025-06-10,SHORT,2025-06-10T13:20:00,975.20,977.62,971.58,307,2.42,2025-06-10T13:50:00,971.58,TARGET,1112.47,664.23
rsi50,JINDALSTEL,2025-06-11,LONG,2025-06-11T13:20:00,973.55,971.47,976.68,308,2.08,2025-06-11T13:20:00,971.47,STOP,-641.83,-1091.13
rsi50,JINDALSTEL,2025-06-16,LONG,2025-06-16T12:00:00,923.45,920.45,927.95,324,3.00,2025-06-16T12:40:00,927.95,TARGET,1457.47,1007.58
rsi50,JINDALSTEL,2025-06-20,LONG,2025-06-20T10:40:00,894.00,890.08,899.88,335,3.92,2025-06-20T11:20:00,899.88,TARGET,1970.72,1520.00
rsi50,JINDALSTEL,2025-06-25,SHORT,2025-06-25T14:10:00,925.90,928.17,922.49,324,2.27,2025-06-25T14:50:00,928.17,STOP,-736.67,-1187.21
rsi50,JINDALSTEL,2025-06-26,LONG,2025-06-26T10:30:00,928.85,925.49,933.89,322,3.36,2025-06-26T10:40:00,925.49,STOP,-1080.98,-1528.80
rsi50,JINDALSTEL,2025-06-27,SHORT,2025-06-27T13:30:00,946.20,949.89,940.67,317,3.69,2025-06-27T14:40:00,940.67,TARGET,1754.12,1305.52
rsi50,JINDALSTEL,2025-07-01,LONG,2025-07-01T12:30:00,950.45,946.98,955.65,315,3.47,2025-07-01T13:50:00,946.98,STOP,-1091.80,-1540.07
rsi50,JINDALSTEL,2025-07-03,SHORT,2025-07-03T13:10:00,969.40,972.29,965.06,309,2.89,2025-07-03T13:20:00,965.06,TARGET,1340.54,892.23
rsi50,JINDALSTEL,2025-07-07,LONG,2025-07-07T11:50:00,953.05,949.57,958.26,314,3.48,2025-07-07T11:50:00,949.57,STOP,-1091.25,-1539.31
rsi50,JINDALSTEL,2025-07-10,SHORT,2025-07-10T13:40:00,943.40,946.29,939.06,317,2.89,2025-07-10T14:10:00,946.29,STOP,-917.31,-1366.58
rsi50,JINDALSTEL,2025-07-14,SHORT,2025-07-14T11:50:00,932.30,936.00,926.74,321,3.70,2025-07-14T13:40:00,928.60,TIME_STOP,1187.70,739.69
rsi50,JINDALSTEL,2025-07-17,LONG,2025-07-17T13:00:00,943.45,940.38,948.06,317,3.07,2025-07-17T13:20:00,948.06,TARGET,1460.69,1010.98
rsi50,JINDALSTEL,2025-07-21,SHORT,2025-07-21T13:00:00,959.80,962.69,955.47,312,2.89,2025-07-21T14:50:00,959.50,TIME_STOP,93.60,-355.52
rsi50,JINDALSTEL,2025-07-23,LONG,2025-07-23T10:00:00,967.25,964.70,971.07,310,2.55,2025-07-23T10:00:00,965.55,REVERSE,-527.00,-976.38
rsi50,JINDALSTEL,2025-07-28,SHORT,2025-07-28T10:10:00,987.95,991.56,982.54,303,3.61,2025-07-28T12:00:00,983.30,TIME_STOP,1408.95,960.98
rsi50,JINDALSTEL,2025-07-29,LONG,2025-07-29T10:10:00,987.15,983.28,992.95,303,3.87,2025-07-29T10:10:00,983.28,STOP,-1171.60,-1619.38
rsi50,JINDALSTEL,2025-07-30,SHORT,2025-07-30T12:50:00,981.75,984.79,977.19,305,3.04,2025-07-30T13:20:00,984.79,STOP,-928.19,-1378.04
rsi50,JINDALSTEL,2025-08-04,LONG,2025-08-04T10:10:00,974.00,969.72,980.42,308,4.28,2025-08-04T12:00:00,976.15,TIME_STOP,662.20,211.72
rsi50,JINDALSTEL,2025-08-06,SHORT,2025-08-06T11:30:00,987.35,990.88,982.06,303,3.53,2025-08-06T13:00:00,990.88,STOP,-1068.95,-1518.50
rsi50,JINDALSTEL,2025-08-07,SHORT,2025-08-07T11:00:00,988.15,992.50,981.62,303,4.35,2025-08-07T12:50:00,985.05,TIME_STOP,939.30,490.89
rsi50,JINDALSTEL,2025-08-08,SHORT,2025-08-08T10:30:00,984.15,988.44,977.72,304,4.29,2025-08-08T11:40:00,977.72,TARGET,1954.81,1507.50
rsi50,JINDALSTEL,2025-08-12,SHORT,2025-08-12T10:50:00,986.10,990.14,980.05,304,4.04,2025-08-12T11:00:00,990.14,STOP,-1226.77,-1677.35
rsi50,JINDALSTEL,2025-08-13,SHORT,2025-08-13T13:10:00,1000.55,1004.91,994.01,299,4.36,2025-08-13T13:40:00,1004.91,STOP,-1304.08,-1753.80
rsi50,JINDALSTEL,2025-08-21,SHORT,2025-08-21T12:20:00,1013.40,1016.03,1009.45,296,2.63,2025-08-21T12:20:00,1009.45,TARGET,1168.16,719.08
rsi50,JINDALSTEL,2025-09-01,LONG,2025-09-01T11:30:00,956.00,952.60,961.09,313,3.40,2025-09-01T13:10:00,961.09,TARGET,1594.72,1144.68
rsi50,JINDALSTEL,2025-09-05,SHORT,2025-09-05T12:30:00,1028.50,1031.61,1023.84,291,3.11,2025-09-05T13:10:00,1031.61,STOP,-904.70,-1354.32
rsi50,JINDALSTEL,2025-09-11,SHORT,2025-09-11T13:30:00,1035.00,1037.71,1030.94,289,2.71,2025-09-11T14:20:00,1037.71,STOP,-782.71,-1231.97
rsi50,JINDALSTEL,2025-09-12,SHORT,2025-09-12T10:40:00,1034.00,1036.66,1030.00,290,2.66,2025-09-12T11:00:00,1030.00,TARGET,1159.22,710.30
rsi50,JINDALSTEL,2025-09-16,SHORT,2025-09-16T10:50:00,1039.55,1042.36,1035.34,288,2.81,2025-09-16T11:40:00,1042.36,STOP,-808.79,-1258.48
rsi50,JINDALSTEL,2025-09-17,SHORT,2025-09-17T10:20:00,1045.80,1049.04,1040.94,286,3.24,2025-09-17T12:10:00,1043.70,TIME_STOP,600.60,152.40
rsi50,JINDALSTEL,2025-09-19,LONG,2025-09-19T10:10:00,1043.25,1039.57,1048.76,287,3.68,2025-09-19T11:10:00,1039.57,STOP,-1054.81,-1503.14
rsi50,JINDALSTEL,2025-09-22,SHORT,2025-09-22T10:40:00,1040.00,1043.02,1035.48,288,3.02,2025-09-22T12:30:00,1039.90,TIME_STOP,28.80,-420.46
rsi50,JINDALSTEL,2025-09-23,LONG,2025-09-23T12:40:00,1039.75,1036.93,1043.99,288,2.82,2025-09-23T12:40:00,1043.99,TARGET,1219.78,769.70
rsi50,JINDALSTEL,2025-09-24,SHORT,2025-09-24T11:30:00,1048.00,1051.97,1042.04,286,3.97,2025-09-24T12:30:00,1051.97,STOP,-1135.47,-1585.91
rsi50,JINDALSTEL,2025-09-25,LONG,2025-09-25T10:40:00,1057.00,1053.13,1062.80,283,3.87,2025-09-25T10:50:00,1053.13,STOP,-1094.77,-1542.65
rsi50,JINDALSTEL,2025-10-01,SHORT,2025-10-01T10:40:00,1057.30,1061.34,1051.24,283,4.04,2025-10-01T11:30:00,1061.34,STOP,-1143.69,-1593.37
rsi50,JINDALSTEL,2025-10-03,LONG,2025-10-03T11:20:00,1068.50,1063.53,1075.96,280,4.97,2025-10-03T11:40:00,1075.96,TARGET,2089.38,1639.04
rsi50,JINDALSTEL,2025-10-14,SHORT,2025-10-14T10:30:00,1005.40,1008.51,1000.74,298,3.11,2025-10-14T11:10:00,1000.74,TARGET,1390.11,941.74
rsi50,JINDALSTEL,2025-10-15,SHORT,2025-10-15T10:30:00,996.00,999.25,991.12,301,3.25,2025-10-15T11:00:00,999.25,STOP,-978.27,-1428.69
rsi50,JINDALSTEL,2025-10-17,SHORT,2025-10-17T12:50:00,1016.80,1019.45,1012.82,295,2.65,2025-10-17T12:50:00,1012.82,TARGET,1173.03,723.98
rsi50,JINDALSTEL,2025-10-24,LONG,2025-10-24T10:00:00,1018.70,1015.06,1024.17,294,3.64,2025-10-24T10:10:00,1024.17,TARGET,1606.93,1156.48
rsi50,JINDALSTEL,2025-10-31,SHORT,2025-10-31T10:50:00,1065.40,1069.28,1059.57,281,3.88,2025-10-31T11:40:00,1069.28,STOP,-1091.40,-1541.29
rsi50,JINDALSTEL,2025-11-04,LONG,2025-11-04T14:00:00,1077.00,1074.46,1080.81,278,2.54,2025-11-04T14:10:00,1074.46,STOP,-705.79,-1154.37
rsi50,JINDALSTEL,2025-11-06,SHORT,2025-11-06T10:00:00,1067.00,1071.76,1059.87,281,4.76,2025-11-06T11:00:00,1059.87,TARGET,2004.40,1556.17
rsi50,JINDALSTEL,2025-11-07,LONG,2025-11-07T11:30:00,1054.40,1048.50,1063.25,284,5.90,2025-11-07T12:50:00,1063.25,TARGET,2514.82,2063.76
rsi50,JINDALSTEL,2025-11-11,LONG,2025-11-11T12:40:00,1075.00,1071.62,1080.07,279,3.38,2025-11-11T13:00:00,1071.62,STOP,-942.34,-1391.52
rsi50,JINDALSTEL,2025-11-12,SHORT,2025-11-12T13:00:00,1076.80,1079.53,1072.70,278,2.73,2025-11-12T14:20:00,1072.70,TARGET,1139.27,691.10
rsi50,JINDALSTEL,2025-11-14,SHORT,2025-11-14T13:10:00,1081.40,1084.77,1076.34,277,3.37,2025-11-14T13:10:00,1084.77,STOP,-933.79,-1383.81
rsi50,JINDALSTEL,2025-11-19,LONG,2025-11-19T12:30:00,1075.10,1071.93,1079.86,279,3.17,2025-11-19T13:40:00,1071.93,STOP,-885.03,-1334.30
rsi50,JINDALSTEL,2025-11-20,LONG,2025-11-20T10:10:00,1073.00,1069.00,1079.00,279,4.00,2025-11-20T11:20:00,1069.00,STOP,-1115.51,-1563.72
rsi50,JINDALSTEL,2025-11-27,SHORT,2025-11-27T12:20:00,1039.30,1042.20,1034.96,288,2.90,2025-11-27T12:30:00,1034.96,TARGET,1250.85,802.81
rsi50,JINDALSTEL,2025-12-01,SHORT,2025-12-01T11:00:00,1042.00,1045.27,1037.09,287,3.27,2025-12-01T11:20:00,1045.27,STOP,-938.70,-1387.98
rsi50,JINDALSTEL,2025-12-02,SHORT,2025-12-02T11:10:00,1043.10,1046.09,1038.61,287,2.99,2025-12-02T12:50:00,1038.61,TARGET,1287.65,839.56
rsi50,JINDALSTEL,2025-12-05,LONG,2025-12-05T13:30:00,1006.40,1002.54,1012.19,298,3.86,2025-12-05T14:50:00,1002.54,STOP,-1151.05,-1600.05
rsi50,JINDALSTEL,2025-12-08,SHORT,2025-12-08T10:10:00,1001.80,1005.36,996.47,299,3.56,2025-12-08T10:40:00,1005.36,STOP,-1063.28,-1513.38
rsi50,JINDALSTEL,2025-12-09,LONG,2025-12-09T11:40:00,1000.10,995.68,1006.73,299,4.42,2025-12-09T13:30:00,1004.40,TIME_STOP,1285.70,836.19
rsi50,JINDALSTEL,2025-12-11,LONG,2025-12-11T10:40:00,1011.00,1007.34,1016.50,296,3.66,2025-12-11T11:00:00,1007.34,STOP,-1084.59,-1532.66
rsi50,JINDALSTEL,2025-12-16,SHORT,2025-12-16T10:00:00,1016.20,1019.42,1011.38,295,3.22,2025-12-16T10:30:00,1011.38,TARGET,1422.94,974.34
rsi50,JINDALSTEL,2025-12-19,SHORT,2025-12-19T11:10:00,982.80,986.42,977.37,305,3.62,2025-12-19T11:20:00,986.42,STOP,-1103.26,-1553.71
rsi50,JINDALSTEL,2025-12-22,SHORT,2025-12-22T13:40:00,999.50,1002.02,995.72,300,2.52,2025-12-22T14:00:00,1002.02,STOP,-756.55,-1206.89
rsi50,JINDALSTEL,2025-12-24,SHORT,2025-12-24T11:40:00,1001.20,1003.80,997.30,299,2.60,2025-12-24T12:10:00,1003.80,STOP,-777.51,-1227.13
rsi50,JINDALSTEL,2025-12-29,SHORT,2025-12-29T13:20:00,992.90,996.49,987.52,302,3.59,2025-12-29T15:10:00,990.60,TIME_STOP,694.60,245.34
rsi50,JINDALSTEL,2025-12-30,LONG,2025-12-30T10:30:00,1006.90,1003.16,1012.50,297,3.74,2025-12-30T10:30:00,1003.16,STOP,-1109.37,-1557.12
rsi50,JINDALSTEL,2026-01-05,SHORT,2026-01-05T14:10:00,1077.20,1080.07,1072.90,278,2.87,2026-01-05T14:30:00,1080.07,STOP,-797.86,-1247.65
rsi50,JINDALSTEL,2026-01-12,LONG,2026-01-12T12:40:00,1023.60,1018.66,1031.02,293,4.94,2026-01-12T13:50:00,1018.66,STOP,-1448.60,-1897.39
rsi50,JINDALSTEL,2026-01-13,SHORT,2026-01-13T12:40:00,1021.90,1025.72,1016.17,293,3.82,2026-01-13T13:00:00,1016.17,TARGET,1678.05,1230.19
rsi50,JINDALSTEL,2026-01-14,LONG,2026-01-14T10:20:00,1021.90,1018.05,1027.67,293,3.85,2026-01-14T10:20:00,1027.67,TARGET,1690.65,1240.25
rsi50,JINDALSTEL,2026-01-20,SHORT,2026-01-20T10:30:00,1048.50,1053.17,1041.49,286,4.67,2026-01-20T10:40:00,1053.17,STOP,-1336.36,-1787.17
rsi50,JINDALSTEL,2026-01-23,SHORT,2026-01-23T11:40:00,1063.60,1069.36,1054.96,282,5.76,2026-01-23T12:10:00,1069.36,STOP,-1623.49,-2074.61
rsi50,JINDALSTEL,2026-01-27,LONG,2026-01-27T13:20:00,1074.60,1070.56,1080.66,279,4.04,2026-01-27T13:40:00,1070.56,STOP,-1126.66,-1575.53
rsi50,JINDALSTEL,2026-02-05,LONG,2026-02-05T11:30:00,1175.30,1170.86,1181.96,255,4.44,2026-02-05T11:40:00,1181.96,TARGET,1697.43,1246.61
rsi50,JINDALSTEL,2026-02-06,SHORT,2026-02-06T10:20:00,1167.30,1171.68,1160.72,257,4.38,2026-02-06T11:00:00,1171.68,STOP,-1126.84,-1577.68
rsi50,JINDALSTEL,2026-02-11,LONG,2026-02-11T10:00:00,1193.50,1189.61,1199.33,251,3.89,2026-02-11T10:00:00,1189.61,STOP,-975.72,-1424.34
rsi50,JINDALSTEL,2026-02-12,LONG,2026-02-12T11:20:00,1194.70,1191.01,1200.23,251,3.69,2026-02-12T12:40:00,1200.23,TARGET,1389.10,938.25
rsi50,JINDALSTEL,2026-02-19,SHORT,2026-02-19T10:20:00,1215.20,1219.46,1208.81,246,4.26,2026-02-19T12:10:00,1214.80,TIME_STOP,98.40,-349.93
rsi50,JINDALSTEL,2026-02-20,LONG,2026-02-20T10:40:00,1224.10,1218.79,1232.07,245,5.31,2026-02-20T12:30:00,1226.30,TIME_STOP,539.00,88.74
rsi50,JINDALSTEL,2026-02-24,SHORT,2026-02-24T13:10:00,1217.70,1220.70,1213.20,246,3.00,2026-02-24T13:30:00,1213.20,TARGET,1107.65,659.15
rsi50,JINDALSTEL,2026-02-27,SHORT,2026-02-27T10:20:00,1250.70,1255.36,1243.71,239,4.66,2026-02-27T12:00:00,1255.36,STOP,-1114.51,-1563.72
rsi50,JINDALSTEL,2026-03-06,LONG,2026-03-06T10:20:00,1188.20,1182.50,1196.76,252,5.70,2026-03-06T12:10:00,1185.60,TIME_STOP,-655.20,-1103.85
rsi50,JINDALSTEL,2026-03-12,LONG,2026-03-12T11:10:00,1194.80,1189.38,1202.93,251,5.42,2026-03-12T11:30:00,1202.93,TARGET,2041.22,1589.85
rsi50,LT,2024-03-18,SHORT,2024-03-18T10:50:00,3549.20,3573.29,3513.07,84,24.09,2024-03-18T12:30:00,3564.35,REVERSE,-1272.60,-1720.75
rsi50,LT,2024-03-20,SHORT,2024-03-20T10:20:00,3501.10,3511.21,3485.93,85,10.11,2024-03-20T11:00:00,3511.21,STOP,-859.65,-1306.69
rsi50,LT,2024-04-02,SHORT,2024-04-02T11:10:00,3805.10,3818.42,3785.12,78,13.32,2024-04-02T11:40:00,3785.12,TARGET,1558.80,1114.77
rsi50,LT,2024-04-04,LONG,2024-04-04T13:10:00,3784.15,3771.11,3803.72,79,13.04,2024-04-04T13:20:00,3803.72,TARGET,1545.80,1096.22
rsi50,LT,2024-04-18,LONG,2024-04-18T12:20:00,3610.00,3597.81,3628.29,83,12.19,2024-04-18T12:40:00,3597.81,STOP,-1012.18,-1460.86
rsi50,LT,2024-04-23,SHORT,2024-04-23T13:50:00,3594.00,3601.17,3583.25,83,7.17,2024-04-23T14:30:00,3601.17,STOP,-594.76,-1042.66
rsi50,LT,2024-04-26,SHORT,2024-04-26T10:10:00,3626.00,3638.49,3607.27,82,12.49,2024-04-26T12:00:00,3621.40,TIME_STOP,377.20,-68.52
rsi50,LT,2024-04-29,SHORT,2024-04-29T14:00:00,3618.05,3627.18,3604.35,82,9.13,2024-04-29T14:00:00,3627.18,STOP,-748.84,-1194.43
rsi50,LT,2024-04-30,SHORT,2024-04-30T13:10:00,3633.15,3639.71,3623.32,82,6.56,2024-04-30T13:30:00,3639.71,STOP,-537.61,-984.89
rsi50,LT,2024-05-07,LONG,2024-05-07T12:30:00,3486.65,3474.47,3504.92,86,12.18,2024-05-07T12:40:00,3474.47,STOP,-1047.46,-1496.45
rsi50,LT,2024-05-08,LONG,2024-05-08T12:10:00,3451.05,3433.68,3477.11,86,17.37,2024-05-08T14:00:00,3469.85,TIME_STOP,1616.80,1170.40
rsi50,LT,2024-05-13,LONG,2024-05-13T12:30:00,3294.10,3281.41,3313.14,91,12.69,2024-05-13T13:00:00,3313.14,TARGET,1732.66,1281.72
rsi50,LT,2024-05-16,SHORT,2024-05-16T13:50:00,3391.00,3402.63,3373.55,88,11.63,2024-05-16T14:00:00,3402.63,STOP,-1023.77,-1472.15
rsi50,LT,2024-05-22,LONG,2024-05-22T10:20:00,3463.00,3453.05,3477.92,86,9.95,2024-05-22T11:50:00,3453.05,STOP,-855.53,-1301.62
rsi50,LT,2024-05-27,SHORT,2024-05-27T10:30:00,3617.75,3630.63,3598.43,82,12.88,2024-05-27T10:30:00,3630.63,STOP,-1056.26,-1502.03
rsi50,LT,2024-05-28,SHORT,2024-05-28T11:30:00,3654.60,3665.18,3638.74,82,10.58,2024-05-28T13:00:00,3665.18,STOP,-867.21,-1317.38
rsi50,LT,2024-05-29,LONG,2024-05-29T13:50:00,3646.55,3637.65,3659.90,82,8.90,2024-05-29T14:50:00,3637.65,STOP,-729.86,-1177.84
rsi50,LT,2024-05-30,LONG,2024-05-30T13:10:00,3642.80,3633.97,3656.05,82,8.83,2024-05-30T13:20:00,3633.97,STOP,-724.39,-1171.91
rsi50,LT,2024-06-04,SHORT,2024-06-04T11:10:00,3571.95,3611.42,3512.74,63,39.47,2024-06-04T11:10:00,3512.74,TARGET,3729.96,3395.21
rsi50,LT,2024-06-05,LONG,2024-06-05T14:10:00,3376.30,3344.58,3423.88,78,31.72,2024-06-05T15:10:00,3423.88,TARGET,3711.25,3313.44
rsi50,LT,2024-06-14,SHORT,2024-06-14T12:30:00,3686.70,3694.90,3674.39,81,8.20,2024-06-14T14:20:00,3681.50,TIME_STOP,421.20,-26.42
rsi50,LT,2024-06-18,SHORT,2024-06-18T14:00:00,3690.90,3698.01,3680.23,81,7.11,2024-06-18T15:20:00,3691.45,EOD,-44.55,-493.03
rsi50,LT,2024-06-24,LONG,2024-06-24T11:30:00,3553.80,3540.15,3574.28,84,13.65,2024-06-24T12:50:00,3540.15,STOP,-1146.98,-1593.90
rsi50,LT,2024-06-25,LONG,2024-06-25T11:50:00,3552.05,3541.49,3567.89,84,10.56,2024-06-25T12:00:00,3567.89,TARGET,1330.80,882.24
rsi50,LT,2024-07-04,SHORT,2024-07-04T11:10:00,3617.15,3626.13,3603.68,82,8.98,2024-07-04T12:10:00,3626.13,STOP,-736.21,-1181.67
rsi50,LT,2024-07-08,LONG,2024-07-08T10:20:00,3617.00,3604.68,3635.48,82,12.32,2024-07-08T10:50:00,3604.68,STOP,-1010.06,-1454.19
rsi50,LT,2024-07-10,SHORT,2024-07-10T10:10:00,3660.00,3669.87,3645.19,81,9.87,2024-07-10T10:10:00,3645.19,TARGET,1199.57,755.78
rsi50,LT,2024-07-11,SHORT,2024-07-11T12:10:00,3641.55,3652.63,3624.94,82,11.08,2024-07-11T12:30:00,3624.94,TARGET,1362.42,915.53
rsi50,LT,2024-07-12,LONG,2024-07-12T11:10:00,3657.75,3644.73,3677.27,82,13.02,2024-07-12T11:20:00,3644.73,STOP,-1067.32,-1516.42
rsi50,LT,2024-07-18,LONG,2024-07-18T12:40:00,3650.50,3641.02,3664.72,82,9.48,2024-07-18T13:10:00,3664.72,TARGET,1166.41,716.53
rsi50,LT,2024-07-19,SHORT,2024-07-19T10:10:00,3632.15,3643.07,3615.77,82,10.92,2024-07-19T11:30:00,3643.07,STOP,-895.62,-1343.04
rsi50,LT,2024-07-22,LONG,2024-07-22T11:10:00,3637.80,3624.41,3657.88,82,13.39,2024-07-22T12:30:00,3624.41,STOP,-1097.65,-1544.28
rsi50,LT,2024-07-23,SHORT,2024-07-23T12:10:00,3555.65,3580.23,3518.79,84,24.58,2024-07-23T12:20:00,3518.79,TARGET,3096.45,2650.76
rsi50,LT,2024-08-01,SHORT,2024-08-01T12:10:00,3792.00,3801.49,3777.76,79,9.49,2024-08-01T12:40:00,3777.76,TARGET,1124.58,676.07
rsi50,LT,2024-08-09,LONG,2024-08-09T10:10:00,3595.00,3582.12,3614.32,83,12.88,2024-08-09T11:40:00,3582.12,STOP,-1069.07,-1515.85
rsi50,LT,2024-08-12,LONG,2024-08-12T11:10:00,3596.80,3587.08,3611.38,83,9.72,2024-08-12T11:40:00,3587.08,STOP,-806.69,-1253.88
rsi50,LT,2024-08-13,SHORT,2024-08-13T12:40:00,3581.00,3587.56,3571.16,83,6.56,2024-08-13T13:00:00,3571.16,TARGET,817.10,371.88
rsi50,LT,2024-08-16,LONG,2024-08-16T13:10:00,3563.95,3554.84,3577.62,84,9.11,2024-08-16T13:50:00,3577.62,TARGET,1148.41,698.49
rsi50,LT,2024-08-19,SHORT,2024-08-19T10:40:00,3560.90,3569.03,3548.71,84,8.13,2024-08-19T10:50:00,3548.71,TARGET,1024.37,576.47
rsi50,LT,2024-08-20,LONG,2024-08-20T10:00:00,3564.95,3557.68,3575.85,84,7.27,2024-08-20T10:20:00,3575.85,TARGET,915.46,465.59
rsi50,LT,2024-08-23,SHORT,2024-08-23T12:40:00,3599.35,3605.30,3590.43,83,5.95,2024-08-23T13:20:00,3590.43,TARGET,740.61,293.05
rsi50,LT,2024-08-28,SHORT,2024-08-28T10:30:00,3693.95,3703.56,3679.53,81,9.61,2024-08-28T11:40:00,3703.56,STOP,-778.71,-1228.11
rsi50,LT,2024-08-29,LONG,2024-08-29T10:30:00,3704.05,3695.06,3717.54,80,8.99,2024-08-29T11:50:00,3695.06,STOP,-719.49,-1163.44
rsi50,LT,2024-09-02,SHORT,2024-09-02T12:40:00,3683.65,3694.08,3668.00,81,10.43,2024-09-02T13:00:00,3668.00,TARGET,1267.61,820.99
rsi50,LT,2024-09-03,LONG,2024-09-03T12:30:00,3683.75,3677.55,3693.05,81,6.20,2024-09-03T12:30:00,3693.05,TARGET,752.98,304.84
rsi50,LT,2024-09-09,LONG,2024-09-09T10:10:00,3581.45,3570.05,3598.55,83,11.40,2024-09-09T10:20:00,3570.05,STOP,-946.05,-1391.23
rsi50,LT,2024-09-19,SHORT,2024-09-19T10:40:00,3712.30,3723.36,3695.71,80,11.06,2024-09-19T11:10:00,3695.71,TARGET,1327.34,882.86
rsi50,LT,2024-10-04,LONG,2024-10-04T12:20:00,3552.80,3538.51,3574.23,84,14.29,2024-10-04T12:20:00,3538.51,STOP,-1199.97,-1646.72
rsi50,LT,2024-10-10,SHORT,2024-10-10T11:30:00,3507.60,3518.43,3491.36,85,10.83,2024-10-10T12:40:00,3491.36,TARGET,1380.68,934.50
rsi50,LT,2024-10-11,LONG,2024-10-11T12:20:00,3488.15,3479.50,3501.12,86,8.65,2024-10-11T12:30:00,3479.50,STOP,-743.82,-1193.24
rsi50,LT,2024-10-15,SHORT,2024-10-15T10:10:00,3534.10,3543.41,3520.14,84,9.31,2024-10-15T10:40:00,3543.41,STOP,-781.65,-1227.53
rsi50,LT,2024-10-16,SHORT,2024-10-16T11:20:00,3539.65,3549.79,3524.44,84,10.14,2024-10-16T11:40:00,3524.44,TARGET,1278.05,833.01
rsi50,LT,2024-11-04,SHORT,2024-11-04T10:10:00,3587.50,3603.65,3563.28,83,16.15,2024-11-04T11:00:00,3563.28,TARGET,2010.55,1565.42
rsi50,LT,2024-11-05,LONG,2024-11-05T14:10:00,3565.00,3555.21,3579.68,84,9.79,2024-11-05T14:30:00,3579.68,TARGET,1233.17,783.06
rsi50,LT,2024-11-11,LONG,2024-11-11T11:30:00,3660.10,3651.20,3673.45,81,8.90,2024-11-11T12:00:00,3651.20,STOP,-720.98,-1165.14
rsi50,LT,2024-11-12,LONG,2024-11-12T12:00:00,3635.55,3624.29,3652.45,82,11.26,2024-11-12T12:50:00,3624.29,STOP,-923.67,-1370.15
rsi50,LT,2024-11-22,SHORT,2024-11-22T10:00:00,3484.60,3498.56,3463.66,86,13.96,2024-11-22T10:00:00,3498.56,STOP,-1200.58,-1650.99
rsi50,LT,2024-11-27,SHORT,2024-11-27T10:00:00,3703.35,3717.12,3682.69,81,13.77,2024-11-27T11:50:00,3695.90,TIME_STOP,603.45,153.95
rsi50,LT,2024-12-10,SHORT,2024-12-10T10:50:00,3926.40,3937.12,3910.32,76,10.72,2024-12-10T11:00:00,3937.12,STOP,-814.65,-1262.87
rsi50,LT,2024-12-11,LONG,2024-12-11T10:40:00,3931.05,3920.07,3947.52,76,10.98,2024-12-11T12:20:00,3920.07,STOP,-834.34,-1281.85
rsi50,LT,2024-12-13,LONG,2024-12-13T13:40:00,3875.95,3859.72,3900.30,77,16.23,2024-12-13T15:20:00,3894.95,EOD,1463.00,1014.23
rsi50,LT,2024-12-16,SHORT,2024-12-16T11:40:00,3869.65,3882.44,3850.46,77,12.79,2024-12-16T13:30:00,3875.00,TIME_STOP,-411.95,-859.20
rsi50,LT,2024-12-24,LONG,2024-12-24T10:20:00,3664.10,3652.72,3681.17,81,11.38,2024-12-24T11:10:00,3652.72,STOP,-922.03,-1366.53
rsi50,LT,2024-12-31,LONG,2024-12-31T12:10:00,3595.70,3583.18,3614.48,83,12.52,2024-12-31T14:00:00,3614.48,TARGET,1558.98,1110.15
rsi50,LT,2025-01-03,SHORT,2025-01-03T10:20:00,3683.30,3694.63,3666.31,81,11.33,2025-01-03T11:00:00,3694.63,STOP,-917.67,-1365.88
rsi50,LT,2025-01-07,LONG,2025-01-07T13:40:00,3630.90,3620.55,3646.43,82,10.35,2025-01-07T15:20:00,3646.43,TARGET,1273.25,825.69
rsi50,LT,2025-01-08,SHORT,2025-01-08T10:50:00,3608.00,3620.02,3589.98,83,12.02,2025-01-08T12:40:00,3613.00,TIME_STOP,-415.00,-864.51
rsi50,LT,2025-01-10,LONG,2025-01-10T12:00:00,3532.60,3518.76,3553.36,84,13.84,2025-01-10T13:50:00,3530.40,TIME_STOP,-184.80,-629.77
rsi50,LT,2025-01-16,SHORT,2025-01-16T10:30:00,3486.10,3496.66,3470.26,86,10.56,2025-01-16T10:40:00,3496.66,STOP,-908.38,-1358.76
rsi50,LT,2025-01-23,LONG,2025-01-23T12:30:00,3524.85,3513.63,3541.68,85,11.22,2025-01-23T13:30:00,3513.63,STOP,-953.98,-1402.68
rsi50,LT,2025-01-24,LONG,2025-01-24T12:10:00,3503.85,3493.81,3518.92,85,10.04,2025-01-24T12:30:00,3493.81,STOP,-853.82,-1299.92
rsi50,LT,2025-01-28,SHORT,2025-01-28T10:10:00,3440.10,3454.69,3418.21,87,14.59,2025-01-28T10:10:00,3418.21,TARGET,1904.50,1456.99
rsi50,LT,2025-01-30,SHORT,2025-01-30T12:30:00,3420.80,3438.97,3393.54,87,18.17,2025-01-30T14:20:00,3425.05,TIME_STOP,-369.75,-816.44
rsi50,LT,2025-02-01,SHORT,2025-02-01T12:10:00,3522.05,3548.03,3483.09,85,25.98,2025-02-01T12:20:00,3483.09,TARGET,3311.98,2865.40
rsi50,LT,2025-02-05,SHORT,2025-02-05T12:50:00,3419.70,3430.18,3403.98,87,10.48,2025-02-05T14:10:00,3403.98,TARGET,1367.64,922.40
rsi50,LT,2025-02-11,SHORT,2025-02-11T10:00:00,3305.00,3316.34,3288.00,90,11.34,2025-02-11T11:50:00,3300.00,TIME_STOP,450.00,4.16
rsi50,LT,2025-02-12,LONG,2025-02-12T11:50:00,3278.95,3265.80,3298.68,91,13.15,2025-02-12T13:30:00,3298.68,TARGET,1795.22,1346.29
rsi50,LT,2025-02-18,LONG,2025-02-18T12:50:00,3219.05,3211.27,3230.72,93,7.78,2025-02-18T13:40:00,3230.72,TARGET,1085.07,635.20
rsi50,LT,2025-02-24,SHORT,2025-02-24T11:40:00,3302.00,3311.02,3288.47,90,9.02,2025-02-24T12:00:00,3288.47,TARGET,1217.91,773.06
rsi50,LT,2025-03-03,SHORT,2025-03-03T11:50:00,3168.95,3180.43,3151.73,94,11.48,2025-03-03T12:10:00,3180.43,STOP,-1079.16,-1526.79
rsi50,LT,2025-03-04,SHORT,2025-03-04T11:00:00,3194.85,3204.10,3180.97,93,9.25,2025-03-04T11:00:00,3199.95,REVERSE,-474.30,-920.34
rsi50,LT,2025-03-07,SHORT,2025-03-07T12:30:00,3246.50,3255.08,3233.62,92,8.58,2025-03-07T12:30:00,3255.08,STOP,-789.68,-1238.29
rsi50,LT,2025-03-17,SHORT,2025-03-17T11:10:00,3194.50,3204.21,3179.94,93,9.71,2025-03-17T12:20:00,3179.94,TARGET,1354.39,909.77
rsi50,LT,2025-03-20,SHORT,2025-03-20T11:00:00,3301.25,3311.05,3286.55,90,9.80,2025-03-20T11:00:00,3303.05,REVERSE,-162.00,-607.79
rsi50,LT,2025-03-25,SHORT,2025-03-25T11:30:00,3468.75,3479.65,3452.40,86,10.90,2025-03-25T11:50:00,3452.40,TARGET,1405.86,959.45
rsi50,LT,2025-04-02,LONG,2025-04-02T11:20:00,3451.70,3440.44,3468.59,86,11.26,2025-04-02T11:30:00,3440.44,STOP,-968.26,-1412.80
rsi50,LT,2025-04-09,SHORT,2025-04-09T10:00:00,3122.50,3142.46,3092.56,96,19.96,2025-04-09T11:50:00,3117.35,TIME_STOP,494.40,45.13
rsi50,LT,2025-04-16,SHORT,2025-04-16T13:40:00,3235.90,3243.36,3224.71,92,7.46,2025-04-16T15:10:00,3224.71,TARGET,1029.83,584.04
rsi50,LT,2025-04-17,LONG,2025-04-17T13:20:00,3220.50,3209.34,3237.24,93,11.16,2025-04-17T13:50:00,3237.24,TARGET,1556.64,1106.21
rsi50,LT,2025-04-22,SHORT,2025-04-22T10:40:00,3269.60,3277.78,3257.33,91,8.18,2025-04-22T11:30:00,3257.33,TARGET,1116.64,671.18
rsi50,LT,2025-04-24,SHORT,2025-04-24T11:50:00,3285.00,3292.47,3273.79,91,7.47,2025-04-24T12:30:00,3292.47,STOP,-679.95,-1128.86
rsi50,LT,2025-04-25,SHORT,2025-04-25T10:10:00,3260.80,3272.92,3242.62,92,12.12,2025-04-25T10:10:00,3272.92,STOP,-1114.87,-1565.69
rsi50,LT,2025-04-29,SHORT,2025-04-29T13:20:00,3333.00,3341.46,3320.31,90,8.46,2025-04-29T14:10:00,3320.31,TARGET,1142.26,693.16
rsi50,LT,2025-04-30,LONG,2025-04-30T10:00:00,3351.20,3341.20,3366.20,89,10.00,2025-04-30T10:00:00,3341.20,STOP,-889.71,-1336.43
rsi50,LT,2025-05-02,SHORT,2025-05-02T11:50:00,3336.10,3347.00,3319.76,89,10.90,2025-05-02T12:20:00,3347.00,STOP,-969.71,-1415.81
rsi50,LT,2025-05-06,LONG,2025-05-06T12:50:00,3334.00,3325.34,3346.99,89,8.66,2025-05-06T13:00:00,3346.99,TARGET,1156.37,710.41
rsi50,LT,2025-05-07,LONG,2025-05-07T12:50:00,3335.90,3325.78,3351.09,89,10.12,2025-05-07T13:00:00,3325.78,STOP,-901.03,-1345.70
rsi50,LT,2025-05-14,SHORT,2025-05-14T14:10:00,3577.50,3585.96,3564.81,83,8.46,2025-05-14T15:20:00,3580.90,EOD,-282.20,-727.81
rsi50,LT,2025-05-15,LONG,2025-05-15T13:20:00,3600.80,3588.23,3619.65,83,12.57,2025-05-15T13:40:00,3619.65,TARGET,1564.40,1114.93
rsi50,LT,2025-05-16,SHORT,2025-05-16T12:20:00,3605.90,3615.58,3591.38,83,9.68,2025-05-16T12:30:00,3610.10,REVERSE,-348.60,-797.80
rsi50,LT,2025-05-19,SHORT,2025-05-19T11:30:00,3600.80,3608.91,3588.63,83,8.11,2025-05-19T11:50:00,3608.91,STOP,-673.23,-1122.03
rsi50,LT,2025-05-20,SHORT,2025-05-20T12:00:00,3596.30,3605.30,3582.80,83,9.00,2025-05-20T12:40:00,3605.30,STOP,-746.87,-1195.17
rsi50,LT,2025-05-27,LONG,2025-05-27T11:50:00,3653.00,3639.81,3672.79,82,13.19,2025-05-27T12:20:00,3639.81,STOP,-1081.89,-1530.40
rsi50,LT,2025-06-02,LONG,2025-06-02T12:40:00,3678.70,3669.13,3693.06,81,9.57,2025-06-02T13:40:00,3693.06,TARGET,1163.02,715.19
rsi50,LT,2025-06-04,SHORT,2025-06-04T11:00:00,3633.20,3643.05,3618.43,82,9.85,2025-06-04T12:50:00,3622.00,TIME_STOP,918.40,472.21
rsi50,LT,2025-06-05,LONG,2025-06-05T11:30:00,3640.10,3632.41,3651.64,82,7.69,2025-06-05T11:50:00,3651.64,TARGET,946.35,497.91
rsi50,LT,2025-06-11,LONG,2025-06-11T11:00:00,3687.10,3679.70,3698.20,81,7.40,2025-06-11T11:00:00,3679.70,STOP,-599.35,-1046.88
rsi50,LT,2025-06-12,SHORT,2025-06-12T10:10:00,3668.00,3676.19,3655.71,81,8.19,2025-06-12T10:30:00,3676.19,STOP,-663.50,-1109.66
rsi50,LT,2025-06-18,SHORT,2025-06-18T11:10:00,3610.00,3617.02,3599.46,83,7.02,2025-06-18T11:30:00,3599.46,TARGET,874.51,425.72
rsi50,LT,2025-06-24,SHORT,2025-06-24T13:50:00,3613.30,3626.98,3592.78,83,13.68,2025-06-24T15:20:00,3613.40,EOD,-8.30,-458.16
rsi50,LT,2025-06-25,LONG,2025-06-25T13:50:00,3633.80,3625.14,3646.79,82,8.66,2025-06-25T13:50:00,3625.14,STOP,-710.09,-1156.51
rsi50,LT,2025-07-03,LONG,2025-07-03T11:00:00,3621.00,3613.69,3631.97,82,7.31,2025-07-03T11:10:00,3613.69,STOP,-599.58,-1044.51
rsi50,LT,2025-07-07,SHORT,2025-07-07T11:40:00,3589.20,3596.91,3577.64,83,7.71,2025-07-07T13:00:00,3592.50,REVERSE,-273.90,-720.96
rsi50,LT,2025-07-10,LONG,2025-07-10T10:40:00,3585.30,3579.78,3593.57,83,5.52,2025-07-10T10:40:00,3579.78,STOP,-457.87,-903.90
rsi50,LT,2025-07-15,LONG,2025-07-15T11:10:00,3514.80,3507.16,3526.26,85,7.64,2025-07-15T11:40:00,3507.16,STOP,-649.26,-1096.91
rsi50,LT,2025-07-17,SHORT,2025-07-17T11:00:00,3490.00,3496.89,3479.66,85,6.89,2025-07-17T11:10:00,3479.66,TARGET,878.94,434.62
rsi50,LT,2025-07-21,LONG,2025-07-21T10:20:00,3477.00,3469.24,3488.64,86,7.76,2025-07-21T10:30:00,3488.64,TARGET,1000.94,551.66
rsi50,LT,2025-07-22,SHORT,2025-07-22T10:10:00,3484.40,3491.62,3473.57,86,7.22,2025-07-22T10:40:00,3473.57,TARGET,931.50,482.71
rsi50,LT,2025-07-23,SHORT,2025-07-23T10:40:00,3463.20,3469.66,3453.51,86,6.46,2025-07-23T12:30:00,3463.00,TIME_STOP,17.20,-429.54
rsi50,LT,2025-07-25,SHORT,2025-07-25T10:20:00,3456.50,3463.15,3446.52,86,6.65,2025-07-25T11:20:00,3463.15,STOP,-572.08,-1018.39
rsi50,LT,2025-07-29,LONG,2025-07-29T11:20:00,3441.50,3431.01,3457.24,87,10.49,2025-07-29T11:40:00,3457.24,TARGET,1369.29,919.14
rsi50,LT,2025-08-05,SHORT,2025-08-05T10:00:00,3614.40,3622.78,3601.84,83,8.38,2025-08-05T10:20:00,3622.78,STOP,-695.26,-1145.78
rsi50,LT,2025-08-06,SHORT,2025-08-06T11:40:00,3629.90,3637.55,3618.43,82,7.65,2025-08-06T11:40:00,3637.55,STOP,-626.95,-1073.90
rsi50,LT,2025-08-08,SHORT,2025-08-08T13:20:00,3629.20,3636.20,3618.70,82,7.00,2025-08-08T14:10:00,3618.70,TARGET,860.89,415.14
rsi50,LT,2025-08-11,LONG,2025-08-11T10:40:00,3637.80,3628.71,3651.44,82,9.09,2025-08-11T11:40:00,3628.71,STOP,-745.65,-1192.54
rsi50,LT,2025-08-13,LONG,2025-08-13T10:00:00,3698.30,3688.79,3712.56,81,9.51,2025-08-13T11:00:00,3712.56,TARGET,1155.02,704.81
rsi50,LT,2025-08-14,LONG,2025-08-14T14:10:00,3682.00,3674.51,3693.24,81,7.49,2025-08-14T14:10:00,3674.51,STOP,-606.91,-1053.82
rsi50,LT,2025-08-21,LONG,2025-08-21T10:00:00,3628.40,3620.12,3640.82,82,8.28,2025-08-21T10:20:00,3640.82,TARGET,1018.32,571.26
rsi50,LT,2025-08-22,SHORT,2025-08-22T10:50:00,3614.50,3622.54,3602.44,82,8.04,2025-08-22T12:10:00,3602.44,TARGET,988.74,544.90
rsi50,LT,2025-08-28,LONG,2025-08-28T11:20:00,3570.10,3560.97,3583.80,84,9.13,2025-08-28T12:20:00,3560.97,STOP,-767.27,-1216.52
rsi50,LT,2025-09-01,SHORT,2025-09-01T10:30:00,3585.90,3594.98,3572.28,83,9.08,2025-09-01T10:50:00,3594.98,STOP,-753.66,-1200.67
rsi50,LT,2025-09-04,SHORT,2025-09-04T12:30:00,3581.10,3590.13,3567.55,83,9.03,2025-09-04T12:40:00,3590.13,STOP,-749.79,-1196.20
rsi50,LT,2025-09-05,SHORT,2025-09-05T10:20:00,3577.00,3586.97,3562.04,83,9.97,2025-09-05T12:10:00,3565.00,TIME_STOP,996.00,551.41
rsi50,LT,2025-09-11,SHORT,2025-09-11T12:50:00,3535.60,3541.15,3527.27,84,5.55,2025-09-11T13:30:00,3541.15,STOP,-466.57,-912.40
rsi50,LT,2025-09-19,SHORT,2025-09-19T12:30:00,3683.60,3689.91,3674.13,81,6.31,2025-09-19T14:20:00,3679.50,TIME_STOP,332.10,-115.21
rsi50,LT,2025-09-23,LONG,2025-09-23T13:10:00,3647.70,3641.41,3657.14,82,6.29,2025-09-23T13:40:00,3657.14,TARGET,774.26,325.01
rsi50,LT,2025-09-25,SHORT,2025-09-25T11:00:00,3677.00,3686.32,3663.02,81,9.32,2025-09-25T11:30:00,3686.32,STOP,-755.11,-1202.44
rsi50,LT,2025-10-01,LONG,2025-10-01T13:00:00,3658.40,3648.85,3672.72,82,9.55,2025-10-01T14:50:00,3672.72,TARGET,1174.49,723.63
rsi50,LT,2025-10-07,SHORT,2025-10-07T11:30:00,3730.40,3738.80,3717.80,80,8.40,2025-10-07T11:30:00,3738.80,STOP,-671.81,-1119.96
rsi50,LT,2025-10-08,LONG,2025-10-08T10:10:00,3752.90,3742.29,3768.82,79,10.61,2025-10-08T11:00:00,3742.29,STOP,-838.23,-1282.32
rsi50,LT,2025-10-14,SHORT,2025-10-14T10:10:00,3760.60,3769.81,3746.79,79,9.21,2025-10-14T10:20:00,3769.81,STOP,-727.57,-1173.75
rsi50,LT,2025-10-17,SHORT,2025-10-17T12:40:00,3854.90,3861.69,3844.72,77,6.79,2025-10-17T13:00:00,3844.72,TARGET,784.07,339.42
rsi50,LT,2025-10-21,LONG,2025-10-21T14:10:00,3890.50,3879.82,3906.52,77,10.68,2025-10-21T14:40:00,3885.00,EOD_FORCED,-423.50,-872.54
rsi50,LT,2025-10-29,SHORT,2025-10-29T13:00:00,3943.40,3957.00,3923.00,76,13.60,2025-10-29T13:10:00,3923.00,TARGET,1550.08,1101.69
rsi50,LT,2025-11-03,SHORT,2025-11-03T11:30:00,4022.20,4030.25,4010.12,74,8.05,2025-11-03T12:00:00,4010.12,TARGET,893.94,448.15
rsi50,LT,2025-11-07,LONG,2025-11-07T13:50:00,3889.00,3877.85,3905.72,77,11.15,2025-11-07T14:00:00,3877.85,STOP,-858.42,-1306.95
rsi50,LT,2025-11-11,SHORT,2025-11-11T10:20:00,3917.50,3926.26,3904.37,76,8.76,2025-11-11T10:40:00,3904.37,TARGET,998.25,552.40
rsi50,LT,2025-11-12,SHORT,2025-11-12T14:00:00,3945.20,3952.53,3934.20,76,7.33,2025-11-12T14:00:00,3949.90,REVERSE,-357.20,-807.22
rsi50,LT,2025-11-18,SHORT,2025-11-18T10:10:00,4005.60,4014.01,3992.98,74,8.41,2025-11-18T10:30:00,3992.98,TARGET,934.04,490.12
rsi50,LT,2025-11-19,LONG,2025-11-19T11:50:00,4014.00,4005.37,4026.94,74,8.63,2025-11-19T12:50:00,4005.37,STOP,-638.42,-1083.50
rsi50,LT,2025-11-24,SHORT,2025-11-24T10:00:00,4022.20,4030.89,4009.17,74,8.69,2025-11-24T11:40:00,4030.89,STOP,-642.71,-1089.66
rsi50,LT,2025-11-25,LONG,2025-11-25T10:20:00,4027.70,4019.39,4040.16,74,8.31,2025-11-25T10:50:00,4019.39,STOP,-614.83,-1061.44
rsi50,LT,2025-11-26,LONG,2025-11-26T10:20:00,4039.10,4026.71,4057.69,74,12.39,2025-11-26T10:50:00,4057.69,TARGET,1375.72,926.35
rsi50,LT,2025-11-28,LONG,2025-11-28T10:20:00,4098.90,4089.12,4113.57,73,9.78,2025-11-28T11:00:00,4089.12,STOP,-713.90,-1162.19
rsi50,LT,2025-12-01,SHORT,2025-12-01T11:20:00,4065.40,4074.84,4051.24,73,9.44,2025-12-01T11:30:00,4074.84,STOP,-689.13,-1134.80
rsi50,LT,2025-12-02,SHORT,2025-12-02T10:00:00,4061.60,4070.71,4047.94,73,9.11,2025-12-02T11:50:00,4048.90,TIME_STOP,927.10,483.05
rsi50,LT,2025-12-04,LONG,2025-12-04T10:00:00,3994.00,3984.17,4008.74,75,9.83,2025-12-04T10:40:00,4008.74,TARGET,1105.53,655.38
rsi50,LT,2025-12-05,LONG,2025-12-05T10:10:00,4006.70,3996.78,4021.58,74,9.92,2025-12-05T10:20:00,3996.78,STOP,-734.13,-1178.32
rsi50,LT,2025-12-08,SHORT,2025-12-08T10:10:00,4011.70,4020.52,3998.48,74,8.82,2025-12-08T12:00:00,4008.20,TIME_STOP,259.00,-186.10
rsi50,LT,2025-12-09,LONG,2025-12-09T11:50:00,4000.00,3989.32,4016.02,75,10.68,2025-12-09T12:10:00,4016.02,TARGET,1201.35,750.45
rsi50,LT,2025-12-10,SHORT,2025-12-10T14:10:00,3997.50,4005.70,3985.19,75,8.20,2025-12-10T14:50:00,3985.19,TARGET,922.88,473.85
rsi50,LT,2025-12-11,LONG,2025-12-11T12:10:00,4006.00,3997.65,4018.52,74,8.35,2025-12-11T12:30:00,3997.65,STOP,-617.55,-1061.75
rsi50,LT,2025-12-17,SHORT,2025-12-17T10:20:00,4056.50,4064.26,4044.86,73,7.76,2025-12-17T10:40:00,4044.86,TARGET,849.72,406.17
rsi50,LT,2025-12-18,LONG,2025-12-18T12:30:00,4049.90,4042.07,4061.65,74,7.83,2025-12-18T12:40:00,4061.65,TARGET,869.68,419.48
rsi50,LT,2025-12-22,SHORT,2025-12-22T11:30:00,4072.20,4078.71,4062.44,73,6.51,2025-12-22T11:30:00,4078.71,STOP,-474.87,-921.13
rsi50,LT,2025-12-29,SHORT,2025-12-29T13:20:00,4047.00,4051.98,4039.52,74,4.98,2025-12-29T13:40:00,4039.52,TARGET,553.16,104.36
rsi50,LT,2025-12-30,LONG,2025-12-30T11:40:00,4045.10,4038.14,4055.54,74,6.96,2025-12-30T12:30:00,4055.54,TARGET,772.61,323.02
rsi50,LT,2026-01-05,SHORT,2026-01-05T13:10:00,4165.20,4172.29,4154.56,72,7.09,2026-01-05T13:30:00,4154.56,TARGET,766.16,316.89
rsi50,LT,2026-01-06,LONG,2026-01-06T10:20:00,4182.00,4171.82,4197.27,71,10.18,2026-01-06T10:20:00,4171.82,STOP,-722.86,-1167.70
rsi50,LT,2026-01-07,LONG,2026-01-07T13:30:00,4143.30,4135.40,4155.14,72,7.90,2026-01-07T15:20:00,4155.14,TARGET,852.73,404.61
rsi50,LT,2026-01-12,LONG,2026-01-12T13:50:00,4002.80,3990.67,4021.00,74,12.13,2026-01-12T14:50:00,4021.00,TARGET,1346.84,901.52
rsi50,LT,2026-01-14,LONG,2026-01-14T12:10:00,3902.30,3889.61,3921.33,76,12.69,2026-01-14T12:10:00,3889.61,STOP,-964.18,-1408.32
rsi50,LT,2026-01-19,LONG,2026-01-19T13:50:00,3849.50,3839.23,3864.91,77,10.27,2026-01-19T14:10:00,3864.91,TARGET,1186.70,741.20
rsi50,LT,2026-01-20,SHORT,2026-01-20T10:50:00,3851.50,3862.14,3835.54,77,10.64,2026-01-20T11:10:00,3835.54,TARGET,1229.13,785.20
rsi50,LT,2026-01-22,SHORT,2026-01-22T11:10:00,3761.00,3772.78,3743.34,79,11.78,2026-01-22T11:30:00,3772.78,STOP,-930.29,-1376.67
rsi50,LT,2026-01-23,SHORT,2026-01-23T10:30:00,3772.00,3783.43,3754.85,79,11.43,2026-01-23T11:30:00,3754.85,TARGET,1354.82,908.85
rsi50,LT,2026-01-30,SHORT,2026-01-30T11:50:00,3916.90,3927.56,3900.91,76,10.66,2026-01-30T13:40:00,3916.80,TIME_STOP,7.60,-438.92
rsi50,LT,2026-02-02,LONG,2026-02-02T13:20:00,3917.80,3904.04,3938.43,76,13.76,2026-02-02T13:20:00,3904.04,STOP,-1045.45,-1491.29
rsi50,LT,2026-02-05,LONG,2026-02-05T13:10:00,4071.90,4063.22,4084.92,73,8.68,2026-02-05T14:10:00,4063.22,STOP,-633.50,-1078.90
rsi50,LT,2026-02-06,SHORT,2026-02-06T11:10:00,4062.50,4071.86,4048.46,73,9.36,2026-02-06T12:10:00,4048.46,TARGET,1024.89,580.82
rsi50,LT,2026-02-13,LONG,2026-02-13T11:40:00,4184.90,4174.27,4200.85,71,10.63,2026-02-13T13:30:00,4190.90,TIME_STOP,426.00,-20.01
rsi50,LT,2026-02-16,LONG,2026-02-16T13:30:00,4178.00,4170.83,4188.75,71,7.17,2026-02-16T14:10:00,4170.83,STOP,-508.80,-953.37
rsi50,LT,2026-02-19,SHORT,2026-02-19T12:10:00,4297.40,4307.55,4282.17,69,10.15,2026-02-19T13:10:00,4307.55,STOP,-700.37,-1145.68
rsi50,LT,2026-02-24,SHORT,2026-02-24T10:20:00,4385.10,4397.93,4365.86,68,12.83,2026-02-24T11:50:00,4365.86,TARGET,1308.53,862.23
rsi50,LT,2026-02-26,LONG,2026-02-26T10:10:00,4331.10,4316.32,4353.26,69,14.78,2026-02-26T11:00:00,4316.32,STOP,-1019.53,-1467.03
rsi50,LT,2026-02-27,LONG,2026-02-27T14:00:00,4292.70,4284.60,4304.85,69,8.10,2026-02-27T14:30:00,4284.60,STOP,-558.89,-1002.76
rsi50,LT,2026-03-11,SHORT,2026-03-11T11:40:00,3868.40,3879.55,3851.67,77,11.15,2026-03-11T13:10:00,3851.67,TARGET,1288.26,842.42
rsi50,ADANIPORTS,2024-03-19,SHORT,2024-03-19T10:40:00,1251.25,1258.40,1240.52,239,7.15,2024-03-19T11:40:00,1240.52,TARGET,2563.89,2117.24
rsi50,ADANIPORTS,2024-03-20,LONG,2024-03-20T13:10:00,1244.85,1239.53,1252.83,240,5.32,2024-03-20T15:00:00,1248.65,TIME_STOP,912.00,463.17
rsi50,ADANIPORTS,2024-03-28,LONG,2024-03-28T12:40:00,1332.85,1328.34,1339.62,225,4.51,2024-03-28T14:00:00,1339.62,TARGET,1523.32,1072.34
rsi50,ADANIPORTS,2024-04-03,SHORT,2024-04-03T11:00:00,1393.40,1398.54,1385.69,215,5.14,2024-04-03T12:10:00,1398.54,STOP,-1105.31,-1555.51
rsi50,ADANIPORTS,2024-04-04,SHORT,2024-04-04T10:00:00,1393.50,1398.35,1386.23,215,4.85,2024-04-04T10:50:00,1386.23,TARGET,1562.57,1114.34
rsi50,ADANIPORTS,2024-04-05,LONG,2024-04-05T12:40:00,1374.60,1370.41,1380.88,218,4.19,2024-04-05T14:00:00,1380.88,TARGET,1369.43,918.91
rsi50,ADANIPORTS,2024-04-10,LONG,2024-04-10T13:20:00,1354.95,1351.71,1359.82,221,3.24,2024-04-10T14:00:00,1351.71,STOP,-717.13,-1165.75
rsi50,ADANIPORTS,2024-04-12,LONG,2024-04-12T10:10:00,1355.20,1351.53,1360.71,221,3.67,2024-04-12T10:20:00,1351.53,STOP,-811.96,-1260.60
rsi50,ADANIPORTS,2024-04-18,LONG,2024-04-18T10:00:00,1330.35,1325.46,1337.69,225,4.89,2024-04-18T10:10:00,1325.46,STOP,-1100.58,-1548.75
rsi50,ADANIPORTS,2024-04-19,LONG,2024-04-19T13:10:00,1309.40,1303.71,1317.94,229,5.69,2024-04-19T13:20:00,1303.71,STOP,-1303.18,-1751.98
rsi50,ADANIPORTS,2024-04-25,LONG,2024-04-25T13:40:00,1326.00,1323.16,1330.26,226,2.84,2024-04-25T14:00:00,1330.26,TARGET,963.35,513.11
rsi50,ADANIPORTS,2024-04-26,SHORT,2024-04-26T13:10:00,1325.40,1328.72,1320.43,226,3.32,2024-04-26T13:10:00,1328.72,STOP,-749.56,-1199.43
rsi50,ADANIPORTS,2024-05-03,SHORT,2024-05-03T11:30:00,1322.00,1328.13,1312.80,226,6.13,2024-05-03T13:20:00,1318.95,TIME_STOP,689.30,241.66
rsi50,ADANIPORTS,2024-05-07,SHORT,2024-05-07T10:30:00,1283.20,1289.34,1273.99,233,6.14,2024-05-07T10:50:00,1273.99,TARGET,2147.08,1700.21
rsi50,ADANIPORTS,2024-05-08,SHORT,2024-05-08T11:10:00,1282.05,1287.83,1273.37,234,5.78,2024-05-08T11:20:00,1287.83,STOP,-1353.54,-1804.56
rsi50,ADANIPORTS,2024-05-13,LONG,2024-05-13T10:30:00,1266.75,1259.22,1278.05,236,7.53,2024-05-13T11:30:00,1278.05,TARGET,2667.30,2216.87
rsi50,ADANIPORTS,2024-05-16,SHORT,2024-05-16T11:40:00,1338.55,1345.14,1328.67,224,6.59,2024-05-16T11:40:00,1343.00,REVERSE,-996.80,-1447.30
rsi50,ADANIPORTS,2024-05-17,SHORT,2024-05-17T10:00:00,1328.85,1336.75,1317.00,225,7.90,2024-05-17T10:20:00,1336.75,STOP,-1777.13,-2226.95
rsi50,ADANIPORTS,2024-05-22,SHORT,2024-05-22T10:50:00,1373.30,1379.83,1363.50,218,6.53,2024-05-22T12:00:00,1379.83,STOP,-1423.75,-1873.89
rsi50,ADANIPORTS,2024-05-23,SHORT,2024-05-23T11:00:00,1373.90,1379.44,1365.59,218,5.54,2024-05-23T11:10:00,1379.44,STOP,-1207.62,-1657.79
rsi50,ADANIPORTS,2024-05-29,LONG,2024-05-29T12:10:00,1413.60,1407.79,1422.32,212,5.81,2024-05-29T13:10:00,1422.32,TARGET,1848.01,1397.10
rsi50,ADANIPORTS,2024-05-31,SHORT,2024-05-31T10:30:00,1394.80,1402.45,1383.33,215,7.65,2024-05-31T10:50:00,1402.45,STOP,-1644.44,-2095.49
rsi50,ADANIPORTS,2024-06-04,SHORT,2024-06-04T11:10:00,1346.35,1371.11,1309.20,100,24.76,2024-06-04T11:20:00,1309.20,TARGET,3714.62,3515.46
rsi50,ADANIPORTS,2024-06-05,LONG,2024-06-05T12:30:00,1287.05,1257.51,1331.36,84,29.54,2024-06-05T14:20:00,1313.00,TIME_STOP,2179.80,2016.00
rsi50,ADANIPORTS,2024-06-12,SHORT,2024-06-12T13:50:00,1398.55,1402.70,1392.32,214,4.15,2024-06-12T14:20:00,1392.32,TARGET,1332.20,884.26
rsi50,ADANIPORTS,2024-06-13,LONG,2024-06-13T10:00:00,1401.05,1395.68,1409.11,214,5.37,2024-06-13T11:00:00,1397.05,REVERSE,-856.00,-1305.10
rsi50,ADANIPORTS,2024-07-01,LONG,2024-07-01T10:10:00,1488.60,1482.64,1497.54,201,5.96,2024-07-01T10:10:00,1482.64,STOP,-1197.44,-1645.36
rsi50,ADANIPORTS,2024-07-02,LONG,2024-07-02T10:50:00,1488.00,1482.94,1495.60,201,5.06,2024-07-02T11:00:00,1482.94,STOP,-1017.96,-1465.83
rsi50,ADANIPORTS,2024-07-09,SHORT,2024-07-09T12:40:00,1481.15,1485.20,1475.07,202,4.05,2024-07-09T13:00:00,1485.20,STOP,-818.53,-1267.93
rsi50,ADANIPORTS,2024-07-10,SHORT,2024-07-10T10:30:00,1470.80,1475.81,1463.28,203,5.01,2024-07-10T10:40:00,1463.28,TARGET,1526.89,1080.18
rsi50,ADANIPORTS,2024-07-11,SHORT,2024-07-11T12:10:00,1478.30,1482.64,1471.79,202,4.34,2024-07-11T12:10:00,1482.64,STOP,-877.29,-1325.87
rsi50,ADANIPORTS,2024-07-16,SHORT,2024-07-16T13:00:00,1496.00,1499.20,1491.20,200,3.20,2024-07-16T14:10:00,1499.20,STOP,-640.62,-1089.90
rsi50,ADANIPORTS,2024-07-18,LONG,2024-07-18T13:40:00,1494.70,1490.18,1501.47,200,4.52,2024-07-18T14:20:00,1501.47,TARGET,1354.82,905.40
rsi50,ADANIPORTS,2024-07-19,SHORT,2024-07-19T10:20:00,1484.90,1490.71,1476.18,202,5.81,2024-07-19T10:20:00,1490.71,STOP,-1173.99,-1624.79
rsi50,ADANIPORTS,2024-07-23,SHORT,2024-07-23T12:40:00,1443.30,1454.71,1426.18,207,11.41,2024-07-23T12:40:00,1454.71,STOP,-2362.73,-2812.65
rsi50,ADANIPORTS,2024-07-24,SHORT,2024-07-24T11:40:00,1492.50,1499.59,1481.86,201,7.09,2024-07-24T13:30:00,1481.86,TARGET,2138.33,1689.94
rsi50,ADANIPORTS,2024-07-25,LONG,2024-07-25T10:50:00,1496.85,1490.48,1506.40,200,6.37,2024-07-25T11:20:00,1490.48,STOP,-1273.24,-1721.34
rsi50,ADANIPORTS,2024-08-01,SHORT,2024-08-01T12:40:00,1572.00,1577.56,1563.66,190,5.56,2024-08-01T12:50:00,1577.56,STOP,-1056.06,-1504.87
rsi50,ADANIPORTS,2024-08-02,LONG,2024-08-02T11:20:00,1588.95,1578.50,1604.62,188,10.45,2024-08-02T13:10:00,1594.35,TIME_STOP,1015.20,566.35
rsi50,ADANIPORTS,2024-08-07,LONG,2024-08-07T10:10:00,1529.00,1519.94,1542.60,196,9.06,2024-08-07T10:40:00,1542.60,TARGET,2664.72,2213.19
rsi50,ADANIPORTS,2024-08-08,SHORT,2024-08-08T13:30:00,1531.35,1537.81,1521.66,195,6.46,2024-08-08T15:00:00,1521.66,TARGET,1889.14,1442.63
rsi50,ADANIPORTS,2024-08-09,LONG,2024-08-09T13:30:00,1529.95,1525.82,1536.15,196,4.13,2024-08-09T14:10:00,1536.15,TARGET,1214.43,763.72
rsi50,ADANIPORTS,2024-08-16,LONG,2024-08-16T13:40:00,1480.30,1475.62,1487.32,202,4.68,2024-08-16T13:50:00,1487.32,TARGET,1417.79,968.19
rsi50,ADANIPORTS,2024-08-20,SHORT,2024-08-20T11:50:00,1490.20,1494.07,1484.39,201,3.87,2024-08-20T12:20:00,1494.07,STOP,-778.50,-1228.38
rsi50,ADANIPORTS,2024-08-27,LONG,2024-08-27T10:00:00,1491.75,1487.88,1497.56,201,3.87,2024-08-27T10:10:00,1487.88,STOP,-778.10,-1227.28
rsi50,ADANIPORTS,2024-08-28,LONG,2024-08-28T11:30:00,1485.30,1482.36,1489.71,201,2.94,2024-08-28T12:30:00,1482.36,STOP,-591.04,-1038.41
rsi50,ADANIPORTS,2024-08-29,LONG,2024-08-29T13:10:00,1475.95,1471.08,1483.26,203,4.87,2024-08-29T13:20:00,1471.08,STOP,-988.70,-1437.39
rsi50,ADANIPORTS,2024-09-03,SHORT,2024-09-03T11:10:00,1486.00,1489.24,1481.13,201,3.24,2024-09-03T13:00:00,1488.20,TIME_STOP,-442.20,-890.56
rsi50,ADANIPORTS,2024-09-05,LONG,2024-09-05T14:10:00,1468.65,1465.99,1472.64,204,2.66,2024-09-05T14:10:00,1468.35,REVERSE,-61.20,-510.56
rsi50,ADANIPORTS,2024-09-11,SHORT,2024-09-11T13:10:00,1447.35,1450.78,1442.20,207,3.43,2024-09-11T13:40:00,1442.20,TARGET,1066.11,617.51
rsi50,ADANIPORTS,2024-09-12,LONG,2024-09-12T10:00:00,1458.00,1451.63,1467.56,205,6.37,2024-09-12T10:10:00,1467.56,TARGET,1960.30,1510.50
rsi50,ADANIPORTS,2024-09-13,SHORT,2024-09-13T11:50:00,1453.00,1457.75,1445.87,206,4.75,2024-09-13T13:40:00,1453.95,TIME_STOP,-195.70,-644.82
rsi50,ADANIPORTS,2024-09-16,SHORT,2024-09-16T10:30:00,1452.70,1456.38,1447.18,206,3.68,2024-09-16T10:30:00,1456.38,STOP,-757.81,-1207.26
rsi50,ADANIPORTS,2024-09-18,SHORT,2024-09-18T12:00:00,1429.00,1432.87,1423.20,209,3.87,2024-09-18T12:50:00,1423.20,TARGET,1211.73,764.65
rsi50,ADANIPORTS,2024-09-19,SHORT,2024-09-19T10:20:00,1420.95,1425.90,1413.53,211,4.95,2024-09-19T11:10:00,1413.53,TARGET,1566.67,1118.11
rsi50,ADANIPORTS,2024-09-25,SHORT,2024-09-25T10:00:00,1446.50,1451.05,1439.68,207,4.55,2024-09-25T11:20:00,1451.05,STOP,-941.26,-1391.10
rsi50,ADANIPORTS,2024-09-27,SHORT,2024-09-27T14:10:00,1460.95,1464.84,1455.12,205,3.89,2024-09-27T14:10:00,1455.12,TARGET,1194.68,746.33
rsi50,ADANIPORTS,2024-09-30,LONG,2024-09-30T11:40:00,1461.75,1455.42,1471.24,205,6.33,2024-09-30T12:20:00,1455.42,STOP,-1296.84,-1745.36
rsi50,ADANIPORTS,2024-10-03,SHORT,2024-10-03T11:30:00,1445.30,1450.29,1437.81,207,4.99,2024-10-03T11:40:00,1437.81,TARGET,1550.14,1102.54
rsi50,ADANIPORTS,2024-10-04,LONG,2024-10-04T11:20:00,1431.40,1424.30,1442.04,209,7.10,2024-10-04T12:00:00,1442.04,TARGET,2224.35,1773.94
rsi50,ADANIPORTS,2024-10-08,LONG,2024-10-08T10:10:00,1382.70,1373.67,1396.25,216,9.03,2024-10-08T11:30:00,1396.25,TARGET,2926.61,2476.42
rsi50,ADANIPORTS,2024-10-11,SHORT,2024-10-11T11:30:00,1412.20,1416.89,1405.16,212,4.69,2024-10-11T13:20:00,1411.30,TIME_STOP,190.80,-258.14
rsi50,ADANIPORTS,2024-10-14,SHORT,2024-10-14T11:30:00,1410.00,1413.84,1404.24,212,3.84,2024-10-14T13:20:00,1409.00,TIME_STOP,212.00,-236.22
rsi50,ADANIPORTS,2024-10-18,LONG,2024-10-18T12:10:00,1402.15,1396.79,1410.18,213,5.36,2024-10-18T12:40:00,1410.18,TARGET,1711.19,1261.92
rsi50,ADANIPORTS,2024-10-24,LONG,2024-10-24T11:00:00,1349.15,1343.17,1358.11,222,5.98,2024-10-24T11:50:00,1358.11,TARGET,1989.89,1539.13
rsi50,ADANIPORTS,2024-10-28,LONG,2024-10-28T11:30:00,1352.20,1344.87,1363.20,221,7.33,2024-10-28T13:20:00,1362.15,TIME_STOP,2198.95,1749.05
rsi50,ADANIPORTS,2024-10-29,SHORT,2024-10-29T10:00:00,1336.60,1343.68,1325.98,224,7.08,2024-10-29T10:20:00,1343.68,STOP,-1585.93,-2036.22
rsi50,ADANIPORTS,2024-11-07,SHORT,2024-11-07T10:20:00,1355.80,1362.25,1346.12,221,6.45,2024-11-07T11:00:00,1362.25,STOP,-1425.53,-1876.04
rsi50,ADANIPORTS,2024-11-08,LONG,2024-11-08T13:20:00,1359.35,1355.20,1365.57,220,4.15,2024-11-08T13:30:00,1355.20,STOP,-912.78,-1360.68
rsi50,ADANIPORTS,2024-11-11,LONG,2024-11-11T11:30:00,1355.60,1350.53,1363.21,221,5.07,2024-11-11T12:00:00,1350.53,STOP,-1121.52,-1570.06
rsi50,ADANIPORTS,2024-11-12,LONG,2024-11-12T12:00:00,1349.85,1345.54,1356.31,222,4.31,2024-11-12T12:10:00,1345.54,STOP,-955.94,-1404.72
rsi50,ADANIPORTS,2024-11-22,LONG,2024-11-22T11:50:00,1131.60,1115.94,1155.09,159,15.66,2024-11-22T13:00:00,1155.09,TARGET,3735.15,3462.46
rsi50,ADANIPORTS,2024-11-27,LONG,2024-11-27T12:10:00,1164.20,1151.87,1182.69,202,12.33,2024-11-27T12:50:00,1182.69,TARGET,3734.59,3379.04
rsi50,ADANIPORTS,2024-11-28,SHORT,2024-11-28T12:20:00,1194.50,1204.53,1179.45,249,10.03,2024-11-28T12:40:00,1179.45,TARGET,3747.45,3304.12
rsi50,ADANIPORTS,2024-11-29,LONG,2024-11-29T12:50:00,1195.50,1188.24,1206.39,250,7.26,2024-11-29T12:50:00,1188.24,STOP,-1814.83,-2261.78
rsi50,ADANIPORTS,2024-12-05,SHORT,2024-12-05T10:10:00,1264.85,1272.74,1253.02,237,7.89,2024-12-05T12:00:00,1262.25,TIME_STOP,616.20,167.01
rsi50,ADANIPORTS,2024-12-06,SHORT,2024-12-06T11:10:00,1270.45,1276.41,1261.51,236,5.96,2024-12-06T13:00:00,1265.80,TIME_STOP,1097.40,648.48
rsi50,ADANIPORTS,2024-12-09,LONG,2024-12-09T12:00:00,1267.00,1262.95,1273.07,236,4.05,2024-12-09T12:10:00,1273.07,TARGET,1433.37,983.78
rsi50,ADANIPORTS,2024-12-13,SHORT,2024-12-13T10:50:00,1235.40,1240.58,1227.63,242,5.18,2024-12-13T11:10:00,1240.58,STOP,-1253.43,-1702.82
rsi50,ADANIPORTS,2024-12-16,SHORT,2024-12-16T10:30:00,1244.05,1248.44,1237.46,241,4.39,2024-12-16T10:40:00,1248.44,STOP,-1059.15,-1509.67
rsi50,ADANIPORTS,2024-12-17,LONG,2024-12-17T10:00:00,1246.90,1243.04,1252.70,240,3.86,2024-12-17T10:40:00,1252.70,TARGET,1391.18,941.25
rsi50,ADANIPORTS,2024-12-24,LONG,2024-12-24T10:10:00,1195.45,1190.70,1202.58,250,4.75,2024-12-24T10:40:00,1202.58,TARGET,1782.56,1332.93
rsi50,ADANIPORTS,2024-12-30,SHORT,2024-12-30T12:00:00,1238.55,1244.13,1230.18,242,5.58,2024-12-30T12:10:00,1244.13,STOP,-1350.70,-1801.30
rsi50,ADANIPORTS,2024-12-31,LONG,2024-12-31T13:00:00,1228.95,1223.76,1236.73,244,5.19,2024-12-31T13:00:00,1223.76,STOP,-1266.10,-1714.94
rsi50,ADANIPORTS,2025-01-01,SHORT,2025-01-01T10:00:00,1211.00,1216.63,1202.56,247,5.63,2025-01-01T10:40:00,1216.63,STOP,-1389.40,-1839.11
rsi50,ADANIPORTS,2025-01-02,LONG,2025-01-02T14:00:00,1221.60,1217.74,1227.39,245,3.86,2025-01-02T15:00:00,1227.39,TARGET,1419.16,969.15
rsi50,ADANIPORTS,2025-01-03,SHORT,2025-01-03T11:00:00,1216.15,1220.78,1209.20,246,4.63,2025-01-03T11:00:00,1220.78,STOP,-1139.62,-1589.23
rsi50,ADANIPORTS,2025-01-07,LONG,2025-01-07T10:50:00,1178.40,1172.48,1187.28,254,5.92,2025-01-07T10:50:00,1172.48,STOP,-1503.72,-1951.56
rsi50,ADANIPORTS,2025-01-14,LONG,2025-01-14T11:30:00,1125.05,1117.10,1136.97,266,7.95,2025-01-14T13:00:00,1117.10,STOP,-2114.35,-2561.66
rsi50,ADANIPORTS,2025-01-15,SHORT,2025-01-15T13:40:00,1121.40,1125.52,1115.22,267,4.12,2025-01-15T15:00:00,1125.52,STOP,-1100.61,-1550.55
rsi50,ADANIPORTS,2025-01-20,LONG,2025-01-20T11:50:00,1164.70,1160.19,1171.47,257,4.51,2025-01-20T12:00:00,1160.19,STOP,-1159.66,-1607.78
rsi50,ADANIPORTS,2025-01-23,LONG,2025-01-23T10:10:00,1105.15,1100.01,1112.86,271,5.14,2025-01-23T11:40:00,1112.86,TARGET,2089.49,1638.68
rsi50,ADANIPORTS,2025-01-24,SHORT,2025-01-24T10:00:00,1095.15,1099.49,1088.64,273,4.34,2025-01-24T10:20:00,1088.64,TARGET,1778.52,1331.39
rsi50,ADANIPORTS,2025-01-28,LONG,2025-01-28T12:20:00,1082.55,1076.96,1090.94,277,5.59,2025-01-28T12:30:00,1076.96,STOP,-1548.58,-1997.22
rsi50,ADANIPORTS,2025-01-30,SHORT,2025-01-30T13:40:00,1038.65,1050.57,1020.78,209,11.92,2025-01-30T13:40:00,1050.57,STOP,-2490.25,-2817.73
rsi50,ADANIPORTS,2025-01-31,LONG,2025-01-31T10:10:00,1091.25,1080.36,1107.58,229,10.89,2025-01-31T11:00:00,1107.58,TARGET,3739.36,3361.71
rsi50,ADANIPORTS,2025-02-01,SHORT,2025-02-01T12:20:00,1094.65,1103.03,1082.09,274,8.38,2025-02-01T12:20:00,1103.03,STOP,-2294.91,-2746.53
rsi50,ADANIPORTS,2025-02-03,LONG,2025-02-03T13:20:00,1085.30,1078.87,1094.94,276,6.43,2025-02-03T15:10:00,1085.05,TIME_STOP,-69.00,-518.26
rsi50,ADANIPORTS,2025-02-07,SHORT,2025-02-07T13:50:00,1149.55,1155.15,1141.15,260,5.60,2025-02-07T14:10:00,1141.15,TARGET,2182.70,1736.01
rsi50,ADANIPORTS,2025-02-11,SHORT,2025-02-11T11:50:00,1132.15,1139.10,1121.72,264,6.95,2025-02-11T13:10:00,1121.72,TARGET,2753.91,2307.64
rsi50,ADANIPORTS,2025-02-12,LONG,2025-02-12T12:10:00,1137.85,1129.36,1150.58,263,8.49,2025-02-12T14:00:00,1131.90,TIME_STOP,-1564.85,-2012.56
rsi50,ADANIPORTS,2025-02-13,SHORT,2025-02-13T13:50:00,1130.65,1136.18,1122.35,265,5.53,2025-02-13T14:10:00,1122.35,TARGET,2198.24,1750.46
rsi50,ADANIPORTS,2025-02-18,LONG,2025-02-18T13:40:00,1076.00,1071.35,1082.98,278,4.65,2025-02-18T14:30:00,1082.98,TARGET,1940.23,1490.08
rsi50,ADANIPORTS,2025-02-19,SHORT,2025-02-19T13:40:00,1082.65,1086.92,1076.25,277,4.27,2025-02-19T14:00:00,1084.80,REVERSE,-595.55,-1045.84
rsi50,ADANIPORTS,2025-02-21,SHORT,2025-02-21T10:20:00,1093.30,1099.18,1084.47,274,5.88,2025-02-21T11:00:00,1099.18,STOP,-1612.32,-2062.88
rsi50,ADANIPORTS,2025-02-27,LONG,2025-02-27T12:50:00,1080.40,1076.92,1085.62,277,3.48,2025-02-27T14:10:00,1076.92,STOP,-964.18,-1412.37
rsi50,ADANIPORTS,2025-02-28,LONG,2025-02-28T11:20:00,1076.80,1072.00,1084.00,278,4.80,2025-02-28T12:10:00,1074.35,REVERSE,-681.10,-1129.61
rsi50,ADANIPORTS,2025-03-04,LONG,2025-03-04T11:20:00,1058.90,1054.15,1066.02,283,4.75,2025-03-04T11:30:00,1054.15,STOP,-1344.18,-1792.67
rsi50,ADANIPORTS,2025-03-12,LONG,2025-03-12T10:00:00,1153.65,1148.87,1160.81,260,4.78,2025-03-12T10:00:00,1148.87,STOP,-1241.92,-1690.91
rsi50,ADANIPORTS,2025-03-13,LONG,2025-03-13T10:10:00,1130.00,1123.96,1139.06,265,6.04,2025-03-13T10:30:00,1139.06,TARGET,2401.52,1950.54
rsi50,ADANIPORTS,2025-03-17,SHORT,2025-03-17T12:50:00,1128.00,1132.53,1121.21,265,4.53,2025-03-17T13:20:00,1132.53,STOP,-1200.23,-1649.51
rsi50,ADANIPORTS,2025-03-20,SHORT,2025-03-20T10:10:00,1167.70,1172.02,1161.21,256,4.32,2025-03-20T10:20:00,1161.21,TARGET,1660.52,1213.37
rsi50,ADANIPORTS,2025-03-27,LONG,2025-03-27T13:00:00,1186.95,1183.30,1192.43,252,3.65,2025-03-27T14:10:00,1192.43,TARGET,1380.42,930.72
rsi50,ADANIPORTS,2025-03-28,SHORT,2025-03-28T12:40:00,1184.15,1189.59,1175.98,253,5.44,2025-03-28T14:00:00,1175.98,TARGET,2066.13,1618.30
rsi50,ADANIPORTS,2025-04-01,SHORT,2025-04-01T11:20:00,1178.95,1185.98,1168.40,254,7.03,2025-04-01T13:10:00,1176.15,TIME_STOP,711.20,262.55
rsi50,ADANIPORTS,2025-04-02,LONG,2025-04-02T10:50:00,1183.50,1177.42,1192.62,253,6.08,2025-04-02T12:20:00,1192.62,TARGET,2307.85,1856.98
rsi50,ADANIPORTS,2025-04-04,SHORT,2025-04-04T10:00:00,1172.40,1178.32,1163.52,255,5.92,2025-04-04T10:20:00,1163.52,TARGET,2265.42,1818.68
rsi50,ADANIPORTS,2025-04-09,SHORT,2025-04-09T10:00:00,1116.20,1123.72,1104.92,268,7.52,2025-04-09T11:20:00,1123.72,STOP,-2015.42,-2465.64
rsi50,ADANIPORTS,2025-04-21,LONG,2025-04-21T14:00:00,1246.20,1241.30,1253.55,240,4.90,2025-04-21T14:00:00,1241.30,STOP,-1175.69,-1623.44
rsi50,ADANIPORTS,2025-04-23,LONG,2025-04-23T13:00:00,1238.50,1234.37,1244.70,242,4.13,2025-04-23T14:50:00,1238.70,TIME_STOP,48.40,-401.21
rsi50,ADANIPORTS,2025-04-24,SHORT,2025-04-24T13:10:00,1239.40,1242.25,1235.13,242,2.85,2025-04-24T13:10:00,1235.13,TARGET,1033.89,584.76
rsi50,ADANIPORTS,2025-04-28,LONG,2025-04-28T10:50:00,1204.50,1198.68,1213.22,249,5.82,2025-04-28T11:10:00,1213.22,TARGET,2172.39,1720.88
rsi50,ADANIPORTS,2025-05-08,SHORT,2025-05-08T14:00:00,1343.90,1348.93,1336.36,223,5.03,2025-05-08T14:50:00,1336.36,TARGET,1681.72,1233.45
rsi50,ADANIPORTS,2025-05-22,SHORT,2025-05-22T10:20:00,1383.30,1389.59,1373.86,216,6.29,2025-05-22T11:10:00,1373.86,TARGET,2039.27,1592.61
rsi50,ADANIPORTS,2025-05-27,LONG,2025-05-27T11:30:00,1407.90,1403.21,1414.94,213,4.69,2025-05-27T11:30:00,1414.94,TARGET,1499.19,1048.25
rsi50,ADANIPORTS,2025-06-04,LONG,2025-06-04T13:00:00,1435.10,1431.25,1440.88,209,3.85,2025-06-04T13:00:00,1440.88,TARGET,1208.08,757.27
rsi50,ADANIPORTS,2025-06-12,LONG,2025-06-12T13:00:00,1461.30,1457.42,1467.13,205,3.88,2025-06-12T13:00:00,1457.42,STOP,-796.25,-1245.00
rsi50,ADANIPORTS,2025-06-17,SHORT,2025-06-17T11:40:00,1398.90,1402.70,1393.20,214,3.80,2025-06-17T12:00:00,1393.20,TARGET,1220.60,772.47
rsi50,ADANIPORTS,2025-06-20,LONG,2025-06-20T11:00:00,1347.50,1343.04,1354.19,222,4.46,2025-06-20T11:00:00,1354.19,TARGET,1485.46,1035.63
rsi50,ADANIPORTS,2025-07-01,SHORT,2025-07-01T14:10:00,1444.00,1447.45,1438.83,207,3.45,2025-07-01T14:40:00,1447.45,STOP,-713.92,-1162.82
rsi50,ADANIPORTS,2025-07-02,SHORT,2025-07-02T10:10:00,1445.50,1449.80,1439.05,207,4.30,2025-07-02T11:00:00,1449.80,STOP,-890.40,-1339.90
rsi50,ADANIPORTS,2025-07-03,LONG,2025-07-03T10:40:00,1448.40,1444.82,1453.78,207,3.58,2025-07-03T11:10:00,1444.82,STOP,-741.83,-1191.00
rsi50,ADANIPORTS,2025-07-07,LONG,2025-07-07T13:00:00,1432.20,1428.88,1437.18,209,3.32,2025-07-07T13:00:00,1428.88,STOP,-693.31,-1141.78
rsi50,ADANIPORTS,2025-07-10,SHORT,2025-07-10T11:10:00,1441.80,1444.83,1437.25,208,3.03,2025-07-10T11:40:00,1437.25,TARGET,945.41,496.27
rsi50,ADANIPORTS,2025-07-11,SHORT,2025-07-11T10:30:00,1437.80,1441.32,1432.53,208,3.52,2025-07-11T11:00:00,1432.53,TARGET,1097.08,649.31
rsi50,ADANIPORTS,2025-07-14,LONG,2025-07-14T10:50:00,1439.70,1435.30,1446.30,208,4.40,2025-07-14T11:20:00,1435.30,STOP,-914.86,-1363.36
rsi50,ADANIPORTS,2025-07-15,LONG,2025-07-15T10:50:00,1436.60,1432.91,1442.14,208,3.69,2025-07-15T11:10:00,1442.14,TARGET,1151.53,702.45
rsi50,ADANIPORTS,2025-07-18,SHORT,2025-07-18T10:00:00,1450.30,1454.26,1444.36,206,3.96,2025-07-18T10:10:00,1444.36,TARGET,1224.36,777.13
rsi50,ADANIPORTS,2025-07-21,LONG,2025-07-21T11:20:00,1442.20,1438.12,1448.32,208,4.08,2025-07-21T13:10:00,1446.10,TIME_STOP,811.20,360.63
rsi50,ADANIPORTS,2025-07-22,SHORT,2025-07-22T10:30:00,1441.60,1445.21,1436.19,208,3.61,2025-07-22T10:50:00,1445.21,STOP,-750.30,-1200.64
rsi50,ADANIPORTS,2025-07-29,LONG,2025-07-29T12:50:00,1384.00,1380.67,1389.00,216,3.33,2025-07-29T13:10:00,1389.00,TARGET,1080.04,630.82
rsi50,ADANIPORTS,2025-07-30,SHORT,2025-07-30T14:10:00,1394.00,1396.46,1390.31,215,2.46,2025-07-30T15:20:00,1396.30,EOD,-494.50,-944.44
rsi50,ADANIPORTS,2025-07-31,LONG,2025-07-31T13:10:00,1393.00,1389.12,1398.82,215,3.88,2025-07-31T13:50:00,1389.12,STOP,-834.30,-1282.92
rsi50,ADANIPORTS,2025-08-04,LONG,2025-08-04T13:40:00,1375.00,1370.91,1381.13,218,4.09,2025-08-04T13:50:00,1381.13,TARGET,1336.84,886.21
rsi50,ADANIPORTS,2025-08-05,SHORT,2025-08-05T10:10:00,1371.80,1377.59,1363.11,218,5.79,2025-08-05T11:20:00,1377.59,STOP,-1262.25,-1711.78
rsi50,ADANIPORTS,2025-08-06,LONG,2025-08-06T13:20:00,1370.50,1364.44,1379.59,218,6.06,2025-08-06T14:40:00,1364.44,STOP,-1320.72,-1767.88
rsi50,ADANIPORTS,2025-08-08,SHORT,2025-08-08T10:40:00,1327.50,1333.99,1317.76,225,6.49,2025-08-08T11:20:00,1333.99,STOP,-1460.52,-1909.64
rsi50,ADANIPORTS,2025-08-11,LONG,2025-08-11T11:10:00,1332.40,1327.12,1340.32,225,5.28,2025-08-11T11:40:00,1327.12,STOP,-1188.02,-1636.81
rsi50,ADANIPORTS,2025-08-12,SHORT,2025-08-12T11:50:00,1335.50,1339.92,1328.87,224,4.42,2025-08-12T12:20:00,1339.92,STOP,-989.46,-1438.93
rsi50,ADANIPORTS,2025-08-21,SHORT,2025-08-21T11:40:00,1366.80,1370.22,1361.67,219,3.42,2025-08-21T12:30:00,1361.67,TARGET,1123.95,675.80
rsi50,ADANIPORTS,2025-08-28,LONG,2025-08-28T10:40:00,1323.50,1318.89,1330.42,226,4.61,2025-08-28T11:00:00,1330.42,TARGET,1563.71,1113.87
rsi50,ADANIPORTS,2025-08-29,LONG,2025-08-29T12:00:00,1318.70,1314.43,1325.11,227,4.27,2025-08-29T13:50:00,1314.43,STOP,-970.19,-1418.48
rsi50,ADANIPORTS,2025-09-03,SHORT,2025-09-03T12:00:00,1332.70,1335.59,1328.37,225,2.89,2025-09-03T12:10:00,1335.59,STOP,-650.05,-1100.32
rsi50,ADANIPORTS,2025-09-04,SHORT,2025-09-04T11:30:00,1327.60,1332.18,1320.73,225,4.58,2025-09-04T12:00:00,1332.18,STOP,-1031.18,-1480.02
rsi50,ADANIPORTS,2025-09-11,SHORT,2025-09-11T13:40:00,1395.00,1399.67,1388.00,215,4.67,2025-09-11T15:20:00,1392.70,EOD,494.50,44.98
rsi50,ADANIPORTS,2025-09-12,LONG,2025-09-12T10:10:00,1398.50,1394.59,1404.37,214,3.91,2025-09-12T11:10:00,1404.37,TARGET,1255.14,805.28
rsi50,ADANIPORTS,2025-09-15,SHORT,2025-09-15T12:40:00,1398.00,1400.97,1393.55,214,2.97,2025-09-15T13:20:00,1400.97,STOP,-634.72,-1083.95
rsi50,ADANIPORTS,2025-09-17,LONG,2025-09-17T12:00:00,1405.60,1402.84,1409.75,213,2.76,2025-09-17T13:10:00,1409.75,TARGET,883.36,433.61
rsi50,ADANIPORTS,2025-09-23,LONG,2025-09-23T13:20:00,1445.60,1440.34,1453.50,207,5.26,2025-09-23T15:10:00,1442.90,TIME_STOP,-558.90,-1007.34
rsi50,ADANIPORTS,2025-09-24,LONG,2025-09-24T12:20:00,1450.50,1445.21,1458.43,206,5.29,2025-09-24T12:20:00,1445.21,STOP,-1088.95,-1536.34
rsi50,ADANIPORTS,2025-09-30,LONG,2025-09-30T10:00:00,1397.00,1392.43,1403.86,214,4.57,2025-09-30T11:50:00,1397.80,TIME_STOP,171.20,-277.37
rsi50,ADANIPORTS,2025-10-01,SHORT,2025-10-01T11:10:00,1394.70,1398.46,1389.06,215,3.76,2025-10-01T11:20:00,1398.46,STOP,-808.30,-1258.70
rsi50,ADANIPORTS,2025-10-07,SHORT,2025-10-07T12:00:00,1403.60,1407.38,1397.93,213,3.78,2025-10-07T12:10:00,1407.38,STOP,-804.66,-1253.71
rsi50,ADANIPORTS,2025-10-08,LONG,2025-10-08T13:50:00,1400.70,1396.65,1406.78,214,4.05,2025-10-08T14:10:00,1396.65,STOP,-867.08,-1316.06
rsi50,ADANIPORTS,2025-10-09,LONG,2025-10-09T13:40:00,1396.80,1393.87,1401.19,214,2.93,2025-10-09T14:10:00,1393.87,STOP,-626.11,-1074.01
rsi50,ADANIPORTS,2025-10-13,LONG,2025-10-13T10:30:00,1411.40,1407.04,1417.93,212,4.36,2025-10-13T10:50:00,1417.93,TARGET,1385.21,935.34
rsi50,ADANIPORTS,2025-10-14,SHORT,2025-10-14T11:30:00,1423.30,1427.54,1416.94,210,4.24,2025-10-14T11:50:00,1427.54,STOP,-890.90,-1339.91
rsi50,ADANIPORTS,2025-10-17,SHORT,2025-10-17T10:20:00,1474.60,1478.67,1468.50,203,4.07,2025-10-17T10:40:00,1478.67,STOP,-825.46,-1275.09
rsi50,ADANIPORTS,2025-10-23,SHORT,2025-10-23T10:00:00,1472.10,1476.77,1465.09,203,4.67,2025-10-23T10:00:00,1476.77,STOP,-948.67,-1397.63
rsi50,ADANIPORTS,2025-10-30,SHORT,2025-10-30T14:00:00,1454.40,1457.31,1450.04,206,2.91,2025-10-30T14:20:00,1457.31,STOP,-598.50,-1048.36
rsi50,ADANIPORTS,2025-10-31,LONG,2025-10-31T13:10:00,1456.30,1452.56,1461.90,206,3.74,2025-10-31T14:00:00,1452.56,STOP,-769.73,-1219.15
rsi50,ADANIPORTS,2025-11-03,LONG,2025-11-03T13:40:00,1452.80,1449.08,1458.38,206,3.72,2025-11-03T14:10:00,1449.08,STOP,-766.11,-1214.45
rsi50,ADANIPORTS,2025-11-04,LONG,2025-11-04T11:40:00,1447.00,1443.66,1452.01,207,3.34,2025-11-04T13:00:00,1452.01,TARGET,1037.06,586.99
rsi50,ADANIPORTS,2025-11-06,SHORT,2025-11-06T12:50:00,1448.00,1453.56,1439.65,207,5.56,2025-11-06T12:50:00,1452.90,REVERSE,-1014.30,-1464.66
rsi50,ADANIPORTS,2025-11-07,LONG,2025-11-07T11:20:00,1450.50,1444.72,1459.17,206,5.78,2025-11-07T11:20:00,1459.17,TARGET,1785.58,1336.04
rsi50,ADANIPORTS,2025-11-10,LONG,2025-11-10T10:30:00,1453.50,1448.76,1460.62,206,4.74,2025-11-10T12:20:00,1451.00,TIME_STOP,-515.00,-963.75
rsi50,ADANIPORTS,2025-11-11,LONG,2025-11-11T13:30:00,1447.10,1444.24,1451.39,207,2.86,2025-11-11T13:30:00,1451.39,TARGET,888.43,438.44
rsi50,ADANIPORTS,2025-11-14,SHORT,2025-11-14T14:10:00,1507.60,1511.66,1501.51,198,4.06,2025-11-14T15:00:00,1511.66,STOP,-804.50,-1252.86
rsi50,ADANIPORTS,2025-11-17,SHORT,2025-11-17T10:50:00,1506.50,1510.59,1500.36,199,4.09,2025-11-17T12:30:00,1510.59,STOP,-814.02,-1264.32
rsi50,ADANIPORTS,2025-11-18,SHORT,2025-11-18T10:10:00,1506.10,1509.70,1500.70,199,3.60,2025-11-18T10:30:00,1500.70,TARGET,1074.47,625.70
rsi50,ADANIPORTS,2025-11-25,SHORT,2025-11-25T11:10:00,1478.50,1482.01,1473.24,202,3.51,2025-11-25T13:00:00,1482.01,STOP,-708.31,-1156.83
rsi50,ADANIPORTS,2025-11-27,LONG,2025-11-27T11:10:00,1509.90,1506.59,1514.87,198,3.31,2025-11-27T11:50:00,1506.59,STOP,-655.59,-1103.54
rsi50,ADANIPORTS,2025-12-01,SHORT,2025-12-01T13:30:00,1529.00,1533.45,1522.33,196,4.45,2025-12-01T15:20:00,1533.45,STOP,-872.05,-1322.23
rsi50,ADANIPORTS,2025-12-04,LONG,2025-12-04T10:10:00,1504.90,1500.53,1511.45,199,4.37,2025-12-04T10:30:00,1500.53,STOP,-869.37,-1317.94
rsi50,ADANIPORTS,2025-12-05,SHORT,2025-12-05T10:00:00,1495.70,1499.83,1489.51,200,4.13,2025-12-05T10:00:00,1499.83,STOP,-825.01,-1274.34
rsi50,ADANIPORTS,2025-12-08,SHORT,2025-12-08T10:00:00,1500.10,1503.96,1494.32,199,3.86,2025-12-08T10:10:00,1494.32,TARGET,1151.05,704.14
rsi50,ADANIPORTS,2025-12-09,LONG,2025-12-09T12:00:00,1487.50,1482.76,1494.61,201,4.74,2025-12-09T12:20:00,1494.61,TARGET,1429.58,980.03
rsi50,ADANIPORTS,2025-12-11,LONG,2025-12-11T10:50:00,1506.90,1502.11,1514.09,199,4.79,2025-12-11T11:00:00,1502.11,STOP,-953.50,-1402.60
rsi50,ADANIPORTS,2025-12-18,LONG,2025-12-18T12:00:00,1490.20,1486.62,1495.57,201,3.58,2025-12-18T13:50:00,1491.40,TIME_STOP,241.20,-208.28
rsi50,ADANIPORTS,2025-12-24,LONG,2025-12-24T12:20:00,1506.90,1504.05,1511.18,199,2.85,2025-12-24T13:30:00,1504.05,STOP,-567.73,-1017.11
rsi50,ADANIPORTS,2025-12-30,LONG,2025-12-30T11:00:00,1466.70,1463.34,1471.74,204,3.36,2025-12-30T11:10:00,1463.34,STOP,-685.40,-1133.69
rsi50,ADANIPORTS,2026-01-05,LONG,2026-01-05T12:50:00,1488.90,1486.07,1493.15,201,2.83,2026-01-05T12:50:00,1493.15,TARGET,853.36,403.81
rsi50,ADANIPORTS,2026-01-12,LONG,2026-01-12T13:20:00,1435.60,1429.47,1444.80,208,6.13,2026-01-12T15:00:00,1444.80,TARGET,1913.90,1464.55
rsi50,ADANIPORTS,2026-01-13,SHORT,2026-01-13T12:10:00,1431.60,1436.49,1424.26,209,4.89,2026-01-13T14:00:00,1424.60,TIME_STOP,1463.00,1015.29
rsi50,ADANIPORTS,2026-01-14,LONG,2026-01-14T11:00:00,1434.80,1430.49,1441.26,209,4.31,2026-01-14T12:50:00,1435.90,TIME_STOP,229.90,-220.08
rsi50,ADANIPORTS,2026-01-21,LONG,2026-01-21T13:00:00,1389.40,1382.94,1399.10,215,6.46,2026-01-21T13:30:00,1382.94,STOP,-1389.95,-1836.99
rsi50,ADANIPORTS,2026-01-23,SHORT,2026-01-23T10:00:00,1393.00,1398.41,1384.89,215,5.41,2026-01-23T10:10:00,1398.41,STOP,-1162.60,-1612.71
rsi50,ADANIPORTS,2026-01-27,LONG,2026-01-27T10:40:00,1367.50,1355.91,1384.89,215,11.59,2026-01-27T10:40:00,1355.91,STOP,-2492.73,-2931.88
rsi50,ADANIPORTS,2026-02-02,LONG,2026-02-02T14:10:00,1393.60,1387.62,1402.58,215,5.98,2026-02-02T15:00:00,1402.58,TARGET,1929.67,1478.79
rsi50,ADANIPORTS,2026-02-06,SHORT,2026-02-06T10:20:00,1556.70,1562.65,1547.78,192,5.95,2026-02-06T10:50:00,1547.78,TARGET,1713.05,1266.00
rsi50,ADANIPORTS,2026-02-11,LONG,2026-02-11T13:50:00,1554.40,1550.81,1559.79,193,3.59,2026-02-11T14:40:00,1550.81,STOP,-693.01,-1142.49
rsi50,ADANIPORTS,2026-02-12,SHORT,2026-02-12T10:00:00,1545.50,1549.16,1540.01,194,3.66,2026-02-12T11:10:00,1540.01,TARGET,1065.71,616.76
rsi50,ADANIPORTS,2026-02-16,LONG,2026-02-16T12:10:00,1532.60,1526.76,1541.35,195,5.84,2026-02-16T12:10:00,1541.35,TARGET,1707.21,1257.65
rsi50,ADANIPORTS,2026-02-20,LONG,2026-02-20T12:50:00,1524.40,1519.71,1531.44,196,4.69,2026-02-20T13:10:00,1519.71,STOP,-920.16,-1367.64
rsi50,ADANIPORTS,2026-02-24,SHORT,2026-02-24T10:30:00,1540.60,1545.58,1533.13,194,4.98,2026-02-24T11:20:00,1545.58,STOP,-966.26,-1415.30
rsi50,ADANIPORTS,2026-02-26,LONG,2026-02-26T11:30:00,1548.40,1543.14,1556.30,193,5.26,2026-02-26T11:50:00,1543.14,STOP,-1016.09,-1463.59
rsi50,ADANIPORTS,2026-02-27,LONG,2026-02-27T14:10:00,1541.00,1537.66,1546.01,194,3.34,2026-02-27T14:30:00,1537.66,STOP,-648.44,-1096.38
rsi50,ADANIPORTS,2026-03-10,SHORT,2026-03-10T11:40:00,1423.20,1430.00,1413.00,210,6.80,2026-03-10T13:30:00,1425.60,TIME_STOP,-504.00,-952.69
rsi50,ADANIPORTS,2026-03-11,SHORT,2026-03-11T13:10:00,1427.40,1433.49,1418.26,210,6.09,2026-03-11T14:10:00,1418.26,TARGET,1918.43,1470.24
cpr,INDUSINDBK,2024-03-20,LONG,2024-03-20T12:10:00,1450.20,1442.65,1461.52,206,7.55,2024-03-20T13:10:00,1461.52,TARGET,2332.92,1883.06
cpr,INDUSINDBK,2024-04-05,SHORT,2024-04-05T12:50:00,1534.85,1538.95,1528.70,195,4.10,2024-04-05T13:20:00,1536.20,REVERSE,-263.25,-712.39
cpr,INDUSINDBK,2024-04-10,SHORT,2024-04-10T14:10:00,1554.55,1557.90,1549.52,192,3.35,2024-04-10T14:40:00,1557.90,STOP,-643.23,-1091.42
cpr,INDUSINDBK,2024-04-12,LONG,2024-04-12T11:00:00,1559.55,1554.75,1566.75,192,4.80,2024-04-12T12:20:00,1554.75,STOP,-921.56,-1370.02
cpr,INDUSINDBK,2024-04-23,SHORT,2024-04-23T14:00:00,1476.55,1479.97,1471.42,203,3.42,2024-04-23T15:20:00,1473.05,EOD,710.50,261.42
cpr,INDUSINDBK,2024-04-25,LONG,2024-04-25T10:10:00,1483.50,1479.48,1489.53,202,4.02,2024-04-25T10:20:00,1489.53,TARGET,1219.04,768.63
cpr,INDUSINDBK,2024-04-26,SHORT,2024-04-26T10:30:00,1478.00,1485.27,1467.10,202,7.27,2024-04-26T11:10:00,1467.10,TARGET,2202.04,1755.86
cpr,INDUSINDBK,2024-04-29,LONG,2024-04-29T10:20:00,1476.00,1469.64,1485.54,203,6.36,2024-04-29T12:10:00,1485.54,TARGET,1936.13,1485.24
cpr,INDUSINDBK,2024-05-03,SHORT,2024-05-03T11:10:00,1504.00,1510.16,1494.77,199,6.16,2024-05-03T11:30:00,1494.77,TARGET,1837.32,1389.76
cpr,INDUSINDBK,2024-05-09,SHORT,2024-05-09T10:40:00,1433.80,1439.28,1425.58,209,5.48,2024-05-09T11:10:00,1425.58,TARGET,1717.03,1268.82
cpr,INDUSINDBK,2024-05-15,SHORT,2024-05-15T11:40:00,1414.15,1418.76,1407.24,212,4.61,2024-05-15T13:30:00,1414.60,TIME_STOP,-95.40,-545.17
cpr,INDUSINDBK,2024-05-17,LONG,2024-05-17T11:10:00,1407.40,1402.08,1415.39,213,5.32,2024-05-17T12:30:00,1406.40,EOD_FORCED,-213.00,-662.50
cpr,INDUSINDBK,2024-05-24,SHORT,2024-05-24T10:40:00,1428.15,1433.88,1419.55,210,5.73,2024-05-24T11:00:00,1433.88,STOP,-1203.62,-1654.39
cpr,INDUSINDBK,2024-05-28,LONG,2024-05-28T10:30:00,1469.70,1463.43,1479.11,204,6.27,2024-05-28T11:30:00,1463.43,STOP,-1279.24,-1728.01
cpr,INDUSINDBK,2024-05-30,SHORT,2024-05-30T11:50:00,1456.05,1461.00,1448.62,206,4.95,2024-05-30T12:30:00,1461.00,STOP,-1020.17,-1470.85
cpr,INDUSINDBK,2024-05-31,LONG,2024-05-31T13:40:00,1457.35,1452.97,1463.92,205,4.38,2024-05-31T14:30:00,1452.97,STOP,-897.23,-1344.69
cpr,INDUSINDBK,2024-06-04,SHORT,2024-06-04T11:10:00,1399.35,1415.55,1375.04,154,16.20,2024-06-04T11:20:00,1415.55,STOP,-2495.40,-2820.52
cpr,INDUSINDBK,2024-06-05,LONG,2024-06-05T11:30:00,1431.00,1416.20,1453.20,168,14.80,2024-06-05T12:40:00,1453.20,TARGET,3728.97,3365.56
cpr,INDUSINDBK,2024-06-18,LONG,2024-06-18T10:10:00,1507.55,1502.02,1515.85,198,5.53,2024-06-18T10:20:00,1502.02,STOP,-1095.07,-1541.99
cpr,INDUSINDBK,2024-06-21,SHORT,2024-06-21T12:50:00,1523.80,1527.78,1517.82,196,3.98,2024-06-21T12:50:00,1527.78,STOP,-781.02,-1229.61
cpr,INDUSINDBK,2024-06-25,LONG,2024-06-25T13:50:00,1496.05,1491.71,1502.56,200,4.34,2024-06-25T14:20:00,1491.71,STOP,-868.15,-1316.31
cpr,INDUSINDBK,2024-06-26,LONG,2024-06-26T10:10:00,1497.30,1491.22,1506.42,200,6.08,2024-06-26T11:20:00,1506.42,TARGET,1823.44,1372.88
cpr,INDUSINDBK,2024-07-03,LONG,2024-07-03T10:00:00,1441.35,1435.99,1449.39,208,5.36,2024-07-03T10:00:00,1435.99,STOP,-1114.90,-1563.77
cpr,INDUSINDBK,2024-07-04,SHORT,2024-07-04T10:30:00,1439.70,1444.31,1432.79,208,4.61,2024-07-04T12:20:00,1442.45,TIME_STOP,-572.00,-1021.62
cpr,INDUSINDBK,2024-07-09,SHORT,2024-07-09T10:10:00,1432.65,1437.43,1425.48,209,4.78,2024-07-09T12:00:00,1432.00,TIME_STOP,135.85,-313.18
cpr,INDUSINDBK,2024-07-11,LONG,2024-07-11T14:10:00,1426.35,1423.23,1431.03,210,3.12,2024-07-11T14:10:00,1423.23,STOP,-655.46,-1104.27
cpr,INDUSINDBK,2024-07-16,SHORT,2024-07-16T10:00:00,1436.65,1440.68,1430.60,208,4.03,2024-07-16T10:30:00,1440.68,STOP,-838.76,-1287.62
cpr,INDUSINDBK,2024-07-19,SHORT,2024-07-19T10:00:00,1445.80,1450.19,1439.21,207,4.39,2024-07-19T10:50:00,1439.21,TARGET,1363.28,915.38
cpr,INDUSINDBK,2024-07-23,SHORT,2024-07-23T10:10:00,1419.20,1423.43,1412.85,211,4.23,2024-07-23T10:20:00,1423.43,STOP,-892.55,-1342.40
cpr,INDUSINDBK,2024-07-26,LONG,2024-07-26T10:20:00,1389.75,1384.38,1397.81,215,5.37,2024-07-26T12:10:00,1394.00,TIME_STOP,913.75,464.87
cpr,INDUSINDBK,2024-07-31,LONG,2024-07-31T12:00:00,1426.50,1422.59,1432.36,210,3.91,2024-07-31T13:40:00,1422.59,STOP,-821.02,-1269.75
cpr,INDUSINDBK,2024-08-07,SHORT,2024-08-07T10:20:00,1372.00,1377.80,1363.30,218,5.80,2024-08-07T11:10:00,1363.30,TARGET,1897.51,1450.29
cpr,INDUSINDBK,2024-08-09,LONG,2024-08-09T11:20:00,1348.30,1344.14,1354.53,222,4.16,2024-08-09T11:30:00,1347.80,REVERSE,-111.00,-559.90
cpr,INDUSINDBK,2024-08-19,SHORT,2024-08-19T12:40:00,1355.60,1359.59,1349.62,221,3.99,2024-08-19T14:30:00,1350.40,TIME_STOP,1149.20,700.68
cpr,INDUSINDBK,2024-08-21,LONG,2024-08-21T12:00:00,1380.50,1376.54,1386.44,217,3.96,2024-08-21T13:20:00,1376.54,STOP,-859.64,-1308.35
cpr,INDUSINDBK,2024-08-23,LONG,2024-08-23T11:30:00,1381.95,1378.02,1387.84,217,3.93,2024-08-23T12:20:00,1378.02,STOP,-852.48,-1301.67
cpr,INDUSINDBK,2024-09-09,LONG,2024-09-09T11:10:00,1417.50,1412.52,1424.97,211,4.98,2024-09-09T12:20:00,1412.52,STOP,-1051.48,-1499.33
cpr,INDUSINDBK,2024-09-11,SHORT,2024-09-11T12:20:00,1430.80,1434.65,1425.02,209,3.85,2024-09-11T12:50:00,1425.02,TARGET,1207.89,760.24
cpr,INDUSINDBK,2024-09-12,LONG,2024-09-12T12:00:00,1427.30,1423.62,1432.83,210,3.68,2024-09-12T12:40:00,1432.83,TARGET,1160.36,709.89
cpr,INDUSINDBK,2024-09-17,SHORT,2024-09-17T10:10:00,1463.00,1466.88,1457.18,205,3.88,2024-09-17T10:30:00,1466.88,STOP,-795.49,-1245.96
cpr,INDUSINDBK,2024-09-20,LONG,2024-09-20T11:00:00,1487.50,1482.37,1495.19,201,5.13,2024-09-20T12:50:00,1489.85,TIME_STOP,472.35,23.51
cpr,INDUSINDBK,2024-09-26,SHORT,2024-09-26T11:50:00,1438.45,1441.95,1433.19,208,3.50,2024-09-26T12:00:00,1441.95,STOP,-728.99,-1178.33
cpr,INDUSINDBK,2024-10-04,LONG,2024-10-04T11:00:00,1408.60,1403.05,1416.92,212,5.55,2024-10-04T11:30:00,1403.05,STOP,-1175.59,-1622.64
cpr,INDUSINDBK,2024-10-08,LONG,2024-10-08T11:20:00,1364.95,1357.46,1376.19,219,7.49,2024-10-08T12:10:00,1357.46,STOP,-1641.37,-2088.53
cpr,INDUSINDBK,2024-10-11,SHORT,2024-10-11T11:20:00,1347.35,1351.77,1340.73,222,4.42,2024-10-11T12:50:00,1340.73,TARGET,1470.35,1022.79
cpr,INDUSINDBK,2024-10-15,SHORT,2024-10-15T10:40:00,1356.00,1359.33,1351.00,221,3.33,2024-10-15T10:40:00,1359.33,STOP,-735.98,-1186.04
cpr,INDUSINDBK,2024-11-06,SHORT,2024-11-06T10:30:00,1072.50,1077.12,1065.57,279,4.62,2024-11-06T12:20:00,1070.30,TIME_STOP,613.80,165.42
cpr,INDUSINDBK,2024-11-08,SHORT,2024-11-08T14:10:00,1054.90,1057.99,1050.27,284,3.09,2024-11-08T14:40:00,1050.27,TARGET,1316.20,867.80
cpr,INDUSINDBK,2024-11-11,LONG,2024-11-11T11:20:00,1058.85,1054.62,1065.20,283,4.23,2024-11-11T12:50:00,1065.20,TARGET,1795.70,1344.87
cpr,INDUSINDBK,2024-11-12,LONG,2024-11-12T10:50:00,1061.45,1057.50,1067.37,282,3.95,2024-11-12T12:40:00,1057.50,STOP,-1113.55,-1561.71
cpr,INDUSINDBK,2024-11-13,SHORT,2024-11-13T10:20:00,1054.20,1058.64,1047.54,284,4.44,2024-11-13T11:20:00,1047.54,TARGET,1891.97,1444.30
cpr,INDUSINDBK,2024-11-19,LONG,2024-11-19T11:10:00,1029.95,1025.68,1036.36,291,4.27,2024-11-19T11:40:00,1025.68,STOP,-1243.98,-1692.62
cpr,INDUSINDBK,2024-11-28,SHORT,2024-11-28T11:10:00,1000.40,1003.97,995.05,299,3.57,2024-11-28T11:20:00,995.05,TARGET,1600.42,1152.95
cpr,INDUSINDBK,2024-12-05,SHORT,2024-12-05T10:00:00,994.95,998.12,990.19,301,3.17,2024-12-05T11:50:00,993.85,TIME_STOP,331.10,-117.87
cpr,INDUSINDBK,2024-12-10,LONG,2024-12-10T10:10:00,986.30,984.07,989.65,304,2.23,2024-12-10T10:10:00,984.07,STOP,-678.99,-1128.23
cpr,INDUSINDBK,2024-12-11,SHORT,2024-12-11T10:20:00,982.35,984.55,979.04,305,2.20,2024-12-11T11:30:00,984.55,STOP,-672.13,-1122.06
cpr,INDUSINDBK,2024-12-17,SHORT,2024-12-17T10:10:00,992.85,995.36,989.08,302,2.51,2024-12-17T10:20:00,989.08,TARGET,1138.99,690.09
cpr,INDUSINDBK,2024-12-26,LONG,2024-12-26T10:10:00,939.00,935.93,943.60,319,3.07,2024-12-26T10:10:00,935.93,STOP,-978.94,-1427.52
cpr,INDUSINDBK,2024-12-30,LONG,2024-12-30T10:20:00,958.00,954.65,963.02,313,3.35,2024-12-30T11:20:00,963.02,TARGET,1571.55,1120.59
cpr,INDUSINDBK,2025-01-09,LONG,2025-01-09T14:00:00,978.00,974.86,982.70,306,3.14,2025-01-09T14:20:00,982.70,TARGET,1438.97,988.99
cpr,INDUSINDBK,2025-01-14,LONG,2025-01-14T14:10:00,964.75,961.52,969.60,310,3.23,2025-01-14T14:10:00,969.60,TARGET,1502.15,1052.41
cpr,INDUSINDBK,2025-01-20,LONG,2025-01-20T11:10:00,971.55,966.49,979.14,308,5.06,2025-01-20T11:30:00,979.14,TARGET,2338.53,1887.92
cpr,INDUSINDBK,2025-01-28,LONG,2025-01-28T11:10:00,945.85,940.38,954.05,317,5.47,2025-01-28T11:50:00,940.38,STOP,-1733.10,-2181.55
cpr,INDUSINDBK,2025-02-03,LONG,2025-02-03T10:30:00,1016.20,1009.28,1026.58,295,6.92,2025-02-03T12:20:00,1015.25,TIME_STOP,-280.25,-729.71
cpr,INDUSINDBK,2025-02-10,SHORT,2025-02-10T10:20:00,1064.50,1069.41,1057.14,281,4.91,2025-02-10T10:20:00,1069.41,STOP,-1379.18,-1828.91
cpr,INDUSINDBK,2025-02-11,SHORT,2025-02-11T10:00:00,1067.20,1071.20,1061.20,281,4.00,2025-02-11T10:30:00,1061.20,TARGET,1687.29,1238.73
cpr,INDUSINDBK,2025-02-12,SHORT,2025-02-12T14:10:00,1035.50,1040.50,1028.00,289,5.00,2025-02-12T15:10:00,1040.50,STOP,-1444.56,-1894.53
cpr,INDUSINDBK,2025-02-13,LONG,2025-02-13T10:10:00,1043.70,1037.78,1052.57,287,5.92,2025-02-13T11:30:00,1052.57,TARGET,2547.00,2095.78
cpr,INDUSINDBK,2025-02-19,LONG,2025-02-19T10:20:00,1037.35,1033.01,1043.86,289,4.34,2025-02-19T10:50:00,1033.01,STOP,-1254.06,-1702.81
cpr,INDUSINDBK,2025-03-05,SHORT,2025-03-05T10:30:00,982.20,985.93,976.61,305,3.73,2025-03-05T11:50:00,985.93,STOP,-1137.20,-1587.41
cpr,INDUSINDBK,2025-03-19,LONG,2025-03-19T10:00:00,692.15,687.84,698.61,433,4.31,2025-03-19T10:30:00,698.61,TARGET,2797.70,2346.05
cpr,INDUSINDBK,2025-03-20,SHORT,2025-03-20T11:00:00,689.50,692.28,685.33,435,2.78,2025-03-20T12:50:00,688.25,TIME_STOP,543.75,94.26
cpr,INDUSINDBK,2025-03-24,SHORT,2025-03-24T11:40:00,676.05,678.73,672.03,443,2.68,2025-03-24T13:10:00,672.03,TARGET,1779.37,1331.47
cpr,INDUSINDBK,2025-03-28,SHORT,2025-03-28T12:10:00,660.80,664.14,655.79,453,3.34,2025-03-28T12:20:00,655.79,TARGET,2271.01,1823.70
cpr,INDUSINDBK,2025-04-04,SHORT,2025-04-04T10:00:00,685.30,689.75,678.63,437,4.45,2025-04-04T11:50:00,680.20,TIME_STOP,2228.70,1781.16
cpr,INDUSINDBK,2025-04-09,SHORT,2025-04-09T10:20:00,673.60,677.75,667.37,445,4.15,2025-04-09T11:30:00,677.75,STOP,-1847.91,-2298.92
cpr,INDUSINDBK,2025-04-23,LONG,2025-04-23T13:10:00,799.60,795.99,805.02,375,3.61,2025-04-23T14:20:00,795.99,STOP,-1354.01,-1802.77
cpr,INDUSINDBK,2025-04-25,LONG,2025-04-25T13:10:00,822.60,818.21,829.19,364,4.39,2025-04-25T15:00:00,822.90,TIME_STOP,109.20,-340.02
cpr,INDUSINDBK,2025-04-29,LONG,2025-04-29T13:30:00,837.30,833.62,842.83,358,3.68,2025-04-29T15:20:00,837.10,TIME_STOP,-71.60,-521.18
cpr,INDUSINDBK,2025-05-08,SHORT,2025-05-08T10:50:00,827.10,831.62,820.32,362,4.52,2025-05-08T12:40:00,825.75,TIME_STOP,488.70,39.95
cpr,INDUSINDBK,2025-05-22,LONG,2025-05-22T10:30:00,793.00,785.15,804.78,318,7.85,2025-05-22T10:40:00,785.15,STOP,-2497.71,-2874.10
cpr,INDUSINDBK,2025-05-28,SHORT,2025-05-28T10:00:00,813.15,816.44,808.21,368,3.29,2025-05-28T11:00:00,816.44,STOP,-1211.91,-1661.68
cpr,INDUSINDBK,2025-05-30,LONG,2025-05-30T10:00:00,814.35,810.78,819.70,368,3.57,2025-05-30T11:50:00,815.75,TIME_STOP,515.20,65.29
cpr,INDUSINDBK,2025-06-02,SHORT,2025-06-02T11:30:00,813.20,815.90,809.15,368,2.70,2025-06-02T13:20:00,810.80,TIME_STOP,883.20,434.98
cpr,INDUSINDBK,2025-06-04,LONG,2025-06-04T10:30:00,807.35,804.78,811.20,371,2.57,2025-06-04T11:10:00,811.20,TARGET,1429.07,978.70
cpr,INDUSINDBK,2025-06-05,SHORT,2025-06-05T10:40:00,806.90,809.14,803.55,371,2.24,2025-06-05T12:30:00,805.60,TIME_STOP,482.30,33.62
cpr,INDUSINDBK,2025-06-11,LONG,2025-06-11T11:20:00,845.85,843.39,849.54,354,2.46,2025-06-11T12:10:00,849.54,TARGET,1306.64,856.52
cpr,INDUSINDBK,2025-06-16,LONG,2025-06-16T12:40:00,821.20,818.32,825.52,365,2.88,2025-06-16T14:30:00,823.90,TIME_STOP,985.50,535.15
cpr,INDUSINDBK,2025-06-20,LONG,2025-06-20T11:00:00,842.75,839.98,846.91,355,2.77,2025-06-20T12:30:00,839.98,STOP,-983.72,-1431.74
cpr,INDUSINDBK,2025-06-24,SHORT,2025-06-24T10:10:00,833.05,837.69,826.09,360,4.64,2025-06-24T11:40:00,837.69,STOP,-1669.48,-2120.58
cpr,INDUSINDBK,2025-06-25,SHORT,2025-06-25T12:20:00,831.20,833.94,827.09,360,2.74,2025-06-25T13:20:00,833.94,STOP,-985.98,-1435.57
cpr,INDUSINDBK,2025-06-26,LONG,2025-06-26T12:20:00,833.05,830.16,837.39,360,2.89,2025-06-26T12:50:00,830.16,STOP,-1041.83,-1490.90
cpr,INDUSINDBK,2025-07-03,LONG,2025-07-03T10:30:00,862.00,858.33,867.51,348,3.67,2025-07-03T11:00:00,859.35,REVERSE,-922.20,-1371.47
cpr,INDUSINDBK,2025-07-07,SHORT,2025-07-07T13:00:00,853.75,856.25,850.00,351,2.50,2025-07-07T14:50:00,852.65,TIME_STOP,386.10,-63.11
cpr,INDUSINDBK,2025-07-10,LONG,2025-07-10T12:10:00,849.75,847.27,853.48,353,2.48,2025-07-10T12:10:00,847.27,STOP,-877.05,-1326.33
cpr,INDUSINDBK,2025-07-17,SHORT,2025-07-17T10:20:00,876.00,879.83,870.26,342,3.83,2025-07-17T10:40:00,870.26,TARGET,1962.52,1514.60
cpr,INDUSINDBK,2025-07-18,SHORT,2025-07-18T13:40:00,867.65,870.26,863.74,345,2.61,2025-07-18T13:40:00,869.55,REVERSE,-655.50,-1105.00
cpr,INDUSINDBK,2025-07-22,SHORT,2025-07-22T11:00:00,848.65,854.29,840.19,353,5.64,2025-07-22T12:50:00,846.00,TIME_STOP,935.45,486.79
cpr,INDUSINDBK,2025-07-30,SHORT,2025-07-30T11:10:00,802.95,806.59,797.49,373,3.64,2025-07-30T13:00:00,797.49,TARGET,2036.72,1589.00
cpr,INDUSINDBK,2025-08-06,SHORT,2025-08-06T10:00:00,812.00,815.65,806.53,369,3.65,2025-08-06T10:10:00,806.53,TARGET,2019.49,1571.57
cpr,INDUSINDBK,2025-08-08,SHORT,2025-08-08T10:30:00,795.10,798.03,790.70,377,2.93,2025-08-08T12:20:00,793.40,TIME_STOP,640.90,191.75
cpr,INDUSINDBK,2025-08-14,SHORT,2025-08-14T11:20:00,773.05,775.13,769.93,388,2.08,2025-08-14T13:10:00,769.93,TARGET,1211.12,762.11
cpr,INDUSINDBK,2025-08-19,LONG,2025-08-19T11:50:00,788.80,786.65,792.03,380,2.15,2025-08-19T13:30:00,786.65,STOP,-817.87,-1266.87
cpr,INDUSINDBK,2025-08-22,SHORT,2025-08-22T11:30:00,769.30,771.20,766.45,389,1.90,2025-08-22T11:40:00,770.20,REVERSE,-350.10,-799.25
cpr,INDUSINDBK,2025-09-01,LONG,2025-09-01T10:00:00,750.65,748.48,753.91,399,2.17,2025-09-01T10:10:00,748.48,STOP,-867.06,-1315.67
cpr,INDUSINDBK,2025-09-04,SHORT,2025-09-04T11:10:00,760.75,762.87,757.57,394,2.12,2025-09-04T13:00:00,760.20,TIME_STOP,216.70,-232.74
cpr,INDUSINDBK,2025-09-08,SHORT,2025-09-08T10:40:00,753.50,755.79,750.06,398,2.29,2025-09-08T10:50:00,750.06,TARGET,1368.63,919.81
cpr,INDUSINDBK,2025-09-16,LONG,2025-09-16T10:50:00,741.65,739.84,744.36,404,1.81,2025-09-16T11:10:00,744.36,TARGET,1096.56,646.30
cpr,INDUSINDBK,2025-09-17,SHORT,2025-09-17T10:00:00,740.90,742.63,738.31,404,1.73,2025-09-17T10:00:00,742.63,STOP,-696.96,-1146.46
cpr,INDUSINDBK,2025-09-22,SHORT,2025-09-22T12:40:00,741.25,742.99,738.64,404,1.74,2025-09-22T13:00:00,742.99,STOP,-702.25,-1151.97
cpr,INDUSINDBK,2025-09-23,LONG,2025-09-23T12:00:00,740.50,738.16,744.01,405,2.34,2025-09-23T12:10:00,744.01,TARGET,1423.41,972.49
cpr,INDUSINDBK,2025-09-24,SHORT,2025-09-24T12:10:00,746.05,748.44,742.47,402,2.39,2025-09-24T13:50:00,742.47,TARGET,1438.26,989.47
cpr,INDUSINDBK,2025-09-30,LONG,2025-09-30T12:50:00,729.45,726.68,733.60,411,2.77,2025-09-30T13:50:00,733.60,TARGET,1705.38,1254.40
cpr,INDUSINDBK,2025-10-01,SHORT,2025-10-01T10:50:00,727.05,730.05,722.55,412,3.00,2025-10-01T11:10:00,730.05,STOP,-1235.24,-1685.48
cpr,INDUSINDBK,2025-10-06,SHORT,2025-10-06T11:30:00,745.30,748.83,740.01,402,3.53,2025-10-06T12:30:00,740.01,TARGET,2126.28,1678.46
cpr,INDUSINDBK,2025-10-08,SHORT,2025-10-08T10:50:00,745.80,748.16,742.26,402,2.36,2025-10-08T10:50:00,748.16,STOP,-950.00,-1400.43
cpr,INDUSINDBK,2025-10-09,LONG,2025-10-09T10:00:00,748.00,745.23,752.16,401,2.77,2025-10-09T10:10:00,745.23,STOP,-1111.67,-1560.76
cpr,INDUSINDBK,2025-10-13,LONG,2025-10-13T13:10:00,763.25,761.08,766.50,393,2.17,2025-10-13T14:00:00,761.08,STOP,-851.76,-1301.05
cpr,INDUSINDBK,2025-10-17,LONG,2025-10-17T10:30:00,742.00,739.72,745.42,404,2.28,2025-10-17T10:50:00,745.42,TARGET,1379.66,928.98
cpr,INDUSINDBK,2025-10-30,SHORT,2025-10-30T14:00:00,800.10,802.37,796.70,374,2.27,2025-10-30T15:20:00,802.37,STOP,-848.13,-1297.62
cpr,INDUSINDBK,2025-10-31,LONG,2025-10-31T12:00:00,805.10,802.46,809.05,372,2.64,2025-10-31T12:20:00,802.46,STOP,-980.24,-1428.75
cpr,INDUSINDBK,2025-11-03,LONG,2025-11-03T11:00:00,798.70,795.51,803.48,375,3.19,2025-11-03T12:50:00,799.90,TIME_STOP,450.00,0.39
cpr,INDUSINDBK,2025-11-07,LONG,2025-11-07T11:00:00,789.15,786.18,793.60,380,2.97,2025-11-07T11:10:00,786.18,STOP,-1127.30,-1576.27
cpr,INDUSINDBK,2025-11-18,LONG,2025-11-18T12:20:00,853.50,851.29,856.81,351,2.21,2025-11-18T12:50:00,851.29,STOP,-774.52,-1223.31
cpr,INDUSINDBK,2025-11-27,LONG,2025-11-27T10:50:00,854.65,851.78,858.95,351,2.87,2025-11-27T11:00:00,851.78,STOP,-1006.21,-1455.43
cpr,INDUSINDBK,2025-11-28,SHORT,2025-11-28T12:20:00,855.25,857.52,851.84,350,2.27,2025-11-28T13:20:00,851.84,TARGET,1192.93,744.81
cpr,INDUSINDBK,2025-12-01,SHORT,2025-12-01T10:10:00,855.00,856.89,852.17,350,1.89,2025-12-01T10:10:00,856.89,STOP,-661.11,-1110.48
cpr,INDUSINDBK,2025-12-03,SHORT,2025-12-03T10:10:00,844.30,847.39,839.66,355,3.09,2025-12-03T11:00:00,847.39,STOP,-1097.75,-1548.16
cpr,INDUSINDBK,2025-12-05,LONG,2025-12-05T12:50:00,865.00,861.57,870.15,346,3.43,2025-12-05T13:10:00,870.15,TARGET,1781.94,1331.67
cpr,INDUSINDBK,2025-12-08,SHORT,2025-12-08T10:20:00,862.35,865.04,858.31,347,2.69,2025-12-08T10:30:00,858.31,TARGET,1400.73,952.92
cpr,INDUSINDBK,2025-12-10,SHORT,2025-12-10T11:00:00,840.25,843.43,835.48,357,3.18,2025-12-10T11:10:00,835.48,TARGET,1703.47,1254.79
cpr,INDUSINDBK,2025-12-11,LONG,2025-12-11T12:10:00,841.35,838.10,846.22,356,3.25,2025-12-11T13:10:00,838.10,STOP,-1156.79,-1605.20
cpr,INDUSINDBK,2025-12-16,SHORT,2025-12-16T11:40:00,843.25,845.96,839.19,355,2.71,2025-12-16T12:20:00,845.96,STOP,-960.56,-1410.31
cpr,INDUSINDBK,2025-12-18,LONG,2025-12-18T10:40:00,840.20,836.96,845.06,357,3.24,2025-12-18T12:30:00,839.60,TIME_STOP,-214.20,-663.97
cpr,INDUSINDBK,2025-12-19,LONG,2025-12-19T12:30:00,836.90,835.07,839.64,358,1.83,2025-12-19T12:40:00,839.64,TARGET,982.60,532.45
cpr,INDUSINDBK,2025-12-26,LONG,2025-12-26T10:10:00,857.95,854.92,862.50,349,3.03,2025-12-26T10:10:00,854.92,STOP,-1058.29,-1506.63
cpr,INDUSINDBK,2026-01-05,SHORT,2026-01-05T13:50:00,900.20,902.96,896.05,333,2.76,2026-01-05T14:00:00,896.05,TARGET,1381.04,932.43
cpr,INDUSINDBK,2026-01-06,LONG,2026-01-06T10:10:00,911.65,906.83,918.87,329,4.82,2026-01-06T10:50:00,918.87,TARGET,2377.01,1925.33
cpr,INDUSINDBK,2026-01-12,LONG,2026-01-12T10:10:00,890.85,887.23,896.28,336,3.62,2026-01-12T10:20:00,887.23,STOP,-1216.55,-1664.63
cpr,INDUSINDBK,2026-01-13,LONG,2026-01-13T13:50:00,901.65,898.73,906.04,332,2.92,2026-01-13T14:10:00,898.73,STOP,-970.82,-1419.11
cpr,INDUSINDBK,2026-01-22,SHORT,2026-01-22T10:10:00,899.60,904.43,892.36,333,4.83,2026-01-22T10:20:00,904.43,STOP,-1608.32,-2058.88
cpr,INDUSINDBK,2026-01-28,LONG,2026-01-28T11:30:00,892.10,888.06,898.16,336,4.04,2026-01-28T11:50:00,898.16,TARGET,2036.94,1585.80
cpr,INDUSINDBK,2026-01-30,LONG,2026-01-30T11:10:00,901.60,898.34,906.49,332,3.26,2026-01-30T11:20:00,898.34,STOP,-1082.94,-1531.12
cpr,INDUSINDBK,2026-02-04,SHORT,2026-02-04T12:00:00,923.80,926.79,919.32,324,2.99,2026-02-04T13:10:00,926.79,STOP,-968.60,-1418.29
cpr,INDUSINDBK,2026-02-06,SHORT,2026-02-06T10:00:00,903.05,906.43,897.98,332,3.38,2026-02-06T10:30:00,897.98,TARGET,1682.98,1234.52
cpr,INDUSINDBK,2026-02-11,SHORT,2026-02-11T10:30:00,919.45,922.50,914.87,326,3.05,2026-02-11T10:50:00,922.50,STOP,-994.92,-1445.28
cpr,INDUSINDBK,2026-02-16,SHORT,2026-02-16T10:10:00,918.05,922.02,912.09,326,3.97,2026-02-16T10:10:00,919.95,REVERSE,-619.40,-1068.79
cpr,INDUSINDBK,2026-02-24,LONG,2026-02-24T10:10:00,922.60,919.12,927.82,325,3.48,2026-02-24T11:30:00,927.82,TARGET,1697.01,1245.97
cpr,INDUSINDBK,2026-03-11,SHORT,2026-03-11T11:10:00,894.10,898.39,887.66,335,4.29,2026-03-11T11:20:00,887.66,TARGET,2156.32,1708.65
cpr,PNB,2024-03-19,SHORT,2024-03-19T10:30:00,114.58,115.27,113.54,2618,0.69,2024-03-19T10:30:00,115.27,STOP,-1811.79,-2263.11
cpr,PNB,2024-03-28,LONG,2024-03-28T11:00:00,120.51,120.04,121.22,2489,0.47,2024-03-28T12:20:00,120.04,STOP,-1170.80,-1619.85
cpr,PNB,2024-04-03,LONG,2024-04-03T12:30:00,122.89,122.51,123.46,2441,0.38,2024-04-03T12:30:00,123.46,TARGET,1390.21,939.21
cpr,PNB,2024-04-10,LONG,2024-04-10T10:50:00,129.84,129.30,130.64,2310,0.54,2024-04-10T11:10:00,130.64,TARGET,1854.34,1403.06
cpr,PNB,2024-04-30,SHORT,2024-04-30T11:40:00,132.95,133.49,132.14,2256,0.54,2024-04-30T12:30:00,133.49,STOP,-1220.85,-1671.67
cpr,PNB,2024-05-03,SHORT,2024-05-03T10:10:00,133.63,134.50,132.33,2245,0.87,2024-05-03T11:30:00,132.33,TARGET,2916.50,2468.69
cpr,PNB,2024-05-13,LONG,2024-05-13T14:00:00,119.63,118.87,120.77,2507,0.76,2024-05-13T15:20:00,119.73,EOD,250.70,-199.36
cpr,PNB,2024-05-15,SHORT,2024-05-15T13:20:00,121.72,122.13,121.10,2464,0.41,2024-05-15T13:30:00,122.13,STOP,-1021.98,-1472.62
cpr,PNB,2024-05-16,LONG,2024-05-16T10:10:00,122.06,121.51,122.88,2457,0.55,2024-05-16T11:00:00,121.58,REVERSE,-1179.36,-1628.33
cpr,PNB,2024-05-24,LONG,2024-05-24T12:30:00,123.37,122.95,124.00,2431,0.42,2024-05-24T14:20:00,123.37,TIME_STOP,0.00,-449.87
cpr,PNB,2024-05-27,LONG,2024-05-27T10:30:00,123.62,123.06,124.45,2426,0.56,2024-05-27T11:40:00,124.45,TARGET,2023.88,1572.51
cpr,PNB,2024-05-28,SHORT,2024-05-28T11:40:00,124.25,124.86,123.33,2414,0.61,2024-05-28T12:40:00,123.33,TARGET,2225.44,1777.20
cpr,PNB,2024-05-29,LONG,2024-05-29T10:00:00,126.48,125.84,127.45,2371,0.64,2024-05-29T10:00:00,125.84,STOP,-1526.63,-1975.31
cpr,PNB,2024-05-30,LONG,2024-05-30T11:00:00,125.46,124.93,126.25,2391,0.53,2024-05-30T11:10:00,124.93,STOP,-1259.44,-1708.46
cpr,PNB,2024-05-31,LONG,2024-05-31T13:30:00,124.78,124.27,125.54,2404,0.51,2024-05-31T13:40:00,125.54,TARGET,1825.94,1374.61
cpr,PNB,2024-06-04,SHORT,2024-06-04T10:50:00,122.06,123.53,119.86,1701,1.47,2024-06-04T11:10:00,119.86,TARGET,3748.78,3440.15
cpr,PNB,2024-06-13,SHORT,2024-06-13T11:20:00,123.37,123.75,122.81,2431,0.38,2024-06-13T13:10:00,123.21,TIME_STOP,388.96,-60.62
cpr,PNB,2024-06-14,LONG,2024-06-14T10:00:00,123.67,123.27,124.28,2425,0.40,2024-06-14T10:00:00,124.28,TARGET,1468.14,1017.19
cpr,PNB,2024-06-20,SHORT,2024-06-20T12:10:00,124.89,125.20,124.42,2402,0.31,2024-06-20T14:00:00,124.42,TARGET,1134.34,685.21
cpr,PNB,2024-06-24,SHORT,2024-06-24T13:50:00,122.17,122.63,121.48,2455,0.46,2024-06-24T15:20:00,121.48,TARGET,1689.05,1240.43
cpr,PNB,2024-06-26,LONG,2024-06-26T11:10:00,121.54,121.07,122.24,2468,0.47,2024-06-26T11:40:00,122.24,TARGET,1735.88,1284.63
cpr,PNB,2024-07-02,LONG,2024-07-02T11:10:00,119.42,119.05,119.97,2512,0.37,2024-07-02T11:30:00,119.05,STOP,-926.28,-1375.56
cpr,PNB,2024-07-03,LONG,2024-07-03T12:40:00,117.86,117.46,118.47,2545,0.40,2024-07-03T12:50:00,117.67,REVERSE,-483.55,-933.12
cpr,PNB,2024-07-04,SHORT,2024-07-04T10:50:00,117.42,117.87,116.74,2554,0.45,2024-07-04T11:30:00,117.87,STOP,-1159.31,-1610.02
cpr,PNB,2024-07-15,LONG,2024-07-15T10:40:00,115.61,115.23,116.18,2594,0.38,2024-07-15T11:10:00,116.18,TARGET,1485.00,1034.05
cpr,PNB,2024-07-22,LONG,2024-07-22T10:40:00,114.53,113.91,115.46,2619,0.62,2024-07-22T12:30:00,114.70,TIME_STOP,445.23,-5.04
cpr,PNB,2024-07-23,SHORT,2024-07-23T12:30:00,112.97,113.55,112.11,2655,0.58,2024-07-23T12:30:00,113.55,STOP,-1528.39,-1979.44
cpr,PNB,2024-07-25,LONG,2024-07-25T11:00:00,114.05,113.49,114.88,2630,0.56,2024-07-25T12:50:00,114.12,TIME_STOP,184.10,-265.97
cpr,PNB,2024-07-31,SHORT,2024-07-31T10:10:00,120.71,121.14,120.06,2485,0.43,2024-07-31T10:50:00,121.14,STOP,-1070.05,-1520.80
cpr,PNB,2024-08-01,SHORT,2024-08-01T11:30:00,120.45,120.91,119.76,2490,0.46,2024-08-01T12:10:00,119.76,TARGET,1720.77,1272.18
cpr,PNB,2024-08-08,SHORT,2024-08-08T11:00:00,111.37,111.85,110.65,2693,0.48,2024-08-08T11:10:00,111.85,STOP,-1286.48,-1737.33
cpr,PNB,2024-08-09,LONG,2024-08-09T13:40:00,112.10,111.82,112.52,2676,0.28,2024-08-09T13:40:00,112.52,TARGET,1127.63,676.82
cpr,PNB,2024-08-12,LONG,2024-08-12T10:50:00,112.38,111.92,113.08,2669,0.46,2024-08-12T11:30:00,111.92,STOP,-1237.06,-1686.04
cpr,PNB,2024-08-13,LONG,2024-08-13T11:00:00,112.15,111.76,112.73,2674,0.39,2024-08-13T12:20:00,111.76,STOP,-1038.55,-1487.60
cpr,PNB,2024-08-21,SHORT,2024-08-21T11:20:00,112.78,113.17,112.19,2660,0.39,2024-08-21T11:30:00,113.17,STOP,-1037.84,-1488.61
cpr,PNB,2024-08-29,LONG,2024-08-29T13:00:00,112.03,111.80,112.37,2677,0.23,2024-08-29T13:30:00,111.80,STOP,-606.43,-1055.84
cpr,PNB,2024-09-03,SHORT,2024-09-03T11:00:00,112.71,113.03,112.23,2661,0.32,2024-09-03T12:40:00,113.03,STOP,-854.94,-1305.46
cpr,PNB,2024-09-11,SHORT,2024-09-11T11:30:00,106.56,106.95,105.98,2815,0.39,2024-09-11T12:10:00,105.98,TARGET,1641.90,1193.19
cpr,PNB,2024-09-16,SHORT,2024-09-16T11:40:00,107.64,108.02,107.07,2787,0.38,2024-09-16T13:30:00,107.65,TIME_STOP,-27.87,-477.88
cpr,PNB,2024-09-18,LONG,2024-09-18T12:20:00,106.02,105.66,106.55,2829,0.36,2024-09-18T12:40:00,106.55,TARGET,1508.70,1057.68
cpr,PNB,2024-09-19,SHORT,2024-09-19T10:00:00,105.28,105.81,104.48,2849,0.53,2024-09-19T11:20:00,104.48,TARGET,2281.82,1833.62
cpr,PNB,2024-09-20,SHORT,2024-09-20T13:50:00,104.62,105.00,104.06,2867,0.38,2024-09-20T13:50:00,105.00,STOP,-1077.28,-1528.01
cpr,PNB,2024-09-26,LONG,2024-09-26T10:30:00,103.29,102.94,103.81,2904,0.35,2024-09-26T10:40:00,103.81,TARGET,1507.20,1056.13
cpr,PNB,2024-09-30,SHORT,2024-09-30T10:30:00,104.92,105.36,104.26,2859,0.44,2024-09-30T10:40:00,105.36,STOP,-1249.59,-1700.48
cpr,PNB,2024-10-04,LONG,2024-10-04T10:10:00,102.96,102.34,103.90,2913,0.62,2024-10-04T10:10:00,102.34,STOP,-1820.04,-2268.56
cpr,PNB,2024-10-07,SHORT,2024-10-07T10:00:00,102.36,102.94,101.49,2930,0.58,2024-10-07T10:30:00,101.49,TARGET,2559.52,2111.56
cpr,PNB,2024-10-11,SHORT,2024-10-11T11:10:00,100.78,101.12,100.27,2976,0.34,2024-10-11T12:20:00,101.12,STOP,-1004.50,-1455.14
cpr,PNB,2024-10-15,SHORT,2024-10-15T10:20:00,102.00,102.23,101.66,2941,0.23,2024-10-15T10:40:00,102.11,REVERSE,-323.51,-773.73
cpr,PNB,2024-10-16,SHORT,2024-10-16T12:00:00,101.93,102.12,101.64,2943,0.19,2024-10-16T13:20:00,101.64,TARGET,847.89,398.56
cpr,PNB,2024-10-28,LONG,2024-10-28T10:40:00,96.41,95.73,97.43,3111,0.68,2024-10-28T12:30:00,96.32,TIME_STOP,-279.99,-729.68
cpr,PNB,2024-10-29,SHORT,2024-10-29T10:50:00,95.16,96.01,93.88,2929,0.85,2024-10-29T12:40:00,94.83,TIME_STOP,966.57,549.21
cpr,PNB,2024-10-31,SHORT,2024-10-31T10:20:00,97.07,97.42,96.54,3090,0.35,2024-10-31T11:30:00,96.54,TARGET,1644.26,1195.58
cpr,PNB,2024-11-12,SHORT,2024-11-12T10:00:00,101.56,101.98,100.93,2953,0.42,2024-11-12T10:00:00,101.98,STOP,-1231.28,-1682.07
cpr,PNB,2024-11-29,SHORT,2024-11-29T11:00:00,102.03,102.44,101.42,2940,0.41,2024-11-29T11:30:00,101.42,TARGET,1807.14,1358.55
cpr,PNB,2024-12-02,SHORT,2024-12-02T10:40:00,101.87,102.25,101.30,2944,0.38,2024-12-02T12:30:00,101.80,TIME_STOP,206.08,-243.62
cpr,PNB,2024-12-06,SHORT,2024-12-06T10:20:00,104.90,105.39,104.16,2859,0.49,2024-12-06T10:20:00,105.39,STOP,-1407.09,-1858.01
cpr,PNB,2024-12-10,LONG,2024-12-10T10:10:00,106.27,105.93,106.79,2822,0.34,2024-12-10T10:30:00,105.93,STOP,-971.24,-1420.36
cpr,PNB,2024-12-11,SHORT,2024-12-11T12:50:00,106.29,106.57,105.87,2822,0.28,2024-12-11T13:40:00,105.87,TARGET,1189.03,740.00
cpr,PNB,2024-12-17,SHORT,2024-12-17T10:20:00,104.83,105.11,104.42,2861,0.28,2024-12-17T10:50:00,105.11,STOP,-789.08,-1239.55
cpr,PNB,2024-12-19,LONG,2024-12-19T11:50:00,101.01,100.44,101.86,2970,0.57,2024-12-19T13:20:00,100.44,STOP,-1680.92,-2129.65
cpr,PNB,2024-12-24,LONG,2024-12-24T10:40:00,99.10,98.79,99.57,3027,0.31,2024-12-24T10:40:00,98.90,REVERSE,-605.40,-1054.91
cpr,PNB,2024-12-27,SHORT,2024-12-27T12:20:00,99.22,99.51,98.78,3023,0.29,2024-12-27T14:00:00,99.51,STOP,-879.94,-1330.51
cpr,PNB,2024-12-30,LONG,2024-12-30T10:50:00,99.53,99.15,100.10,3014,0.38,2024-12-30T11:00:00,99.15,STOP,-1144.41,-1593.53
cpr,PNB,2024-12-31,LONG,2024-12-31T10:40:00,99.37,98.85,100.14,3019,0.52,2024-12-31T11:30:00,98.85,STOP,-1559.16,-2007.99
cpr,PNB,2025-01-02,SHORT,2025-01-02T10:00:00,99.55,99.82,99.14,3013,0.27,2025-01-02T10:20:00,99.14,TARGET,1229.42,780.42
cpr,PNB,2025-01-24,SHORT,2025-01-24T10:00:00,95.00,95.48,94.29,3157,0.48,2025-01-24T10:30:00,95.48,STOP,-1503.89,-1954.89
cpr,PNB,2025-01-27,SHORT,2025-01-27T14:00:00,93.39,93.86,92.68,3212,0.47,2025-01-27T14:50:00,92.68,TARGET,2280.40,1832.15
cpr,PNB,2025-01-28,LONG,2025-01-28T12:00:00,94.03,93.52,94.79,3190,0.51,2025-01-28T12:50:00,94.79,TARGET,2427.08,1975.33
cpr,PNB,2025-01-30,SHORT,2025-01-30T10:50:00,95.36,95.84,94.64,3145,0.48,2025-01-30T11:00:00,94.64,TARGET,2279.57,1831.42
cpr,PNB,2025-01-31,LONG,2025-01-31T10:10:00,94.47,94.08,95.06,3175,0.39,2025-01-31T10:20:00,95.06,TARGET,1863.82,1412.51
cpr,PNB,2025-02-01,SHORT,2025-02-01T12:20:00,97.08,97.72,96.12,3090,0.64,2025-02-01T12:20:00,97.72,STOP,-1981.22,-2432.67
cpr,PNB,2025-02-24,SHORT,2025-02-24T13:50:00,91.05,91.38,90.56,3294,0.33,2025-02-24T14:30:00,91.38,STOP,-1084.81,-1535.50
cpr,PNB,2025-03-07,SHORT,2025-03-07T12:30:00,88.26,88.53,87.86,3399,0.27,2025-03-07T12:30:00,88.53,STOP,-911.21,-1361.88
cpr,PNB,2025-03-13,LONG,2025-03-13T10:00:00,84.86,84.50,85.40,3535,0.36,2025-03-13T11:50:00,84.95,TIME_STOP,318.15,-132.06
cpr,PNB,2025-03-17,LONG,2025-03-17T14:00:00,84.89,84.63,85.28,3533,0.26,2025-03-17T15:20:00,85.08,EOD,671.27,220.89
cpr,PNB,2025-03-25,SHORT,2025-03-25T10:50:00,92.27,92.63,91.72,3251,0.36,2025-03-25T11:20:00,91.72,TARGET,1778.72,1330.10
cpr,PNB,2025-03-27,LONG,2025-03-27T10:20:00,92.31,91.87,92.96,3249,0.44,2025-03-27T12:00:00,91.87,STOP,-1416.45,-1865.26
cpr,PNB,2025-04-01,SHORT,2025-04-01T11:20:00,93.27,93.68,92.66,3216,0.41,2025-04-01T11:30:00,93.68,STOP,-1311.21,-1762.13
cpr,PNB,2025-04-02,LONG,2025-04-02T11:10:00,93.98,93.52,94.66,3192,0.46,2025-04-02T13:00:00,94.12,TIME_STOP,446.88,-3.43
cpr,PNB,2025-04-09,SHORT,2025-04-09T10:30:00,93.25,93.71,92.57,3217,0.46,2025-04-09T10:40:00,92.57,TARGET,2198.83,1750.50
cpr,PNB,2025-04-24,SHORT,2025-04-24T14:10:00,99.97,100.18,99.65,3000,0.21,2025-04-24T14:30:00,100.18,STOP,-630.09,-1080.43
cpr,PNB,2025-05-02,LONG,2025-05-02T10:20:00,98.48,98.13,99.00,3046,0.35,2025-05-02T10:50:00,98.13,STOP,-1052.34,-1501.51
cpr,PNB,2025-05-07,LONG,2025-05-07T11:40:00,93.85,93.31,94.67,3196,0.54,2025-05-07T12:40:00,93.31,STOP,-1736.77,-2185.38
cpr,PNB,2025-05-09,SHORT,2025-05-09T13:30:00,89.00,89.42,88.37,3370,0.42,2025-05-09T14:50:00,89.42,STOP,-1421.81,-1872.77
cpr,PNB,2025-05-22,SHORT,2025-05-22T11:10:00,97.98,98.35,97.42,3061,0.37,2025-05-22T13:00:00,97.42,TARGET,1708.14,1259.55
cpr,PNB,2025-05-26,LONG,2025-05-26T14:00:00,98.05,97.83,98.37,3059,0.22,2025-05-26T15:20:00,98.13,EOD,244.72,-205.37
cpr,PNB,2025-05-27,SHORT,2025-05-27T10:00:00,97.57,97.84,97.16,3074,0.27,2025-05-27T10:30:00,97.84,STOP,-841.85,-1292.38
cpr,PNB,2025-05-30,SHORT,2025-05-30T10:00:00,98.85,99.11,98.47,3034,0.26,2025-05-30T10:40:00,98.47,TARGET,1166.26,717.27
cpr,PNB,2025-06-03,LONG,2025-06-03T13:30:00,105.83,105.47,106.37,2834,0.36,2025-06-03T14:20:00,106.37,TARGET,1524.59,1073.56
cpr,PNB,2025-06-10,SHORT,2025-06-10T10:10:00,108.46,108.80,107.94,2765,0.34,2025-06-10T10:20:00,108.80,STOP,-949.74,-1400.29
cpr,PNB,2025-06-16,LONG,2025-06-16T12:40:00,103.38,103.05,103.87,2901,0.33,2025-06-16T14:10:00,103.87,TARGET,1427.53,976.60
cpr,PNB,2025-06-25,LONG,2025-06-25T10:30:00,106.09,105.82,106.50,2827,0.27,2025-06-25T11:50:00,105.82,STOP,-774.64,-1223.93
cpr,PNB,2025-06-26,SHORT,2025-06-26T10:00:00,105.60,105.83,105.26,2840,0.23,2025-06-26T10:10:00,105.83,STOP,-647.50,-1097.84
cpr,PNB,2025-07-09,SHORT,2025-07-09T10:10:00,111.65,111.95,111.20,2686,0.30,2025-07-09T10:50:00,111.95,STOP,-811.63,-1262.08
cpr,PNB,2025-07-17,LONG,2025-07-17T14:00:00,113.59,113.31,114.01,2641,0.28,2025-07-17T15:20:00,113.65,EOD,158.46,-291.65
cpr,PNB,2025-07-18,SHORT,2025-07-18T13:00:00,113.43,113.72,113.00,2644,0.29,2025-07-18T14:50:00,113.47,TIME_STOP,-105.76,-555.70
cpr,PNB,2025-07-25,SHORT,2025-07-25T11:30:00,109.35,109.70,108.82,2743,0.35,2025-07-25T11:50:00,108.82,TARGET,1453.41,1004.58
cpr,PNB,2025-07-28,SHORT,2025-07-28T10:50:00,108.75,109.11,108.21,2758,0.36,2025-07-28T12:40:00,108.32,TIME_STOP,1185.94,736.93
cpr,PNB,2025-07-29,LONG,2025-07-29T13:00:00,107.93,107.57,108.46,2779,0.36,2025-07-29T13:20:00,108.46,TARGET,1479.93,1028.91
cpr,PNB,2025-07-30,SHORT,2025-07-30T14:00:00,107.90,108.48,107.02,2780,0.58,2025-07-30T14:00:00,108.48,STOP,-1624.66,-2075.82
cpr,PNB,2025-08-05,SHORT,2025-08-05T10:30:00,104.20,104.50,103.74,2879,0.30,2025-08-05T10:40:00,104.50,STOP,-875.76,-1326.41
cpr,PNB,2025-08-06,LONG,2025-08-06T13:10:00,104.45,104.05,105.04,2872,0.40,2025-08-06T13:50:00,104.05,STOP,-1138.62,-1587.74
cpr,PNB,2025-08-07,SHORT,2025-08-07T11:30:00,103.62,103.94,103.13,2895,0.32,2025-08-07T13:10:00,103.13,TARGET,1408.09,959.18
cpr,PNB,2025-08-13,SHORT,2025-08-13T12:10:00,106.31,106.58,105.91,2821,0.27,2025-08-13T12:10:00,106.58,STOP,-753.06,-1203.48
cpr,PNB,2025-08-19,LONG,2025-08-19T10:30:00,107.30,106.99,107.76,2795,0.31,2025-08-19T12:20:00,107.39,TIME_STOP,251.55,-198.49
cpr,PNB,2025-08-21,LONG,2025-08-21T10:20:00,107.54,107.36,107.80,2789,0.18,2025-08-21T10:30:00,107.80,TARGET,735.68,285.24
cpr,PNB,2025-08-29,LONG,2025-08-29T11:40:00,102.15,101.78,102.71,2936,0.37,2025-08-29T12:00:00,101.78,STOP,-1092.12,-1541.17
cpr,PNB,2025-09-01,LONG,2025-09-01T10:00:00,101.94,101.63,102.40,2942,0.31,2025-09-01T10:10:00,101.63,STOP,-898.77,-1347.96
cpr,PNB,2025-09-04,SHORT,2025-09-04T11:30:00,103.61,103.88,103.20,2895,0.27,2025-09-04T11:30:00,103.88,STOP,-794.29,-1244.81
cpr,PNB,2025-09-09,LONG,2025-09-09T11:40:00,104.52,104.25,104.92,2870,0.27,2025-09-09T11:50:00,104.25,STOP,-773.55,-1222.93
cpr,PNB,2025-09-12,SHORT,2025-09-12T11:40:00,107.47,107.72,107.10,2791,0.25,2025-09-12T12:50:00,107.10,TARGET,1043.77,594.63
cpr,PNB,2025-09-17,LONG,2025-09-17T10:30:00,108.87,108.63,109.22,2755,0.24,2025-09-17T10:30:00,109.22,TARGET,977.29,526.65
cpr,PNB,2025-09-23,LONG,2025-09-23T12:40:00,113.90,113.56,114.42,2633,0.34,2025-09-23T13:10:00,113.56,STOP,-906.02,-1355.19
cpr,PNB,2025-09-24,LONG,2025-09-24T10:10:00,114.07,113.70,114.63,2629,0.37,2025-09-24T10:30:00,113.70,STOP,-977.31,-1426.41
cpr,PNB,2025-09-25,LONG,2025-09-25T11:40:00,112.04,111.67,112.59,2677,0.37,2025-09-25T11:50:00,111.67,STOP,-977.91,-1427.07
cpr,PNB,2025-10-01,SHORT,2025-10-01T11:00:00,111.95,112.46,111.19,2679,0.51,2025-10-01T12:40:00,112.46,STOP,-1355.56,-1806.44
cpr,PNB,2025-10-07,SHORT,2025-10-07T11:50:00,114.42,114.75,113.93,2621,0.33,2025-10-07T12:10:00,114.72,REVERSE,-786.30,-1236.73
cpr,PNB,2025-10-13,LONG,2025-10-13T13:20:00,116.94,116.64,117.39,2565,0.30,2025-10-13T14:30:00,117.39,TARGET,1160.22,709.42
cpr,PNB,2025-10-16,LONG,2025-10-16T13:40:00,117.18,116.86,117.66,2560,0.32,2025-10-16T14:20:00,116.86,STOP,-821.92,-1271.28
cpr,PNB,2025-10-21,LONG,2025-10-21T14:10:00,118.01,117.36,118.98,2542,0.65,2025-10-21T14:40:00,117.36,STOP,-1647.55,-2096.29
cpr,PNB,2025-10-30,SHORT,2025-10-30T12:20:00,120.73,121.10,120.18,2484,0.37,2025-10-30T12:30:00,121.10,STOP,-915.73,-1366.26
cpr,PNB,2025-11-04,LONG,2025-11-04T13:50:00,123.51,123.15,124.05,2428,0.36,2025-11-04T14:00:00,123.15,STOP,-870.38,-1319.55
cpr,PNB,2025-11-06,SHORT,2025-11-06T10:10:00,122.50,122.88,121.92,2448,0.38,2025-11-06T10:20:00,121.92,TARGET,1411.93,963.17
cpr,PNB,2025-11-10,LONG,2025-11-10T11:30:00,122.00,121.66,122.51,2459,0.34,2025-11-10T12:00:00,121.66,STOP,-842.47,-1291.84
cpr,PNB,2025-11-19,LONG,2025-11-19T12:30:00,122.85,122.54,123.31,2442,0.31,2025-11-19T12:30:00,123.31,TARGET,1127.69,676.84
cpr,PNB,2025-11-25,LONG,2025-11-25T12:20:00,122.64,122.30,123.15,2446,0.34,2025-11-25T12:30:00,122.30,STOP,-828.83,-1278.17
cpr,PNB,2025-11-27,SHORT,2025-11-27T11:30:00,124.54,124.88,124.04,2408,0.34,2025-11-27T11:50:00,124.04,TARGET,1210.47,761.54
cpr,PNB,2025-11-28,SHORT,2025-11-28T10:20:00,124.20,124.53,123.70,2415,0.33,2025-11-28T10:50:00,124.53,STOP,-802.03,-1252.55
cpr,PNB,2025-12-05,LONG,2025-12-05T10:10:00,120.56,120.13,121.20,2488,0.43,2025-12-05T10:20:00,121.20,TARGET,1593.70,1142.57
cpr,PNB,2025-12-08,SHORT,2025-12-08T10:10:00,119.77,120.18,119.16,2504,0.41,2025-12-08T10:50:00,119.16,TARGET,1533.07,1084.36
cpr,PNB,2025-12-12,SHORT,2025-12-12T10:50:00,117.10,117.41,116.63,2561,0.31,2025-12-12T11:50:00,117.41,STOP,-805.08,-1255.52
cpr,PNB,2025-12-16,SHORT,2025-12-16T11:40:00,117.27,117.56,116.83,2558,0.29,2025-12-16T12:50:00,116.83,TARGET,1126.36,677.24
cpr,PNB,2025-12-18,SHORT,2025-12-18T10:00:00,117.89,118.25,117.34,2544,0.36,2025-12-18T10:10:00,118.25,STOP,-925.86,-1376.42
cpr,PNB,2025-12-19,LONG,2025-12-19T12:20:00,119.19,118.89,119.64,2516,0.30,2025-12-19T14:10:00,119.18,TIME_STOP,-25.16,-474.96
cpr,PNB,2025-12-29,LONG,2025-12-29T12:10:00,120.79,120.34,121.46,2483,0.45,2025-12-29T12:30:00,120.34,STOP,-1113.74,-1562.79
cpr,PNB,2025-12-30,LONG,2025-12-30T10:20:00,120.41,120.01,121.01,2491,0.40,2025-12-30T10:20:00,121.01,TARGET,1489.04,1038.01
cpr,PNB,2026-01-13,LONG,2026-01-13T14:00:00,123.37,122.96,123.98,2431,0.41,2026-01-13T14:00:00,122.96,STOP,-984.95,-1434.08
cpr,PNB,2026-01-19,SHORT,2026-01-19T14:10:00,125.57,126.75,123.80,2120,1.18,2026-01-19T14:10:00,126.75,STOP,-2499.42,-2900.61
cpr,PNB,2026-01-30,SHORT,2026-01-30T10:10:00,124.61,125.17,123.77,2407,0.56,2026-01-30T11:00:00,125.17,STOP,-1352.06,-1802.98
cpr,PNB,2026-02-04,SHORT,2026-02-04T11:40:00,123.19,123.56,122.63,2435,0.37,2026-02-04T12:10:00,123.56,STOP,-910.04,-1360.67
cpr,PNB,2026-02-19,SHORT,2026-02-19T11:50:00,127.17,127.55,126.60,2359,0.38,2026-02-19T13:40:00,126.90,TIME_STOP,636.93,187.42
cpr,PNB,2026-02-24,LONG,2026-02-24T10:20:00,131.32,130.84,132.04,2284,0.48,2026-02-24T11:30:00,132.04,TARGET,1645.66,1194.52
cpr,PNB,2026-02-26,SHORT,2026-02-26T11:20:00,130.49,130.95,129.80,2299,0.46,2026-02-26T12:30:00,129.80,TARGET,1587.41,1138.61
cpr,PNB,2026-03-11,SHORT,2026-03-11T12:00:00,116.57,116.96,115.98,2573,0.39,2026-03-11T12:20:00,116.96,STOP,-1008.41,-1459.07
cpr,PNB,2026-03-12,LONG,2026-03-12T11:20:00,116.95,116.35,117.86,2565,0.60,2026-03-12T11:20:00,116.35,STOP,-1550.13,-1998.94
cpr,BANKBARODA,2024-03-19,SHORT,2024-03-19T10:00:00,237.95,239.20,236.07,1260,1.25,2024-03-19T10:10:00,236.07,TARGET,2363.00,1915.05
cpr,BANKBARODA,2024-03-27,SHORT,2024-03-27T10:00:00,244.67,245.58,243.31,1226,0.91,2024-03-27T10:30:00,245.58,STOP,-1114.90,-1565.68
cpr,BANKBARODA,2024-03-28,LONG,2024-03-28T10:00:00,245.15,244.08,246.76,1223,1.07,2024-03-28T10:50:00,246.76,TARGET,1965.21,1514.00
cpr,BANKBARODA,2024-04-04,SHORT,2024-04-04T11:30:00,253.85,255.11,251.96,1181,1.26,2024-04-04T13:20:00,253.46,TIME_STOP,460.59,11.24
cpr,BANKBARODA,2024-04-05,SHORT,2024-04-05T11:50:00,252.88,253.84,251.44,1186,0.96,2024-04-05T12:30:00,251.44,TARGET,1705.60,1257.01
cpr,BANKBARODA,2024-04-09,LONG,2024-04-09T10:10:00,253.22,252.10,254.90,1184,1.12,2024-04-09T10:20:00,252.10,STOP,-1322.53,-1771.26
cpr,BANKBARODA,2024-04-10,LONG,2024-04-10T10:20:00,251.29,250.39,252.65,1193,0.90,2024-04-10T10:40:00,252.65,TARGET,1617.39,1166.49
cpr,BANKBARODA,2024-04-18,SHORT,2024-04-18T13:50:00,245.15,246.20,243.57,1223,1.05,2024-04-18T14:40:00,243.57,TARGET,1927.46,1479.18
cpr,BANKBARODA,2024-04-25,LONG,2024-04-25T10:10:00,247.76,246.88,249.08,1210,0.88,2024-04-25T10:10:00,249.08,TARGET,1597.26,1146.38
cpr,BANKBARODA,2024-04-29,LONG,2024-04-29T11:50:00,253.66,252.67,255.14,1182,0.99,2024-04-29T12:40:00,255.14,TARGET,1750.72,1299.66
cpr,BANKBARODA,2024-05-03,SHORT,2024-05-03T11:50:00,260.62,261.87,258.74,1151,1.25,2024-05-03T12:40:00,261.87,STOP,-1444.09,-1895.13
cpr,BANKBARODA,2024-05-14,LONG,2024-05-14T13:00:00,244.23,243.20,245.77,1228,1.03,2024-05-14T14:50:00,244.28,TIME_STOP,61.40,-388.52
cpr,BANKBARODA,2024-05-16,SHORT,2024-05-16T11:00:00,246.99,247.99,245.49,1214,1.00,2024-05-16T11:10:00,245.49,TARGET,1815.85,1367.44
cpr,BANKBARODA,2024-05-17,SHORT,2024-05-17T12:10:00,245.34,246.35,243.82,1222,1.01,2024-05-17T12:30:00,245.20,EOD_FORCED,171.08,-278.50
cpr,BANKBARODA,2024-05-21,LONG,2024-05-21T10:30:00,248.49,247.30,250.27,1207,1.19,2024-05-21T10:50:00,247.30,STOP,-1436.07,-1884.89
cpr,BANKBARODA,2024-05-27,LONG,2024-05-27T12:40:00,254.04,253.10,255.45,1180,0.94,2024-05-27T14:00:00,255.45,TARGET,1668.84,1217.94
cpr,BANKBARODA,2024-05-28,SHORT,2024-05-28T10:10:00,252.93,254.05,251.25,1186,1.12,2024-05-28T11:30:00,251.25,TARGET,1990.73,1542.26
cpr,BANKBARODA,2024-06-04,SHORT,2024-06-04T11:30:00,240.90,244.99,234.77,611,4.09,2024-06-04T11:40:00,234.77,TARGET,3747.12,3529.15
cpr,BANKBARODA,2024-06-12,LONG,2024-06-12T10:10:00,260.62,259.52,262.27,1151,1.10,2024-06-12T10:30:00,262.27,TARGET,1903.64,1452.25
cpr,BANKBARODA,2024-06-20,SHORT,2024-06-20T13:40:00,268.40,269.17,267.25,1117,0.77,2024-06-20T14:10:00,268.84,REVERSE,-491.48,-941.55
cpr,BANKBARODA,2024-07-03,SHORT,2024-07-03T11:10:00,257.77,258.91,256.06,1163,1.14,2024-07-03T12:10:00,258.91,STOP,-1327.47,-1778.14
cpr,BANKBARODA,2024-07-04,SHORT,2024-07-04T10:40:00,257.04,258.11,255.44,1167,1.07,2024-07-04T11:30:00,258.11,STOP,-1247.26,-1698.14
cpr,BANKBARODA,2024-07-09,SHORT,2024-07-09T12:30:00,254.48,255.30,253.25,1178,0.82,2024-07-09T13:30:00,253.25,TARGET,1450.14,1001.56
cpr,BANKBARODA,2024-07-11,SHORT,2024-07-11T10:30:00,248.34,249.23,247.00,1208,0.89,2024-07-11T12:20:00,247.62,TIME_STOP,869.76,420.42
cpr,BANKBARODA,2024-07-12,SHORT,2024-07-12T12:00:00,247.71,248.49,246.54,1211,0.78,2024-07-12T12:40:00,246.54,TARGET,1413.14,964.23
cpr,BANKBARODA,2024-07-15,LONG,2024-07-15T11:30:00,246.17,245.20,247.63,1218,0.97,2024-07-15T12:00:00,245.20,STOP,-1182.63,-1631.50
cpr,BANKBARODA,2024-07-22,LONG,2024-07-22T10:20:00,246.02,244.65,248.08,1219,1.37,2024-07-22T12:10:00,247.04,TIME_STOP,1243.38,792.60
cpr,BANKBARODA,2024-07-26,LONG,2024-07-26T11:20:00,238.77,237.85,240.15,1256,0.92,2024-07-26T13:10:00,239.25,TIME_STOP,602.88,152.59
cpr,BANKBARODA,2024-08-01,SHORT,2024-08-01T11:20:00,244.67,245.85,242.89,1226,1.18,2024-08-01T12:30:00,242.89,TARGET,2176.73,1728.41
cpr,BANKBARODA,2024-08-12,SHORT,2024-08-12T13:20:00,236.74,237.54,235.53,1267,0.80,2024-08-12T14:30:00,237.54,STOP,-1018.40,-1469.09
cpr,BANKBARODA,2024-08-13,LONG,2024-08-13T11:00:00,237.61,236.75,238.91,1262,0.86,2024-08-13T12:00:00,236.75,STOP,-1089.57,-1538.55
cpr,BANKBARODA,2024-08-23,SHORT,2024-08-23T13:50:00,244.81,245.35,244.00,1225,0.54,2024-08-23T15:00:00,244.00,TARGET,993.01,543.92
cpr,BANKBARODA,2024-08-27,SHORT,2024-08-27T12:00:00,243.12,243.74,242.19,1233,0.62,2024-08-27T12:00:00,243.27,REVERSE,-184.95,-634.74
cpr,BANKBARODA,2024-08-28,SHORT,2024-08-28T13:20:00,241.91,242.38,241.20,1240,0.47,2024-08-28T14:10:00,241.20,TARGET,879.49,430.19
cpr,BANKBARODA,2024-08-29,LONG,2024-08-29T13:00:00,241.77,241.26,242.54,1240,0.51,2024-08-29T13:50:00,241.26,STOP,-636.30,-1085.52
cpr,BANKBARODA,2024-09-02,SHORT,2024-09-02T10:00:00,240.85,241.62,239.69,1245,0.77,2024-09-02T11:30:00,241.62,STOP,-963.07,-1413.58
cpr,BANKBARODA,2024-09-03,SHORT,2024-09-03T13:10:00,243.60,244.19,242.71,1231,0.59,2024-09-03T14:50:00,242.71,TARGET,1090.59,641.60
cpr,BANKBARODA,2024-09-11,SHORT,2024-09-11T12:30:00,227.90,228.62,226.82,1316,0.72,2024-09-11T13:40:00,226.82,TARGET,1421.26,972.45
cpr,BANKBARODA,2024-09-12,LONG,2024-09-12T12:10:00,227.27,226.50,228.43,1320,0.77,2024-09-12T12:40:00,228.43,TARGET,1525.20,1074.06
cpr,BANKBARODA,2024-09-18,LONG,2024-09-18T10:00:00,232.20,231.59,233.12,1291,0.61,2024-09-18T10:10:00,231.59,STOP,-793.46,-1242.52
cpr,BANKBARODA,2024-09-20,SHORT,2024-09-20T14:00:00,228.57,229.31,227.46,1312,0.74,2024-09-20T15:10:00,227.46,TARGET,1456.78,1008.05
cpr,BANKBARODA,2024-10-04,LONG,2024-10-04T10:00:00,242.11,240.44,244.62,1239,1.67,2024-10-04T11:20:00,244.62,TARGET,3106.16,2653.87
cpr,BANKBARODA,2024-10-08,LONG,2024-10-08T10:40:00,237.62,235.79,240.36,1262,1.83,2024-10-08T11:50:00,240.36,TARGET,3460.29,3007.88
cpr,BANKBARODA,2024-10-14,SHORT,2024-10-14T12:30:00,234.95,235.60,233.98,1276,0.65,2024-10-14T12:50:00,235.60,STOP,-826.65,-1276.97
cpr,BANKBARODA,2024-10-15,SHORT,2024-10-15T13:00:00,235.97,236.56,235.09,1271,0.59,2024-10-15T13:00:00,235.09,TARGET,1123.47,674.43
cpr,BANKBARODA,2024-10-16,SHORT,2024-10-16T10:50:00,235.29,235.95,234.31,1275,0.66,2024-10-16T11:30:00,235.95,STOP,-835.30,-1285.92
cpr,BANKBARODA,2024-10-18,LONG,2024-10-18T11:40:00,235.87,234.96,237.23,1271,0.91,2024-10-18T12:30:00,237.23,TARGET,1728.62,1277.63
cpr,BANKBARODA,2024-10-29,LONG,2024-10-29T12:10:00,243.07,242.03,244.63,1234,1.04,2024-10-29T14:00:00,244.63,TARGET,1927.73,1476.36
cpr,BANKBARODA,2024-11-04,SHORT,2024-11-04T11:00:00,240.85,241.96,239.19,1245,1.11,2024-11-04T12:50:00,240.61,TIME_STOP,298.80,-150.76
cpr,BANKBARODA,2024-11-11,LONG,2024-11-11T11:30:00,250.13,248.76,252.19,1199,1.37,2024-11-11T13:20:00,250.03,TIME_STOP,-119.90,-569.67
cpr,BANKBARODA,2024-11-19,LONG,2024-11-19T10:10:00,236.74,235.70,238.29,1267,1.04,2024-11-19T11:40:00,235.70,STOP,-1311.72,-1760.66
cpr,BANKBARODA,2024-11-27,SHORT,2024-11-27T10:50:00,237.47,238.37,236.13,1263,0.90,2024-11-27T11:30:00,238.37,STOP,-1132.43,-1583.17
cpr,BANKBARODA,2024-11-28,LONG,2024-11-28T10:00:00,239.93,238.99,241.34,1250,0.94,2024-11-28T10:20:00,241.34,TARGET,1757.22,1306.04
cpr,BANKBARODA,2024-11-29,SHORT,2024-11-29T10:50:00,238.72,239.80,237.10,1256,1.08,2024-11-29T11:40:00,237.10,TARGET,2037.55,1589.33
cpr,BANKBARODA,2024-12-09,LONG,2024-12-09T11:50:00,255.31,254.46,256.58,1175,0.85,2024-12-09T12:30:00,254.46,STOP,-996.65,-1445.89
cpr,BANKBARODA,2024-12-11,SHORT,2024-12-11T13:50:00,254.04,254.61,253.18,1180,0.57,2024-12-11T14:00:00,253.18,TARGET,1012.85,563.96
cpr,BANKBARODA,2024-12-17,SHORT,2024-12-17T10:10:00,248.73,249.46,247.63,1206,0.73,2024-12-17T10:50:00,249.46,STOP,-880.42,-1331.04
cpr,BANKBARODA,2024-12-27,SHORT,2024-12-27T12:20:00,237.52,238.24,236.45,1263,0.72,2024-12-27T13:50:00,238.24,STOP,-903.40,-1354.06
cpr,BANKBARODA,2024-12-30,LONG,2024-12-30T12:00:00,238.96,238.12,240.22,1255,0.84,2024-12-30T12:00:00,238.12,STOP,-1050.33,-1499.39
cpr,BANKBARODA,2025-01-01,LONG,2025-01-01T11:00:00,233.27,232.43,234.53,1286,0.84,2025-01-01T11:40:00,232.43,STOP,-1080.23,-1529.40
cpr,BANKBARODA,2025-01-08,SHORT,2025-01-08T10:50:00,222.97,223.89,221.59,1345,0.92,2025-01-08T12:40:00,223.51,TIME_STOP,-726.30,-1176.69
cpr,BANKBARODA,2025-01-09,SHORT,2025-01-09T11:10:00,222.58,223.49,221.22,1347,0.91,2025-01-09T11:40:00,223.49,STOP,-1224.49,-1675.13
cpr,BANKBARODA,2025-01-23,LONG,2025-01-23T10:20:00,220.63,219.56,222.23,1359,1.07,2025-01-23T11:20:00,219.56,STOP,-1449.67,-1898.33
cpr,BANKBARODA,2025-01-24,LONG,2025-01-24T11:50:00,221.60,220.68,222.98,1353,0.92,2025-01-24T12:10:00,220.68,STOP,-1243.24,-1692.05
cpr,BANKBARODA,2025-01-28,LONG,2025-01-28T12:10:00,216.01,214.73,217.93,1388,1.28,2025-01-28T12:30:00,214.73,STOP,-1772.02,-2220.42
cpr,BANKBARODA,2025-02-01,LONG,2025-02-01T10:30:00,208.05,207.25,209.25,1441,0.80,2025-02-01T11:10:00,207.25,STOP,-1149.89,-1598.72
cpr,BANKBARODA,2025-02-07,SHORT,2025-02-07T10:10:00,210.32,211.10,209.16,1426,0.78,2025-02-07T10:10:00,211.10,STOP,-1105.75,-1556.46
cpr,BANKBARODA,2025-02-18,LONG,2025-02-18T12:40:00,198.99,198.15,200.25,1507,0.84,2025-02-18T12:40:00,198.15,STOP,-1264.05,-1712.91
cpr,BANKBARODA,2025-02-21,SHORT,2025-02-21T10:30:00,204.12,204.98,202.83,1469,0.86,2025-02-21T12:20:00,203.66,TIME_STOP,675.74,226.47
cpr,BANKBARODA,2025-02-25,SHORT,2025-02-25T10:20:00,200.68,201.37,199.64,1494,0.69,2025-02-25T10:30:00,199.64,TARGET,1554.24,1105.68
cpr,BANKBARODA,2025-03-04,SHORT,2025-03-04T13:20:00,189.28,190.08,188.08,1584,0.80,2025-03-04T14:10:00,190.08,STOP,-1267.17,-1717.85
cpr,BANKBARODA,2025-03-12,LONG,2025-03-12T10:00:00,197.61,196.78,198.86,1518,0.83,2025-03-12T10:20:00,196.78,STOP,-1266.09,-1715.10
cpr,BANKBARODA,2025-03-17,SHORT,2025-03-17T10:20:00,197.89,198.61,196.82,1515,0.72,2025-03-17T11:00:00,198.61,STOP,-1084.88,-1535.40
cpr,BANKBARODA,2025-03-21,SHORT,2025-03-21T14:10:00,208.73,209.17,208.06,1437,0.44,2025-03-21T14:10:00,209.17,STOP,-637.59,-1087.98
cpr,BANKBARODA,2025-03-25,SHORT,2025-03-25T11:00:00,214.41,215.35,213.00,1399,0.94,2025-03-25T12:30:00,215.35,STOP,-1312.22,-1763.14
cpr,BANKBARODA,2025-04-01,SHORT,2025-04-01T11:10:00,220.25,221.26,218.74,1362,1.01,2025-04-01T11:20:00,221.26,STOP,-1374.80,-1825.80
cpr,BANKBARODA,2025-04-02,SHORT,2025-04-02T10:00:00,219.34,220.53,217.56,1367,1.19,2025-04-02T10:50:00,220.53,STOP,-1622.40,-2073.37
cpr,BANKBARODA,2025-04-09,SHORT,2025-04-09T10:20:00,224.19,225.25,222.60,1338,1.06,2025-04-09T10:20:00,225.25,STOP,-1422.44,-1873.45
cpr,BANKBARODA,2025-05-06,SHORT,2025-05-06T10:00:00,237.85,238.97,236.18,1261,1.12,2025-05-06T10:40:00,238.97,STOP,-1408.01,-1858.96
cpr,BANKBARODA,2025-05-20,LONG,2025-05-20T12:30:00,232.62,231.86,233.75,1289,0.76,2025-05-20T12:50:00,231.86,STOP,-974.55,-1423.59
cpr,BANKBARODA,2025-05-26,SHORT,2025-05-26T10:50:00,233.42,234.09,232.42,1285,0.67,2025-05-26T12:40:00,232.84,TIME_STOP,745.30,295.94
cpr,BANKBARODA,2025-06-03,SHORT,2025-06-03T11:50:00,244.81,245.64,243.56,1225,0.83,2025-06-03T12:10:00,243.56,TARGET,1532.76,1084.07
cpr,BANKBARODA,2025-06-04,LONG,2025-06-04T11:00:00,245.92,245.12,247.12,1219,0.80,2025-06-04T12:50:00,245.59,TIME_STOP,-402.27,-851.63
cpr,BANKBARODA,2025-06-10,SHORT,2025-06-10T10:10:00,247.33,248.01,246.32,1212,0.68,2025-06-10T10:20:00,248.01,STOP,-819.40,-1269.66
cpr,BANKBARODA,2025-06-16,LONG,2025-06-16T12:20:00,239.27,238.37,240.62,1253,0.90,2025-06-16T12:20:00,238.37,STOP,-1130.88,-1579.74
cpr,BANKBARODA,2025-06-17,SHORT,2025-06-17T11:40:00,239.32,240.01,238.28,1253,0.69,2025-06-17T12:50:00,238.28,TARGET,1304.45,855.63
cpr,BANKBARODA,2025-06-18,SHORT,2025-06-18T10:40:00,238.60,239.22,237.67,1257,0.62,2025-06-18T10:40:00,239.00,REVERSE,-502.80,-953.06
cpr,BANKBARODA,2025-06-20,LONG,2025-06-20T10:50:00,234.56,233.70,235.85,1278,0.86,2025-06-20T11:10:00,235.85,TARGET,1652.20,1201.31
cpr,BANKBARODA,2025-06-23,LONG,2025-06-23T11:40:00,234.61,233.77,235.87,1278,0.84,2025-06-23T13:30:00,235.00,TIME_STOP,498.42,48.30
cpr,BANKBARODA,2025-07-02,SHORT,2025-07-02T10:00:00,243.43,244.43,241.94,1232,1.00,2025-07-02T11:20:00,244.43,STOP,-1227.06,-1677.84
cpr,BANKBARODA,2025-07-11,SHORT,2025-07-11T13:30:00,237.88,238.69,236.66,1261,0.81,2025-07-11T15:20:00,236.99,TIME_STOP,1122.29,673.18
cpr,BANKBARODA,2025-07-18,SHORT,2025-07-18T10:30:00,245.46,246.19,244.36,1222,0.73,2025-07-18T11:30:00,246.19,STOP,-893.45,-1344.05
cpr,BANKBARODA,2025-07-23,LONG,2025-07-23T12:30:00,241.10,240.45,242.07,1244,0.65,2025-07-23T14:20:00,241.77,TIME_STOP,833.48,382.96
cpr,BANKBARODA,2025-07-28,SHORT,2025-07-28T10:00:00,242.30,243.80,240.05,1238,1.50,2025-07-28T10:10:00,243.80,STOP,-1857.92,-2309.26
cpr,BANKBARODA,2025-07-29,SHORT,2025-07-29T11:20:00,241.15,242.08,239.75,1244,0.93,2025-07-29T11:20:00,242.08,STOP,-1162.64,-1613.50
cpr,BANKBARODA,2025-07-30,LONG,2025-07-30T12:10:00,242.50,241.82,243.52,1237,0.68,2025-07-30T13:30:00,241.82,STOP,-839.89,-1289.22
cpr,BANKBARODA,2025-08-04,LONG,2025-08-04T13:00:00,238.86,238.11,239.98,1255,0.75,2025-08-04T13:20:00,239.98,TARGET,1405.16,954.45
cpr,BANKBARODA,2025-08-06,SHORT,2025-08-06T11:00:00,240.05,240.87,238.83,1249,0.82,2025-08-06T12:20:00,240.87,STOP,-1018.91,-1469.41
cpr,BANKBARODA,2025-08-07,SHORT,2025-08-07T10:40:00,240.74,241.48,239.64,1246,0.74,2025-08-07T11:00:00,241.48,STOP,-917.68,-1368.31
cpr,BANKBARODA,2025-08-08,SHORT,2025-08-08T12:10:00,239.71,240.38,238.71,1251,0.67,2025-08-08T12:30:00,240.38,STOP,-833.42,-1283.86
cpr,BANKBARODA,2025-08-13,LONG,2025-08-13T10:00:00,244.17,243.55,245.10,1228,0.62,2025-08-13T10:30:00,243.55,STOP,-761.95,-1211.14
cpr,BANKBARODA,2025-08-14,LONG,2025-08-14T10:30:00,243.11,242.50,244.02,1234,0.61,2025-08-14T11:50:00,242.50,STOP,-749.98,-1199.42
cpr,BANKBARODA,2025-08-19,LONG,2025-08-19T10:30:00,244.00,243.35,244.97,1229,0.65,2025-08-19T12:10:00,244.97,TARGET,1195.91,745.20
cpr,BANKBARODA,2025-08-21,LONG,2025-08-21T10:10:00,246.01,245.56,246.69,1219,0.45,2025-08-21T10:30:00,246.69,TARGET,825.93,375.48
cpr,BANKBARODA,2025-08-29,SHORT,2025-08-29T14:10:00,232.40,232.98,231.53,1290,0.58,2025-08-29T14:20:00,232.98,STOP,-752.03,-1202.29
cpr,BANKBARODA,2025-09-04,SHORT,2025-09-04T11:00:00,236.99,237.64,236.01,1265,0.65,2025-09-04T11:20:00,236.01,TARGET,1234.52,785.75
cpr,BANKBARODA,2025-09-12,SHORT,2025-09-12T10:30:00,238.27,238.80,237.47,1259,0.53,2025-09-12T11:00:00,237.47,TARGET,1006.45,557.23
cpr,BANKBARODA,2025-09-15,LONG,2025-09-15T13:40:00,238.01,237.57,238.67,1260,0.44,2025-09-15T14:30:00,238.67,TARGET,827.87,377.41
cpr,BANKBARODA,2025-09-23,LONG,2025-09-23T12:40:00,253.07,252.31,254.21,1185,0.76,2025-09-23T13:40:00,254.21,TARGET,1345.33,894.49
cpr,BANKBARODA,2025-09-25,LONG,2025-09-25T10:20:00,255.62,254.74,256.94,1173,0.88,2025-09-25T10:40:00,254.74,STOP,-1028.47,-1477.47
cpr,BANKBARODA,2025-10-01,SHORT,2025-10-01T10:50:00,256.50,257.66,254.76,1169,1.16,2025-10-01T11:40:00,257.66,STOP,-1352.41,-1803.19
cpr,BANKBARODA,2025-10-13,LONG,2025-10-13T10:30:00,267.70,266.88,268.93,1120,0.82,2025-10-13T11:00:00,266.88,STOP,-916.31,-1365.36
cpr,BANKBARODA,2025-10-15,LONG,2025-10-15T10:10:00,266.35,265.49,267.64,1126,0.86,2025-10-15T10:50:00,267.64,TARGET,1453.41,1002.45
cpr,BANKBARODA,2025-10-21,LONG,2025-10-21T14:00:00,271.20,269.96,273.07,1106,1.24,2025-10-21T14:30:00,269.96,STOP,-1376.26,-1825.15
cpr,BANKBARODA,2025-10-30,LONG,2025-10-30T10:30:00,276.35,275.33,277.88,1085,1.02,2025-10-30T10:30:00,275.33,STOP,-1105.98,-1554.91
cpr,BANKBARODA,2025-11-04,SHORT,2025-11-04T10:50:00,289.10,290.19,287.46,1037,1.09,2025-11-04T12:40:00,287.46,TARGET,1697.84,1249.42
cpr,BANKBARODA,2025-11-06,LONG,2025-11-06T10:00:00,289.50,288.32,291.27,1036,1.18,2025-11-06T10:00:00,288.32,STOP,-1223.89,-1672.85
cpr,BANKBARODA,2025-11-07,LONG,2025-11-07T11:30:00,287.45,286.36,289.09,1043,1.09,2025-11-07T13:00:00,289.09,TARGET,1712.25,1261.25
cpr,BANKBARODA,2025-11-10,SHORT,2025-11-10T10:30:00,287.65,288.62,286.19,1042,0.97,2025-11-10T12:20:00,286.75,TIME_STOP,937.80,488.91
cpr,BANKBARODA,2025-11-12,LONG,2025-11-12T12:50:00,286.60,285.81,287.79,1046,0.79,2025-11-12T13:10:00,285.81,STOP,-831.47,-1280.52
cpr,BANKBARODA,2025-11-18,SHORT,2025-11-18T12:00:00,288.00,288.71,286.93,1041,0.71,2025-11-18T12:30:00,286.93,TARGET,1110.57,661.69
cpr,BANKBARODA,2025-11-19,SHORT,2025-11-19T10:00:00,287.70,288.41,286.63,1042,0.71,2025-11-19T10:00:00,288.41,STOP,-741.17,-1191.40
cpr,BANKBARODA,2025-11-20,SHORT,2025-11-20T11:30:00,291.20,291.90,290.15,1030,0.70,2025-11-20T12:30:00,290.15,TARGET,1078.35,629.25
cpr,BANKBARODA,2025-11-25,LONG,2025-11-25T11:00:00,283.90,283.10,285.10,1056,0.80,2025-11-25T12:00:00,285.10,TARGET,1262.39,811.74
cpr,BANKBARODA,2025-12-04,SHORT,2025-12-04T11:40:00,287.65,288.68,286.11,1042,1.03,2025-12-04T13:30:00,287.50,TIME_STOP,156.30,-293.18
cpr,BANKBARODA,2025-12-05,LONG,2025-12-05T10:20:00,289.40,288.33,291.00,1036,1.07,2025-12-05T10:30:00,288.33,STOP,-1104.63,-1553.53
cpr,BANKBARODA,2025-12-08,SHORT,2025-12-08T10:10:00,288.50,289.56,286.91,1039,1.06,2025-12-08T11:20:00,286.91,TARGET,1651.92,1203.53
cpr,BANKBARODA,2025-12-12,LONG,2025-12-12T10:00:00,285.75,284.92,287.00,1049,0.83,2025-12-12T10:00:00,284.92,STOP,-874.90,-1323.87
cpr,BANKBARODA,2025-12-29,LONG,2025-12-29T12:10:00,289.90,289.32,290.76,1034,0.58,2025-12-29T12:30:00,289.32,STOP,-595.45,-1044.64
cpr,BANKBARODA,2025-12-30,LONG,2025-12-30T10:40:00,289.70,288.83,291.01,1035,0.87,2025-12-30T10:50:00,288.83,STOP,-904.06,-1353.15
cpr,BANKBARODA,2026-01-06,SHORT,2026-01-06T11:30:00,305.25,306.30,303.67,982,1.05,2026-01-06T11:30:00,306.30,STOP,-1035.18,-1485.59
cpr,BANKBARODA,2026-01-07,LONG,2026-01-07T10:00:00,306.90,305.82,308.53,977,1.08,2026-01-07T11:20:00,308.53,TARGET,1588.09,1137.13
cpr,BANKBARODA,2026-01-13,SHORT,2026-01-13T12:00:00,300.20,301.20,298.69,999,1.00,2026-01-13T12:30:00,301.20,STOP,-1002.48,-1453.08
cpr,BANKBARODA,2026-01-20,SHORT,2026-01-20T10:00:00,304.00,305.41,301.88,986,1.41,2026-01-20T11:50:00,304.90,TIME_STOP,-887.40,-1337.68
cpr,BANKBARODA,2026-01-21,LONG,2026-01-21T10:00:00,304.20,302.93,306.11,986,1.27,2026-01-21T10:30:00,302.93,STOP,-1252.39,-1701.36
cpr,BANKBARODA,2026-01-27,LONG,2026-01-27T12:10:00,299.20,298.14,300.79,1002,1.06,2026-01-27T12:30:00,298.14,STOP,-1062.84,-1511.74
cpr,BANKBARODA,2026-01-29,SHORT,2026-01-29T12:20:00,302.75,303.76,301.24,990,1.01,2026-01-29T12:30:00,303.76,STOP,-998.93,-1449.26
cpr,BANKBARODA,2026-02-11,LONG,2026-02-11T11:40:00,291.00,289.99,292.51,1030,1.01,2026-02-11T12:00:00,289.99,STOP,-1037.39,-1486.20
cpr,BANKBARODA,2026-02-12,SHORT,2026-02-12T11:40:00,289.45,290.23,288.28,1036,0.78,2026-02-12T11:50:00,290.23,STOP,-811.44,-1261.86
cpr,BANKBARODA,2026-02-16,SHORT,2026-02-16T10:00:00,286.55,287.49,285.14,1046,0.94,2026-02-16T10:00:00,286.95,REVERSE,-418.40,-868.31
cpr,BANKBARODA,2026-02-19,SHORT,2026-02-19T12:20:00,303.50,304.35,302.22,988,0.85,2026-02-19T12:20:00,304.35,STOP,-841.56,-1291.98
cpr,BANKBARODA,2026-02-24,LONG,2026-02-24T11:30:00,313.75,312.49,315.64,956,1.26,2026-02-24T11:50:00,312.49,STOP,-1205.38,-1654.39
cpr,BANKBARODA,2026-03-11,SHORT,2026-03-11T11:20:00,291.95,293.01,290.36,1027,1.06,2026-03-11T11:40:00,290.36,TARGET,1629.44,1180.92
cpr,WIPRO,2024-03-28,LONG,2024-03-28T10:20:00,228.35,227.57,229.52,1313,0.78,2024-03-28T12:10:00,228.95,TIME_STOP,787.80,337.47
cpr,WIPRO,2024-04-03,LONG,2024-04-03T10:30:00,231.70,230.99,232.77,1294,0.71,2024-04-03T11:20:00,232.77,TARGET,1380.16,929.39
cpr,WIPRO,2024-04-04,LONG,2024-04-04T12:00:00,231.70,230.89,232.92,1294,0.81,2024-04-04T12:20:00,230.89,STOP,-1050.42,-1499.36
cpr,WIPRO,2024-04-05,SHORT,2024-04-05T11:30:00,231.70,232.47,230.55,1294,0.77,2024-04-05T13:20:00,231.50,TIME_STOP,258.80,-190.74
cpr,WIPRO,2024-04-12,SHORT,2024-04-12T10:00:00,227.50,228.27,226.35,1318,0.77,2024-04-12T10:30:00,228.27,STOP,-1012.50,-1463.02
cpr,WIPRO,2024-04-23,LONG,2024-04-23T12:20:00,221.05,220.45,221.94,1357,0.60,2024-04-23T14:10:00,221.40,TIME_STOP,474.95,24.65
cpr,WIPRO,2024-04-30,SHORT,2024-04-30T11:10:00,221.10,221.62,220.31,1356,0.52,2024-04-30T11:30:00,221.62,STOP,-710.53,-1160.78
cpr,WIPRO,2024-05-07,SHORT,2024-05-07T10:30:00,218.50,219.14,217.54,1372,0.64,2024-05-07T10:50:00,217.54,TARGET,1314.60,865.92
cpr,WIPRO,2024-05-09,LONG,2024-05-09T12:20:00,221.75,221.00,222.88,1352,0.75,2024-05-09T12:40:00,221.00,STOP,-1019.66,-1468.61
cpr,WIPRO,2024-05-15,SHORT,2024-05-15T10:50:00,217.55,218.23,216.54,1378,0.68,2024-05-15T10:50:00,218.23,STOP,-930.27,-1380.65
cpr,WIPRO,2024-05-21,SHORT,2024-05-21T10:50:00,220.40,220.95,219.57,1361,0.55,2024-05-21T11:00:00,220.80,REVERSE,-544.40,-994.75
cpr,WIPRO,2024-05-28,LONG,2024-05-28T11:00:00,217.90,217.34,218.74,1376,0.56,2024-05-28T11:40:00,217.34,STOP,-774.38,-1223.54
cpr,WIPRO,2024-05-31,LONG,2024-05-31T12:40:00,210.85,210.16,211.88,1422,0.69,2024-05-31T13:00:00,210.16,STOP,-976.09,-1425.10
cpr,WIPRO,2024-06-04,LONG,2024-06-04T10:20:00,211.35,209.96,213.44,1419,1.39,2024-06-04T10:50:00,209.96,STOP,-1976.67,-2425.05
cpr,WIPRO,2024-06-10,SHORT,2024-06-10T10:00:00,227.30,228.40,225.66,1319,1.10,2024-06-10T11:00:00,228.40,STOP,-1445.05,-1895.85
cpr,WIPRO,2024-06-25,LONG,2024-06-25T10:50:00,235.80,235.22,236.67,1272,0.58,2024-06-25T12:40:00,235.70,TIME_STOP,-127.20,-577.01
cpr,WIPRO,2024-07-09,SHORT,2024-07-09T10:40:00,257.00,257.86,255.70,1167,0.86,2024-07-09T10:50:00,257.86,STOP,-1009.10,-1459.73
cpr,WIPRO,2024-07-10,SHORT,2024-07-10T10:10:00,257.60,258.27,256.60,1164,0.67,2024-07-10T10:10:00,256.60,TARGET,1163.77,714.87
cpr,WIPRO,2024-07-11,SHORT,2024-07-11T10:30:00,255.05,256.02,253.60,1176,0.97,2024-07-11T11:10:00,253.60,TARGET,1703.94,1255.31
cpr,WIPRO,2024-07-19,SHORT,2024-07-19T11:00:00,268.55,270.02,266.35,1117,1.47,2024-07-19T12:50:00,268.75,TIME_STOP,-223.40,-673.52
cpr,WIPRO,2024-07-25,LONG,2024-07-25T11:20:00,240.40,239.52,241.72,1247,0.88,2024-07-25T11:20:00,239.52,STOP,-1101.17,-1550.01
cpr,WIPRO,2024-07-31,LONG,2024-07-31T10:30:00,250.25,249.53,251.33,1198,0.72,2024-07-31T11:00:00,249.53,STOP,-858.59,-1307.65
cpr,WIPRO,2024-08-08,SHORT,2024-08-08T10:00:00,235.60,236.43,234.35,1273,0.83,2024-08-08T11:00:00,234.35,TARGET,1585.23,1136.54
cpr,WIPRO,2024-08-09,LONG,2024-08-09T14:10:00,235.10,234.57,235.89,1276,0.53,2024-08-09T14:40:00,234.57,STOP,-672.20,-1121.68
cpr,WIPRO,2024-08-12,LONG,2024-08-12T11:30:00,235.50,234.76,236.61,1273,0.74,2024-08-12T11:40:00,234.76,STOP,-944.44,-1393.42
cpr,WIPRO,2024-08-13,LONG,2024-08-13T11:00:00,234.75,234.07,235.78,1277,0.68,2024-08-13T12:50:00,234.70,TIME_STOP,-63.85,-513.47
cpr,WIPRO,2024-08-20,LONG,2024-08-20T14:00:00,250.15,249.56,251.03,1199,0.59,2024-08-20T15:20:00,251.03,TARGET,1059.81,609.12
cpr,WIPRO,2024-08-21,SHORT,2024-08-21T12:10:00,250.05,250.60,249.22,1199,0.55,2024-08-21T12:50:00,249.22,TARGET,996.82,547.85
cpr,WIPRO,2024-08-28,LONG,2024-08-28T10:00:00,248.15,247.53,249.08,1208,0.62,2024-08-28T10:00:00,249.08,TARGET,1120.27,669.78
cpr,WIPRO,2024-09-02,SHORT,2024-09-02T10:20:00,256.00,256.93,254.61,1171,0.93,2024-09-02T10:30:00,256.93,STOP,-1086.65,-1537.12
cpr,WIPRO,2024-09-03,LONG,2024-09-03T10:10:00,258.10,257.14,259.54,1162,0.96,2024-09-03T10:10:00,257.14,STOP,-1112.35,-1561.38
cpr,WIPRO,2024-09-05,LONG,2024-09-05T10:30:00,250.05,249.35,251.10,1199,0.70,2024-09-05T10:30:00,249.35,STOP,-839.07,-1288.16
cpr,WIPRO,2024-09-06,SHORT,2024-09-06T11:00:00,250.20,251.13,248.81,1199,0.93,2024-09-06T11:20:00,251.13,STOP,-1111.38,-1562.20
cpr,WIPRO,2024-09-10,LONG,2024-09-10T12:00:00,247.35,246.63,248.42,1212,0.72,2024-09-10T12:20:00,248.42,TARGET,1301.33,850.67
cpr,WIPRO,2024-09-11,SHORT,2024-09-11T10:40:00,249.15,249.87,248.07,1204,0.72,2024-09-11T11:10:00,249.87,STOP,-869.64,-1320.26
cpr,WIPRO,2024-09-12,LONG,2024-09-12T11:00:00,249.25,248.29,250.70,1203,0.96,2024-09-12T12:50:00,249.95,TIME_STOP,842.10,391.70
cpr,WIPRO,2024-09-17,LONG,2024-09-17T11:40:00,264.20,263.35,265.47,1135,0.85,2024-09-17T13:30:00,264.10,TIME_STOP,-113.50,-563.22
cpr,WIPRO,2024-09-19,SHORT,2024-09-19T10:20:00,256.10,257.70,253.70,1171,1.60,2024-09-19T11:10:00,257.70,STOP,-1871.48,-2322.73
cpr,WIPRO,2024-09-25,SHORT,2024-09-25T10:30:00,255.10,256.10,253.61,1176,1.00,2024-09-25T12:20:00,254.25,TIME_STOP,999.60,550.35
cpr,WIPRO,2024-10-04,LONG,2024-10-04T10:00:00,256.05,254.93,257.73,1171,1.12,2024-10-04T10:30:00,257.73,TARGET,1972.90,1521.67
cpr,WIPRO,2024-10-07,SHORT,2024-10-07T10:50:00,254.65,255.78,252.96,1178,1.13,2024-10-07T11:00:00,252.96,TARGET,1992.19,1543.72
cpr,WIPRO,2024-10-11,LONG,2024-10-11T10:30:00,252.95,251.77,254.71,1186,1.18,2024-10-11T10:40:00,252.45,REVERSE,-593.00,-1042.55
cpr,WIPRO,2024-10-15,SHORT,2024-10-15T10:40:00,258.25,259.41,256.51,1161,1.16,2024-10-15T10:50:00,259.41,STOP,-1349.64,-1800.39
cpr,WIPRO,2024-10-22,LONG,2024-10-22T10:10:00,265.00,263.95,266.57,1132,1.05,2024-10-22T10:10:00,263.95,STOP,-1184.64,-1633.72
cpr,WIPRO,2024-10-23,LONG,2024-10-23T10:40:00,263.25,262.06,265.03,1139,1.19,2024-10-23T12:30:00,263.45,TIME_STOP,227.80,-222.13
cpr,WIPRO,2024-10-28,LONG,2024-10-28T10:40:00,264.20,263.30,265.54,1135,0.90,2024-10-28T10:50:00,265.54,TARGET,1525.11,1074.17
cpr,WIPRO,2024-10-29,LONG,2024-10-29T12:20:00,266.30,265.46,267.55,1126,0.84,2024-10-29T12:40:00,265.46,STOP,-940.63,-1389.70
cpr,WIPRO,2024-11-07,SHORT,2024-11-07T10:50:00,266.15,267.34,264.37,1127,1.19,2024-11-07T11:00:00,267.34,STOP,-1338.68,-1789.61
cpr,WIPRO,2024-11-11,LONG,2024-11-11T10:10:00,274.50,273.46,276.06,1092,1.04,2024-11-11T10:50:00,276.06,TARGET,1699.03,1248.12
cpr,WIPRO,2024-11-12,LONG,2024-11-12T10:00:00,276.20,275.16,277.76,1086,1.04,2024-11-12T10:40:00,275.16,STOP,-1133.04,-1582.12
cpr,WIPRO,2024-11-14,SHORT,2024-11-14T11:30:00,270.75,271.76,269.24,1108,1.01,2024-11-14T13:20:00,270.60,TIME_STOP,166.20,-283.66
cpr,WIPRO,2024-12-03,SHORT,2024-12-03T12:50:00,278.10,278.84,276.99,1078,0.74,2024-12-03T12:50:00,276.99,TARGET,1194.55,745.76
cpr,WIPRO,2024-12-06,SHORT,2024-12-06T12:30:00,283.80,284.68,282.48,1057,0.88,2024-12-06T14:20:00,284.15,TIME_STOP,-369.95,-820.19
cpr,WIPRO,2024-12-09,SHORT,2024-12-09T10:40:00,283.50,284.38,282.18,1058,0.88,2024-12-09T11:40:00,284.38,STOP,-933.15,-1383.76
cpr,WIPRO,2024-12-11,LONG,2024-12-11T11:30:00,294.45,293.48,295.90,1018,0.97,2024-12-11T13:00:00,295.90,TARGET,1476.46,1025.73
cpr,WIPRO,2024-12-13,LONG,2024-12-13T12:30:00,295.20,294.08,296.88,1016,1.12,2024-12-13T13:00:00,296.88,TARGET,1703.17,1252.01
cpr,WIPRO,2024-12-16,SHORT,2024-12-16T11:10:00,294.75,295.67,293.37,1017,0.92,2024-12-16T13:00:00,294.25,TIME_STOP,508.50,59.24
cpr,WIPRO,2024-12-17,SHORT,2024-12-17T10:50:00,294.60,295.59,293.12,1018,0.99,2024-12-17T12:10:00,295.59,STOP,-1004.56,-1455.17
cpr,WIPRO,2024-12-24,LONG,2024-12-24T10:50:00,294.20,293.12,295.83,1019,1.08,2024-12-24T10:50:00,293.85,REVERSE,-356.65,-806.07
cpr,WIPRO,2024-12-26,LONG,2024-12-26T10:40:00,292.55,291.62,293.95,1025,0.93,2024-12-26T10:50:00,291.62,STOP,-953.41,-1402.49
cpr,WIPRO,2025-01-01,SHORT,2025-01-01T10:00:00,286.65,287.68,285.10,1046,1.03,2025-01-01T10:50:00,287.68,STOP,-1079.11,-1529.67
cpr,WIPRO,2025-01-02,LONG,2025-01-02T11:10:00,288.80,287.62,290.56,1038,1.18,2025-01-02T11:50:00,287.62,STOP,-1219.65,-1668.40
cpr,WIPRO,2025-01-03,SHORT,2025-01-03T10:00:00,286.15,287.16,284.64,1048,1.01,2025-01-03T10:30:00,284.64,TARGET,1587.23,1138.59
cpr,WIPRO,2025-01-07,SHORT,2025-01-07T10:10:00,278.70,279.99,276.76,1076,1.29,2025-01-07T10:10:00,279.99,STOP,-1392.47,-1843.34
cpr,WIPRO,2025-01-09,SHORT,2025-01-09T12:20:00,280.45,281.49,278.89,1069,1.04,2025-01-09T13:10:00,278.89,TARGET,1664.74,1216.29
cpr,WIPRO,2025-01-16,SHORT,2025-01-16T10:00:00,277.45,278.51,275.86,1081,1.06,2025-01-16T10:00:00,278.51,STOP,-1146.10,-1596.85
cpr,WIPRO,2025-02-03,LONG,2025-02-03T10:30:00,300.55,298.99,302.90,998,1.56,2025-02-03T12:20:00,301.80,TIME_STOP,1247.50,796.64
cpr,WIPRO,2025-02-05,SHORT,2025-02-05T12:10:00,307.70,308.71,306.19,974,1.01,2025-02-05T14:00:00,308.71,STOP,-981.13,-1431.42
cpr,WIPRO,2025-02-13,LONG,2025-02-13T10:20:00,305.05,303.94,306.72,983,1.11,2025-02-13T10:30:00,303.94,STOP,-1095.10,-1544.07
cpr,WIPRO,2025-02-20,LONG,2025-02-20T12:50:00,305.45,304.67,306.62,982,0.78,2025-02-20T13:00:00,304.67,STOP,-767.08,-1216.44
cpr,WIPRO,2025-02-27,LONG,2025-02-27T10:00:00,285.75,284.59,287.50,1049,1.16,2025-02-27T10:50:00,287.50,TARGET,1831.52,1380.52
cpr,WIPRO,2025-03-06,LONG,2025-03-06T11:20:00,278.20,277.18,279.72,1078,1.02,2025-03-06T11:30:00,277.18,STOP,-1094.30,-1543.33
cpr,WIPRO,2025-03-07,SHORT,2025-03-07T11:50:00,277.60,278.44,276.34,1080,0.84,2025-03-07T12:00:00,276.34,TARGET,1359.26,910.57
cpr,WIPRO,2025-03-13,SHORT,2025-03-13T11:40:00,258.70,259.72,257.17,1159,1.02,2025-03-13T13:30:00,258.25,TIME_STOP,521.55,72.19
cpr,WIPRO,2025-03-19,LONG,2025-03-19T10:40:00,255.10,253.91,256.89,1176,1.19,2025-03-19T11:30:00,253.91,STOP,-1400.57,-1849.51
cpr,WIPRO,2025-03-21,SHORT,2025-03-21T13:30:00,260.05,261.10,258.47,1153,1.05,2025-03-21T14:50:00,258.47,TARGET,1823.87,1375.48
cpr,WIPRO,2025-03-24,LONG,2025-03-24T10:30:00,260.25,259.19,261.83,1152,1.06,2025-03-24T12:20:00,261.40,TIME_STOP,1324.80,874.09
cpr,WIPRO,2025-03-27,LONG,2025-03-27T11:50:00,265.25,264.25,266.75,1131,1.00,2025-03-27T12:50:00,264.25,STOP,-1132.18,-1581.33
cpr,WIPRO,2025-04-29,SHORT,2025-04-29T12:30:00,234.30,234.98,233.28,1280,0.68,2025-04-29T12:40:00,234.98,STOP,-870.47,-1320.98
cpr,WIPRO,2025-04-30,SHORT,2025-04-30T11:50:00,235.10,235.78,234.07,1276,0.68,2025-04-30T12:40:00,234.07,TARGET,1309.46,860.46
cpr,WIPRO,2025-05-06,SHORT,2025-05-06T13:10:00,236.35,237.02,235.35,1269,0.67,2025-05-06T13:30:00,237.02,STOP,-846.63,-1297.15
cpr,WIPRO,2025-05-07,LONG,2025-05-07T12:10:00,236.60,235.80,237.80,1267,0.80,2025-05-07T14:00:00,237.60,TIME_STOP,1267.00,816.39
cpr,WIPRO,2025-05-09,LONG,2025-05-09T11:40:00,236.70,235.68,238.23,1267,1.02,2025-05-09T11:40:00,235.68,STOP,-1292.67,-1741.55
cpr,WIPRO,2025-05-14,SHORT,2025-05-14T10:30:00,246.20,247.23,244.65,1218,1.03,2025-05-14T12:20:00,245.70,TIME_STOP,609.00,159.65
cpr,WIPRO,2025-05-15,SHORT,2025-05-15T10:00:00,245.30,246.06,244.16,1222,0.76,2025-05-15T10:40:00,246.06,STOP,-925.05,-1375.38
cpr,WIPRO,2025-05-16,SHORT,2025-05-16T11:40:00,247.65,248.34,246.62,1211,0.69,2025-05-16T13:00:00,248.34,STOP,-831.86,-1282.34
cpr,WIPRO,2025-05-27,LONG,2025-05-27T12:00:00,243.65,243.07,244.52,1231,0.58,2025-05-27T12:20:00,243.07,STOP,-715.06,-1164.43
cpr,WIPRO,2025-06-13,LONG,2025-06-13T10:50:00,254.40,253.26,256.12,1179,1.14,2025-06-13T12:40:00,254.15,TIME_STOP,-294.75,-744.44
cpr,WIPRO,2025-06-16,LONG,2025-06-16T11:00:00,254.65,253.73,256.03,1178,0.92,2025-06-16T12:10:00,253.73,STOP,-1079.84,-1529.00
cpr,WIPRO,2025-06-18,SHORT,2025-06-18T10:30:00,256.05,256.88,254.81,1171,0.83,2025-06-18T12:00:00,254.81,TARGET,1455.22,1006.56
cpr,WIPRO,2025-06-25,LONG,2025-06-25T10:00:00,260.85,260.07,262.02,1150,0.78,2025-06-25T11:50:00,261.25,TIME_STOP,460.00,9.69
cpr,WIPRO,2025-07-02,SHORT,2025-07-02T13:30:00,258.15,258.86,257.09,1162,0.71,2025-07-02T14:10:00,258.86,STOP,-824.98,-1275.55
cpr,WIPRO,2025-07-04,LONG,2025-07-04T10:00:00,262.30,261.35,263.73,1143,0.95,2025-07-04T10:50:00,261.35,STOP,-1090.20,-1539.10
cpr,WIPRO,2025-07-07,SHORT,2025-07-07T10:20:00,262.15,262.85,261.10,1144,0.70,2025-07-07T11:10:00,262.85,STOP,-802.71,-1253.17
cpr,WIPRO,2025-07-15,SHORT,2025-07-15T10:00:00,247.00,247.76,245.87,1214,0.76,2025-07-15T10:30:00,247.76,STOP,-917.19,-1367.67
cpr,WIPRO,2025-07-23,LONG,2025-07-23T12:30:00,254.00,253.43,254.86,1181,0.57,2025-07-23T13:10:00,253.43,STOP,-673.52,-1122.97
cpr,WIPRO,2025-07-25,SHORT,2025-07-25T10:10:00,251.80,252.53,250.70,1191,0.73,2025-07-25T10:30:00,250.70,TARGET,1312.14,863.28
cpr,WIPRO,2025-07-30,SHORT,2025-07-30T10:30:00,243.55,244.28,242.45,1231,0.73,2025-07-30T10:30:00,244.28,STOP,-899.97,-1350.36
cpr,WIPRO,2025-08-05,LONG,2025-08-05T11:10:00,239.55,238.91,240.51,1252,0.64,2025-08-05T11:30:00,238.91,STOP,-797.97,-1247.24
cpr,WIPRO,2025-08-08,SHORT,2025-08-08T11:00:00,234.20,234.80,233.29,1280,0.60,2025-08-08T12:50:00,234.80,STOP,-773.20,-1223.44
cpr,WIPRO,2025-08-11,LONG,2025-08-11T11:10:00,234.60,234.03,235.45,1278,0.57,2025-08-11T13:00:00,234.90,TIME_STOP,383.40,-66.62
cpr,WIPRO,2025-08-21,LONG,2025-08-21T10:40:00,244.90,244.25,245.88,1224,0.65,2025-08-21T10:50:00,244.25,STOP,-801.42,-1250.45
cpr,WIPRO,2025-08-29,SHORT,2025-08-29T10:20:00,244.05,244.90,242.78,1229,0.85,2025-08-29T10:40:00,244.90,STOP,-1041.50,-1492.19
cpr,WIPRO,2025-09-03,SHORT,2025-09-03T10:50:00,243.45,243.95,242.70,1232,0.50,2025-09-03T12:20:00,243.95,STOP,-620.04,-1070.40
cpr,WIPRO,2025-09-12,SHORT,2025-09-12T10:00:00,244.90,245.64,243.79,1224,0.74,2025-09-12T10:50:00,245.64,STOP,-906.60,-1356.91
cpr,WIPRO,2025-09-15,SHORT,2025-09-15T13:50:00,244.35,244.72,243.79,1227,0.37,2025-09-15T14:10:00,244.72,STOP,-455.11,-905.17
cpr,WIPRO,2025-09-23,LONG,2025-09-23T13:10:00,244.45,243.90,245.28,1227,0.55,2025-09-23T14:40:00,243.90,STOP,-680.95,-1130.35
cpr,WIPRO,2025-09-30,LONG,2025-09-30T10:00:00,234.15,233.39,235.30,1281,0.76,2025-09-30T11:50:00,234.15,TIME_STOP,0.00,-449.92
cpr,WIPRO,2025-10-03,SHORT,2025-10-03T10:00:00,232.90,233.78,231.57,1288,0.88,2025-10-03T10:10:00,233.78,STOP,-1139.41,-1590.23
cpr,WIPRO,2025-10-08,SHORT,2025-10-08T12:20:00,237.25,237.86,236.33,1264,0.61,2025-10-08T13:00:00,237.86,STOP,-775.20,-1225.61
cpr,WIPRO,2025-10-16,SHORT,2025-10-16T10:40:00,242.85,243.58,241.76,1235,0.73,2025-10-16T10:50:00,243.58,STOP,-895.60,-1346.16
cpr,WIPRO,2025-10-27,LONG,2025-10-27T10:00:00,239.35,238.77,240.22,1253,0.58,2025-10-27T10:00:00,238.77,STOP,-724.26,-1173.58
cpr,WIPRO,2025-10-31,SHORT,2025-10-31T11:50:00,235.70,236.08,235.14,1272,0.38,2025-10-31T13:30:00,235.14,TARGET,716.41,267.23
cpr,WIPRO,2025-11-10,LONG,2025-11-10T10:00:00,231.90,231.44,232.59,1293,0.46,2025-11-10T10:20:00,232.59,TARGET,886.65,436.21
cpr,WIPRO,2025-11-11,LONG,2025-11-11T12:40:00,234.25,233.74,235.01,1280,0.51,2025-11-11T13:00:00,235.01,TARGET,971.56,521.07
cpr,WIPRO,2025-11-17,SHORT,2025-11-17T11:00:00,237.05,237.68,236.10,1265,0.63,2025-11-17T12:30:00,237.68,STOP,-799.62,-1250.02
cpr,WIPRO,2025-11-19,LONG,2025-11-19T10:20:00,237.00,236.46,237.82,1265,0.54,2025-11-19T10:30:00,237.82,TARGET,1031.85,581.37
cpr,WIPRO,2025-11-28,SHORT,2025-11-28T13:30:00,242.50,243.08,241.63,1237,0.58,2025-11-28T13:30:00,243.08,STOP,-719.65,-1170.15
cpr,WIPRO,2025-12-01,SHORT,2025-12-01T11:30:00,243.15,243.66,242.38,1233,0.51,2025-12-01T12:00:00,243.66,STOP,-632.41,-1082.59
cpr,WIPRO,2025-12-02,SHORT,2025-12-02T10:10:00,243.45,244.03,242.58,1232,0.58,2025-12-02T12:00:00,243.85,TIME_STOP,-492.80,-943.07
cpr,WIPRO,2025-12-10,SHORT,2025-12-10T11:50:00,251.80,252.49,250.76,1191,0.69,2025-12-10T12:20:00,252.49,STOP,-825.62,-1276.08
cpr,WIPRO,2025-12-11,SHORT,2025-12-11T10:00:00,251.65,252.34,250.61,1192,0.69,2025-12-11T10:10:00,252.34,STOP,-826.94,-1277.51
cpr,WIPRO,2025-12-12,LONG,2025-12-12T11:30:00,252.55,252.00,253.37,1187,0.55,2025-12-12T13:00:00,253.37,TARGET,976.64,526.25
cpr,WIPRO,2025-12-16,LONG,2025-12-16T13:50:00,253.60,253.24,254.14,1182,0.36,2025-12-16T13:50:00,253.55,REVERSE,-59.10,-508.69
cpr,WIPRO,2026-01-06,LONG,2026-01-06T10:10:00,258.60,257.86,259.72,1160,0.74,2026-01-06T10:20:00,257.86,STOP,-863.69,-1313.01
cpr,WIPRO,2026-01-12,LONG,2026-01-12T12:50:00,257.45,256.56,258.78,1165,0.89,2026-01-12T14:30:00,256.56,STOP,-1035.63,-1484.75
cpr,WIPRO,2026-01-13,LONG,2026-01-13T10:10:00,256.60,255.61,258.09,1169,0.99,2026-01-13T10:20:00,256.25,REVERSE,-409.15,-858.79
cpr,WIPRO,2026-01-23,SHORT,2026-01-23T11:40:00,233.55,234.18,232.61,1284,0.63,2026-01-23T12:40:00,234.18,STOP,-808.43,-1258.86
cpr,WIPRO,2026-01-27,LONG,2026-01-27T12:00:00,234.30,233.53,235.46,1280,0.77,2026-01-27T12:20:00,233.53,STOP,-991.02,-1440.14
cpr,WIPRO,2026-01-29,SHORT,2026-01-29T10:50:00,235.90,236.53,234.96,1271,0.63,2026-01-29T11:10:00,236.53,STOP,-797.16,-1247.51
cpr,WIPRO,2026-02-05,LONG,2026-02-05T10:20:00,234.72,233.96,235.87,1278,0.76,2026-02-05T10:50:00,233.96,STOP,-976.78,-1426.00
cpr,WIPRO,2026-02-10,LONG,2026-02-10T10:30:00,232.15,231.38,233.31,1292,0.77,2026-02-10T12:20:00,232.09,TIME_STOP,-77.52,-527.37
cpr,WIPRO,2026-02-18,SHORT,2026-02-18T10:10:00,210.88,211.82,209.46,1422,0.94,2026-02-18T10:40:00,211.82,STOP,-1341.93,-1792.74
cpr,WIPRO,2026-02-19,SHORT,2026-02-19T12:50:00,211.94,212.49,211.11,1415,0.55,2026-02-19T13:10:00,212.49,STOP,-784.90,-1235.33
cpr,WIPRO,2026-02-26,SHORT,2026-02-26T12:00:00,200.54,201.23,199.51,1495,0.69,2026-02-26T13:00:00,199.51,TARGET,1544.73,1096.17
cpr,WIPRO,2026-03-09,LONG,2026-03-09T11:40:00,196.65,195.80,197.93,1525,0.85,2026-03-09T13:30:00,197.13,TIME_STOP,732.00,281.61
cpr,HCLTECH,2024-03-21,SHORT,2024-03-21T12:20:00,1584.00,1590.36,1574.46,189,6.36,2024-03-21T12:20:00,1590.36,STOP,-1202.55,-1652.51
cpr,HCLTECH,2024-03-26,LONG,2024-03-26T10:00:00,1563.90,1556.13,1575.55,191,7.77,2024-03-26T11:10:00,1559.35,REVERSE,-869.05,-1316.46
cpr,HCLTECH,2024-03-28,LONG,2024-03-28T13:30:00,1559.90,1555.21,1566.94,192,4.69,2024-03-28T13:30:00,1555.21,STOP,-900.77,-1349.34
cpr,HCLTECH,2024-04-03,LONG,2024-04-03T10:30:00,1553.80,1548.18,1562.22,193,5.62,2024-04-03T10:40:00,1548.18,STOP,-1083.83,-1532.84
cpr,HCLTECH,2024-04-04,LONG,2024-04-04T12:50:00,1540.00,1535.26,1547.10,194,4.74,2024-04-04T13:40:00,1547.10,TARGET,1378.30,929.13
cpr,HCLTECH,2024-04-05,LONG,2024-04-05T14:00:00,1541.40,1537.89,1546.66,194,3.51,2024-04-05T15:00:00,1546.66,TARGET,1020.63,571.31
cpr,HCLTECH,2024-04-09,SHORT,2024-04-09T12:40:00,1537.50,1541.74,1531.14,195,4.24,2024-04-09T12:40:00,1541.74,STOP,-826.83,-1277.17
cpr,HCLTECH,2024-04-10,LONG,2024-04-10T10:30:00,1546.80,1542.37,1553.44,193,4.43,2024-04-10T12:20:00,1546.25,TIME_STOP,-106.15,-553.87
cpr,HCLTECH,2024-05-14,SHORT,2024-05-14T10:20:00,1311.45,1315.05,1306.06,228,3.60,2024-05-14T11:10:00,1315.05,STOP,-819.72,-1268.85
cpr,HCLTECH,2024-05-23,LONG,2024-05-23T10:00:00,1345.75,1342.32,1350.89,222,3.43,2024-05-23T10:20:00,1342.32,STOP,-760.91,-1208.48
cpr,HCLTECH,2024-05-24,SHORT,2024-05-24T10:40:00,1348.90,1353.00,1342.76,222,4.10,2024-05-24T10:50:00,1353.00,STOP,-909.33,-1359.19
cpr,HCLTECH,2024-05-27,LONG,2024-05-27T11:40:00,1350.05,1346.91,1354.76,222,3.14,2024-05-27T12:10:00,1354.76,TARGET,1046.03,595.68
cpr,HCLTECH,2024-05-28,SHORT,2024-05-28T10:10:00,1349.80,1353.73,1343.90,222,3.93,2024-05-28T10:20:00,1353.73,STOP,-873.03,-1323.17
cpr,HCLTECH,2024-05-29,LONG,2024-05-29T13:20:00,1359.55,1356.78,1363.71,220,2.77,2024-05-29T13:40:00,1356.78,STOP,-609.59,-1057.78
cpr,HCLTECH,2024-05-31,SHORT,2024-05-31T13:20:00,1331.90,1336.28,1325.33,225,4.38,2024-05-31T13:40:00,1336.28,STOP,-985.68,-1435.93
cpr,HCLTECH,2024-06-10,SHORT,2024-06-10T10:00:00,1404.35,1411.92,1393.00,213,7.57,2024-06-10T11:20:00,1411.92,STOP,-1611.54,-2061.44
cpr,HCLTECH,2024-06-13,SHORT,2024-06-13T12:50:00,1442.50,1446.38,1436.68,207,3.88,2024-06-13T14:40:00,1445.35,TIME_STOP,-589.95,-1038.29
cpr,HCLTECH,2024-06-18,SHORT,2024-06-18T10:00:00,1430.95,1434.76,1425.24,209,3.81,2024-06-18T11:50:00,1433.20,TIME_STOP,-470.25,-919.21
cpr,HCLTECH,2024-06-20,SHORT,2024-06-20T10:10:00,1431.05,1434.80,1425.43,209,3.75,2024-06-20T10:20:00,1434.80,STOP,-783.35,-1232.57
cpr,HCLTECH,2024-06-25,LONG,2024-06-25T11:20:00,1442.30,1438.92,1447.37,208,3.38,2024-06-25T12:30:00,1438.92,STOP,-702.80,-1152.27
cpr,HCLTECH,2024-06-26,LONG,2024-06-26T14:10:00,1444.40,1441.87,1448.20,207,2.53,2024-06-26T15:10:00,1441.87,STOP,-524.09,-972.18
cpr,HCLTECH,2024-07-03,LONG,2024-07-03T12:50:00,1485.00,1481.19,1490.72,202,3.81,2024-07-03T14:40:00,1483.85,TIME_STOP,-232.30,-682.08
cpr,HCLTECH,2024-07-08,SHORT,2024-07-08T10:10:00,1512.10,1517.36,1504.20,198,5.26,2024-07-08T12:00:00,1511.75,TIME_STOP,69.30,-379.74
cpr,HCLTECH,2024-07-12,LONG,2024-07-12T10:10:00,1520.25,1514.37,1529.07,197,5.88,2024-07-12T10:40:00,1529.07,TARGET,1737.15,1286.61
cpr,HCLTECH,2024-07-16,SHORT,2024-07-16T12:40:00,1572.55,1577.49,1565.13,190,4.94,2024-07-16T14:30:00,1568.45,TIME_STOP,779.00,331.41
cpr,HCLTECH,2024-07-18,LONG,2024-07-18T10:50:00,1575.55,1569.79,1584.20,190,5.76,2024-07-18T11:30:00,1569.79,STOP,-1095.33,-1543.54
cpr,HCLTECH,2024-07-23,SHORT,2024-07-23T12:30:00,1567.90,1572.92,1560.37,191,5.02,2024-07-23T12:30:00,1572.92,STOP,-958.91,-1408.84
cpr,HCLTECH,2024-07-24,SHORT,2024-07-24T13:50:00,1579.90,1584.72,1572.66,189,4.82,2024-07-24T14:20:00,1584.72,STOP,-911.90,-1360.48
cpr,HCLTECH,2024-07-25,LONG,2024-07-25T10:10:00,1592.95,1586.62,1602.44,188,6.33,2024-07-25T10:40:00,1586.62,STOP,-1189.29,-1637.61
cpr,HCLTECH,2024-07-30,SHORT,2024-07-30T11:00:00,1621.05,1625.72,1614.05,185,4.67,2024-07-30T12:30:00,1625.72,STOP,-863.39,-1313.88
cpr,HCLTECH,2024-08-08,SHORT,2024-08-08T13:10:00,1576.30,1582.77,1566.59,190,6.47,2024-08-08T13:10:00,1566.59,TARGET,1844.25,1396.38
cpr,HCLTECH,2024-08-12,LONG,2024-08-12T11:40:00,1595.25,1590.51,1602.36,188,4.74,2024-08-12T13:30:00,1599.15,TIME_STOP,733.20,282.79
cpr,HCLTECH,2024-08-13,LONG,2024-08-13T10:10:00,1598.25,1592.55,1606.80,187,5.70,2024-08-13T11:10:00,1606.80,TARGET,1598.45,1148.94
cpr,HCLTECH,2024-08-20,LONG,2024-08-20T13:20:00,1678.80,1674.92,1684.63,178,3.88,2024-08-20T13:20:00,1677.45,REVERSE,-240.30,-688.36
cpr,HCLTECH,2024-08-21,SHORT,2024-08-21T12:00:00,1676.55,1680.28,1670.95,178,3.73,2024-08-21T13:50:00,1677.00,TIME_STOP,-80.10,-527.80
cpr,HCLTECH,2024-08-28,LONG,2024-08-28T10:50:00,1724.15,1717.00,1734.88,173,7.15,2024-08-28T11:40:00,1734.88,TARGET,1855.64,1406.83
cpr,HCLTECH,2024-08-29,LONG,2024-08-29T10:20:00,1738.80,1732.03,1748.95,172,6.77,2024-08-29T12:10:00,1743.00,TIME_STOP,722.40,273.25
cpr,HCLTECH,2024-09-06,SHORT,2024-09-06T10:10:00,1766.25,1773.04,1756.06,169,6.79,2024-09-06T10:10:00,1756.06,TARGET,1721.33,1274.88
cpr,HCLTECH,2024-09-09,SHORT,2024-09-09T14:00:00,1754.70,1758.77,1748.59,170,4.07,2024-09-09T14:50:00,1748.59,TARGET,1037.88,591.21
cpr,HCLTECH,2024-09-10,LONG,2024-09-10T10:50:00,1758.60,1753.32,1766.52,170,5.28,2024-09-10T11:40:00,1766.52,TARGET,1345.70,896.25
cpr,HCLTECH,2024-09-12,SHORT,2024-09-12T11:00:00,1782.10,1788.35,1772.72,168,6.25,2024-09-12T12:50:00,1780.30,TIME_STOP,302.40,-146.46
cpr,HCLTECH,2024-09-17,LONG,2024-09-17T10:20:00,1816.00,1811.39,1822.92,165,4.61,2024-09-17T12:10:00,1822.00,TIME_STOP,990.00,539.80
cpr,HCLTECH,2024-09-20,LONG,2024-09-20T10:00:00,1752.90,1745.10,1764.61,171,7.80,2024-09-20T10:10:00,1745.10,STOP,-1334.62,-1783.23
cpr,HCLTECH,2024-09-25,SHORT,2024-09-25T12:10:00,1759.80,1765.87,1750.70,170,6.07,2024-09-25T13:20:00,1765.87,STOP,-1031.13,-1480.65
cpr,HCLTECH,2024-09-30,SHORT,2024-09-30T13:30:00,1810.85,1814.76,1804.98,165,3.91,2024-09-30T14:20:00,1804.98,TARGET,968.58,521.12
cpr,HCLTECH,2024-10-04,LONG,2024-10-04T10:10:00,1791.80,1784.74,1802.39,167,7.06,2024-10-04T10:10:00,1784.74,STOP,-1179.26,-1627.22
cpr,HCLTECH,2024-10-07,SHORT,2024-10-07T10:50:00,1777.65,1784.93,1766.73,168,7.28,2024-10-07T12:40:00,1774.05,TIME_STOP,604.80,157.29
cpr,HCLTECH,2024-10-08,SHORT,2024-10-08T13:00:00,1767.85,1773.84,1758.87,169,5.99,2024-10-08T13:10:00,1773.84,STOP,-1011.97,-1460.87
cpr,HCLTECH,2024-10-16,SHORT,2024-10-16T11:50:00,1856.60,1862.23,1848.15,161,5.63,2024-10-16T12:00:00,1862.23,STOP,-906.88,-1355.93
cpr,HCLTECH,2024-10-21,SHORT,2024-10-21T12:20:00,1854.55,1859.74,1846.77,161,5.19,2024-10-21T13:50:00,1846.77,TARGET,1252.91,805.98
cpr,HCLTECH,2024-10-23,LONG,2024-10-23T10:40:00,1847.25,1840.16,1857.89,162,7.09,2024-10-23T11:40:00,1857.89,TARGET,1723.21,1273.04
cpr,HCLTECH,2024-10-24,LONG,2024-10-24T11:40:00,1849.95,1844.59,1857.98,162,5.36,2024-10-24T12:30:00,1844.59,STOP,-867.77,-1316.65
cpr,HCLTECH,2024-10-29,SHORT,2024-10-29T10:10:00,1863.85,1869.86,1854.84,160,6.01,2024-10-29T10:40:00,1854.84,TARGET,1442.18,995.93
cpr,HCLTECH,2024-10-30,SHORT,2024-10-30T10:10:00,1858.40,1864.58,1849.13,161,6.18,2024-10-30T10:20:00,1864.58,STOP,-995.18,-1444.73
cpr,HCLTECH,2024-11-07,SHORT,2024-11-07T10:30:00,1821.15,1828.61,1809.96,164,7.46,2024-11-07T11:00:00,1828.61,STOP,-1223.16,-1672.08
cpr,HCLTECH,2024-11-14,SHORT,2024-11-14T10:40:00,1857.35,1864.17,1847.11,161,6.82,2024-11-14T10:40:00,1864.17,STOP,-1098.81,-1548.19
cpr,HCLTECH,2024-11-19,SHORT,2024-11-19T12:30:00,1854.10,1859.32,1846.27,161,5.22,2024-11-19T14:00:00,1846.27,TARGET,1261.14,814.32
cpr,HCLTECH,2024-11-29,LONG,2024-11-29T10:40:00,1871.00,1862.62,1883.57,160,8.38,2024-11-29T10:50:00,1862.62,STOP,-1340.41,-1788.45
cpr,HCLTECH,2024-12-02,LONG,2024-12-02T10:30:00,1860.45,1854.25,1869.75,161,6.20,2024-12-02T10:40:00,1854.25,STOP,-998.70,-1447.25
cpr,HCLTECH,2024-12-09,SHORT,2024-12-09T10:00:00,1915.10,1921.00,1906.25,156,5.90,2024-12-09T10:30:00,1906.25,TARGET,1380.63,933.53
cpr,HCLTECH,2024-12-13,SHORT,2024-12-13T10:30:00,1917.00,1922.47,1908.80,156,5.47,2024-12-13T10:30:00,1922.47,STOP,-852.96,-1302.17
cpr,HCLTECH,2024-12-24,LONG,2024-12-24T10:30:00,1918.95,1913.17,1927.61,156,5.78,2024-12-24T10:40:00,1913.17,STOP,-901.05,-1349.41
cpr,HCLTECH,2024-12-27,LONG,2024-12-27T10:50:00,1899.45,1893.89,1907.78,157,5.56,2024-12-27T11:30:00,1893.89,STOP,-872.24,-1318.90
cpr,HCLTECH,2024-12-30,LONG,2024-12-30T11:10:00,1893.90,1888.29,1902.31,158,5.61,2024-12-30T11:30:00,1902.31,TARGET,1328.40,878.55
cpr,HCLTECH,2024-12-31,SHORT,2024-12-31T10:10:00,1899.60,1911.63,1881.56,157,12.03,2024-12-31T10:10:00,1881.56,TARGET,2833.03,2387.80
cpr,HCLTECH,2025-01-03,LONG,2025-01-03T11:50:00,1958.65,1951.58,1969.25,153,7.07,2025-01-03T11:50:00,1952.75,REVERSE,-902.70,-1351.53
cpr,HCLTECH,2025-01-06,SHORT,2025-01-06T11:00:00,1947.00,1953.83,1936.76,154,6.83,2025-01-06T11:40:00,1936.76,TARGET,1577.45,1128.87
cpr,HCLTECH,2025-01-07,SHORT,2025-01-07T10:10:00,1933.10,1942.26,1919.36,155,9.16,2025-01-07T10:10:00,1942.26,STOP,-1419.99,-1870.50
cpr,HCLTECH,2025-01-20,LONG,2025-01-20T10:50:00,1784.50,1776.74,1796.13,168,7.76,2025-01-20T12:00:00,1780.60,REVERSE,-655.20,-1104.40
cpr,HCLTECH,2025-01-23,SHORT,2025-01-23T11:10:00,1809.45,1816.13,1799.42,165,6.68,2025-01-23T12:00:00,1816.13,STOP,-1102.77,-1551.44
cpr,HCLTECH,2025-01-24,LONG,2025-01-24T11:50:00,1824.05,1817.28,1834.20,164,6.77,2025-01-24T12:00:00,1817.28,STOP,-1109.97,-1557.86
cpr,HCLTECH,2025-01-31,LONG,2025-01-31T13:20:00,1725.00,1720.05,1732.43,173,4.95,2025-01-31T15:10:00,1725.70,TIME_STOP,121.10,-326.63
cpr,HCLTECH,2025-02-01,SHORT,2025-02-01T10:00:00,1717.05,1721.98,1709.66,174,4.93,2025-02-01T10:40:00,1709.66,TARGET,1286.19,839.00
cpr,HCLTECH,2025-02-03,SHORT,2025-02-03T14:00:00,1687.90,1693.45,1679.58,177,5.55,2025-02-03T15:00:00,1693.45,STOP,-982.29,-1431.17
cpr,HCLTECH,2025-02-05,SHORT,2025-02-05T11:50:00,1714.05,1720.41,1704.52,175,6.36,2025-02-05T13:40:00,1714.20,TIME_STOP,-26.25,-476.21
cpr,HCLTECH,2025-02-10,LONG,2025-02-10T11:00:00,1724.75,1719.51,1732.61,173,5.24,2025-02-10T11:30:00,1732.61,TARGET,1360.01,911.42
cpr,HCLTECH,2025-02-11,SHORT,2025-02-11T13:10:00,1725.55,1730.04,1718.82,173,4.49,2025-02-11T13:10:00,1718.82,TARGET,1165.13,718.23
cpr,HCLTECH,2025-02-12,SHORT,2025-02-12T10:10:00,1723.45,1730.01,1713.61,174,6.56,2025-02-12T10:40:00,1713.61,TARGET,1711.57,1263.03
cpr,HCLTECH,2025-02-13,LONG,2025-02-13T10:20:00,1722.80,1716.75,1731.88,174,6.05,2025-02-13T10:30:00,1716.75,STOP,-1053.33,-1502.19
cpr,HCLTECH,2025-02-19,SHORT,2025-02-19T12:50:00,1715.50,1720.03,1708.71,174,4.53,2025-02-19T13:30:00,1708.71,TARGET,1181.47,734.61
cpr,HCLTECH,2025-02-21,LONG,2025-02-21T12:10:00,1697.65,1692.88,1704.80,176,4.77,2025-02-21T14:00:00,1697.95,TIME_STOP,52.80,-395.42
cpr,HCLTECH,2025-03-03,SHORT,2025-03-03T12:30:00,1579.15,1583.67,1572.37,189,4.52,2025-03-03T14:20:00,1573.25,TIME_STOP,1115.10,668.25
cpr,HCLTECH,2025-03-13,SHORT,2025-03-13T12:30:00,1531.05,1536.34,1523.11,195,5.29,2025-03-13T12:50:00,1536.34,STOP,-1032.15,-1480.76
cpr,HCLTECH,2025-03-19,SHORT,2025-03-19T11:30:00,1530.45,1535.19,1523.34,196,4.74,2025-03-19T13:20:00,1535.19,STOP,-928.46,-1379.11
cpr,HCLTECH,2025-03-21,LONG,2025-03-21T11:00:00,1578.00,1569.64,1590.54,190,8.36,2025-03-21T12:10:00,1590.54,TARGET,2381.93,1930.42
cpr,HCLTECH,2025-03-24,LONG,2025-03-24T11:30:00,1578.55,1572.23,1588.02,190,6.32,2025-03-24T12:50:00,1588.02,TARGET,1799.96,1348.73
cpr,HCLTECH,2025-03-27,LONG,2025-03-27T10:00:00,1633.85,1627.27,1643.72,183,6.58,2025-03-27T11:20:00,1627.27,STOP,-1203.93,-1651.52
cpr,HCLTECH,2025-04-16,SHORT,2025-04-16T13:50:00,1415.00,1419.08,1408.88,212,4.08,2025-04-16T14:00:00,1419.08,STOP,-865.30,-1315.92
cpr,HCLTECH,2025-04-22,LONG,2025-04-22T11:50:00,1481.30,1474.78,1491.08,202,6.52,2025-04-22T13:20:00,1491.08,TARGET,1974.74,1524.42
cpr,HCLTECH,2025-04-25,SHORT,2025-04-25T10:10:00,1574.30,1582.32,1562.27,190,8.02,2025-04-25T10:10:00,1582.32,STOP,-1524.30,-1974.12
cpr,HCLTECH,2025-04-29,LONG,2025-04-29T10:20:00,1555.30,1549.97,1563.29,192,5.33,2025-04-29T11:10:00,1563.29,TARGET,1533.65,1084.57
cpr,HCLTECH,2025-04-30,SHORT,2025-04-30T13:10:00,1566.40,1571.36,1558.96,191,4.96,2025-04-30T13:30:00,1571.36,STOP,-947.23,-1396.72
cpr,HCLTECH,2025-05-02,LONG,2025-05-02T10:10:00,1578.10,1570.73,1589.15,190,7.37,2025-05-02T10:30:00,1570.73,STOP,-1399.42,-1848.13
cpr,HCLTECH,2025-05-06,SHORT,2025-05-06T10:00:00,1567.20,1573.07,1558.39,191,5.87,2025-05-06T10:20:00,1573.07,STOP,-1121.65,-1571.50
cpr,HCLTECH,2025-05-14,SHORT,2025-05-14T10:10:00,1629.60,1637.95,1617.08,184,8.35,2025-05-14T12:00:00,1630.70,TIME_STOP,-202.40,-652.32
cpr,HCLTECH,2025-05-15,SHORT,2025-05-15T10:10:00,1630.50,1636.56,1621.41,183,6.06,2025-05-15T10:10:00,1636.56,STOP,-1108.98,-1557.38
cpr,HCLTECH,2025-05-16,SHORT,2025-05-16T10:50:00,1664.10,1671.00,1653.75,180,6.90,2025-05-16T11:00:00,1671.00,STOP,-1242.40,-1692.64
cpr,HCLTECH,2025-05-20,SHORT,2025-05-20T13:00:00,1647.00,1651.54,1640.19,182,4.54,2025-05-20T14:40:00,1640.19,TARGET,1239.46,790.76
cpr,HCLTECH,2025-05-30,SHORT,2025-05-30T10:00:00,1652.30,1657.16,1645.00,181,4.86,2025-05-30T10:00:00,1655.60,REVERSE,-597.30,-1046.35
cpr,HCLTECH,2025-06-03,LONG,2025-06-03T11:40:00,1634.90,1628.78,1644.08,183,6.12,2025-06-03T12:50:00,1628.78,STOP,-1119.98,-1567.92
cpr,HCLTECH,2025-06-05,LONG,2025-06-05T11:20:00,1636.80,1633.09,1642.37,183,3.71,2025-06-05T11:50:00,1633.09,STOP,-678.96,-1127.75
cpr,HCLTECH,2025-06-12,SHORT,2025-06-12T14:10:00,1700.30,1705.56,1692.41,176,5.26,2025-06-12T15:20:00,1705.56,STOP,-925.55,-1375.12
cpr,HCLTECH,2025-06-13,SHORT,2025-06-13T14:00:00,1696.20,1701.27,1688.59,176,5.07,2025-06-13T14:50:00,1688.59,TARGET,1339.25,892.45
cpr,HCLTECH,2025-06-18,SHORT,2025-06-18T10:20:00,1728.00,1733.23,1720.15,173,5.23,2025-06-18T10:30:00,1720.15,TARGET,1357.22,909.82
cpr,HCLTECH,2025-06-24,LONG,2025-06-24T10:10:00,1718.50,1712.05,1728.17,174,6.45,2025-06-24T12:00:00,1718.20,TIME_STOP,-52.20,-500.69
cpr,HCLTECH,2025-06-25,LONG,2025-06-25T10:20:00,1710.60,1704.33,1720.00,175,6.27,2025-06-25T12:10:00,1710.60,TIME_STOP,0.00,-449.03
cpr,HCLTECH,2025-06-26,SHORT,2025-06-26T13:00:00,1705.80,1710.50,1698.74,175,4.70,2025-06-26T13:00:00,1710.50,STOP,-823.25,-1271.64
cpr,HCLTECH,2025-07-01,SHORT,2025-07-01T12:20:00,1721.80,1726.57,1714.64,174,4.77,2025-07-01T13:30:00,1714.64,TARGET,1245.47,797.02
cpr,HCLTECH,2025-07-02,SHORT,2025-07-02T11:00:00,1716.80,1721.46,1709.81,174,4.66,2025-07-02T12:10:00,1721.46,STOP,-810.46,-1259.15
cpr,HCLTECH,2025-07-03,SHORT,2025-07-03T13:30:00,1717.10,1721.15,1711.03,174,4.05,2025-07-03T13:40:00,1721.15,STOP,-704.03,-1152.72
cpr,HCLTECH,2025-07-04,LONG,2025-07-04T11:40:00,1718.70,1714.69,1724.71,174,4.01,2025-07-04T13:30:00,1720.20,TIME_STOP,261.00,-187.78
cpr,HCLTECH,2025-07-22,LONG,2025-07-22T11:00:00,1536.30,1533.21,1540.93,195,3.09,2025-07-22T11:50:00,1533.21,STOP,-602.08,-1051.00
cpr,HCLTECH,2025-07-23,LONG,2025-07-23T12:00:00,1526.60,1523.75,1530.88,196,2.85,2025-07-23T12:20:00,1530.88,TARGET,838.68,389.23
cpr,HCLTECH,2025-08-08,SHORT,2025-08-08T10:50:00,1462.90,1466.43,1457.60,205,3.53,2025-08-08T10:50:00,1466.43,STOP,-724.00,-1174.38
cpr,HCLTECH,2025-08-11,SHORT,2025-08-11T10:20:00,1471.80,1475.37,1466.45,203,3.57,2025-08-11T10:20:00,1475.37,STOP,-724.13,-1172.84
cpr,HCLTECH,2025-08-13,LONG,2025-08-13T13:00:00,1500.70,1497.19,1505.96,199,3.51,2025-08-13T14:40:00,1505.96,TARGET,1046.73,597.99
cpr,HCLTECH,2025-08-14,LONG,2025-08-14T10:40:00,1504.30,1500.99,1509.27,199,3.31,2025-08-14T10:40:00,1500.99,STOP,-659.63,-1108.17
cpr,HCLTECH,2025-08-20,LONG,2025-08-20T11:20:00,1479.10,1473.80,1487.05,202,5.30,2025-08-20T13:00:00,1487.05,TARGET,1605.23,1155.86
cpr,HCLTECH,2025-09-03,SHORT,2025-09-03T10:10:00,1462.00,1465.71,1456.43,205,3.71,2025-09-03T10:50:00,1456.43,TARGET,1140.99,692.28
cpr,HCLTECH,2025-09-04,SHORT,2025-09-04T10:50:00,1457.80,1460.44,1453.84,205,2.64,2025-09-04T10:50:00,1453.84,TARGET,812.72,365.06
cpr,HCLTECH,2025-09-09,LONG,2025-09-09T10:00:00,1421.30,1416.34,1428.74,211,4.96,2025-09-09T11:50:00,1424.90,TIME_STOP,759.60,309.19
cpr,HCLTECH,2025-09-23,LONG,2025-09-23T14:10:00,1436.00,1433.08,1440.38,208,2.92,2025-09-23T14:20:00,1433.08,STOP,-606.92,-1054.49
cpr,HCLTECH,2025-09-24,LONG,2025-09-24T10:20:00,1438.00,1433.50,1444.75,208,4.50,2025-09-24T12:10:00,1441.10,TIME_STOP,644.80,195.66
cpr,HCLTECH,2025-09-30,LONG,2025-09-30T10:40:00,1396.80,1393.25,1402.12,214,3.55,2025-09-30T11:10:00,1402.12,TARGET,1138.98,689.75
cpr,HCLTECH,2025-10-03,SHORT,2025-10-03T10:50:00,1386.80,1390.39,1381.41,216,3.59,2025-10-03T12:40:00,1383.60,TIME_STOP,691.20,242.40
cpr,HCLTECH,2025-10-13,SHORT,2025-10-13T10:20:00,1487.40,1492.09,1480.36,201,4.69,2025-10-13T11:20:00,1480.36,TARGET,1414.80,967.41
cpr,HCLTECH,2025-10-29,LONG,2025-10-29T10:40:00,1546.30,1542.16,1552.50,194,4.14,2025-10-29T10:50:00,1542.16,STOP,-802.35,-1251.73
cpr,HCLTECH,2025-10-30,SHORT,2025-10-30T10:00:00,1542.10,1545.65,1536.77,194,3.55,2025-10-30T10:20:00,1545.65,STOP,-689.28,-1138.55
cpr,HCLTECH,2025-10-31,SHORT,2025-10-31T11:10:00,1545.60,1549.17,1540.25,194,3.57,2025-10-31T11:30:00,1549.17,STOP,-692.57,-1142.86
cpr,HCLTECH,2025-11-14,SHORT,2025-11-14T10:40:00,1588.60,1592.40,1582.89,188,3.80,2025-11-14T10:50:00,1592.40,STOP,-715.31,-1163.83
cpr,HCLTECH,2025-11-18,SHORT,2025-11-18T10:00:00,1592.60,1596.15,1587.27,188,3.55,2025-11-18T11:40:00,1596.15,STOP,-667.88,-1117.50
cpr,HCLTECH,2025-12-02,SHORT,2025-12-02T10:20:00,1632.00,1636.32,1625.52,183,4.32,2025-12-02T11:30:00,1625.52,TARGET,1186.18,739.09
cpr,HCLTECH,2025-12-03,SHORT,2025-12-03T10:00:00,1633.00,1637.48,1626.28,183,4.48,2025-12-03T10:20:00,1637.48,STOP,-819.52,-1268.39
cpr,HCLTECH,2025-12-10,SHORT,2025-12-10T14:10:00,1663.30,1666.18,1658.98,180,2.88,2025-12-10T14:10:00,1665.70,REVERSE,-432.00,-881.42
cpr,HCLTECH,2025-12-11,SHORT,2025-12-11T10:00:00,1653.20,1658.28,1645.58,181,5.08,2025-12-11T10:10:00,1658.28,STOP,-919.06,-1368.59
cpr,HCLTECH,2025-12-12,SHORT,2025-12-12T10:30:00,1662.00,1665.98,1656.03,180,3.98,2025-12-12T11:10:00,1665.98,STOP,-716.90,-1166.18
cpr,HCLTECH,2025-12-16,SHORT,2025-12-16T10:20:00,1667.00,1671.39,1660.42,179,4.39,2025-12-16T10:40:00,1660.42,TARGET,1177.81,731.10
cpr,HCLTECH,2025-12-17,SHORT,2025-12-17T12:10:00,1649.20,1652.65,1644.03,181,3.45,2025-12-17T12:30:00,1652.65,STOP,-624.24,-1072.47
cpr,HCLTECH,2025-12-19,SHORT,2025-12-19T10:10:00,1649.00,1654.13,1641.30,181,5.13,2025-12-19T10:10:00,1641.30,TARGET,1392.80,946.14
cpr,HCLTECH,2026-01-01,LONG,2026-01-01T10:40:00,1629.00,1624.45,1635.82,184,4.55,2026-01-01T11:00:00,1635.82,TARGET,1254.76,804.22
cpr,HCLTECH,2026-01-02,LONG,2026-01-02T11:30:00,1640.70,1636.61,1646.84,182,4.09,2026-01-02T12:10:00,1636.61,STOP,-745.19,-1192.54
cpr,HCLTECH,2026-01-12,SHORT,2026-01-12T10:20:00,1650.80,1657.60,1640.60,181,6.80,2026-01-12T12:10:00,1655.00,TIME_STOP,-760.20,-1208.96
cpr,HCLTECH,2026-01-13,LONG,2026-01-13T11:20:00,1669.70,1657.67,1687.74,179,12.03,2026-01-13T13:00:00,1657.67,STOP,-2152.86,-2599.56
cpr,HCLTECH,2026-01-14,SHORT,2026-01-14T10:10:00,1658.50,1665.49,1648.02,180,6.99,2026-01-14T11:00:00,1665.49,STOP,-1257.69,-1706.43
cpr,HCLTECH,2026-01-20,SHORT,2026-01-20T10:10:00,1692.80,1697.95,1685.08,177,5.15,2026-01-20T10:20:00,1697.95,STOP,-911.49,-1361.61
cpr,HCLTECH,2026-01-21,SHORT,2026-01-21T13:40:00,1679.10,1683.76,1672.11,178,4.66,2026-01-21T15:00:00,1683.76,STOP,-829.07,-1278.01
cpr,HCLTECH,2026-01-27,SHORT,2026-01-27T11:20:00,1702.80,1708.76,1693.86,176,5.96,2026-01-27T11:20:00,1708.76,STOP,-1049.47,-1499.79
cpr,HCLTECH,2026-01-28,SHORT,2026-01-28T12:50:00,1712.70,1717.71,1705.19,175,5.01,2026-01-28T14:20:00,1717.71,STOP,-876.16,-1326.40
cpr,HCLTECH,2026-01-29,LONG,2026-01-29T13:20:00,1720.00,1715.42,1726.88,174,4.58,2026-01-29T15:10:00,1720.80,TIME_STOP,139.20,-309.82
cpr,HCLTECH,2026-02-05,LONG,2026-02-05T10:30:00,1629.20,1622.03,1639.96,184,7.17,2026-02-05T10:50:00,1622.03,STOP,-1319.82,-1768.49
cpr,HCLTECH,2026-02-10,LONG,2026-02-10T10:10:00,1598.20,1593.30,1605.55,187,4.90,2026-02-10T10:10:00,1593.30,STOP,-916.42,-1364.02
cpr,HCLTECH,2026-02-18,SHORT,2026-02-18T10:50:00,1452.80,1460.01,1441.98,206,7.21,2026-02-18T11:00:00,1460.01,STOP,-1485.63,-1935.66
cpr,HCLTECH,2026-03-04,SHORT,2026-03-04T10:40:00,1365.80,1372.45,1355.83,219,6.65,2026-03-04T12:30:00,1364.30,TIME_STOP,328.50,-119.92
cpr,HCLTECH,2026-03-06,SHORT,2026-03-06T10:10:00,1366.60,1372.33,1358.01,219,5.73,2026-03-06T10:20:00,1369.40,REVERSE,-613.20,-1062.59
cpr,HCLTECH,2026-03-09,LONG,2026-03-09T11:30:00,1369.80,1363.81,1378.78,219,5.99,2026-03-09T11:50:00,1363.81,STOP,-1311.62,-1760.62
cpr,HCLTECH,2026-03-10,LONG,2026-03-10T13:20:00,1355.70,1351.83,1361.51,221,3.87,2026-03-10T14:50:00,1361.51,TARGET,1284.19,833.81
cpr,HCLTECH,2026-03-11,SHORT,2026-03-11T10:20:00,1349.30,1353.77,1342.60,222,4.47,2026-03-11T10:20:00,1353.77,STOP,-992.01,-1442.07
cpr,HCLTECH,2026-03-12,LONG,2026-03-12T11:20:00,1361.30,1356.23,1368.90,220,5.07,2026-03-12T11:20:00,1356.23,STOP,-1115.05,-1563.45
cpr,MARUTI,2024-03-19,SHORT,2024-03-19T14:10:00,11528.30,11562.56,11476.91,26,34.26,2024-03-19T14:30:00,11562.56,STOP,-890.82,-1341.09
cpr,MARUTI,2024-03-21,LONG,2024-03-21T10:10:00,11951.25,11907.63,12016.68,25,43.62,2024-03-21T11:40:00,11907.63,STOP,-1090.58,-1537.93
cpr,MARUTI,2024-03-26,SHORT,2024-03-26T10:40:00,12197.50,12247.05,12123.17,24,49.55,2024-03-26T11:20:00,12237.50,REVERSE,-960.00,-1399.83
cpr,MARUTI,2024-03-28,LONG,2024-03-28T11:20:00,12607.40,12557.37,12682.44,23,50.03,2024-03-28T12:20:00,12557.37,STOP,-1150.67,-1584.77
cpr,MARUTI,2024-04-01,LONG,2024-04-01T14:10:00,12608.35,12586.18,12641.60,23,22.17,2024-04-01T14:10:00,12595.40,REVERSE,-297.85,-732.61
cpr,MARUTI,2024-04-02,LONG,2024-04-02T11:00:00,12599.20,12559.72,12658.41,23,39.48,2024-04-02T11:00:00,12559.72,STOP,-907.95,-1341.94
cpr,MARUTI,2024-04-05,SHORT,2024-04-05T11:30:00,12458.25,12494.64,12403.67,24,36.39,2024-04-05T12:20:00,12403.67,TARGET,1309.91,862.39
cpr,MARUTI,2024-04-10,SHORT,2024-04-10T11:20:00,12807.40,12845.58,12750.13,23,38.18,2024-04-10T11:50:00,12750.13,TARGET,1317.18,876.31
cpr,MARUTI,2024-04-19,LONG,2024-04-19T12:20:00,12489.90,12426.05,12585.68,24,63.85,2024-04-19T13:50:00,12585.68,TARGET,2298.62,1847.26
cpr,MARUTI,2024-04-25,SHORT,2024-04-25T10:00:00,12825.00,12870.46,12756.81,23,45.46,2024-04-25T10:50:00,12756.81,TARGET,1568.35,1127.06
cpr,MARUTI,2024-04-26,SHORT,2024-04-26T11:50:00,12846.95,12899.69,12767.84,23,52.74,2024-04-26T12:30:00,12767.84,TARGET,1819.52,1377.66
cpr,MARUTI,2024-05-06,LONG,2024-05-06T11:10:00,12585.10,12539.04,12654.18,23,46.06,2024-05-06T11:40:00,12539.04,STOP,-1059.29,-1492.68
cpr,MARUTI,2024-05-09,SHORT,2024-05-09T13:00:00,12469.40,12515.58,12400.14,24,46.18,2024-05-09T13:40:00,12515.58,STOP,-1108.23,-1557.96
cpr,MARUTI,2024-05-15,SHORT,2024-05-15T10:20:00,12749.85,12778.63,12706.68,23,28.78,2024-05-15T10:50:00,12706.68,TARGET,992.89,553.76
cpr,MARUTI,2024-05-22,LONG,2024-05-22T11:40:00,12536.00,12501.87,12587.19,23,34.13,2024-05-22T13:30:00,12556.15,TIME_STOP,463.45,30.61
cpr,MARUTI,2024-05-27,LONG,2024-05-27T12:50:00,12959.05,12925.67,13009.12,23,33.38,2024-05-27T13:20:00,12925.67,STOP,-767.68,-1214.19
cpr,MARUTI,2024-05-28,LONG,2024-05-28T11:20:00,12973.00,12936.58,13027.64,23,36.42,2024-05-28T11:30:00,12936.58,STOP,-837.76,-1284.70
cpr,MARUTI,2024-06-05,LONG,2024-06-05T10:00:00,12370.00,12238.23,12567.66,18,131.77,2024-06-05T10:10:00,12567.66,TARGET,3557.86,3221.20
cpr,MARUTI,2024-06-13,SHORT,2024-06-13T10:00:00,12817.00,12852.88,12763.17,23,35.88,2024-06-13T10:00:00,12852.88,STOP,-825.33,-1268.13
cpr,MARUTI,2024-06-14,LONG,2024-06-14T11:50:00,12842.85,12820.19,12876.83,23,22.66,2024-06-14T11:50:00,12876.83,TARGET,781.65,337.99
cpr,MARUTI,2024-06-21,LONG,2024-06-21T12:10:00,12220.80,12171.53,12294.71,24,49.27,2024-06-21T12:40:00,12171.53,STOP,-1182.51,-1621.57
cpr,MARUTI,2024-06-24,LONG,2024-06-24T10:30:00,12255.00,12204.97,12330.05,24,50.03,2024-06-24T11:10:00,12204.97,STOP,-1200.76,-1641.04
cpr,MARUTI,2024-06-25,SHORT,2024-06-25T10:40:00,12133.75,12167.52,12083.09,24,33.77,2024-06-25T10:50:00,12167.52,STOP,-810.55,-1247.97
cpr,MARUTI,2024-06-26,LONG,2024-06-26T10:30:00,12150.00,12121.11,12193.34,24,28.89,2024-06-26T10:30:00,12193.34,TARGET,1040.19,602.01
cpr,MARUTI,2024-07-01,LONG,2024-07-01T10:00:00,12150.00,12106.08,12215.89,24,43.92,2024-07-01T10:50:00,12106.08,STOP,-1054.20,-1490.80
cpr,MARUTI,2024-07-04,LONG,2024-07-04T12:40:00,12132.80,12109.91,12167.13,24,22.89,2024-07-04T13:30:00,12109.91,STOP,-549.33,-985.69
cpr,MARUTI,2024-07-16,SHORT,2024-07-16T10:30:00,12644.00,12690.72,12573.92,23,46.72,2024-07-16T11:10:00,12690.72,STOP,-1074.50,-1511.53
cpr,MARUTI,2024-07-19,SHORT,2024-07-19T11:50:00,12596.80,12637.47,12535.79,23,40.67,2024-07-19T12:40:00,12535.79,TARGET,1403.15,969.62
cpr,MARUTI,2024-07-22,LONG,2024-07-22T10:50:00,12596.45,12555.11,12658.46,23,41.34,2024-07-22T11:20:00,12555.11,STOP,-950.80,-1384.67
cpr,MARUTI,2024-07-23,SHORT,2024-07-23T12:30:00,12455.95,12508.08,12377.76,24,52.13,2024-07-23T12:30:00,12377.76,TARGET,1876.67,1429.67
cpr,MARUTI,2024-07-26,LONG,2024-07-26T10:10:00,12594.95,12552.94,12657.96,23,42.01,2024-07-26T10:10:00,12552.94,STOP,-966.17,-1399.97
cpr,MARUTI,2024-08-01,SHORT,2024-08-01T14:00:00,13186.85,13251.61,13089.70,22,64.76,2024-08-01T14:10:00,13228.00,REVERSE,-905.30,-1341.15
cpr,MARUTI,2024-08-07,LONG,2024-08-07T10:10:00,12375.00,12316.90,12462.15,24,58.10,2024-08-07T11:30:00,12316.90,STOP,-1394.42,-1838.88
cpr,MARUTI,2024-08-08,SHORT,2024-08-08T10:20:00,12261.00,12301.22,12200.66,24,40.22,2024-08-08T10:30:00,12301.22,STOP,-965.39,-1407.51
cpr,MARUTI,2024-08-09,SHORT,2024-08-09T11:20:00,12234.55,12269.00,12182.87,24,34.45,2024-08-09T13:00:00,12255.00,REVERSE,-490.80,-931.61
cpr,MARUTI,2024-08-13,SHORT,2024-08-13T10:40:00,12245.00,12285.41,12184.39,24,40.41,2024-08-13T11:10:00,12285.41,STOP,-969.82,-1411.36
cpr,MARUTI,2024-08-16,SHORT,2024-08-16T10:20:00,12184.00,12230.38,12114.43,24,46.38,2024-08-16T10:30:00,12114.43,TARGET,1669.57,1232.20
cpr,MARUTI,2024-08-19,SHORT,2024-08-19T10:40:00,12177.55,12207.68,12132.36,24,30.13,2024-08-19T12:30:00,12161.65,TIME_STOP,381.60,-56.51
cpr,MARUTI,2024-08-20,LONG,2024-08-20T10:00:00,12195.80,12174.11,12228.34,24,21.69,2024-08-20T10:10:00,12228.34,TARGET,780.88,341.25
cpr,MARUTI,2024-08-21,LONG,2024-08-21T14:00:00,12228.85,12214.07,12251.02,24,14.78,2024-08-21T15:00:00,12214.07,STOP,-354.73,-794.70
cpr,MARUTI,2024-08-26,LONG,2024-08-26T13:00:00,12304.00,12281.66,12337.51,24,22.34,2024-08-26T14:30:00,12281.66,STOP,-536.11,-978.65
cpr,MARUTI,2024-08-27,LONG,2024-08-27T10:20:00,12366.40,12337.16,12410.26,24,29.24,2024-08-27T10:20:00,12337.16,STOP,-701.81,-1146.47
cpr,MARUTI,2024-09-02,SHORT,2024-09-02T12:40:00,12391.85,12425.42,12341.49,24,33.57,2024-09-02T14:30:00,12425.42,STOP,-805.74,-1252.46
cpr,MARUTI,2024-09-03,SHORT,2024-09-03T12:50:00,12395.55,12417.39,12362.79,24,21.84,2024-09-03T14:10:00,12417.39,STOP,-524.22,-970.86
cpr,MARUTI,2024-09-13,SHORT,2024-09-13T13:10:00,12301.50,12323.50,12268.51,24,22.00,2024-09-13T13:20:00,12323.50,STOP,-527.88,-971.13
cpr,MARUTI,2024-09-16,SHORT,2024-09-16T10:50:00,12306.15,12329.92,12270.50,24,23.77,2024-09-16T12:40:00,12290.00,TIME_STOP,387.60,-55.13
cpr,MARUTI,2024-09-18,SHORT,2024-09-18T13:10:00,12211.00,12234.84,12175.25,24,23.84,2024-09-18T13:40:00,12175.25,TARGET,858.08,419.13
cpr,MARUTI,2024-09-25,SHORT,2024-09-25T10:30:00,12646.80,12684.36,12590.46,23,37.56,2024-09-25T11:40:00,12684.36,STOP,-863.91,-1300.87
cpr,MARUTI,2024-09-30,SHORT,2024-09-30T11:20:00,13391.05,13437.31,13321.66,22,46.26,2024-09-30T12:40:00,13321.66,TARGET,1526.60,1085.84
cpr,MARUTI,2024-10-04,LONG,2024-10-04T11:00:00,12835.85,12766.59,12939.74,23,69.26,2024-10-04T11:10:00,12766.59,STOP,-1592.92,-2034.56
cpr,MARUTI,2024-10-08,SHORT,2024-10-08T10:20:00,12482.80,12532.56,12408.15,24,49.76,2024-10-08T10:20:00,12501.10,REVERSE,-439.20,-888.91
cpr,MARUTI,2024-10-11,SHORT,2024-10-11T12:50:00,12860.55,12893.37,12811.31,23,32.82,2024-10-11T13:40:00,12811.31,TARGET,1132.42,689.58
cpr,MARUTI,2024-10-21,LONG,2024-10-21T11:10:00,12193.90,12137.67,12278.25,24,56.23,2024-10-21T11:10:00,12137.67,STOP,-1349.53,-1787.50
cpr,MARUTI,2024-10-22,SHORT,2024-10-22T10:10:00,12102.45,12156.59,12021.24,24,54.14,2024-10-22T10:10:00,12021.24,TARGET,1948.96,1514.74
cpr,MARUTI,2024-10-23,LONG,2024-10-23T11:00:00,12079.00,12024.38,12160.93,24,54.62,2024-10-23T12:50:00,12024.38,STOP,-1310.93,-1744.79
cpr,MARUTI,2024-10-30,LONG,2024-10-30T10:00:00,11220.15,11094.20,11409.08,19,125.95,2024-10-30T11:50:00,11356.90,TIME_STOP,2598.25,2276.53
cpr,MARUTI,2024-11-08,LONG,2024-11-08T12:40:00,11302.95,11267.79,11355.68,26,35.16,2024-11-08T13:40:00,11267.79,STOP,-914.06,-1354.19
cpr,MARUTI,2024-11-22,LONG,2024-11-22T12:20:00,10945.00,10912.17,10994.25,27,32.83,2024-11-22T13:10:00,10994.25,TARGET,1329.80,885.53
cpr,MARUTI,2024-11-27,LONG,2024-11-27T12:30:00,11082.40,11047.19,11135.21,27,35.21,2024-11-27T14:20:00,11056.60,TIME_STOP,-696.60,-1144.91
cpr,MARUTI,2024-11-29,LONG,2024-11-29T10:50:00,11010.50,10973.04,11066.68,27,37.46,2024-11-29T11:20:00,11066.68,TARGET,1516.96,1069.90
cpr,MARUTI,2024-12-03,SHORT,2024-12-03T12:20:00,11221.95,11248.65,11181.90,26,26.70,2024-12-03T12:30:00,11248.65,STOP,-694.28,-1132.46
cpr,MARUTI,2024-12-06,SHORT,2024-12-06T12:00:00,11145.00,11179.42,11093.37,26,34.42,2024-12-06T12:00:00,11179.42,STOP,-894.84,-1330.17
cpr,MARUTI,2024-12-19,SHORT,2024-12-19T13:10:00,10958.00,10984.70,10917.95,27,26.70,2024-12-19T13:30:00,10984.70,STOP,-720.92,-1165.26
cpr,MARUTI,2024-12-24,LONG,2024-12-24T10:40:00,10880.40,10850.51,10925.23,27,29.89,2024-12-24T10:50:00,10850.51,STOP,-807.01,-1247.07
cpr,MARUTI,2024-12-26,LONG,2024-12-26T10:10:00,10829.10,10799.05,10874.17,27,30.05,2024-12-26T10:10:00,10874.17,TARGET,1216.90,777.40
cpr,MARUTI,2024-12-31,LONG,2024-12-31T14:00:00,10842.45,10818.49,10878.39,27,23.96,2024-12-31T14:10:00,10878.39,TARGET,970.36,530.51
cpr,MARUTI,2025-01-01,SHORT,2025-01-01T10:00:00,10809.75,10835.38,10771.30,27,25.63,2025-01-01T10:10:00,10835.38,STOP,-692.02,-1130.34
cpr,MARUTI,2025-01-07,SHORT,2025-01-07T12:30:00,11743.15,11780.55,11687.04,25,37.40,2025-01-07T13:20:00,11687.04,TARGET,1402.64,963.32
cpr,MARUTI,2025-01-08,LONG,2025-01-08T10:00:00,11746.80,11713.61,11796.59,25,33.19,2025-01-08T11:10:00,11796.59,TARGET,1244.69,803.25
cpr,MARUTI,2025-01-09,LONG,2025-01-09T12:50:00,11797.25,11766.60,11843.23,25,30.65,2025-01-09T14:10:00,11766.60,STOP,-766.27,-1208.10
cpr,MARUTI,2025-01-17,SHORT,2025-01-17T11:20:00,12023.70,12057.11,11973.58,24,33.41,2025-01-17T11:30:00,12057.11,STOP,-801.90,-1235.36
cpr,MARUTI,2025-01-20,SHORT,2025-01-20T13:50:00,12041.25,12069.74,11998.51,24,28.49,2025-01-20T14:00:00,11998.51,TARGET,1025.65,592.94
cpr,MARUTI,2025-01-22,LONG,2025-01-22T12:40:00,12072.00,12035.61,12126.59,24,36.39,2025-01-22T12:40:00,12035.61,STOP,-873.41,-1307.35
cpr,MARUTI,2025-01-24,LONG,2025-01-24T12:00:00,12086.90,12049.96,12142.31,24,36.94,2025-01-24T12:10:00,12049.96,STOP,-886.56,-1321.03
cpr,MARUTI,2025-01-27,LONG,2025-01-27T12:10:00,12031.40,11997.35,12082.48,24,34.05,2025-01-27T12:10:00,11997.35,STOP,-817.29,-1249.81
cpr,MARUTI,2025-01-28,LONG,2025-01-28T13:00:00,12008.95,11980.62,12051.44,24,28.33,2025-01-28T13:00:00,12051.44,TARGET,1019.78,586.70
cpr,MARUTI,2025-01-30,SHORT,2025-01-30T10:20:00,11997.40,12048.25,11921.12,25,50.85,2025-01-30T12:10:00,12005.40,TIME_STOP,-200.00,-650.05
cpr,MARUTI,2025-02-04,SHORT,2025-02-04T10:20:00,13072.80,13118.66,13004.01,22,45.86,2025-02-04T10:40:00,13004.01,TARGET,1513.45,1083.18
cpr,MARUTI,2025-02-07,SHORT,2025-02-07T10:10:00,13050.60,13079.80,13006.80,22,29.20,2025-02-07T10:10:00,13079.80,STOP,-642.43,-1073.58
cpr,MARUTI,2025-02-11,LONG,2025-02-11T10:00:00,12991.95,12958.68,13041.85,23,33.27,2025-02-11T10:00:00,12958.68,STOP,-765.21,-1212.86
cpr,MARUTI,2025-02-13,LONG,2025-02-13T11:50:00,12715.20,12682.63,12764.06,23,32.57,2025-02-13T12:00:00,12682.63,STOP,-749.11,-1187.22
cpr,MARUTI,2025-02-17,LONG,2025-02-17T12:10:00,12685.05,12654.18,12731.35,23,30.87,2025-02-17T14:00:00,12693.10,TIME_STOP,185.15,-252.62
cpr,MARUTI,2025-02-24,SHORT,2025-02-24T11:20:00,12325.95,12363.57,12269.52,24,37.62,2025-02-24T12:40:00,12363.57,STOP,-902.84,-1347.25
cpr,MARUTI,2025-02-27,SHORT,2025-02-27T10:10:00,12417.40,12452.69,12364.46,24,35.29,2025-02-27T11:40:00,12364.46,TARGET,1270.53,824.46
cpr,MARUTI,2025-03-05,LONG,2025-03-05T11:10:00,11680.00,11651.91,11722.14,25,28.09,2025-03-05T11:40:00,11722.14,TARGET,1053.56,614.77
cpr,MARUTI,2025-03-07,SHORT,2025-03-07T12:30:00,11621.65,11653.01,11574.61,25,31.36,2025-03-07T12:40:00,11653.01,STOP,-783.95,-1220.35
cpr,MARUTI,2025-03-12,SHORT,2025-03-12T10:50:00,11606.35,11638.54,11558.06,25,32.19,2025-03-12T11:00:00,11638.54,STOP,-804.78,-1240.62
cpr,MARUTI,2025-03-13,SHORT,2025-03-13T11:50:00,11600.00,11632.98,11550.53,25,32.98,2025-03-13T12:50:00,11632.98,STOP,-824.52,-1260.13
cpr,MARUTI,2025-03-17,LONG,2025-03-17T10:00:00,11703.65,11665.08,11761.51,25,38.57,2025-03-17T10:00:00,11665.08,STOP,-964.26,-1402.42
cpr,MARUTI,2025-03-19,SHORT,2025-03-19T14:00:00,11561.25,11585.02,11525.60,25,23.77,2025-03-19T14:00:00,11585.02,STOP,-594.23,-1028.22
cpr,MARUTI,2025-03-24,LONG,2025-03-24T11:00:00,11828.00,11790.42,11884.37,25,37.58,2025-03-24T11:50:00,11884.37,TARGET,1409.16,964.55
cpr,MARUTI,2025-04-21,LONG,2025-04-21T10:50:00,11745.00,11710.86,11796.20,25,34.14,2025-04-21T10:50:00,11710.86,STOP,-853.39,-1293.19
cpr,MARUTI,2025-04-22,SHORT,2025-04-22T10:10:00,11647.00,11680.08,11597.38,25,33.08,2025-04-22T11:40:00,11680.08,STOP,-827.04,-1264.42
cpr,MARUTI,2025-04-25,SHORT,2025-04-25T10:10:00,11843.00,11893.08,11767.88,25,50.08,2025-04-25T12:00:00,11830.00,TIME_STOP,325.00,-118.87
cpr,MARUTI,2025-04-29,LONG,2025-04-29T10:50:00,11828.00,11783.50,11894.75,25,44.50,2025-04-29T11:20:00,11783.50,STOP,-1112.43,-1555.15
cpr,MARUTI,2025-05-19,SHORT,2025-05-19T11:00:00,12948.00,12976.67,12904.99,23,28.67,2025-05-19T11:10:00,12976.67,STOP,-659.42,-1106.62
cpr,MARUTI,2025-05-23,SHORT,2025-05-23T11:40:00,12462.00,12488.23,12422.65,24,26.23,2025-05-23T13:30:00,12450.00,TIME_STOP,288.00,-160.42
cpr,MARUTI,2025-05-26,SHORT,2025-05-26T11:00:00,12452.00,12482.05,12406.93,24,30.05,2025-05-26T11:20:00,12482.05,STOP,-721.17,-1169.98
cpr,MARUTI,2025-05-27,SHORT,2025-05-27T12:30:00,12352.00,12390.84,12293.73,24,38.84,2025-05-27T14:20:00,12293.73,TARGET,1398.39,954.77
cpr,MARUTI,2025-05-30,SHORT,2025-05-30T11:30:00,12316.00,12347.21,12269.18,24,31.21,2025-05-30T11:40:00,12269.18,TARGET,1123.65,681.11
cpr,MARUTI,2025-06-04,LONG,2025-06-04T10:10:00,12188.00,12153.12,12240.32,24,34.88,2025-06-04T10:30:00,12240.32,TARGET,1255.74,816.03
cpr,MARUTI,2025-06-05,SHORT,2025-06-05T10:20:00,12062.00,12101.48,12002.78,24,39.48,2025-06-05T10:20:00,12101.48,STOP,-947.47,-1382.41
cpr,MARUTI,2025-06-10,SHORT,2025-06-10T11:50:00,12553.00,12578.20,12515.20,23,25.20,2025-06-10T12:00:00,12578.20,STOP,-579.67,-1013.18
cpr,MARUTI,2025-06-17,LONG,2025-06-17T10:30:00,12537.00,12512.41,12573.88,23,24.59,2025-06-17T10:40:00,12573.88,TARGET,848.19,415.03
cpr,MARUTI,2025-06-20,LONG,2025-06-20T13:40:00,12818.00,12795.32,12852.02,23,22.68,2025-06-20T13:50:00,12795.32,STOP,-521.66,-963.49
cpr,MARUTI,2025-06-25,LONG,2025-06-25T10:50:00,12712.00,12678.23,12762.66,23,33.77,2025-06-25T11:20:00,12762.66,TARGET,1165.11,725.68
cpr,MARUTI,2025-06-26,SHORT,2025-06-26T11:10:00,12728.00,12759.45,12680.83,23,31.45,2025-06-26T12:30:00,12759.45,STOP,-723.34,-1163.00
cpr,MARUTI,2025-06-27,SHORT,2025-06-27T13:40:00,12690.00,12715.43,12651.86,23,25.43,2025-06-27T14:40:00,12651.86,TARGET,877.31,440.16
cpr,MARUTI,2025-07-09,SHORT,2025-07-09T13:10:00,12465.00,12486.79,12432.32,24,21.79,2025-07-09T13:20:00,12486.79,STOP,-522.91,-972.04
cpr,MARUTI,2025-07-10,LONG,2025-07-10T10:20:00,12588.00,12551.75,12642.38,23,36.25,2025-07-10T10:40:00,12642.38,TARGET,1250.73,815.50
cpr,MARUTI,2025-07-11,SHORT,2025-07-11T10:30:00,12564.00,12597.22,12514.17,23,33.22,2025-07-11T12:20:00,12562.00,TIME_STOP,46.00,-387.42
cpr,MARUTI,2025-07-14,SHORT,2025-07-14T10:40:00,12506.00,12539.44,12455.83,23,33.44,2025-07-14T11:40:00,12455.83,TARGET,1153.85,723.25
cpr,MARUTI,2025-07-15,SHORT,2025-07-15T14:00:00,12525.00,12546.49,12492.77,23,21.49,2025-07-15T15:20:00,12546.49,STOP,-494.19,-926.68
cpr,MARUTI,2025-07-17,SHORT,2025-07-17T13:20:00,12543.00,12563.06,12512.91,23,20.06,2025-07-17T13:50:00,12512.91,TARGET,692.15,259.94
cpr,MARUTI,2025-07-28,SHORT,2025-07-28T11:40:00,12429.00,12465.51,12374.23,24,36.51,2025-07-28T12:50:00,12374.23,TARGET,1314.45,867.99
cpr,MARUTI,2025-07-31,SHORT,2025-07-31T10:00:00,12500.00,12536.65,12445.03,24,36.65,2025-07-31T11:10:00,12536.65,STOP,-879.54,-1330.20
cpr,MARUTI,2025-08-13,LONG,2025-08-13T10:10:00,12875.00,12832.27,12939.09,23,42.73,2025-08-13T10:50:00,12832.27,STOP,-982.76,-1426.21
cpr,MARUTI,2025-08-14,SHORT,2025-08-14T11:30:00,12834.00,12863.08,12790.39,23,29.08,2025-08-14T12:30:00,12863.08,STOP,-668.76,-1112.03
cpr,MARUTI,2025-08-29,SHORT,2025-08-29T11:10:00,14716.00,14755.30,14657.06,20,39.30,2025-08-29T11:30:00,14755.30,STOP,-785.92,-1227.99
cpr,MARUTI,2025-09-01,LONG,2025-09-01T12:10:00,14791.00,14758.38,14839.93,20,32.62,2025-09-01T12:10:00,14758.38,STOP,-652.40,-1095.64
cpr,MARUTI,2025-09-03,SHORT,2025-09-03T10:10:00,14773.00,14812.76,14713.36,20,39.76,2025-09-03T11:30:00,14812.76,STOP,-795.22,-1239.01
cpr,MARUTI,2025-09-04,SHORT,2025-09-04T10:50:00,14822.00,14882.67,14730.99,20,60.67,2025-09-04T12:40:00,14800.00,TIME_STOP,440.00,-4.33
cpr,MARUTI,2025-09-05,LONG,2025-09-05T10:10:00,14866.00,14823.21,14930.18,20,42.79,2025-09-05T11:20:00,14823.21,STOP,-855.72,-1301.06
cpr,MARUTI,2025-09-22,SHORT,2025-09-22T13:30:00,15900.00,15923.76,15864.36,18,23.76,2025-09-22T14:30:00,15864.36,TARGET,641.51,212.69
cpr,MARUTI,2025-10-01,SHORT,2025-10-01T10:10:00,15952.00,15993.65,15889.52,18,41.65,2025-10-01T10:30:00,15889.52,TARGET,1124.65,694.79
cpr,MARUTI,2025-10-06,LONG,2025-10-06T10:10:00,15900.00,15855.45,15966.83,18,44.55,2025-10-06T10:30:00,15966.83,TARGET,1202.91,772.71
cpr,MARUTI,2025-10-16,LONG,2025-10-16T10:20:00,16298.00,16263.79,16349.31,18,34.21,2025-10-16T11:00:00,16263.79,STOP,-615.76,-1055.34
cpr,MARUTI,2025-10-21,LONG,2025-10-21T14:00:00,16442.00,16407.80,16493.30,18,34.20,2025-10-21T14:00:00,16407.80,STOP,-615.64,-1059.11
cpr,MARUTI,2025-10-29,SHORT,2025-10-29T13:20:00,16325.00,16355.30,16279.55,18,30.30,2025-10-29T14:00:00,16279.55,TARGET,818.06,377.90
cpr,MARUTI,2025-10-30,LONG,2025-10-30T13:10:00,16244.00,16201.60,16307.60,18,42.40,2025-10-30T13:30:00,16201.60,STOP,-763.17,-1201.18
cpr,MARUTI,2025-11-06,LONG,2025-11-06T13:50:00,15459.00,15423.27,15512.60,19,35.73,2025-11-06T15:20:00,15433.00,EOD,-494.00,-934.21
cpr,MARUTI,2025-11-11,SHORT,2025-11-11T10:40:00,15529.00,15562.24,15479.14,19,33.24,2025-11-11T11:40:00,15562.24,STOP,-631.60,-1074.65
cpr,MARUTI,2025-11-12,SHORT,2025-11-12T10:20:00,15579.00,15608.69,15534.47,19,29.69,2025-11-12T11:00:00,15608.69,STOP,-564.03,-1008.45
cpr,MARUTI,2025-11-14,SHORT,2025-11-14T10:20:00,15613.00,15655.60,15549.09,19,42.60,2025-11-14T12:10:00,15618.00,TIME_STOP,-95.00,-540.04
cpr,MARUTI,2025-11-19,SHORT,2025-11-19T10:00:00,15880.00,15911.02,15833.48,18,31.02,2025-11-19T10:50:00,15833.48,TARGET,837.43,409.29
cpr,MARUTI,2025-11-25,SHORT,2025-11-25T12:50:00,15970.00,15997.47,15928.80,18,27.47,2025-11-25T13:10:00,15997.47,STOP,-494.40,-925.96
cpr,MARUTI,2025-11-26,LONG,2025-11-26T10:10:00,16024.00,15983.86,16084.21,18,40.14,2025-11-26T12:00:00,16084.21,TARGET,1083.79,650.33
cpr,MARUTI,2025-11-27,SHORT,2025-11-27T10:30:00,16085.00,16119.73,16032.90,18,34.73,2025-11-27T10:40:00,16119.73,STOP,-625.20,-1059.96
cpr,MARUTI,2025-11-28,LONG,2025-11-28T11:20:00,16010.00,15973.19,16065.21,18,36.81,2025-11-28T11:40:00,15973.19,STOP,-662.56,-1094.33
cpr,MARUTI,2025-12-01,LONG,2025-12-01T10:00:00,16011.00,15975.69,16063.96,18,35.31,2025-12-01T10:00:00,16063.96,TARGET,953.37,520.36
cpr,MARUTI,2025-12-03,SHORT,2025-12-03T10:00:00,16080.00,16117.54,16023.69,18,37.54,2025-12-03T10:00:00,16117.54,STOP,-675.71,-1110.38
cpr,MARUTI,2025-12-04,SHORT,2025-12-04T10:20:00,15986.00,16019.08,15936.38,18,33.08,2025-12-04T10:40:00,16019.08,STOP,-595.48,-1027.55
cpr,MARUTI,2025-12-08,SHORT,2025-12-08T11:20:00,16168.00,16201.20,16118.21,18,33.20,2025-12-08T13:10:00,16167.00,TIME_STOP,18.00,-418.52
cpr,MARUTI,2025-12-09,LONG,2025-12-09T12:30:00,16208.00,16171.87,16262.19,18,36.13,2025-12-09T13:10:00,16171.87,STOP,-650.25,-1087.38
cpr,MARUTI,2025-12-10,LONG,2025-12-10T13:00:00,16080.00,16044.96,16132.55,18,35.04,2025-12-10T13:40:00,16044.96,STOP,-630.66,-1064.35
cpr,MARUTI,2025-12-26,SHORT,2025-12-26T10:00:00,16632.00,16657.67,16593.50,18,25.67,2025-12-26T11:10:00,16593.50,TARGET,693.07,244.53
cpr,MARUTI,2025-12-29,SHORT,2025-12-29T10:30:00,16572.00,16602.01,16526.99,18,30.01,2025-12-29T11:10:00,16526.99,TARGET,810.24,363.40
cpr,MARUTI,2025-12-30,LONG,2025-12-30T10:10:00,16605.00,16568.28,16660.08,18,36.72,2025-12-30T10:20:00,16660.08,TARGET,991.47,542.39
cpr,MARUTI,2026-01-06,SHORT,2026-01-06T11:20:00,17165.00,17204.29,17106.07,17,39.29,2026-01-06T11:40:00,17204.29,STOP,-667.91,-1106.12
cpr,MARUTI,2026-01-12,LONG,2026-01-12T13:20:00,16538.00,16489.68,16610.48,18,48.32,2026-01-12T15:00:00,16610.48,TARGET,1304.70,857.20
cpr,MARUTI,2026-01-13,SHORT,2026-01-13T11:30:00,16435.00,16490.25,16352.13,18,55.25,2026-01-13T11:30:00,16490.25,STOP,-994.44,-1438.94
cpr,MARUTI,2026-01-22,SHORT,2026-01-22T11:30:00,15761.00,15810.96,15686.07,19,49.96,2026-01-22T12:20:00,15810.96,STOP,-949.15,-1399.05
cpr,MARUTI,2026-01-23,SHORT,2026-01-23T10:00:00,15758.00,15805.32,15687.02,19,47.32,2026-01-23T10:50:00,15687.02,TARGET,1348.66,900.57
cpr,MARUTI,2026-02-05,LONG,2026-02-05T12:30:00,15023.00,14985.49,15079.27,19,37.51,2026-02-05T13:10:00,15079.27,TARGET,1069.07,640.11
cpr,MARUTI,2026-02-06,LONG,2026-02-06T11:40:00,15083.00,15034.76,15155.35,19,48.24,2026-02-06T12:10:00,15034.76,STOP,-916.48,-1345.66
cpr,MARUTI,2026-02-13,LONG,2026-02-13T12:00:00,15401.00,15366.86,15452.21,19,34.14,2026-02-13T12:30:00,15366.86,STOP,-648.72,-1087.16
cpr,MARUTI,2026-02-19,SHORT,2026-02-19T12:10:00,15126.00,15157.14,15079.29,19,31.14,2026-02-19T12:40:00,15079.29,TARGET,887.53,457.11
cpr,MARUTI,2026-02-20,LONG,2026-02-20T13:00:00,15038.00,14994.55,15103.18,19,43.45,2026-02-20T13:10:00,14994.55,STOP,-825.63,-1253.60
cpr,MARUTI,2026-03-10,LONG,2026-03-10T10:20:00,13590.00,13532.36,13676.46,22,57.64,2026-03-10T10:50:00,13676.46,TARGET,1902.03,1452.14
cpr,MARUTI,2026-03-11,SHORT,2026-03-11T11:20:00,13702.00,13766.03,13605.96,21,64.03,2026-03-11T12:00:00,13605.96,TARGET,2016.84,1586.74
cpr,HEROMOTOCO,2024-03-19,SHORT,2024-03-19T10:30:00,4424.65,4442.99,4397.15,67,18.34,2024-03-19T11:20:00,4442.99,STOP,-1228.54,-1674.14
cpr,HEROMOTOCO,2024-03-20,SHORT,2024-03-20T10:00:00,4408.00,4426.83,4379.75,68,18.83,2024-03-20T10:10:00,4426.83,STOP,-1280.44,-1731.02
cpr,HEROMOTOCO,2024-03-26,LONG,2024-03-26T14:00:00,4549.50,4536.81,4568.53,65,12.69,2024-03-26T15:20:00,4560.55,EOD,718.25,274.14
cpr,HEROMOTOCO,2024-03-27,SHORT,2024-03-27T10:10:00,4539.85,4554.83,4517.38,66,14.98,2024-03-27T11:00:00,4517.38,TARGET,1483.00,1034.67
cpr,HEROMOTOCO,2024-03-28,LONG,2024-03-28T10:20:00,4539.45,4523.67,4563.12,66,15.78,2024-03-28T10:40:00,4523.67,STOP,-1041.47,-1490.09
cpr,HEROMOTOCO,2024-04-01,SHORT,2024-04-01T11:00:00,4556.95,4576.11,4528.21,65,19.16,2024-04-01T11:20:00,4576.11,STOP,-1245.39,-1690.63
cpr,HEROMOTOCO,2024-04-03,SHORT,2024-04-03T11:00:00,4456.15,4469.02,4436.85,67,12.87,2024-04-03T11:40:00,4436.85,TARGET,1293.43,846.56
cpr,HEROMOTOCO,2024-04-12,SHORT,2024-04-12T12:40:00,4367.05,4378.14,4350.42,68,11.09,2024-04-12T12:40:00,4350.42,TARGET,1130.80,686.21
cpr,HEROMOTOCO,2024-04-22,LONG,2024-04-22T10:10:00,4121.70,4104.80,4147.05,72,16.90,2024-04-22T12:00:00,4128.35,TIME_STOP,478.80,33.30
cpr,HEROMOTOCO,2024-05-03,LONG,2024-05-03T10:10:00,4451.30,4434.48,4476.53,67,16.82,2024-05-03T11:20:00,4434.48,STOP,-1126.80,-1573.31
cpr,HEROMOTOCO,2024-05-07,SHORT,2024-05-07T11:00:00,4370.75,4388.35,4344.34,68,17.60,2024-05-07T11:20:00,4344.34,TARGET,1795.64,1351.17
cpr,HEROMOTOCO,2024-05-08,LONG,2024-05-08T12:00:00,4388.05,4367.45,4418.96,68,20.60,2024-05-08T12:20:00,4418.96,TARGET,2101.68,1652.52
cpr,HEROMOTOCO,2024-05-13,SHORT,2024-05-13T10:40:00,4624.40,4657.39,4574.91,64,32.99,2024-05-13T11:30:00,4657.39,STOP,-2111.51,-2557.04
cpr,HEROMOTOCO,2024-05-23,SHORT,2024-05-23T10:10:00,4862.10,4878.89,4836.92,61,16.79,2024-05-23T10:20:00,4878.89,STOP,-1023.93,-1469.58
cpr,HEROMOTOCO,2024-05-28,LONG,2024-05-28T11:00:00,5011.25,4992.44,5039.46,59,18.81,2024-05-28T11:00:00,5039.46,TARGET,1664.60,1219.86
cpr,HEROMOTOCO,2024-05-29,SHORT,2024-05-29T10:30:00,5019.05,5039.69,4988.09,59,20.64,2024-05-29T10:40:00,5039.69,STOP,-1217.72,-1662.82
cpr,HEROMOTOCO,2024-05-30,LONG,2024-05-30T10:00:00,5049.60,5028.48,5081.27,59,21.12,2024-05-30T10:10:00,5028.48,STOP,-1245.83,-1691.78
cpr,HEROMOTOCO,2024-05-31,SHORT,2024-05-31T10:40:00,4984.85,5010.38,4946.55,60,25.53,2024-05-31T11:20:00,4946.55,TARGET,2298.10,1851.19
cpr,HEROMOTOCO,2024-06-04,SHORT,2024-06-04T12:30:00,4815.90,4874.61,4727.83,42,58.71,2024-06-04T12:30:00,4874.61,STOP,-2465.99,-2771.24
cpr,HEROMOTOCO,2024-06-13,SHORT,2024-06-13T10:50:00,5638.75,5657.12,5611.19,53,18.37,2024-06-13T11:10:00,5611.19,TARGET,1460.46,1013.27
cpr,HEROMOTOCO,2024-06-14,LONG,2024-06-14T11:00:00,5678.15,5659.93,5705.48,52,18.22,2024-06-14T11:30:00,5705.48,TARGET,1421.19,977.23
cpr,HEROMOTOCO,2024-06-18,SHORT,2024-06-18T12:00:00,5651.95,5671.83,5622.14,53,19.88,2024-06-18T12:50:00,5671.83,STOP,-1053.46,-1503.58
cpr,HEROMOTOCO,2024-06-21,LONG,2024-06-21T10:50:00,5447.25,5423.36,5483.08,55,23.89,2024-06-21T11:50:00,5423.36,STOP,-1313.86,-1762.27
cpr,HEROMOTOCO,2024-06-24,LONG,2024-06-24T13:50:00,5368.10,5350.77,5394.10,55,17.33,2024-06-24T14:20:00,5394.10,TARGET,1429.83,985.89
cpr,HEROMOTOCO,2024-07-02,LONG,2024-07-02T10:20:00,5513.20,5490.42,5547.38,54,22.78,2024-07-02T10:30:00,5490.42,STOP,-1230.34,-1675.98
cpr,HEROMOTOCO,2024-07-03,LONG,2024-07-03T10:40:00,5451.15,5431.77,5480.22,55,19.38,2024-07-03T10:50:00,5431.77,STOP,-1065.90,-1514.82
cpr,HEROMOTOCO,2024-07-08,SHORT,2024-07-08T11:50:00,5408.00,5427.18,5379.23,55,19.18,2024-07-08T13:40:00,5402.95,TIME_STOP,277.75,-168.20
cpr,HEROMOTOCO,2024-07-09,LONG,2024-07-09T10:40:00,5443.00,5423.01,5472.99,55,19.99,2024-07-09T10:50:00,5423.01,STOP,-1099.70,-1547.93
cpr,HEROMOTOCO,2024-07-10,SHORT,2024-07-10T10:30:00,5394.15,5417.11,5359.72,55,22.96,2024-07-10T10:40:00,5359.72,TARGET,1893.88,1450.28
cpr,HEROMOTOCO,2024-07-11,SHORT,2024-07-11T13:20:00,5378.45,5392.74,5357.01,55,14.29,2024-07-11T14:10:00,5392.74,STOP,-786.20,-1230.51
cpr,HEROMOTOCO,2024-07-12,SHORT,2024-07-12T12:30:00,5389.10,5405.12,5365.07,55,16.02,2024-07-12T13:30:00,5405.12,STOP,-881.25,-1326.51
cpr,HEROMOTOCO,2024-07-16,LONG,2024-07-16T11:10:00,5475.45,5461.55,5496.30,54,13.90,2024-07-16T11:30:00,5461.55,STOP,-750.44,-1193.39
cpr,HEROMOTOCO,2024-07-23,SHORT,2024-07-23T10:30:00,5309.10,5326.40,5283.14,56,17.30,2024-07-23T11:00:00,5326.40,STOP,-969.06,-1415.75
cpr,HEROMOTOCO,2024-07-30,LONG,2024-07-30T11:50:00,5407.30,5387.39,5437.17,55,19.91,2024-07-30T12:00:00,5387.39,STOP,-1095.18,-1540.46
cpr,HEROMOTOCO,2024-07-31,LONG,2024-07-31T13:20:00,5365.35,5344.72,5396.29,55,20.63,2024-07-31T13:40:00,5396.29,TARGET,1701.77,1257.85
cpr,HEROMOTOCO,2024-08-09,LONG,2024-08-09T10:30:00,5078.55,5059.85,5106.60,59,18.70,2024-08-09T12:20:00,5079.55,TIME_STOP,59.00,-390.50
cpr,HEROMOTOCO,2024-08-12,SHORT,2024-08-12T10:40:00,5075.15,5091.22,5051.04,59,16.07,2024-08-12T11:20:00,5091.22,STOP,-948.21,-1398.07
cpr,HEROMOTOCO,2024-08-21,LONG,2024-08-21T10:20:00,5136.50,5117.84,5164.48,58,18.66,2024-08-21T12:10:00,5135.35,TIME_STOP,-66.70,-513.53
cpr,HEROMOTOCO,2024-08-26,LONG,2024-08-26T10:50:00,5271.95,5253.18,5300.11,56,18.77,2024-08-26T11:10:00,5253.18,STOP,-1051.19,-1493.24
cpr,HEROMOTOCO,2024-08-27,LONG,2024-08-27T10:50:00,5250.35,5235.46,5272.68,57,14.89,2024-08-27T11:40:00,5235.46,STOP,-848.60,-1296.87
cpr,HEROMOTOCO,2024-09-04,SHORT,2024-09-04T11:10:00,5484.40,5504.51,5454.24,54,20.11,2024-09-04T12:30:00,5504.51,STOP,-1085.69,-1530.75
cpr,HEROMOTOCO,2024-09-06,SHORT,2024-09-06T10:20:00,5566.20,5587.37,5534.44,53,21.17,2024-09-06T10:30:00,5534.44,TARGET,1683.36,1242.10
cpr,HEROMOTOCO,2024-09-09,LONG,2024-09-09T10:10:00,5612.20,5591.28,5643.58,53,20.92,2024-09-09T12:00:00,5591.28,STOP,-1108.94,-1554.27
cpr,HEROMOTOCO,2024-09-10,SHORT,2024-09-10T10:40:00,5565.05,5589.68,5528.11,53,24.63,2024-09-10T12:30:00,5528.11,TARGET,1957.90,1516.94
cpr,HEROMOTOCO,2024-09-16,LONG,2024-09-16T10:50:00,5679.50,5661.43,5706.60,52,18.07,2024-09-16T10:50:00,5661.43,STOP,-939.57,-1381.86
cpr,HEROMOTOCO,2024-09-17,LONG,2024-09-17T10:00:00,5654.85,5640.73,5676.03,53,14.12,2024-09-17T10:00:00,5676.03,TARGET,1122.43,672.03
cpr,HEROMOTOCO,2024-09-19,LONG,2024-09-19T10:00:00,5886.75,5858.79,5928.69,50,27.96,2024-09-19T10:10:00,5858.79,STOP,-1398.08,-1838.54
cpr,HEROMOTOCO,2024-09-20,LONG,2024-09-20T10:10:00,5893.90,5874.89,5922.41,50,19.01,2024-09-20T10:30:00,5922.41,TARGET,1425.43,982.31
cpr,HEROMOTOCO,2024-09-25,SHORT,2024-09-25T10:20:00,5952.40,5970.75,5924.87,50,18.35,2024-09-25T10:40:00,5924.87,TARGET,1376.53,931.13
cpr,HEROMOTOCO,2024-09-27,SHORT,2024-09-27T11:20:00,5840.45,5865.83,5802.38,51,25.38,2024-09-27T13:10:00,5816.05,TIME_STOP,1244.40,798.54
cpr,HEROMOTOCO,2024-10-08,SHORT,2024-10-08T12:30:00,5328.15,5350.24,5295.01,56,22.09,2024-10-08T13:30:00,5350.24,STOP,-1237.24,-1685.73
cpr,HEROMOTOCO,2024-10-11,SHORT,2024-10-11T13:50:00,5330.15,5342.09,5312.24,56,11.94,2024-10-11T14:30:00,5342.09,STOP,-668.59,-1116.82
cpr,HEROMOTOCO,2024-10-15,SHORT,2024-10-15T10:30:00,5382.10,5398.18,5357.98,55,16.08,2024-10-15T10:50:00,5398.18,STOP,-884.43,-1329.12
cpr,HEROMOTOCO,2024-10-22,SHORT,2024-10-22T10:40:00,5043.45,5067.72,5007.04,59,24.27,2024-10-22T10:50:00,5067.72,STOP,-1432.19,-1879.61
cpr,HEROMOTOCO,2024-10-23,LONG,2024-10-23T10:00:00,5109.15,5082.29,5149.44,58,26.86,2024-10-23T10:10:00,5082.29,STOP,-1558.07,-2001.39
cpr,HEROMOTOCO,2024-11-05,SHORT,2024-11-05T11:40:00,4667.85,4688.00,4637.63,64,20.15,2024-11-05T13:20:00,4688.00,STOP,-1289.42,-1738.50
cpr,HEROMOTOCO,2024-11-12,SHORT,2024-11-12T12:40:00,4632.50,4645.76,4612.61,64,13.26,2024-11-12T13:20:00,4612.61,TARGET,1273.16,829.39
cpr,HEROMOTOCO,2024-11-14,LONG,2024-11-14T11:10:00,4472.95,4448.12,4510.19,67,24.83,2024-11-14T12:00:00,4510.19,TARGET,2495.34,2043.94
cpr,HEROMOTOCO,2024-11-21,LONG,2024-11-21T11:00:00,4694.50,4672.57,4727.39,63,21.93,2024-11-21T11:30:00,4672.57,STOP,-1381.47,-1824.07
cpr,HEROMOTOCO,2024-11-22,LONG,2024-11-22T12:40:00,4660.35,4646.93,4680.47,64,13.42,2024-11-22T13:20:00,4680.47,TARGET,1287.91,839.55
cpr,HEROMOTOCO,2024-11-27,LONG,2024-11-27T11:40:00,4751.70,4735.79,4775.56,63,15.91,2024-11-27T11:50:00,4735.79,STOP,-1002.05,-1450.34
cpr,HEROMOTOCO,2024-11-28,SHORT,2024-11-28T11:20:00,4721.85,4736.15,4700.40,63,14.30,2024-11-28T11:40:00,4700.40,TARGET,1351.51,906.31
cpr,HEROMOTOCO,2024-12-03,SHORT,2024-12-03T11:50:00,4617.20,4627.99,4601.02,64,10.79,2024-12-03T13:00:00,4601.02,TARGET,1035.81,593.34
cpr,HEROMOTOCO,2024-12-06,SHORT,2024-12-06T11:30:00,4520.55,4539.24,4492.52,66,18.69,2024-12-06T13:20:00,4513.75,TIME_STOP,448.80,1.60
cpr,HEROMOTOCO,2024-12-09,SHORT,2024-12-09T14:10:00,4497.80,4506.52,4484.72,66,8.72,2024-12-09T14:20:00,4484.72,TARGET,863.04,418.40
cpr,HEROMOTOCO,2024-12-17,SHORT,2024-12-17T10:10:00,4405.25,4417.20,4387.33,68,11.95,2024-12-17T10:20:00,4387.33,TARGET,1218.87,770.45
cpr,HEROMOTOCO,2024-12-19,LONG,2024-12-19T11:20:00,4317.65,4299.88,4344.30,69,17.77,2024-12-19T11:50:00,4344.30,TARGET,1839.13,1390.88
cpr,HEROMOTOCO,2024-12-26,LONG,2024-12-26T11:10:00,4186.45,4173.51,4205.86,71,12.94,2024-12-26T13:00:00,4185.45,TIME_STOP,-71.00,-516.80
cpr,HEROMOTOCO,2024-12-27,SHORT,2024-12-27T11:40:00,4166.10,4181.13,4143.56,72,15.03,2024-12-27T12:10:00,4143.56,TARGET,1622.96,1174.24
cpr,HEROMOTOCO,2025-01-03,SHORT,2025-01-03T10:00:00,4113.25,4134.22,4081.80,72,20.97,2025-01-03T10:00:00,4134.22,STOP,-1509.65,-1955.02
cpr,HEROMOTOCO,2025-01-06,SHORT,2025-01-06T11:30:00,4124.50,4140.01,4101.23,72,15.51,2025-01-06T11:40:00,4140.01,STOP,-1116.87,-1563.16
cpr,HEROMOTOCO,2025-01-10,LONG,2025-01-10T12:30:00,4040.60,4026.41,4061.88,74,14.19,2025-01-10T13:00:00,4061.88,TARGET,1574.86,1125.18
cpr,HEROMOTOCO,2025-01-16,SHORT,2025-01-16T10:40:00,3995.55,4010.04,3973.81,75,14.49,2025-01-16T11:10:00,3973.81,TARGET,1630.33,1182.06
cpr,HEROMOTOCO,2025-01-20,LONG,2025-01-20T12:00:00,3997.70,3987.58,4012.87,75,10.12,2025-01-20T13:50:00,3987.58,STOP,-758.67,-1207.84
cpr,HEROMOTOCO,2025-01-23,LONG,2025-01-23T10:10:00,3979.30,3967.49,3997.02,75,11.81,2025-01-23T10:30:00,3997.02,TARGET,1329.01,880.34
cpr,HEROMOTOCO,2025-01-24,SHORT,2025-01-24T10:00:00,3975.35,3986.43,3958.73,75,11.08,2025-01-24T10:00:00,3958.73,TARGET,1246.47,800.18
cpr,HEROMOTOCO,2025-01-28,LONG,2025-01-28T11:30:00,3931.40,3915.94,3954.59,76,15.46,2025-01-28T12:30:00,3915.94,STOP,-1174.77,-1622.07
cpr,HEROMOTOCO,2025-02-01,LONG,2025-02-01T11:50:00,4216.55,4199.13,4242.68,71,17.42,2025-02-01T11:50:00,4199.13,STOP,-1236.93,-1685.07
cpr,HEROMOTOCO,2025-02-03,SHORT,2025-02-03T10:30:00,4235.55,4268.34,4186.37,70,32.79,2025-02-03T11:10:00,4186.37,TARGET,3442.44,3000.29
cpr,HEROMOTOCO,2025-02-04,SHORT,2025-02-04T10:40:00,4160.60,4181.80,4128.80,72,21.20,2025-02-04T10:50:00,4128.80,TARGET,2289.93,1842.30
cpr,HEROMOTOCO,2025-02-07,SHORT,2025-02-07T10:10:00,4124.90,4145.35,4094.22,72,20.45,2025-02-07T10:10:00,4145.35,STOP,-1472.76,-1919.35
cpr,HEROMOTOCO,2025-02-10,SHORT,2025-02-10T11:50:00,4159.10,4175.01,4135.23,72,15.91,2025-02-10T12:10:00,4135.23,TARGET,1718.50,1270.61
cpr,HEROMOTOCO,2025-02-24,LONG,2025-02-24T11:50:00,3866.00,3852.87,3885.70,77,13.13,2025-02-24T12:10:00,3852.87,STOP,-1011.20,-1456.97
cpr,HEROMOTOCO,2025-02-25,SHORT,2025-02-25T10:10:00,3852.60,3864.45,3834.82,77,11.85,2025-02-25T11:40:00,3864.45,STOP,-912.54,-1358.20
cpr,HEROMOTOCO,2025-03-05,LONG,2025-03-05T10:10:00,3552.35,3538.15,3573.65,84,14.20,2025-03-05T10:40:00,3573.65,TARGET,1789.55,1340.61
cpr,HEROMOTOCO,2025-03-12,SHORT,2025-03-12T12:00:00,3612.45,3625.46,3592.94,83,13.01,2025-03-12T13:50:00,3598.85,TIME_STOP,1128.80,679.90
cpr,HEROMOTOCO,2025-03-25,SHORT,2025-03-25T12:30:00,3628.85,3642.74,3608.01,82,13.89,2025-03-25T12:50:00,3642.74,STOP,-1139.09,-1586.29
cpr,HEROMOTOCO,2025-04-01,SHORT,2025-04-01T11:50:00,3744.30,3762.81,3716.53,80,18.51,2025-04-01T12:20:00,3762.81,STOP,-1480.92,-1931.35
cpr,HEROMOTOCO,2025-04-02,LONG,2025-04-02T10:10:00,3764.65,3749.44,3787.47,79,15.21,2025-04-02T10:20:00,3749.44,STOP,-1201.76,-1646.97
cpr,HEROMOTOCO,2025-04-08,LONG,2025-04-08T12:00:00,3529.90,3512.06,3556.66,84,17.84,2025-04-08T13:10:00,3556.66,TARGET,2248.21,1801.76
cpr,HEROMOTOCO,2025-04-16,SHORT,2025-04-16T13:20:00,3752.00,3762.69,3735.97,79,10.69,2025-04-16T13:50:00,3762.69,STOP,-844.29,-1289.54
cpr,HEROMOTOCO,2025-04-22,SHORT,2025-04-22T10:30:00,3838.00,3857.00,3809.50,78,19.00,2025-04-22T12:20:00,3827.60,TIME_STOP,811.20,362.76
cpr,HEROMOTOCO,2025-04-25,SHORT,2025-04-25T10:10:00,3881.60,3900.44,3853.35,77,18.84,2025-04-25T10:10:00,3900.44,STOP,-1450.39,-1899.81
cpr,HEROMOTOCO,2025-04-29,SHORT,2025-04-29T11:00:00,3895.10,3911.44,3870.59,77,16.34,2025-04-29T11:50:00,3870.59,TARGET,1887.24,1438.77
cpr,HEROMOTOCO,2025-05-02,SHORT,2025-05-02T12:10:00,3825.10,3844.34,3796.25,78,19.24,2025-05-02T12:30:00,3796.25,TARGET,2250.62,1804.77
cpr,HEROMOTOCO,2025-05-09,LONG,2025-05-09T10:30:00,3852.00,3831.79,3882.31,77,20.21,2025-05-09T10:50:00,3831.79,STOP,-1556.00,-1999.74
cpr,HEROMOTOCO,2025-05-30,SHORT,2025-05-30T12:40:00,4341.50,4353.59,4323.36,69,12.09,2025-05-30T13:30:00,4353.59,STOP,-834.35,-1284.32
cpr,HEROMOTOCO,2025-06-03,SHORT,2025-06-03T11:30:00,4224.60,4236.75,4206.38,71,12.15,2025-06-03T12:10:00,4236.75,STOP,-862.52,-1313.08
cpr,HEROMOTOCO,2025-06-04,LONG,2025-06-04T14:10:00,4229.40,4221.37,4241.45,70,8.03,2025-06-04T14:30:00,4221.37,STOP,-562.41,-1006.07
cpr,HEROMOTOCO,2025-06-17,LONG,2025-06-17T10:40:00,4378.20,4365.87,4396.69,68,12.33,2025-06-17T10:50:00,4365.87,STOP,-838.16,-1284.11
cpr,HEROMOTOCO,2025-06-19,LONG,2025-06-19T10:10:00,4394.40,4381.40,4413.90,68,13.00,2025-06-19T10:30:00,4381.40,STOP,-883.91,-1331.47
cpr,HEROMOTOCO,2025-06-24,LONG,2025-06-24T10:10:00,4289.40,4275.18,4310.73,69,14.22,2025-06-24T11:00:00,4310.73,TARGET,1471.59,1026.53
cpr,HEROMOTOCO,2025-07-07,SHORT,2025-07-07T10:30:00,4327.40,4341.10,4306.85,69,13.70,2025-07-07T12:20:00,4322.70,TIME_STOP,324.30,-123.34
cpr,HEROMOTOCO,2025-07-09,LONG,2025-07-09T11:20:00,4321.00,4309.89,4337.67,69,11.11,2025-07-09T12:20:00,4337.67,TARGET,1150.20,702.12
cpr,HEROMOTOCO,2025-07-10,SHORT,2025-07-10T11:40:00,4320.50,4329.93,4306.35,69,9.43,2025-07-10T12:30:00,4329.93,STOP,-650.92,-1098.58
cpr,HEROMOTOCO,2025-07-11,LONG,2025-07-11T10:00:00,4334.40,4323.49,4350.76,69,10.91,2025-07-11T10:10:00,4323.49,STOP,-752.53,-1200.58
cpr,HEROMOTOCO,2025-07-18,SHORT,2025-07-18T10:20:00,4424.20,4436.86,4405.21,67,12.66,2025-07-18T10:30:00,4405.21,TARGET,1272.08,828.40
cpr,HEROMOTOCO,2025-07-22,SHORT,2025-07-22T11:10:00,4390.90,4403.39,4372.16,68,12.49,2025-07-22T11:10:00,4372.16,TARGET,1274.48,827.56
cpr,HEROMOTOCO,2025-07-23,LONG,2025-07-23T10:20:00,4374.20,4360.81,4394.29,68,13.39,2025-07-23T10:50:00,4360.81,STOP,-910.60,-1356.09
cpr,HEROMOTOCO,2025-07-30,LONG,2025-07-30T10:30:00,4319.50,4306.56,4338.91,69,12.94,2025-07-30T10:30:00,4306.56,STOP,-892.79,-1339.19
cpr,HEROMOTOCO,2025-07-31,LONG,2025-07-31T11:40:00,4262.40,4247.30,4285.05,70,15.10,2025-07-31T12:50:00,4285.05,TARGET,1585.19,1136.45
cpr,HEROMOTOCO,2025-08-14,LONG,2025-08-14T10:40:00,4756.20,4743.17,4775.74,63,13.03,2025-08-14T10:40:00,4751.50,REVERSE,-296.10,-745.34
cpr,HEROMOTOCO,2025-08-21,LONG,2025-08-21T10:50:00,5143.30,5129.03,5164.70,58,14.27,2025-08-21T11:30:00,5129.03,STOP,-827.42,-1274.27
cpr,HEROMOTOCO,2025-09-05,SHORT,2025-09-05T11:40:00,5358.00,5373.98,5334.02,55,15.98,2025-09-05T13:30:00,5363.50,TIME_STOP,-302.50,-744.76
cpr,HEROMOTOCO,2025-09-12,SHORT,2025-09-12T12:20:00,5315.00,5328.72,5294.42,56,13.72,2025-09-12T13:40:00,5294.42,TARGET,1152.22,706.62
cpr,HEROMOTOCO,2025-09-15,SHORT,2025-09-15T11:10:00,5312.00,5324.27,5293.60,56,12.27,2025-09-15T11:40:00,5293.60,TARGET,1030.30,584.86
cpr,HEROMOTOCO,2025-09-25,LONG,2025-09-25T11:40:00,5327.00,5306.58,5357.63,56,20.42,2025-09-25T11:50:00,5306.58,STOP,-1143.47,-1590.08
cpr,HEROMOTOCO,2025-09-29,SHORT,2025-09-29T11:40:00,5295.50,5316.69,5263.72,56,21.19,2025-09-29T13:10:00,5316.69,STOP,-1186.40,-1632.11
cpr,HEROMOTOCO,2025-10-01,LONG,2025-10-01T13:50:00,5445.00,5430.06,5467.41,55,14.94,2025-10-01T15:10:00,5430.06,STOP,-821.65,-1270.24
cpr,HEROMOTOCO,2025-10-03,LONG,2025-10-03T11:20:00,5527.00,5500.78,5566.33,54,26.22,2025-10-03T12:20:00,5566.33,TARGET,2123.70,1674.42
cpr,HEROMOTOCO,2025-10-08,SHORT,2025-10-08T10:20:00,5590.00,5606.64,5565.03,53,16.64,2025-10-08T10:20:00,5565.03,TARGET,1323.16,879.74
cpr,HEROMOTOCO,2025-10-10,SHORT,2025-10-10T10:40:00,5486.50,5503.01,5461.73,54,16.51,2025-10-10T10:50:00,5503.01,STOP,-891.81,-1336.88
cpr,HEROMOTOCO,2025-10-14,LONG,2025-10-14T12:40:00,5568.50,5554.10,5590.10,53,14.40,2025-10-14T12:40:00,5554.10,STOP,-763.06,-1205.19
cpr,HEROMOTOCO,2025-10-15,SHORT,2025-10-15T13:40:00,5562.50,5575.00,5543.75,53,12.50,2025-10-15T13:40:00,5543.75,TARGET,993.89,552.42
cpr,HEROMOTOCO,2025-10-16,LONG,2025-10-16T10:00:00,5604.50,5584.12,5635.07,53,20.38,2025-10-16T10:00:00,5584.12,STOP,-1080.05,-1524.79
cpr,HEROMOTOCO,2025-10-17,LONG,2025-10-17T10:50:00,5590.00,5576.15,5610.78,53,13.85,2025-10-17T11:00:00,5610.78,TARGET,1101.17,655.94
cpr,HEROMOTOCO,2025-10-21,LONG,2025-10-21T14:00:00,5650.50,5632.64,5677.30,53,17.86,2025-10-21T14:40:00,5632.64,STOP,-946.80,-1395.31
cpr,HEROMOTOCO,2025-11-06,SHORT,2025-11-06T10:50:00,5327.50,5348.46,5296.06,56,20.96,2025-11-06T12:40:00,5348.46,STOP,-1173.93,-1622.32
cpr,HEROMOTOCO,2025-11-07,SHORT,2025-11-07T14:10:00,5290.00,5305.70,5266.44,56,15.70,2025-11-07T14:30:00,5305.70,STOP,-879.43,-1324.45
cpr,HEROMOTOCO,2025-11-11,LONG,2025-11-11T12:10:00,5400.50,5385.18,5423.48,55,15.32,2025-11-11T12:30:00,5423.48,TARGET,1263.88,817.39
cpr,HEROMOTOCO,2025-11-25,LONG,2025-11-25T10:00:00,6025.00,6009.11,6048.83,49,15.89,2025-11-25T10:40:00,6048.83,TARGET,1167.56,723.85
cpr,HEROMOTOCO,2025-12-02,SHORT,2025-12-02T10:50:00,6264.50,6280.23,6240.91,47,15.73,2025-12-02T12:40:00,6262.50,TIME_STOP,94.00,-347.58
cpr,HEROMOTOCO,2025-12-03,SHORT,2025-12-03T10:10:00,6245.00,6259.49,6223.27,48,14.49,2025-12-03T10:30:00,6223.27,TARGET,1043.12,594.26
cpr,HEROMOTOCO,2025-12-11,LONG,2025-12-11T10:00:00,5997.50,5974.49,6032.01,50,23.01,2025-12-11T10:50:00,5974.49,STOP,-1150.39,-1599.34
cpr,HEROMOTOCO,2025-12-22,SHORT,2025-12-22T10:20:00,5754.00,5772.81,5725.78,52,18.81,2025-12-22T11:10:00,5725.78,TARGET,1467.36,1019.65
cpr,HEROMOTOCO,2025-12-24,LONG,2025-12-24T10:30:00,5729.00,5713.72,5751.92,52,15.28,2025-12-24T11:40:00,5713.72,STOP,-794.56,-1240.83
cpr,HEROMOTOCO,2026-01-06,SHORT,2026-01-06T11:10:00,5983.50,5998.40,5961.15,50,14.90,2026-01-06T11:40:00,5998.40,STOP,-744.88,-1194.20
cpr,HEROMOTOCO,2026-01-07,SHORT,2026-01-07T12:10:00,5989.00,5999.94,5972.59,50,10.94,2026-01-07T12:30:00,5999.94,STOP,-546.98,-996.57
cpr,HEROMOTOCO,2026-01-14,SHORT,2026-01-14T10:20:00,5683.50,5704.70,5651.70,52,21.20,2026-01-14T10:30:00,5704.70,STOP,-1102.56,-1546.70
cpr,HEROMOTOCO,2026-01-28,SHORT,2026-01-28T12:00:00,5343.00,5361.69,5314.96,56,18.69,2026-01-28T13:10:00,5361.69,STOP,-1046.69,-1496.29
cpr,HEROMOTOCO,2026-01-30,SHORT,2026-01-30T11:50:00,5538.00,5557.36,5508.96,54,19.36,2026-01-30T12:40:00,5508.96,TARGET,1568.32,1120.92
cpr,HEROMOTOCO,2026-02-02,LONG,2026-02-02T13:10:00,5538.00,5513.42,5574.87,54,24.58,2026-02-02T13:50:00,5574.87,TARGET,1990.85,1540.77
cpr,HEROMOTOCO,2026-02-05,SHORT,2026-02-05T10:00:00,5789.50,5811.87,5755.94,51,22.37,2026-02-05T10:20:00,5811.87,STOP,-1141.01,-1584.76
cpr,HEROMOTOCO,2026-02-06,LONG,2026-02-06T10:30:00,5823.00,5794.60,5865.60,51,28.40,2026-02-06T10:30:00,5794.60,STOP,-1448.54,-1892.91
cpr,HEROMOTOCO,2026-02-10,LONG,2026-02-10T10:10:00,5795.00,5770.14,5832.29,51,24.86,2026-02-10T10:50:00,5770.14,STOP,-1267.73,-1710.10
cpr,HEROMOTOCO,2026-02-19,SHORT,2026-02-19T10:40:00,5544.50,5562.47,5517.54,54,17.97,2026-02-19T11:20:00,5517.54,TARGET,1455.95,1007.94
cpr,HEROMOTOCO,2026-02-24,SHORT,2026-02-24T13:50:00,5478.00,5492.93,5455.60,54,14.93,2026-02-24T14:00:00,5492.93,STOP,-806.34,-1250.66
cpr,HEROMOTOCO,2026-02-27,SHORT,2026-02-27T12:20:00,5729.00,5748.57,5699.65,52,19.57,2026-02-27T13:40:00,5699.65,TARGET,1526.41,1080.69
cpr,HEROMOTOCO,2026-03-11,SHORT,2026-03-11T11:20:00,5615.00,5645.05,5569.92,53,30.05,2026-03-11T13:10:00,5569.92,TARGET,2389.16,1944.56
cpr,EICHERMOT,2024-03-19,SHORT,2024-03-19T13:40:00,3695.95,3703.52,3684.59,81,7.57,2024-03-19T14:00:00,3703.52,STOP,-613.35,-1062.87
cpr,EICHERMOT,2024-03-22,LONG,2024-03-22T11:40:00,3951.25,3932.06,3980.04,75,19.19,2024-03-22T12:10:00,3980.04,TARGET,2158.93,1712.79
cpr,EICHERMOT,2024-03-26,SHORT,2024-03-26T10:40:00,3935.90,3957.06,3904.16,76,21.16,2024-03-26T12:30:00,3921.95,TIME_STOP,1060.20,612.30
cpr,EICHERMOT,2024-03-28,LONG,2024-03-28T10:40:00,3981.05,3962.87,4008.32,75,18.18,2024-03-28T11:50:00,4008.32,TARGET,2045.02,1595.62
cpr,EICHERMOT,2024-04-01,SHORT,2024-04-01T11:10:00,3968.75,3988.40,3939.28,75,19.65,2024-04-01T11:30:00,3988.40,STOP,-1473.46,-1921.05
cpr,EICHERMOT,2024-04-04,SHORT,2024-04-04T10:00:00,3894.95,3909.87,3872.57,77,14.92,2024-04-04T10:00:00,3909.87,STOP,-1148.97,-1599.70
cpr,EICHERMOT,2024-04-25,LONG,2024-04-25T12:40:00,4548.00,4530.12,4574.83,65,17.88,2024-04-25T14:30:00,4574.83,TARGET,1743.71,1298.97
cpr,EICHERMOT,2024-05-03,LONG,2024-05-03T10:00:00,4649.00,4632.07,4674.39,64,16.93,2024-05-03T10:20:00,4632.07,STOP,-1083.38,-1528.87
cpr,EICHERMOT,2024-05-06,SHORT,2024-05-06T13:00:00,4608.00,4623.26,4585.11,65,15.26,2024-05-06T14:20:00,4585.11,TARGET,1487.95,1039.79
cpr,EICHERMOT,2024-05-07,SHORT,2024-05-07T11:20:00,4590.00,4607.00,4564.51,65,17.00,2024-05-07T13:10:00,4591.30,TIME_STOP,-84.50,-532.09
cpr,EICHERMOT,2024-05-08,SHORT,2024-05-08T10:30:00,4595.00,4617.14,4561.79,65,22.14,2024-05-08T12:20:00,4597.95,TIME_STOP,-191.75,-639.91
cpr,EICHERMOT,2024-05-15,SHORT,2024-05-15T10:10:00,4671.00,4686.76,4647.37,64,15.76,2024-05-15T10:50:00,4647.37,TARGET,1512.56,1065.27
cpr,EICHERMOT,2024-05-16,SHORT,2024-05-16T10:00:00,4627.55,4645.83,4600.13,64,18.28,2024-05-16T10:30:00,4600.13,TARGET,1754.64,1311.71
cpr,EICHERMOT,2024-05-22,LONG,2024-05-22T10:00:00,4690.40,4674.72,4713.92,63,15.68,2024-05-22T10:20:00,4674.72,STOP,-987.78,-1430.29
cpr,EICHERMOT,2024-05-28,SHORT,2024-05-28T12:40:00,4767.55,4784.51,4742.10,62,16.96,2024-05-28T12:40:00,4784.51,STOP,-1051.77,-1495.94
cpr,EICHERMOT,2024-05-29,LONG,2024-05-29T10:50:00,4805.80,4788.65,4831.53,62,17.15,2024-05-29T10:50:00,4788.65,STOP,-1063.52,-1509.66
cpr,EICHERMOT,2024-06-05,LONG,2024-06-05T10:20:00,4599.65,4545.47,4680.92,46,54.18,2024-06-05T12:10:00,4626.00,TIME_STOP,1212.10,893.82
cpr,EICHERMOT,2024-06-06,LONG,2024-06-06T10:30:00,4595.95,4565.65,4641.40,65,30.30,2024-06-06T11:00:00,4641.40,TARGET,2954.51,2504.19
cpr,EICHERMOT,2024-06-12,LONG,2024-06-12T11:20:00,4791.90,4777.92,4812.87,62,13.98,2024-06-12T11:40:00,4812.87,TARGET,1299.90,853.28
cpr,EICHERMOT,2024-06-13,SHORT,2024-06-13T10:10:00,4805.30,4822.86,4778.97,62,17.56,2024-06-13T12:00:00,4794.80,TIME_STOP,651.00,204.60
cpr,EICHERMOT,2024-06-24,LONG,2024-06-24T12:30:00,4867.65,4850.82,4892.89,61,16.83,2024-06-24T14:20:00,4869.45,TIME_STOP,109.80,-335.67
cpr,EICHERMOT,2024-07-04,SHORT,2024-07-04T10:20:00,4667.25,4679.07,4649.52,64,11.82,2024-07-04T10:30:00,4679.07,STOP,-756.64,-1205.27
cpr,EICHERMOT,2024-07-10,LONG,2024-07-10T12:00:00,4848.90,4822.66,4888.26,61,26.24,2024-07-10T13:50:00,4863.00,TIME_STOP,860.10,415.78
cpr,EICHERMOT,2024-07-11,SHORT,2024-07-11T11:40:00,4837.15,4855.16,4810.13,62,18.01,2024-07-11T12:00:00,4810.13,TARGET,1675.23,1226.63
cpr,EICHERMOT,2024-07-12,SHORT,2024-07-12T11:00:00,4823.70,4837.59,4802.86,62,13.89,2024-07-12T11:10:00,4837.59,STOP,-861.39,-1310.64
cpr,EICHERMOT,2024-07-19,SHORT,2024-07-19T10:00:00,4860.70,4880.55,4830.92,61,19.85,2024-07-19T10:10:00,4830.92,TARGET,1816.39,1373.00
cpr,EICHERMOT,2024-07-23,SHORT,2024-07-23T12:40:00,4824.00,4853.43,4779.86,62,29.43,2024-07-23T12:40:00,4853.43,STOP,-1824.36,-2274.36
cpr,EICHERMOT,2024-07-25,SHORT,2024-07-25T10:00:00,4894.25,4908.05,4873.56,61,13.80,2024-07-25T10:00:00,4908.05,STOP,-841.54,-1289.99
cpr,EICHERMOT,2024-08-01,SHORT,2024-08-01T14:10:00,4938.20,4951.39,4918.42,60,13.19,2024-08-01T15:00:00,4951.39,STOP,-791.25,-1236.28
cpr,EICHERMOT,2024-08-07,SHORT,2024-08-07T10:20:00,4619.20,4640.18,4587.73,64,20.98,2024-08-07T10:30:00,4640.18,STOP,-1342.84,-1787.29
cpr,EICHERMOT,2024-08-08,LONG,2024-08-08T12:40:00,4640.00,4619.93,4670.10,64,20.07,2024-08-08T12:50:00,4619.93,STOP,-1284.25,-1728.73
cpr,EICHERMOT,2024-08-13,LONG,2024-08-13T11:30:00,4825.60,4812.93,4844.61,62,12.67,2024-08-13T11:50:00,4812.93,STOP,-785.62,-1233.81
cpr,EICHERMOT,2024-08-19,SHORT,2024-08-19T10:40:00,4782.25,4796.81,4760.41,62,14.56,2024-08-19T10:50:00,4796.81,STOP,-902.76,-1348.19
cpr,EICHERMOT,2024-09-02,SHORT,2024-09-02T11:50:00,4918.15,4935.13,4892.69,60,16.98,2024-09-02T12:00:00,4892.69,TARGET,1527.87,1086.38
cpr,EICHERMOT,2024-09-03,SHORT,2024-09-03T11:10:00,4910.75,4925.42,4888.75,61,14.67,2024-09-03T11:20:00,4920.35,REVERSE,-585.60,-1035.37
cpr,EICHERMOT,2024-09-10,SHORT,2024-09-10T10:10:00,4734.95,4747.20,4716.57,63,12.25,2024-09-10T10:20:00,4716.57,TARGET,1157.74,711.15
cpr,EICHERMOT,2024-09-11,LONG,2024-09-11T11:00:00,4746.00,4730.38,4769.44,63,15.62,2024-09-11T11:10:00,4769.44,TARGET,1476.54,1026.94
cpr,EICHERMOT,2024-09-12,LONG,2024-09-12T12:20:00,4746.60,4730.59,4770.61,63,16.01,2024-09-12T14:00:00,4770.61,TARGET,1512.73,1063.04
cpr,EICHERMOT,2024-09-18,LONG,2024-09-18T10:00:00,4865.90,4854.24,4883.39,61,11.66,2024-09-18T10:10:00,4854.24,STOP,-711.21,-1155.90
cpr,EICHERMOT,2024-09-25,SHORT,2024-09-25T10:20:00,4867.45,4883.67,4843.12,61,16.22,2024-09-25T11:00:00,4883.67,STOP,-989.28,-1435.40
cpr,EICHERMOT,2024-09-30,SHORT,2024-09-30T11:00:00,5004.05,5025.93,4971.23,59,21.88,2024-09-30T12:00:00,5025.93,STOP,-1291.10,-1734.92
cpr,EICHERMOT,2024-10-11,LONG,2024-10-11T10:10:00,4751.75,4732.58,4780.51,63,19.17,2024-10-11T10:10:00,4780.51,TARGET,1811.97,1361.57
cpr,EICHERMOT,2024-10-22,SHORT,2024-10-22T10:00:00,4796.65,4814.74,4769.51,62,18.09,2024-10-22T10:10:00,4769.51,TARGET,1682.43,1237.61
cpr,EICHERMOT,2024-10-28,LONG,2024-10-28T12:20:00,4682.50,4660.32,4715.78,64,22.18,2024-10-28T12:30:00,4715.78,TARGET,2129.72,1678.60
cpr,EICHERMOT,2024-10-31,LONG,2024-10-31T11:20:00,4894.85,4874.62,4925.19,61,20.23,2024-10-31T11:20:00,4874.62,STOP,-1233.73,-1680.69
cpr,EICHERMOT,2024-11-04,SHORT,2024-11-04T10:30:00,4861.85,4888.24,4822.26,61,26.39,2024-11-04T10:40:00,4822.26,TARGET,2415.07,1972.02
cpr,EICHERMOT,2024-11-11,LONG,2024-11-11T11:30:00,4810.00,4794.45,4833.33,62,15.55,2024-11-11T13:20:00,4812.90,TIME_STOP,179.80,-267.66
cpr,EICHERMOT,2024-11-22,LONG,2024-11-22T10:20:00,4921.00,4902.24,4949.14,60,18.76,2024-11-22T10:30:00,4902.24,STOP,-1125.80,-1567.84
cpr,EICHERMOT,2024-11-29,SHORT,2024-11-29T10:20:00,4832.75,4852.52,4803.09,62,19.77,2024-11-29T11:30:00,4845.10,REVERSE,-765.70,-1215.72
cpr,EICHERMOT,2024-12-10,SHORT,2024-12-10T10:50:00,4830.00,4840.55,4814.17,62,10.55,2024-12-10T11:20:00,4840.55,STOP,-654.30,-1103.98
cpr,EICHERMOT,2024-12-11,SHORT,2024-12-11T12:10:00,4816.15,4825.14,4802.66,62,8.99,2024-12-11T13:40:00,4802.66,TARGET,836.42,389.15
cpr,EICHERMOT,2024-12-16,SHORT,2024-12-16T11:10:00,4805.85,4818.88,4786.31,62,13.03,2024-12-16T11:40:00,4818.88,STOP,-807.73,-1255.28
cpr,EICHERMOT,2024-12-17,SHORT,2024-12-17T10:30:00,4798.40,4813.96,4775.06,62,15.56,2024-12-17T11:00:00,4813.96,STOP,-964.81,-1411.78
cpr,EICHERMOT,2024-12-18,LONG,2024-12-18T10:50:00,4794.40,4778.89,4817.67,62,15.51,2024-12-18T11:00:00,4778.89,STOP,-961.70,-1406.85
cpr,EICHERMOT,2024-12-23,LONG,2024-12-23T11:20:00,4757.95,4742.65,4780.90,63,15.30,2024-12-23T12:00:00,4742.65,STOP,-963.96,-1412.87
cpr,EICHERMOT,2024-12-30,LONG,2024-12-30T10:00:00,4882.95,4864.26,4910.98,61,18.69,2024-12-30T10:10:00,4864.26,STOP,-1139.86,-1585.79
cpr,EICHERMOT,2025-01-01,LONG,2025-01-01T12:40:00,4836.15,4818.69,4862.34,62,17.46,2025-01-01T13:00:00,4818.69,STOP,-1082.37,-1531.32
cpr,EICHERMOT,2025-01-16,SHORT,2025-01-16T12:40:00,5048.95,5065.50,5024.12,59,16.55,2025-01-16T14:00:00,5065.50,STOP,-976.62,-1424.18
cpr,EICHERMOT,2025-01-27,SHORT,2025-01-27T10:30:00,5156.00,5175.23,5127.15,58,19.23,2025-01-27T10:30:00,5127.15,TARGET,1673.19,1225.87
cpr,EICHERMOT,2025-01-28,SHORT,2025-01-28T13:20:00,5154.10,5170.30,5129.79,58,16.20,2025-01-28T13:30:00,5170.30,STOP,-939.81,-1388.92
cpr,EICHERMOT,2025-01-31,LONG,2025-01-31T10:40:00,5240.00,5214.20,5278.70,57,25.80,2025-01-31T10:40:00,5214.20,STOP,-1470.45,-1917.36
cpr,EICHERMOT,2025-02-01,LONG,2025-02-01T11:40:00,5204.95,5185.93,5233.49,57,19.02,2025-02-01T11:50:00,5185.93,STOP,-1084.42,-1528.63
cpr,EICHERMOT,2025-02-04,SHORT,2025-02-04T11:00:00,5460.55,5486.22,5422.04,54,25.67,2025-02-04T11:20:00,5486.22,STOP,-1386.41,-1829.76
cpr,EICHERMOT,2025-02-10,SHORT,2025-02-10T12:50:00,5359.90,5384.37,5323.20,55,24.47,2025-02-10T14:00:00,5323.20,TARGET,2018.75,1578.07
cpr,EICHERMOT,2025-03-12,LONG,2025-03-12T11:20:00,4999.75,4981.62,5026.94,60,18.13,2025-03-12T11:40:00,4981.62,STOP,-1087.50,-1536.67
cpr,EICHERMOT,2025-03-13,LONG,2025-03-13T10:10:00,5029.00,5009.50,5058.25,59,19.50,2025-03-13T11:00:00,5009.50,STOP,-1150.37,-1594.57
cpr,EICHERMOT,2025-03-28,LONG,2025-03-28T11:10:00,5390.25,5369.95,5420.69,55,20.30,2025-03-28T12:30:00,5369.95,STOP,-1116.29,-1560.15
cpr,EICHERMOT,2025-04-01,SHORT,2025-04-01T11:20:00,5308.10,5339.94,5260.34,56,31.84,2025-04-01T13:10:00,5289.20,TIME_STOP,1058.40,613.31
cpr,EICHERMOT,2025-04-02,SHORT,2025-04-02T13:20:00,5327.60,5344.45,5302.32,56,16.85,2025-04-02T14:40:00,5344.45,STOP,-943.64,-1391.87
cpr,EICHERMOT,2025-04-09,SHORT,2025-04-09T10:40:00,5199.15,5220.78,5166.70,57,21.63,2025-04-09T10:50:00,5220.78,STOP,-1233.07,-1678.52
cpr,EICHERMOT,2025-04-22,LONG,2025-04-22T14:00:00,5837.50,5822.07,5860.64,51,15.43,2025-04-22T14:10:00,5822.07,STOP,-786.70,-1232.68
cpr,EICHERMOT,2025-04-24,SHORT,2025-04-24T11:10:00,5712.00,5733.46,5679.80,52,21.46,2025-04-24T12:30:00,5679.80,TARGET,1674.24,1229.96
cpr,EICHERMOT,2025-04-29,SHORT,2025-04-29T10:20:00,5587.50,5608.39,5556.16,53,20.89,2025-04-29T10:30:00,5556.16,TARGET,1661.05,1218.09
cpr,EICHERMOT,2025-04-30,SHORT,2025-04-30T10:10:00,5562.50,5586.57,5526.40,53,24.07,2025-04-30T10:20:00,5584.50,REVERSE,-1166.00,-1609.09
cpr,EICHERMOT,2025-05-07,LONG,2025-05-07T10:50:00,5553.00,5527.27,5591.59,54,25.73,2025-05-07T11:20:00,5527.27,STOP,-1389.41,-1838.16
cpr,EICHERMOT,2025-05-15,LONG,2025-05-15T13:30:00,5457.50,5432.41,5495.13,54,25.09,2025-05-15T13:40:00,5495.13,TARGET,2032.19,1588.61
cpr,EICHERMOT,2025-05-16,LONG,2025-05-16T13:30:00,5523.50,5505.24,5550.88,54,18.26,2025-05-16T13:40:00,5505.24,STOP,-985.82,-1432.48
cpr,EICHERMOT,2025-05-27,SHORT,2025-05-27T14:00:00,5414.00,5425.70,5396.45,55,11.70,2025-05-27T14:20:00,5396.45,TARGET,965.14,519.21
cpr,EICHERMOT,2025-05-30,LONG,2025-05-30T10:00:00,5382.50,5366.84,5405.99,55,15.66,2025-05-30T10:20:00,5366.84,STOP,-861.30,-1304.71
cpr,EICHERMOT,2025-06-02,SHORT,2025-06-02T13:40:00,5344.00,5355.98,5326.03,56,11.98,2025-06-02T13:40:00,5355.00,REVERSE,-616.00,-1065.36
cpr,EICHERMOT,2025-06-03,SHORT,2025-06-03T10:10:00,5335.00,5351.35,5310.47,56,16.35,2025-06-03T10:20:00,5351.35,STOP,-915.66,-1364.49
cpr,EICHERMOT,2025-06-04,SHORT,2025-06-04T11:40:00,5328.50,5341.81,5308.54,56,13.31,2025-06-04T12:00:00,5308.54,TARGET,1117.83,671.08
cpr,EICHERMOT,2025-06-05,SHORT,2025-06-05T13:40:00,5310.50,5322.31,5292.78,56,11.81,2025-06-05T14:50:00,5322.31,STOP,-661.41,-1107.98
cpr,EICHERMOT,2025-06-10,SHORT,2025-06-10T14:00:00,5396.50,5404.35,5384.73,55,7.85,2025-06-10T14:40:00,5384.73,TARGET,647.34,202.61
cpr,EICHERMOT,2025-06-11,LONG,2025-06-11T10:10:00,5399.00,5386.32,5418.02,55,12.68,2025-06-11T10:20:00,5386.32,STOP,-697.40,-1142.29
cpr,EICHERMOT,2025-06-23,LONG,2025-06-23T11:10:00,5517.00,5503.39,5537.41,54,13.61,2025-06-23T11:10:00,5503.39,STOP,-734.87,-1181.19
cpr,EICHERMOT,2025-06-25,SHORT,2025-06-25T10:40:00,5596.50,5613.83,5570.51,53,17.33,2025-06-25T12:30:00,5587.50,TIME_STOP,477.00,32.44
cpr,EICHERMOT,2025-07-07,LONG,2025-07-07T10:00:00,5681.50,5666.37,5704.20,52,15.13,2025-07-07T11:50:00,5687.50,TIME_STOP,312.00,-131.39
cpr,EICHERMOT,2025-07-11,LONG,2025-07-11T10:00:00,5677.00,5662.78,5698.34,52,14.22,2025-07-11T10:10:00,5662.78,STOP,-739.64,-1181.89
cpr,EICHERMOT,2025-07-18,SHORT,2025-07-18T10:40:00,5631.00,5641.63,5615.05,53,10.63,2025-07-18T10:40:00,5641.63,STOP,-563.50,-1011.58
cpr,EICHERMOT,2025-07-28,SHORT,2025-07-28T11:00:00,5395.50,5412.03,5370.70,55,16.53,2025-07-28T11:40:00,5412.03,STOP,-909.22,-1355.03
cpr,EICHERMOT,2025-07-29,SHORT,2025-07-29T11:30:00,5392.50,5406.17,5371.99,55,13.67,2025-07-29T11:30:00,5397.50,REVERSE,-275.00,-720.09
cpr,EICHERMOT,2025-07-31,LONG,2025-07-31T13:40:00,5492.00,5475.01,5517.49,54,16.99,2025-07-31T14:30:00,5475.01,STOP,-917.48,-1361.64
cpr,EICHERMOT,2025-08-11,SHORT,2025-08-11T11:40:00,5668.00,5679.78,5650.33,52,11.78,2025-08-11T12:20:00,5679.78,STOP,-612.42,-1054.98
cpr,EICHERMOT,2025-08-13,LONG,2025-08-13T10:00:00,5707.50,5693.14,5729.05,52,14.36,2025-08-13T10:00:00,5729.05,TARGET,1120.43,674.41
cpr,EICHERMOT,2025-08-21,LONG,2025-08-21T14:10:00,5945.50,5934.18,5962.48,50,11.32,2025-08-21T14:10:00,5962.48,TARGET,848.86,402.31
cpr,EICHERMOT,2025-08-22,SHORT,2025-08-22T13:00:00,5940.00,5950.25,5924.63,50,10.25,2025-08-22T13:10:00,5950.25,STOP,-512.42,-958.31
cpr,EICHERMOT,2025-09-17,SHORT,2025-09-17T13:50:00,6895.00,6907.71,6875.94,43,12.71,2025-09-17T15:20:00,6889.00,EOD,258.00,-186.53
cpr,EICHERMOT,2025-09-22,SHORT,2025-09-22T10:10:00,6951.00,6969.38,6923.43,43,18.38,2025-09-22T10:10:00,6969.38,STOP,-790.29,-1239.22
cpr,EICHERMOT,2025-09-24,LONG,2025-09-24T10:20:00,7044.00,7023.85,7074.23,42,20.15,2025-09-24T10:30:00,7023.85,STOP,-846.47,-1289.60
cpr,EICHERMOT,2025-09-25,LONG,2025-09-25T11:50:00,7018.00,7001.20,7043.20,42,16.80,2025-09-25T12:50:00,7010.00,REVERSE,-336.00,-777.88
cpr,EICHERMOT,2025-09-29,LONG,2025-09-29T10:10:00,7019.50,6999.92,7048.87,42,19.58,2025-09-29T11:30:00,6999.92,STOP,-822.25,-1263.87
cpr,EICHERMOT,2025-09-30,LONG,2025-09-30T12:40:00,7008.50,6992.26,7032.86,42,16.24,2025-09-30T14:30:00,7021.00,TIME_STOP,525.00,83.07
cpr,EICHERMOT,2025-10-01,LONG,2025-10-01T10:40:00,7015.00,6995.96,7043.56,42,19.04,2025-10-01T12:30:00,7028.50,TIME_STOP,567.00,124.63
cpr,EICHERMOT,2025-10-07,LONG,2025-10-07T10:00:00,6924.50,6907.36,6950.22,43,17.14,2025-10-07T10:10:00,6950.22,TARGET,1105.77,658.31
cpr,EICHERMOT,2025-10-09,SHORT,2025-10-09T13:20:00,6900.00,6918.50,6872.25,43,18.50,2025-10-09T14:20:00,6872.25,TARGET,1193.04,748.89
cpr,EICHERMOT,2025-10-21,SHORT,2025-10-21T14:00:00,7032.50,7050.15,7006.02,42,17.65,2025-10-21T14:40:00,7006.02,TARGET,1112.24,670.02
cpr,EICHERMOT,2025-10-27,LONG,2025-10-27T10:00:00,6852.00,6837.06,6874.41,43,14.94,2025-10-27T10:20:00,6874.41,TARGET,963.46,520.78
cpr,EICHERMOT,2025-11-10,SHORT,2025-11-10T14:00:00,6827.50,6841.84,6805.98,43,14.34,2025-11-10T14:10:00,6841.84,STOP,-616.83,-1057.67
cpr,EICHERMOT,2025-11-17,LONG,2025-11-17T10:20:00,6737.50,6718.17,6766.49,44,19.33,2025-11-17T11:10:00,6766.49,TARGET,1275.77,830.14
cpr,EICHERMOT,2025-11-18,SHORT,2025-11-18T10:40:00,6761.50,6777.85,6736.97,44,16.35,2025-11-18T11:00:00,6777.85,STOP,-719.57,-1166.36
cpr,EICHERMOT,2025-11-19,LONG,2025-11-19T12:40:00,6829.50,6816.56,6848.90,43,12.94,2025-11-19T13:00:00,6816.56,STOP,-556.25,-996.34
cpr,EICHERMOT,2025-11-26,LONG,2025-11-26T10:10:00,7251.00,7230.19,7282.22,41,20.81,2025-11-26T10:20:00,7230.19,STOP,-853.36,-1298.66
cpr,EICHERMOT,2025-12-02,SHORT,2025-12-02T11:00:00,7123.00,7152.51,7078.74,42,29.51,2025-12-02T11:10:00,7144.50,REVERSE,-903.00,-1352.43
cpr,EICHERMOT,2025-12-04,LONG,2025-12-04T13:30:00,7099.00,7082.51,7123.73,42,16.49,2025-12-04T13:30:00,7093.00,REVERSE,-252.00,-699.05
cpr,EICHERMOT,2025-12-08,SHORT,2025-12-08T13:10:00,7152.50,7168.31,7128.78,41,15.81,2025-12-08T13:20:00,7128.78,TARGET,972.49,533.34
cpr,EICHERMOT,2025-12-18,SHORT,2025-12-18T14:10:00,7079.00,7093.53,7057.20,42,14.53,2025-12-18T15:00:00,7093.53,STOP,-610.30,-1056.73
cpr,EICHERMOT,2025-12-26,SHORT,2025-12-26T11:30:00,7295.50,7310.53,7272.95,41,15.03,2025-12-26T11:50:00,7310.53,STOP,-616.40,-1065.54
cpr,EICHERMOT,2025-12-29,SHORT,2025-12-29T10:30:00,7310.00,7329.69,7280.47,41,19.69,2025-12-29T11:10:00,7280.47,TARGET,1210.83,762.17
cpr,EICHERMOT,2025-12-30,LONG,2025-12-30T10:50:00,7299.00,7273.73,7336.90,41,25.27,2025-12-30T10:50:00,7273.73,STOP,-1036.02,-1484.13
cpr,EICHERMOT,2026-01-07,LONG,2026-01-07T10:40:00,7535.00,7516.73,7562.41,39,18.27,2026-01-07T11:00:00,7562.41,TARGET,1069.08,627.48
cpr,EICHERMOT,2026-01-09,SHORT,2026-01-09T12:40:00,7521.00,7539.34,7493.50,39,18.34,2026-01-09T14:30:00,7509.50,TIME_STOP,448.50,8.86
cpr,EICHERMOT,2026-01-13,SHORT,2026-01-13T12:50:00,7403.50,7426.25,7369.37,40,22.75,2026-01-13T14:00:00,7369.37,TARGET,1365.22,922.03
cpr,EICHERMOT,2026-01-20,SHORT,2026-01-20T10:10:00,7312.00,7333.35,7279.98,41,21.35,2026-01-20T10:40:00,7333.35,STOP,-875.16,-1325.51
cpr,EICHERMOT,2026-01-22,SHORT,2026-01-22T11:50:00,7113.00,7144.64,7065.55,42,31.64,2026-01-22T13:40:00,7065.55,TARGET,1993.06,1546.43
cpr,EICHERMOT,2026-01-27,LONG,2026-01-27T11:30:00,7036.50,7008.33,7078.75,42,28.17,2026-01-27T11:50:00,7078.75,TARGET,1774.49,1329.86
cpr,EICHERMOT,2026-01-28,SHORT,2026-01-28T10:00:00,6964.50,6997.84,6914.49,43,33.34,2026-01-28T10:10:00,6914.49,TARGET,2150.53,1702.93
cpr,EICHERMOT,2026-01-29,SHORT,2026-01-29T12:20:00,7019.00,7047.43,6976.35,42,28.43,2026-01-29T12:30:00,7035.50,REVERSE,-693.00,-1135.72
cpr,EICHERMOT,2026-01-30,SHORT,2026-01-30T10:10:00,7015.00,7040.97,6976.05,42,25.97,2026-01-30T10:30:00,7040.97,STOP,-1090.58,-1533.35
cpr,EICHERMOT,2026-02-19,SHORT,2026-02-19T11:40:00,7988.00,8014.02,7948.98,37,26.02,2026-02-19T12:40:00,7948.98,TARGET,1443.87,1001.62
cpr,EICHERMOT,2026-02-20,SHORT,2026-02-20T13:20:00,7929.50,7948.25,7901.38,37,18.75,2026-02-20T13:30:00,7948.25,STOP,-693.70,-1134.30
cpr,EICHERMOT,2026-02-24,SHORT,2026-02-24T10:20:00,7988.50,8014.46,7949.55,37,25.96,2026-02-24T11:20:00,7949.55,TARGET,1441.02,998.74
cpr,EICHERMOT,2026-02-27,SHORT,2026-02-27T10:40:00,8077.00,8105.21,8034.68,37,28.21,2026-02-27T11:50:00,8105.21,STOP,-1043.86,-1492.91
cpr,EICHERMOT,2026-03-06,SHORT,2026-03-06T10:10:00,7633.00,7661.75,7589.87,39,28.75,2026-03-06T10:10:00,7647.00,REVERSE,-546.00,-992.94
cpr,EICHERMOT,2026-03-11,SHORT,2026-03-11T11:10:00,7466.50,7497.99,7419.27,40,31.49,2026-03-11T11:10:00,7419.27,TARGET,1889.17,1442.60
cpr,TITAN,2024-03-19,SHORT,2024-03-19T14:10:00,3575.90,3583.07,3565.15,83,7.17,2024-03-19T14:10:00,3583.07,STOP,-594.85,-1040.49
cpr,TITAN,2024-03-20,LONG,2024-03-20T13:20:00,3582.60,3573.95,3595.58,83,8.65,2024-03-20T13:40:00,3573.95,STOP,-718.10,-1163.60
cpr,TITAN,2024-04-01,SHORT,2024-04-01T10:50:00,3776.40,3793.60,3750.60,79,17.20,2024-04-01T12:20:00,3750.60,TARGET,2038.41,1592.43
cpr,TITAN,2024-04-02,SHORT,2024-04-02T13:10:00,3752.85,3760.93,3740.73,79,8.08,2024-04-02T14:40:00,3740.73,TARGET,957.09,513.09
cpr,TITAN,2024-04-04,LONG,2024-04-04T12:50:00,3734.75,3719.75,3757.25,80,15.00,2024-04-04T13:20:00,3757.25,TARGET,1799.72,1350.20
cpr,TITAN,2024-04-05,SHORT,2024-04-05T12:10:00,3751.00,3763.97,3731.54,79,12.97,2024-04-05T12:20:00,3763.97,STOP,-1024.67,-1469.93
cpr,TITAN,2024-04-10,LONG,2024-04-10T11:50:00,3707.80,3698.50,3721.74,80,9.30,2024-04-10T13:40:00,3707.30,TIME_STOP,-40.00,-484.91
cpr,TITAN,2024-04-18,LONG,2024-04-18T10:10:00,3633.00,3618.85,3654.23,82,14.15,2024-04-18T10:10:00,3618.85,STOP,-1160.38,-1606.37
cpr,TITAN,2024-04-26,LONG,2024-04-26T10:10:00,3579.80,3566.90,3599.15,83,12.90,2024-04-26T10:10:00,3571.75,REVERSE,-668.15,-1113.33
cpr,TITAN,2024-05-08,SHORT,2024-05-08T10:40:00,3244.05,3257.68,3223.61,92,13.63,2024-05-08T11:20:00,3257.68,STOP,-1253.57,-1702.19
cpr,TITAN,2024-05-09,SHORT,2024-05-09T13:00:00,3255.00,3266.58,3237.63,92,11.58,2024-05-09T13:40:00,3266.58,STOP,-1065.39,-1515.38
cpr,TITAN,2024-05-15,SHORT,2024-05-15T10:20:00,3276.80,3286.43,3262.36,91,9.63,2024-05-15T11:30:00,3262.36,TARGET,1313.99,867.69
cpr,TITAN,2024-05-16,LONG,2024-05-16T12:30:00,3282.95,3272.58,3298.50,91,10.37,2024-05-16T12:30:00,3272.58,STOP,-943.48,-1390.89
cpr,TITAN,2024-05-24,SHORT,2024-05-24T10:50:00,3426.25,3436.72,3410.54,87,10.47,2024-05-24T10:50:00,3433.95,REVERSE,-669.90,-1117.53
cpr,TITAN,2024-05-27,LONG,2024-05-27T12:10:00,3432.50,3421.86,3448.46,87,10.64,2024-05-27T13:00:00,3421.86,STOP,-925.63,-1372.88
cpr,TITAN,2024-05-31,LONG,2024-05-31T10:10:00,3308.10,3296.50,3325.51,90,11.60,2024-05-31T10:20:00,3325.51,TARGET,1566.61,1118.84
cpr,TITAN,2024-07-02,SHORT,2024-07-02T10:30:00,3410.35,3418.38,3398.30,87,8.03,2024-07-02T10:40:00,3418.38,STOP,-698.89,-1144.47
cpr,TITAN,2024-07-12,SHORT,2024-07-12T13:10:00,3246.75,3255.18,3234.10,92,8.43,2024-07-12T15:00:00,3234.10,TARGET,1163.96,716.78
cpr,TITAN,2024-07-18,LONG,2024-07-18T10:20:00,3248.00,3238.84,3261.74,92,9.16,2024-07-18T10:50:00,3238.84,STOP,-842.57,-1290.16
cpr,TITAN,2024-07-22,LONG,2024-07-22T11:50:00,3269.55,3259.16,3285.14,91,10.39,2024-07-22T12:40:00,3259.16,STOP,-945.78,-1391.37
cpr,TITAN,2024-07-23,LONG,2024-07-23T12:20:00,3378.05,3360.68,3404.11,88,17.37,2024-07-23T12:20:00,3360.68,STOP,-1528.90,-1973.65
cpr,TITAN,2024-07-26,LONG,2024-07-26T10:40:00,3417.10,3406.49,3433.01,87,10.61,2024-07-26T10:50:00,3433.01,TARGET,1383.98,937.01
cpr,TITAN,2024-07-31,SHORT,2024-07-31T12:50:00,3449.70,3462.55,3430.42,86,12.85,2024-07-31T13:10:00,3462.55,STOP,-1105.41,-1551.25
cpr,TITAN,2024-08-01,SHORT,2024-08-01T12:20:00,3458.30,3467.98,3443.77,86,9.68,2024-08-01T13:00:00,3443.77,TARGET,1249.20,804.01
cpr,TITAN,2024-08-08,SHORT,2024-08-08T10:30:00,3333.05,3342.21,3319.32,90,9.16,2024-08-08T10:30:00,3342.21,STOP,-824.00,-1274.58
cpr,TITAN,2024-08-09,LONG,2024-08-09T10:00:00,3326.85,3312.70,3348.08,90,14.15,2024-08-09T11:00:00,3312.70,STOP,-1273.63,-1721.80
cpr,TITAN,2024-08-12,SHORT,2024-08-12T10:10:00,3301.30,3311.14,3286.54,90,9.84,2024-08-12T10:20:00,3311.14,STOP,-885.38,-1331.72
cpr,TITAN,2024-08-13,LONG,2024-08-13T10:40:00,3337.65,3327.42,3352.99,89,10.23,2024-08-13T11:00:00,3352.99,TARGET,1365.47,918.87
cpr,TITAN,2024-08-27,SHORT,2024-08-27T10:50:00,3604.10,3616.84,3584.99,83,12.74,2024-08-27T12:40:00,3592.00,TIME_STOP,1004.30,556.34
cpr,TITAN,2024-08-29,LONG,2024-08-29T13:00:00,3548.80,3538.92,3563.62,84,9.88,2024-08-29T13:40:00,3538.92,STOP,-829.86,-1276.39
cpr,TITAN,2024-09-03,SHORT,2024-09-03T10:00:00,3567.00,3575.94,3553.59,84,8.94,2024-09-03T10:30:00,3575.94,STOP,-750.97,-1200.97
cpr,TITAN,2024-09-06,SHORT,2024-09-06T10:30:00,3684.00,3698.97,3661.55,81,14.97,2024-09-06T12:00:00,3698.97,STOP,-1212.44,-1660.96
cpr,TITAN,2024-09-09,LONG,2024-09-09T10:00:00,3713.25,3697.26,3737.24,80,15.99,2024-09-09T10:10:00,3697.26,STOP,-1279.46,-1724.09
cpr,TITAN,2024-09-10,SHORT,2024-09-10T10:20:00,3673.30,3684.90,3655.90,81,11.60,2024-09-10T10:20:00,3684.80,REVERSE,-931.50,-1378.50
cpr,TITAN,2024-09-12,LONG,2024-09-12T10:10:00,3748.70,3735.83,3768.01,80,12.87,2024-09-12T11:50:00,3735.83,STOP,-1029.96,-1479.03
cpr,TITAN,2024-09-16,SHORT,2024-09-16T11:40:00,3753.70,3764.43,3737.61,79,10.73,2024-09-16T13:30:00,3748.80,TIME_STOP,387.10,-57.42
cpr,TITAN,2024-09-18,SHORT,2024-09-18T11:50:00,3752.65,3760.92,3740.24,79,8.27,2024-09-18T12:00:00,3760.92,STOP,-653.62,-1098.80
cpr,TITAN,2024-09-20,LONG,2024-09-20T10:10:00,3785.00,3770.10,3807.35,79,14.90,2024-09-20T10:20:00,3770.10,STOP,-1177.30,-1624.94
cpr,TITAN,2024-10-04,LONG,2024-10-04T11:00:00,3725.90,3703.69,3759.21,80,22.21,2024-10-04T12:40:00,3703.69,STOP,-1776.44,-2222.22
cpr,TITAN,2024-10-11,LONG,2024-10-11T10:10:00,3475.05,3462.69,3493.59,86,12.36,2024-10-11T10:50:00,3462.69,STOP,-1062.75,-1510.23
cpr,TITAN,2024-10-15,SHORT,2024-10-15T10:30:00,3494.20,3504.17,3479.24,85,9.97,2024-10-15T10:30:00,3479.24,TARGET,1271.49,826.93
cpr,TITAN,2024-10-16,SHORT,2024-10-16T10:10:00,3485.20,3494.39,3471.41,86,9.19,2024-10-16T10:30:00,3471.41,TARGET,1185.72,737.01
cpr,TITAN,2024-10-22,SHORT,2024-10-22T10:20:00,3347.10,3364.62,3320.82,89,17.52,2024-10-22T12:10:00,3339.00,TIME_STOP,720.90,274.60
cpr,TITAN,2024-10-24,LONG,2024-10-24T10:50:00,3319.50,3307.97,3336.79,90,11.53,2024-10-24T12:40:00,3318.60,TIME_STOP,-81.00,-529.07
cpr,TITAN,2024-11-05,SHORT,2024-11-05T11:40:00,3210.35,3224.48,3189.15,93,14.13,2024-11-05T13:20:00,3189.15,TARGET,1971.70,1525.33
cpr,TITAN,2024-11-08,LONG,2024-11-08T10:10:00,3142.50,3131.64,3158.79,95,10.86,2024-11-08T11:40:00,3131.64,STOP,-1031.58,-1478.62
cpr,TITAN,2024-11-27,SHORT,2024-11-27T14:10:00,3300.05,3308.82,3286.90,90,8.77,2024-11-27T15:20:00,3286.90,TARGET,1183.42,738.80
cpr,TITAN,2024-12-09,SHORT,2024-12-09T10:20:00,3453.90,3465.54,3436.45,86,11.64,2024-12-09T10:20:00,3465.54,STOP,-1000.62,-1446.92
cpr,TITAN,2024-12-16,SHORT,2024-12-16T11:00:00,3458.20,3470.04,3440.43,86,11.84,2024-12-16T12:00:00,3440.43,TARGET,1527.98,1083.02
cpr,TITAN,2024-12-18,SHORT,2024-12-18T12:50:00,3402.70,3411.30,3389.80,88,8.60,2024-12-18T13:10:00,3411.30,STOP,-756.63,-1206.36
cpr,TITAN,2024-12-23,LONG,2024-12-23T11:10:00,3393.20,3379.90,3413.15,88,13.30,2024-12-23T13:00:00,3399.20,TIME_STOP,528.00,79.70
cpr,TITAN,2024-12-27,LONG,2024-12-27T11:10:00,3338.00,3329.47,3350.80,89,8.53,2024-12-27T12:10:00,3329.47,STOP,-759.30,-1204.35
cpr,TITAN,2025-01-01,LONG,2025-01-01T11:30:00,3267.95,3258.90,3281.53,91,9.05,2025-01-01T11:30:00,3258.90,STOP,-823.92,-1269.37
cpr,TITAN,2025-01-16,SHORT,2025-01-16T10:20:00,3300.95,3312.46,3283.68,90,11.51,2025-01-16T10:30:00,3283.68,TARGET,1554.33,1109.87
cpr,TITAN,2025-01-23,LONG,2025-01-23T10:30:00,3382.60,3369.97,3401.55,88,12.63,2025-01-23T10:50:00,3401.55,TARGET,1667.54,1219.78
cpr,TITAN,2025-01-24,SHORT,2025-01-24T10:10:00,3382.00,3394.23,3363.65,88,12.23,2025-01-24T10:10:00,3394.23,STOP,-1076.44,-1523.67
cpr,TITAN,2025-01-28,LONG,2025-01-28T12:20:00,3348.65,3334.97,3369.17,89,13.68,2025-01-28T12:40:00,3334.97,STOP,-1217.25,-1663.39
cpr,TITAN,2025-02-01,LONG,2025-02-01T12:30:00,3570.40,3543.26,3611.11,84,27.14,2025-02-01T12:30:00,3543.26,STOP,-2279.80,-2727.96
cpr,TITAN,2025-02-04,SHORT,2025-02-04T10:20:00,3551.85,3572.56,3520.78,84,20.71,2025-02-04T12:10:00,3531.50,TIME_STOP,1709.40,1263.15
cpr,TITAN,2025-02-05,SHORT,2025-02-05T10:00:00,3501.55,3532.07,3455.78,81,30.52,2025-02-05T11:50:00,3494.30,TIME_STOP,587.25,162.25
cpr,TITAN,2025-02-11,SHORT,2025-02-11T13:10:00,3311.35,3323.42,3293.24,90,12.07,2025-02-11T13:10:00,3293.24,TARGET,1629.57,1183.76
cpr,TITAN,2025-02-12,LONG,2025-02-12T12:10:00,3307.20,3288.87,3334.69,90,18.33,2025-02-12T12:20:00,3288.87,STOP,-1649.35,-2094.58
cpr,TITAN,2025-02-18,SHORT,2025-02-18T10:30:00,3200.30,3212.88,3181.44,93,12.58,2025-02-18T10:40:00,3212.88,STOP,-1169.62,-1616.94
cpr,TITAN,2025-02-24,LONG,2025-02-24T12:00:00,3185.60,3177.28,3198.08,94,8.32,2025-02-24T12:00:00,3177.28,STOP,-782.10,-1230.68
cpr,TITAN,2025-02-25,LONG,2025-02-25T10:20:00,3180.70,3171.04,3195.19,94,9.66,2025-02-25T11:00:00,3195.19,TARGET,1361.81,912.31
cpr,TITAN,2025-02-27,SHORT,2025-02-27T10:10:00,3179.15,3189.72,3163.30,94,10.57,2025-02-27T10:30:00,3189.72,STOP,-993.48,-1442.49
cpr,TITAN,2025-03-06,LONG,2025-03-06T12:30:00,3081.75,3071.56,3097.03,97,10.19,2025-03-06T12:40:00,3075.50,REVERSE,-606.25,-1054.19
cpr,TITAN,2025-03-13,SHORT,2025-03-13T12:10:00,3017.25,3028.14,3000.91,99,10.89,2025-03-13T13:20:00,3000.91,TARGET,1617.30,1170.46
cpr,TITAN,2025-03-17,SHORT,2025-03-17T10:30:00,3010.90,3020.65,2996.28,99,9.75,2025-03-17T11:00:00,3020.65,STOP,-965.18,-1413.03
cpr,TITAN,2025-03-27,LONG,2025-03-27T14:00:00,3074.60,3067.89,3084.67,97,6.71,2025-03-27T14:30:00,3067.89,STOP,-651.05,-1097.91
cpr,TITAN,2025-03-28,SHORT,2025-03-28T12:40:00,3068.75,3078.15,3054.66,97,9.40,2025-03-28T12:50:00,3078.15,STOP,-911.43,-1358.61
cpr,TITAN,2025-04-02,LONG,2025-04-02T11:10:00,3017.95,3008.07,3032.77,99,9.88,2025-04-02T11:10:00,3032.77,TARGET,1467.65,1018.39
cpr,TITAN,2025-04-16,SHORT,2025-04-16T10:50:00,3257.70,3266.10,3245.10,92,8.40,2025-04-16T12:30:00,3266.10,STOP,-772.92,-1223.06
cpr,TITAN,2025-04-17,LONG,2025-04-17T10:50:00,3269.80,3256.91,3289.13,91,12.89,2025-04-17T11:00:00,3256.91,STOP,-1172.71,-1618.16
cpr,TITAN,2025-04-22,SHORT,2025-04-22T10:30:00,3323.80,3334.92,3307.12,90,11.12,2025-04-22T10:30:00,3334.92,STOP,-1000.78,-1450.24
cpr,TITAN,2025-04-23,SHORT,2025-04-23T11:00:00,3319.30,3330.23,3302.91,90,10.93,2025-04-23T11:10:00,3330.23,STOP,-983.37,-1432.22
cpr,TITAN,2025-04-25,SHORT,2025-04-25T10:40:00,3349.00,3362.25,3329.12,89,13.25,2025-04-25T11:10:00,3329.12,TARGET,1769.16,1323.40
cpr,TITAN,2025-04-29,SHORT,2025-04-29T10:50:00,3358.20,3368.84,3342.24,89,10.64,2025-04-29T11:00:00,3368.84,STOP,-947.24,-1396.27
cpr,TITAN,2025-05-07,LONG,2025-05-07T10:20:00,3307.50,3293.34,3328.74,90,14.16,2025-05-07T11:00:00,3328.74,TARGET,1911.43,1463.48
cpr,TITAN,2025-05-15,LONG,2025-05-15T11:10:00,3606.30,3593.24,3625.89,83,13.06,2025-05-15T11:10:00,3593.24,STOP,-1084.03,-1532.20
cpr,TITAN,2025-05-19,SHORT,2025-05-19T12:00:00,3631.00,3638.57,3619.64,82,7.57,2025-05-19T13:50:00,3629.00,TIME_STOP,164.00,-282.49
cpr,TITAN,2025-05-26,LONG,2025-05-26T13:40:00,3606.00,3594.97,3622.54,83,11.03,2025-05-26T15:20:00,3610.40,EOD,365.20,-84.02
cpr,TITAN,2025-05-27,LONG,2025-05-27T11:40:00,3629.20,3612.87,3653.69,82,16.33,2025-05-27T11:40:00,3612.87,STOP,-1338.69,-1784.08
cpr,TITAN,2025-05-30,SHORT,2025-05-30T11:20:00,3571.00,3580.19,3557.21,84,9.19,2025-05-30T13:10:00,3573.00,TIME_STOP,-168.00,-618.07
cpr,TITAN,2025-06-05,SHORT,2025-06-05T13:40:00,3493.40,3503.61,3478.08,85,10.21,2025-06-05T14:40:00,3503.61,STOP,-868.06,-1314.12
cpr,TITAN,2025-06-11,LONG,2025-06-11T12:20:00,3532.80,3525.83,3543.25,84,6.97,2025-06-11T12:40:00,3525.83,STOP,-585.40,-1030.09
cpr,TITAN,2025-06-12,SHORT,2025-06-12T10:50:00,3514.10,3524.27,3498.84,85,10.17,2025-06-12T11:20:00,3498.84,TARGET,1296.97,849.90
cpr,TITAN,2025-06-16,LONG,2025-06-16T12:40:00,3435.20,3426.50,3448.25,87,8.70,2025-06-16T13:00:00,3426.50,STOP,-756.75,-1204.48
cpr,TITAN,2025-06-18,SHORT,2025-06-18T11:40:00,3402.00,3410.52,3389.21,88,8.52,2025-06-18T11:50:00,3410.52,STOP,-750.08,-1199.71
cpr,TITAN,2025-06-23,LONG,2025-06-23T13:30:00,3524.90,3515.96,3538.32,85,8.94,2025-06-23T14:00:00,3515.96,STOP,-760.30,-1209.15
cpr,TITAN,2025-06-27,SHORT,2025-06-27T11:40:00,3668.30,3677.62,3654.32,81,9.32,2025-06-27T12:40:00,3677.62,STOP,-754.70,-1200.96
cpr,TITAN,2025-07-02,SHORT,2025-07-02T10:20:00,3693.40,3699.92,3683.62,81,6.52,2025-07-02T10:30:00,3699.92,STOP,-528.39,-977.53
cpr,TITAN,2025-07-03,LONG,2025-07-03T10:20:00,3708.40,3700.53,3720.20,80,7.87,2025-07-03T11:10:00,3700.53,STOP,-629.25,-1073.79
cpr,TITAN,2025-07-07,SHORT,2025-07-07T10:50:00,3667.00,3675.96,3653.57,81,8.96,2025-07-07T12:40:00,3653.57,TARGET,1088.12,643.39
cpr,TITAN,2025-07-14,LONG,2025-07-14T12:10:00,3387.30,3378.80,3400.05,88,8.50,2025-07-14T12:30:00,3378.80,STOP,-747.91,-1194.47
cpr,TITAN,2025-07-23,LONG,2025-07-23T11:30:00,3471.80,3463.64,3484.04,86,8.16,2025-07-23T13:20:00,3475.80,TIME_STOP,344.00,-104.12
cpr,TITAN,2025-07-25,LONG,2025-07-25T11:30:00,3471.50,3464.69,3481.71,86,6.81,2025-07-25T12:00:00,3464.69,STOP,-585.32,-1032.70
cpr,TITAN,2025-07-30,SHORT,2025-07-30T10:00:00,3363.80,3371.62,3352.06,89,7.82,2025-07-30T11:20:00,3371.62,STOP,-696.29,-1145.88
cpr,TITAN,2025-08-04,LONG,2025-08-04T13:20:00,3350.90,3343.85,3361.47,89,7.05,2025-08-04T14:20:00,3361.47,TARGET,940.64,492.59
cpr,TITAN,2025-08-11,LONG,2025-08-11T11:50:00,3460.00,3448.37,3477.44,86,11.63,2025-08-11T13:30:00,3477.44,TARGET,1499.97,1052.51
cpr,TITAN,2025-08-14,LONG,2025-08-14T12:20:00,3483.00,3475.62,3494.07,86,7.38,2025-08-14T13:00:00,3494.07,TARGET,951.88,501.86
cpr,TITAN,2025-08-26,SHORT,2025-08-26T11:50:00,3615.30,3623.59,3602.87,82,8.29,2025-08-26T12:20:00,3623.59,STOP,-679.66,-1124.85
cpr,TITAN,2025-08-28,LONG,2025-08-28T11:20:00,3633.20,3623.72,3647.42,82,9.48,2025-08-28T11:20:00,3647.42,TARGET,1165.73,717.97
cpr,TITAN,2025-09-01,SHORT,2025-09-01T13:10:00,3621.40,3627.73,3611.90,82,6.33,2025-09-01T13:20:00,3627.73,STOP,-519.12,-964.94
cpr,TITAN,2025-09-03,LONG,2025-09-03T10:10:00,3639.00,3631.06,3650.90,82,7.94,2025-09-03T10:10:00,3631.06,STOP,-650.71,-1097.82
cpr,TITAN,2025-09-05,SHORT,2025-09-05T11:40:00,3686.80,3694.69,3674.97,81,7.89,2025-09-05T12:00:00,3674.97,TARGET,958.36,511.14
cpr,TITAN,2025-09-08,LONG,2025-09-08T11:20:00,3675.00,3666.43,3687.85,81,8.57,2025-09-08T11:40:00,3666.43,STOP,-694.08,-1140.07
cpr,TITAN,2025-09-12,SHORT,2025-09-12T12:40:00,3585.90,3592.87,3575.45,83,6.97,2025-09-12T13:20:00,3575.45,TARGET,867.24,421.45
cpr,TITAN,2025-09-16,LONG,2025-09-16T13:00:00,3543.10,3536.50,3553.00,84,6.60,2025-09-16T13:10:00,3536.50,STOP,-554.54,-1000.56
cpr,TITAN,2025-09-17,SHORT,2025-09-17T10:40:00,3534.50,3543.88,3520.43,84,9.38,2025-09-17T11:30:00,3520.43,TARGET,1181.55,737.09
cpr,TITAN,2025-10-06,SHORT,2025-10-06T11:00:00,3406.60,3416.41,3391.89,88,9.81,2025-10-06T12:00:00,3416.41,STOP,-863.14,-1313.46
cpr,TITAN,2025-10-21,LONG,2025-10-21T14:00:00,3742.80,3729.36,3762.96,80,13.44,2025-10-21T14:20:00,3729.36,STOP,-1075.19,-1523.52
cpr,TITAN,2025-10-27,SHORT,2025-10-27T11:00:00,3721.20,3729.27,3709.09,80,8.07,2025-10-27T11:30:00,3729.27,STOP,-645.80,-1092.83
cpr,TITAN,2025-10-29,LONG,2025-10-29T11:00:00,3737.20,3726.67,3753.00,80,10.53,2025-10-29T12:50:00,3753.00,TARGET,1264.15,814.74
cpr,TITAN,2025-10-30,LONG,2025-10-30T11:10:00,3759.60,3750.57,3773.15,79,9.03,2025-10-30T11:20:00,3773.15,TARGET,1070.14,623.83
cpr,TITAN,2025-10-31,LONG,2025-10-31T14:00:00,3763.30,3756.37,3773.70,79,6.93,2025-10-31T14:50:00,3756.37,STOP,-547.70,-993.24
cpr,TITAN,2025-11-06,LONG,2025-11-06T13:50:00,3800.10,3789.75,3815.62,78,10.35,2025-11-06T13:50:00,3789.75,STOP,-807.21,-1251.22
cpr,TITAN,2025-11-11,SHORT,2025-11-11T10:10:00,3790.20,3797.94,3778.59,79,7.74,2025-11-11T10:20:00,3778.59,TARGET,916.83,468.38
cpr,TITAN,2025-11-18,SHORT,2025-11-18T10:00:00,3847.40,3854.84,3836.24,77,7.44,2025-11-18T10:20:00,3854.84,STOP,-572.75,-1017.56
cpr,TITAN,2025-11-20,LONG,2025-11-20T13:50:00,3930.00,3923.38,3939.93,76,6.62,2025-11-20T14:20:00,3923.38,STOP,-503.07,-950.71
cpr,TITAN,2025-11-24,LONG,2025-11-24T10:20:00,3933.50,3924.08,3947.63,76,9.42,2025-11-24T10:30:00,3924.08,STOP,-716.16,-1164.04
cpr,TITAN,2025-11-25,LONG,2025-11-25T10:20:00,3906.00,3896.40,3920.40,76,9.60,2025-11-25T11:00:00,3896.40,STOP,-729.84,-1174.58
cpr,TITAN,2025-11-26,LONG,2025-11-26T10:10:00,3894.70,3883.14,3912.03,77,11.56,2025-11-26T11:00:00,3912.03,TARGET,1334.69,883.85
cpr,TITAN,2025-12-02,LONG,2025-12-02T11:40:00,3887.40,3878.87,3900.19,77,8.53,2025-12-02T13:30:00,3887.50,TIME_STOP,7.70,-441.30
cpr,TITAN,2025-12-04,SHORT,2025-12-04T12:30:00,3809.90,3818.23,3797.41,78,8.33,2025-12-04T12:40:00,3797.41,TARGET,974.43,529.40
cpr,TITAN,2025-12-05,LONG,2025-12-05T10:10:00,3815.30,3806.16,3829.00,78,9.14,2025-12-05T12:00:00,3813.50,TIME_STOP,-140.40,-586.68
cpr,TITAN,2025-12-09,LONG,2025-12-09T10:50:00,3809.00,3797.73,3825.91,78,11.27,2025-12-09T11:20:00,3825.91,TARGET,1318.84,872.19
cpr,TITAN,2025-12-10,LONG,2025-12-10T10:30:00,3839.40,3829.95,3853.57,78,9.45,2025-12-10T12:20:00,3846.50,TIME_STOP,553.80,104.17
cpr,TITAN,2025-12-22,LONG,2025-12-22T10:00:00,3944.50,3936.78,3956.08,76,7.72,2025-12-22T11:00:00,3936.78,STOP,-586.79,-1036.02
cpr,TITAN,2026-01-09,SHORT,2026-01-09T10:10:00,4253.70,4267.25,4233.38,70,13.55,2026-01-09T10:30:00,4267.25,STOP,-948.45,-1395.80
cpr,TITAN,2026-01-14,LONG,2026-01-14T10:10:00,4238.00,4227.47,4253.79,70,10.53,2026-01-14T10:10:00,4227.47,STOP,-736.87,-1181.30
cpr,TITAN,2026-01-21,SHORT,2026-01-21T13:30:00,4080.10,4093.17,4060.49,73,13.07,2026-01-21T15:20:00,4084.60,TIME_STOP,-328.50,-775.52
cpr,TITAN,2026-01-22,SHORT,2026-01-22T11:20:00,4071.20,4083.63,4052.56,73,12.43,2026-01-22T11:40:00,4052.56,TARGET,1360.93,916.16
cpr,TITAN,2026-01-23,LONG,2026-01-23T10:50:00,4046.00,4031.41,4067.89,74,14.59,2026-01-23T12:40:00,4056.00,TIME_STOP,740.00,290.34
cpr,TITAN,2026-02-02,SHORT,2026-02-02T10:00:00,3949.30,3965.76,3924.61,75,16.46,2026-02-02T10:00:00,3924.61,TARGET,1851.69,1408.78
cpr,TITAN,2026-02-06,SHORT,2026-02-06T10:10:00,4071.70,4085.40,4051.15,73,13.70,2026-02-06T10:20:00,4085.40,STOP,-999.95,-1446.55
cpr,TITAN,2026-02-11,SHORT,2026-02-11T11:40:00,4243.30,4269.23,4204.40,70,25.93,2026-02-11T13:30:00,4218.50,TIME_STOP,1736.00,1291.76
cpr,TITAN,2026-02-13,SHORT,2026-02-13T10:40:00,4244.00,4257.05,4224.42,70,13.05,2026-02-13T11:50:00,4224.42,TARGET,1370.44,925.85
cpr,TITAN,2026-02-19,SHORT,2026-02-19T11:20:00,4235.80,4244.50,4222.75,70,8.70,2026-02-19T12:30:00,4244.50,STOP,-608.87,-1054.08
cpr,TITAN,2026-02-20,LONG,2026-02-20T10:20:00,4235.00,4220.65,4256.53,70,14.35,2026-02-20T12:10:00,4241.80,TIME_STOP,476.00,30.97
cpr,TITAN,2026-02-24,LONG,2026-02-24T11:10:00,4271.80,4262.64,4285.54,70,9.16,2026-02-24T11:30:00,4262.64,STOP,-641.21,-1089.26
cpr,TITAN,2026-02-27,SHORT,2026-02-27T10:10:00,4318.10,4327.43,4304.11,69,9.33,2026-02-27T10:30:00,4327.43,STOP,-643.49,-1090.89
cpr,TITAN,2026-03-11,SHORT,2026-03-11T10:50:00,4184.70,4198.35,4164.22,71,13.65,2026-03-11T11:30:00,4164.22,TARGET,1453.89,1009.31
cpr,ASIANPAINT,2024-03-20,LONG,2024-03-20T11:40:00,2819.60,2813.02,2829.47,106,6.58,2024-03-20T12:10:00,2813.02,STOP,-697.78,-1145.58
cpr,ASIANPAINT,2024-03-22,LONG,2024-03-22T12:00:00,2829.95,2822.90,2840.53,106,7.05,2024-03-22T13:50:00,2833.05,TIME_STOP,328.60,-121.61
cpr,ASIANPAINT,2024-03-26,SHORT,2024-03-26T10:10:00,2825.85,2834.72,2812.55,106,8.87,2024-03-26T11:40:00,2812.55,TARGET,1409.92,961.66
cpr,ASIANPAINT,2024-03-27,LONG,2024-03-27T10:10:00,2828.60,2822.51,2837.73,106,6.09,2024-03-27T12:00:00,2828.45,TIME_STOP,-15.90,-465.64
cpr,ASIANPAINT,2024-03-28,LONG,2024-03-28T10:20:00,2837.55,2831.26,2846.98,105,6.29,2024-03-28T10:30:00,2831.26,STOP,-660.35,-1106.76
cpr,ASIANPAINT,2024-04-04,SHORT,2024-04-04T10:00:00,2860.50,2868.42,2848.62,104,7.92,2024-04-04T11:50:00,2868.42,STOP,-823.74,-1270.60
cpr,ASIANPAINT,2024-04-05,SHORT,2024-04-05T12:30:00,2901.50,2908.77,2890.60,103,7.27,2024-04-05T14:20:00,2895.95,TIME_STOP,571.65,123.80
cpr,ASIANPAINT,2024-04-09,LONG,2024-04-09T10:00:00,2911.75,2904.66,2922.39,103,7.09,2024-04-09T10:10:00,2904.66,STOP,-730.34,-1179.66
cpr,ASIANPAINT,2024-04-18,LONG,2024-04-18T11:30:00,2851.20,2842.25,2864.63,105,8.95,2024-04-18T13:20:00,2850.40,TIME_STOP,-84.00,-533.00
cpr,ASIANPAINT,2024-05-06,SHORT,2024-05-06T13:30:00,2930.00,2940.46,2914.32,102,10.46,2024-05-06T15:10:00,2940.46,STOP,-1066.45,-1515.54
cpr,ASIANPAINT,2024-05-07,SHORT,2024-05-07T11:30:00,2926.25,2936.75,2910.50,102,10.50,2024-05-07T12:10:00,2910.50,TARGET,1606.67,1160.16
cpr,ASIANPAINT,2024-05-13,LONG,2024-05-13T10:40:00,2805.40,2786.18,2834.23,106,19.22,2024-05-13T11:00:00,2834.23,TARGET,3055.66,2607.31
cpr,ASIANPAINT,2024-05-14,LONG,2024-05-14T10:40:00,2861.00,2848.92,2879.11,104,12.08,2024-05-14T12:30:00,2873.95,TIME_STOP,1346.80,899.47
cpr,ASIANPAINT,2024-05-23,LONG,2024-05-23T12:30:00,2889.80,2881.24,2902.63,103,8.56,2024-05-23T12:40:00,2902.63,TARGET,1321.94,874.47
cpr,ASIANPAINT,2024-05-24,SHORT,2024-05-24T10:10:00,2882.95,2892.04,2869.32,104,9.09,2024-05-24T10:20:00,2892.04,STOP,-945.17,-1395.62
cpr,ASIANPAINT,2024-05-27,LONG,2024-05-27T11:10:00,2882.65,2873.54,2896.32,104,9.11,2024-05-27T11:20:00,2873.54,STOP,-947.46,-1396.44
cpr,ASIANPAINT,2024-05-28,LONG,2024-05-28T11:20:00,2880.90,2874.02,2891.22,104,6.88,2024-05-28T11:20:00,2876.50,REVERSE,-457.60,-906.68
cpr,ASIANPAINT,2024-05-30,LONG,2024-05-30T12:50:00,2902.00,2894.61,2913.09,103,7.39,2024-05-30T13:20:00,2894.61,STOP,-761.55,-1209.34
cpr,ASIANPAINT,2024-05-31,LONG,2024-05-31T12:30:00,2899.65,2889.43,2914.97,103,10.22,2024-05-31T13:40:00,2889.43,STOP,-1052.30,-1499.50
cpr,ASIANPAINT,2024-06-07,LONG,2024-06-07T11:00:00,2925.25,2914.93,2940.73,102,10.32,2024-06-07T11:30:00,2914.93,STOP,-1052.85,-1499.62
cpr,ASIANPAINT,2024-06-21,LONG,2024-06-21T14:10:00,2907.00,2900.74,2916.39,103,6.26,2024-06-21T14:20:00,2900.74,STOP,-644.67,-1093.32
cpr,ASIANPAINT,2024-06-24,LONG,2024-06-24T12:10:00,2898.50,2892.15,2908.02,103,6.35,2024-06-24T12:30:00,2892.15,STOP,-653.97,-1101.30
cpr,ASIANPAINT,2024-06-26,LONG,2024-06-26T12:30:00,2872.00,2866.80,2879.80,104,5.20,2024-06-26T12:40:00,2866.80,STOP,-540.74,-988.37
cpr,ASIANPAINT,2024-07-02,LONG,2024-07-02T11:10:00,2930.60,2924.06,2940.41,102,6.54,2024-07-02T11:40:00,2924.06,STOP,-666.81,-1114.69
cpr,ASIANPAINT,2024-07-04,LONG,2024-07-04T10:10:00,2947.00,2939.89,2957.67,101,7.11,2024-07-04T10:20:00,2939.89,STOP,-718.21,-1164.14
cpr,ASIANPAINT,2024-07-09,LONG,2024-07-09T12:10:00,2910.00,2903.72,2919.42,103,6.28,2024-07-09T14:00:00,2905.00,TIME_STOP,-515.00,-964.21
cpr,ASIANPAINT,2024-07-12,SHORT,2024-07-12T10:30:00,2981.20,2992.01,2964.99,100,10.81,2024-07-12T10:50:00,2992.01,STOP,-1080.50,-1528.49
cpr,ASIANPAINT,2024-07-16,LONG,2024-07-16T11:10:00,2975.80,2967.90,2987.65,100,7.90,2024-07-16T12:10:00,2987.65,TARGET,1185.20,737.94
cpr,ASIANPAINT,2024-07-19,LONG,2024-07-19T13:40:00,2957.35,2946.48,2973.66,101,10.87,2024-07-19T13:50:00,2946.48,STOP,-1098.19,-1545.41
cpr,ASIANPAINT,2024-07-22,LONG,2024-07-22T10:20:00,2960.00,2946.70,2979.95,101,13.30,2024-07-22T10:50:00,2946.70,STOP,-1343.04,-1790.48
cpr,ASIANPAINT,2024-07-24,LONG,2024-07-24T11:20:00,2925.00,2914.08,2941.38,102,10.92,2024-07-24T12:20:00,2914.08,STOP,-1113.54,-1560.23
cpr,ASIANPAINT,2024-08-05,LONG,2024-08-05T10:10:00,3141.00,3127.19,3161.72,95,13.81,2024-08-05T10:10:00,3127.19,STOP,-1312.15,-1758.76
cpr,ASIANPAINT,2024-08-16,LONG,2024-08-16T12:20:00,3036.30,3026.65,3050.77,98,9.65,2024-08-16T13:00:00,3026.65,STOP,-945.68,-1391.30
cpr,ASIANPAINT,2024-08-27,LONG,2024-08-27T10:20:00,3174.15,3166.31,3185.90,94,7.84,2024-08-27T10:40:00,3185.90,TARGET,1104.88,656.49
cpr,ASIANPAINT,2024-09-09,LONG,2024-09-09T13:20:00,3278.65,3270.88,3290.31,91,7.77,2024-09-09T15:10:00,3279.95,TIME_STOP,118.30,-329.32
cpr,ASIANPAINT,2024-09-12,SHORT,2024-09-12T11:30:00,3355.25,3365.76,3339.48,89,10.51,2024-09-12T12:20:00,3365.76,STOP,-935.74,-1384.37
cpr,ASIANPAINT,2024-09-16,LONG,2024-09-16T10:20:00,3360.30,3349.75,3376.12,89,10.55,2024-09-16T11:30:00,3352.80,REVERSE,-667.50,-1115.60
cpr,ASIANPAINT,2024-09-19,SHORT,2024-09-19T13:10:00,3277.60,3287.57,3262.64,91,9.97,2024-09-19T13:20:00,3287.57,STOP,-907.49,-1355.56
cpr,ASIANPAINT,2024-10-11,SHORT,2024-10-11T13:10:00,3042.05,3049.97,3030.18,98,7.92,2024-10-11T15:00:00,3034.45,TIME_STOP,744.80,298.18
cpr,ASIANPAINT,2024-10-16,LONG,2024-10-16T12:50:00,3080.75,3073.13,3092.18,97,7.62,2024-10-16T13:30:00,3073.13,STOP,-739.05,-1186.75
cpr,ASIANPAINT,2024-10-21,LONG,2024-10-21T12:40:00,3030.00,3021.52,3042.73,99,8.48,2024-10-21T14:10:00,3042.73,TARGET,1259.96,809.06
cpr,ASIANPAINT,2024-10-22,SHORT,2024-10-22T11:00:00,3030.75,3041.23,3015.03,98,10.48,2024-10-22T11:30:00,3015.03,TARGET,1540.35,1095.98
cpr,ASIANPAINT,2024-10-28,LONG,2024-10-28T10:00:00,2985.00,2974.39,3000.92,100,10.61,2024-10-28T10:20:00,3000.92,TARGET,1592.10,1143.16
cpr,ASIANPAINT,2024-10-30,SHORT,2024-10-30T10:20:00,2976.30,2985.99,2961.77,100,9.69,2024-10-30T10:20:00,2985.99,STOP,-968.83,-1416.00
cpr,ASIANPAINT,2024-11-06,LONG,2024-11-06T13:50:00,2896.00,2887.15,2909.28,103,8.85,2024-11-06T15:20:00,2898.00,EOD,206.00,-241.59
cpr,ASIANPAINT,2024-11-07,SHORT,2024-11-07T10:00:00,2864.50,2874.97,2848.80,104,10.47,2024-11-07T10:20:00,2874.97,STOP,-1088.70,-1536.38
cpr,ASIANPAINT,2024-11-22,LONG,2024-11-22T10:20:00,2453.00,2445.59,2464.11,122,7.41,2024-11-22T10:40:00,2445.59,STOP,-903.70,-1351.92
cpr,ASIANPAINT,2024-11-28,SHORT,2024-11-28T10:50:00,2477.45,2484.59,2466.74,121,7.14,2024-11-28T11:20:00,2466.74,TARGET,1295.50,846.82
cpr,ASIANPAINT,2024-11-29,LONG,2024-11-29T10:00:00,2477.75,2471.40,2487.27,121,6.35,2024-11-29T10:10:00,2471.40,STOP,-768.20,-1217.33
cpr,ASIANPAINT,2024-12-02,LONG,2024-12-02T12:40:00,2483.50,2477.87,2491.95,120,5.63,2024-12-02T12:40:00,2477.87,STOP,-675.64,-1122.16
cpr,ASIANPAINT,2024-12-03,SHORT,2024-12-03T10:00:00,2472.95,2478.12,2465.19,121,5.17,2024-12-03T10:20:00,2478.12,STOP,-625.58,-1074.89
cpr,ASIANPAINT,2024-12-06,SHORT,2024-12-06T10:30:00,2442.55,2450.17,2431.12,122,7.62,2024-12-06T12:20:00,2436.20,TIME_STOP,774.70,328.29
cpr,ASIANPAINT,2024-12-16,SHORT,2024-12-16T10:40:00,2390.20,2397.26,2379.62,125,7.06,2024-12-16T12:30:00,2393.70,TIME_STOP,-437.50,-885.99
cpr,ASIANPAINT,2024-12-18,LONG,2024-12-18T12:10:00,2370.20,2364.81,2378.28,126,5.39,2024-12-18T12:30:00,2364.81,STOP,-678.85,-1126.31
cpr,ASIANPAINT,2024-12-23,LONG,2024-12-23T12:00:00,2295.45,2289.73,2304.03,130,5.72,2024-12-23T12:00:00,2289.73,STOP,-744.02,-1191.07
cpr,ASIANPAINT,2024-12-24,LONG,2024-12-24T10:20:00,2284.70,2278.97,2293.29,131,5.73,2024-12-24T10:30:00,2293.29,TARGET,1125.53,675.74
cpr,ASIANPAINT,2024-12-27,LONG,2024-12-27T10:10:00,2280.55,2275.37,2288.32,131,5.18,2024-12-27T11:20:00,2288.32,TARGET,1018.40,569.50
cpr,ASIANPAINT,2024-12-30,LONG,2024-12-30T11:30:00,2275.50,2270.35,2283.22,131,5.15,2024-12-30T11:30:00,2270.35,STOP,-674.18,-1120.81
cpr,ASIANPAINT,2025-01-02,LONG,2025-01-02T11:20:00,2314.50,2308.88,2322.92,129,5.62,2025-01-02T12:30:00,2322.92,TARGET,1086.51,637.84
cpr,ASIANPAINT,2025-01-07,LONG,2025-01-07T10:00:00,2296.40,2288.57,2308.15,130,7.83,2025-01-07T10:50:00,2308.15,TARGET,1527.41,1078.46
cpr,ASIANPAINT,2025-01-08,LONG,2025-01-08T10:50:00,2300.85,2294.04,2311.07,130,6.81,2025-01-08T10:50:00,2294.04,STOP,-885.84,-1333.84
cpr,ASIANPAINT,2025-01-24,LONG,2025-01-24T12:00:00,2289.90,2283.11,2300.08,131,6.79,2025-01-24T12:00:00,2283.11,STOP,-889.45,-1338.75
cpr,ASIANPAINT,2025-01-27,LONG,2025-01-27T11:40:00,2273.55,2265.13,2286.18,131,8.42,2025-01-27T12:30:00,2265.13,STOP,-1103.27,-1549.19
cpr,ASIANPAINT,2025-01-28,LONG,2025-01-28T11:50:00,2263.50,2255.60,2275.35,132,7.90,2025-01-28T12:30:00,2255.60,STOP,-1042.93,-1490.33
cpr,ASIANPAINT,2025-01-30,LONG,2025-01-30T12:10:00,2252.20,2245.53,2262.20,133,6.67,2025-01-30T13:50:00,2245.53,STOP,-886.51,-1335.16
cpr,ASIANPAINT,2025-01-31,LONG,2025-01-31T10:50:00,2250.85,2242.86,2262.84,133,7.99,2025-01-31T11:00:00,2262.84,TARGET,1594.22,1143.98
cpr,ASIANPAINT,2025-02-03,SHORT,2025-02-03T10:20:00,2331.70,2344.75,2312.12,128,13.05,2025-02-03T12:00:00,2312.12,TARGET,2505.68,2059.88
cpr,ASIANPAINT,2025-02-10,SHORT,2025-02-10T12:10:00,2260.05,2267.35,2249.10,132,7.30,2025-02-10T13:50:00,2267.35,STOP,-963.59,-1411.80
cpr,ASIANPAINT,2025-02-11,SHORT,2025-02-11T10:20:00,2253.45,2260.67,2242.61,133,7.22,2025-02-11T10:50:00,2242.61,TARGET,1441.25,992.76
cpr,ASIANPAINT,2025-02-19,LONG,2025-02-19T13:40:00,2240.65,2235.80,2247.93,133,4.85,2025-02-19T14:20:00,2235.80,STOP,-645.17,-1091.70
cpr,ASIANPAINT,2025-02-20,LONG,2025-02-20T10:20:00,2247.60,2241.84,2256.24,133,5.76,2025-02-20T11:20:00,2256.24,TARGET,1149.33,700.07
cpr,ASIANPAINT,2025-02-21,SHORT,2025-02-21T10:00:00,2241.95,2247.03,2234.33,133,5.08,2025-02-21T11:00:00,2247.03,STOP,-675.95,-1123.72
cpr,ASIANPAINT,2025-02-24,LONG,2025-02-24T10:50:00,2256.70,2250.48,2266.03,132,6.22,2025-02-24T12:10:00,2250.48,STOP,-821.18,-1267.39
cpr,ASIANPAINT,2025-02-25,LONG,2025-02-25T10:00:00,2255.35,2250.48,2262.65,133,4.87,2025-02-25T10:30:00,2250.48,STOP,-647.65,-1097.10
cpr,ASIANPAINT,2025-03-05,LONG,2025-03-05T11:00:00,2147.65,2140.52,2158.35,139,7.13,2025-03-05T11:10:00,2158.35,TARGET,1487.37,1038.47
cpr,ASIANPAINT,2025-03-07,LONG,2025-03-07T13:50:00,2266.30,2261.00,2274.24,132,5.30,2025-03-07T14:50:00,2274.24,TARGET,1048.44,598.93
cpr,ASIANPAINT,2025-03-12,SHORT,2025-03-12T10:00:00,2272.00,2277.05,2264.43,132,5.05,2025-03-12T10:00:00,2264.43,TARGET,999.59,550.49
cpr,ASIANPAINT,2025-03-21,LONG,2025-03-21T10:40:00,2295.25,2288.85,2304.85,130,6.40,2025-03-21T10:40:00,2304.85,TARGET,1247.81,799.30
cpr,ASIANPAINT,2025-04-01,SHORT,2025-04-01T10:40:00,2327.35,2336.63,2313.43,128,9.28,2025-04-01T12:30:00,2330.00,TIME_STOP,-339.20,-786.31
cpr,ASIANPAINT,2025-04-07,SHORT,2025-04-07T10:00:00,2329.85,2349.28,2300.70,128,19.43,2025-04-07T10:50:00,2343.15,REVERSE,-1702.40,-2151.01
cpr,ASIANPAINT,2025-04-15,LONG,2025-04-15T13:10:00,2412.00,2406.43,2420.35,124,5.57,2025-04-15T15:00:00,2412.80,TIME_STOP,99.20,-349.51
cpr,ASIANPAINT,2025-04-21,LONG,2025-04-21T12:40:00,2465.20,2459.40,2473.89,121,5.80,2025-04-21T13:00:00,2459.40,STOP,-701.21,-1148.12
cpr,ASIANPAINT,2025-04-23,SHORT,2025-04-23T11:00:00,2430.40,2437.93,2419.11,123,7.53,2025-04-23T12:40:00,2437.93,STOP,-925.64,-1374.74
cpr,ASIANPAINT,2025-04-28,LONG,2025-04-28T10:20:00,2445.70,2435.81,2460.53,122,9.89,2025-04-28T10:30:00,2435.81,STOP,-1206.13,-1652.79
cpr,ASIANPAINT,2025-04-30,LONG,2025-04-30T12:20:00,2457.50,2452.27,2465.35,122,5.23,2025-04-30T12:20:00,2452.27,STOP,-638.56,-1087.80
cpr,ASIANPAINT,2025-05-06,SHORT,2025-05-06T10:30:00,2407.20,2417.18,2392.23,124,9.98,2025-05-06T12:20:00,2398.10,TIME_STOP,1128.40,681.51
cpr,ASIANPAINT,2025-05-07,SHORT,2025-05-07T13:30:00,2381.60,2390.40,2368.40,125,8.80,2025-05-07T13:30:00,2368.40,TARGET,1650.41,1205.10
cpr,ASIANPAINT,2025-05-09,LONG,2025-05-09T12:10:00,2321.30,2309.18,2339.48,129,12.12,2025-05-09T12:10:00,2309.18,STOP,-1563.78,-2011.78
cpr,ASIANPAINT,2025-05-19,SHORT,2025-05-19T12:10:00,2340.10,2345.91,2331.38,128,5.81,2025-05-19T12:20:00,2345.91,STOP,-743.80,-1193.66
cpr,ASIANPAINT,2025-05-26,LONG,2025-05-26T14:10:00,2323.60,2317.84,2332.24,129,5.76,2025-05-26T15:20:00,2324.60,EOD,129.00,-320.71
cpr,ASIANPAINT,2025-06-03,SHORT,2025-06-03T10:20:00,2264.90,2270.24,2256.89,132,5.34,2025-06-03T10:20:00,2270.24,STOP,-704.83,-1153.81
cpr,ASIANPAINT,2025-06-05,SHORT,2025-06-05T10:50:00,2245.90,2250.35,2239.23,133,4.45,2025-06-05T12:20:00,2250.35,STOP,-591.71,-1040.21
cpr,ASIANPAINT,2025-06-09,LONG,2025-06-09T10:30:00,2248.00,2242.59,2256.11,133,5.41,2025-06-09T12:20:00,2245.70,TIME_STOP,-305.90,-754.15
cpr,ASIANPAINT,2025-06-11,SHORT,2025-06-11T12:50:00,2217.20,2221.11,2211.33,135,3.91,2025-06-11T13:40:00,2211.33,TARGET,792.51,344.12
cpr,ASIANPAINT,2025-06-18,LONG,2025-06-18T13:10:00,2267.40,2262.49,2274.76,132,4.91,2025-06-18T14:10:00,2274.76,TARGET,971.42,521.74
cpr,ASIANPAINT,2025-06-19,SHORT,2025-06-19T13:30:00,2271.70,2275.63,2265.80,132,3.93,2025-06-19T13:40:00,2275.63,STOP,-518.90,-969.08
cpr,ASIANPAINT,2025-06-20,LONG,2025-06-20T12:00:00,2278.10,2273.36,2285.21,131,4.74,2025-06-20T12:40:00,2273.36,STOP,-621.34,-1068.52
cpr,ASIANPAINT,2025-06-25,SHORT,2025-06-25T13:00:00,2279.60,2283.83,2273.25,131,4.23,2025-06-25T13:20:00,2281.80,REVERSE,-288.20,-736.36
cpr,ASIANPAINT,2025-07-10,SHORT,2025-07-10T10:00:00,2488.40,2495.27,2478.09,120,6.87,2025-07-10T10:00:00,2478.09,TARGET,1237.18,790.20
cpr,ASIANPAINT,2025-07-28,LONG,2025-07-28T10:20:00,2344.80,2338.29,2354.56,127,6.51,2025-07-28T10:20:00,2354.56,TARGET,1239.69,792.07
cpr,ASIANPAINT,2025-07-29,SHORT,2025-07-29T10:40:00,2343.00,2350.57,2331.65,128,7.57,2025-07-29T12:30:00,2343.50,TIME_STOP,-64.00,-513.90
cpr,ASIANPAINT,2025-07-31,SHORT,2025-07-31T10:10:00,2405.70,2413.43,2394.11,124,7.73,2025-07-31T11:50:00,2394.11,TARGET,1437.12,990.74
cpr,ASIANPAINT,2025-08-07,SHORT,2025-08-07T11:00:00,2475.30,2482.44,2464.59,121,7.14,2025-08-07T12:00:00,2482.44,STOP,-863.67,-1313.59
cpr,ASIANPAINT,2025-08-08,SHORT,2025-08-08T10:40:00,2485.40,2492.47,2474.80,120,7.07,2025-08-08T11:10:00,2492.47,STOP,-848.17,-1296.18
cpr,ASIANPAINT,2025-08-11,LONG,2025-08-11T13:10:00,2489.50,2483.44,2498.59,120,6.06,2025-08-11T13:40:00,2498.59,TARGET,1091.34,642.41
cpr,ASIANPAINT,2025-08-12,LONG,2025-08-12T12:00:00,2493.90,2487.69,2503.22,120,6.21,2025-08-12T13:10:00,2488.50,REVERSE,-648.00,-1096.42
cpr,ASIANPAINT,2025-08-13,LONG,2025-08-13T10:30:00,2489.40,2483.64,2498.04,120,5.76,2025-08-13T12:20:00,2492.60,TIME_STOP,384.00,-64.38
cpr,ASIANPAINT,2025-08-19,SHORT,2025-08-19T10:40:00,2566.50,2573.27,2556.34,116,6.77,2025-08-19T11:00:00,2573.27,STOP,-785.36,-1232.52
cpr,ASIANPAINT,2025-08-21,LONG,2025-08-21T13:20:00,2573.80,2570.12,2579.32,116,3.68,2025-08-21T13:30:00,2570.12,STOP,-427.09,-874.61
cpr,ASIANPAINT,2025-08-28,LONG,2025-08-28T10:10:00,2519.50,2508.15,2536.52,119,11.35,2025-08-28T11:00:00,2508.15,STOP,-1350.48,-1799.20
cpr,ASIANPAINT,2025-08-29,LONG,2025-08-29T10:40:00,2507.20,2497.86,2521.21,119,9.34,2025-08-29T12:30:00,2515.80,TIME_STOP,1023.40,575.10
cpr,ASIANPAINT,2025-09-05,LONG,2025-09-05T13:40:00,2579.10,2573.04,2588.18,116,6.06,2025-09-05T15:20:00,2582.10,EOD,348.00,-101.02
cpr,ASIANPAINT,2025-09-12,SHORT,2025-09-12T12:40:00,2546.00,2550.28,2539.58,117,4.28,2025-09-12T12:40:00,2539.58,TARGET,750.82,304.56
cpr,ASIANPAINT,2025-09-19,LONG,2025-09-19T10:20:00,2496.70,2491.01,2505.23,120,5.69,2025-09-19T10:20:00,2491.01,STOP,-682.64,-1131.54
cpr,ASIANPAINT,2025-09-22,LONG,2025-09-22T11:50:00,2501.00,2495.19,2509.72,119,5.81,2025-09-22T11:50:00,2495.19,STOP,-691.68,-1137.59
cpr,ASIANPAINT,2025-09-24,LONG,2025-09-24T10:10:00,2464.80,2458.44,2474.33,121,6.36,2025-09-24T10:10:00,2458.44,STOP,-769.01,-1215.79
cpr,ASIANPAINT,2025-09-30,SHORT,2025-09-30T10:40:00,2347.70,2355.83,2335.51,127,8.13,2025-09-30T12:30:00,2348.60,TIME_STOP,-114.30,-561.62
cpr,ASIANPAINT,2025-10-06,SHORT,2025-10-06T11:50:00,2340.70,2345.48,2333.52,128,4.78,2025-10-06T13:00:00,2345.48,STOP,-612.35,-1062.23
cpr,ASIANPAINT,2025-10-13,SHORT,2025-10-13T11:50:00,2342.10,2347.72,2333.67,128,5.62,2025-10-13T13:20:00,2347.72,STOP,-718.94,-1169.16
cpr,ASIANPAINT,2025-10-30,SHORT,2025-10-30T13:40:00,2520.40,2525.34,2512.99,119,4.94,2025-10-30T13:50:00,2525.34,STOP,-587.99,-1038.32
cpr,ASIANPAINT,2025-10-31,SHORT,2025-10-31T10:10:00,2522.00,2526.97,2514.55,118,4.97,2025-10-31T10:20:00,2514.55,TARGET,879.13,433.40
cpr,ASIANPAINT,2025-11-04,SHORT,2025-11-04T12:50:00,2500.00,2505.46,2491.81,120,5.46,2025-11-04T13:30:00,2491.81,TARGET,982.40,533.13
cpr,ASIANPAINT,2025-11-07,SHORT,2025-11-07T10:50:00,2589.70,2596.55,2579.42,115,6.85,2025-11-07T11:00:00,2596.55,STOP,-788.15,-1235.46
cpr,ASIANPAINT,2025-11-11,LONG,2025-11-11T14:00:00,2645.50,2641.44,2651.58,113,4.06,2025-11-11T14:30:00,2651.58,TARGET,687.56,238.63
cpr,ASIANPAINT,2025-11-19,LONG,2025-11-19T11:40:00,2908.00,2901.90,2917.15,103,6.10,2025-11-19T13:20:00,2901.90,STOP,-628.00,-1076.81
cpr,ASIANPAINT,2025-11-24,LONG,2025-11-24T10:00:00,2879.10,2872.66,2888.76,104,6.44,2025-11-24T10:10:00,2888.76,TARGET,1004.63,554.74
cpr,ASIANPAINT,2025-11-26,LONG,2025-11-26T10:20:00,2889.00,2882.55,2898.67,103,6.45,2025-11-26T10:30:00,2882.55,STOP,-664.11,-1109.96
cpr,ASIANPAINT,2025-11-28,SHORT,2025-11-28T12:30:00,2871.60,2877.39,2862.91,104,5.79,2025-11-28T13:20:00,2877.39,STOP,-602.18,-1050.61
cpr,ASIANPAINT,2025-12-05,LONG,2025-12-05T13:00:00,2959.40,2955.02,2965.96,101,4.38,2025-12-05T14:20:00,2965.96,TARGET,663.06,214.21
cpr,ASIANPAINT,2025-12-12,LONG,2025-12-12T10:00:00,2790.70,2783.88,2800.92,107,6.82,2025-12-12T10:00:00,2783.88,STOP,-729.33,-1176.69
cpr,ASIANPAINT,2025-12-17,SHORT,2025-12-17T11:50:00,2785.80,2791.78,2776.82,107,5.98,2025-12-17T12:20:00,2776.82,TARGET,960.58,514.17
cpr,ASIANPAINT,2025-12-24,SHORT,2025-12-24T11:30:00,2799.10,2805.91,2788.88,107,6.81,2025-12-24T13:20:00,2788.88,TARGET,1093.46,645.03
cpr,ASIANPAINT,2025-12-29,SHORT,2025-12-29T11:00:00,2747.00,2753.55,2737.17,109,6.55,2025-12-29T11:10:00,2737.17,TARGET,1070.97,622.64
cpr,ASIANPAINT,2025-12-30,SHORT,2025-12-30T14:10:00,2760.00,2766.94,2749.59,108,6.94,2025-12-30T15:00:00,2766.94,STOP,-749.25,-1196.93
cpr,ASIANPAINT,2026-01-01,LONG,2026-01-01T10:30:00,2779.00,2770.65,2791.52,107,8.35,2026-01-01T12:20:00,2778.20,TIME_STOP,-85.60,-531.57
cpr,ASIANPAINT,2026-01-07,SHORT,2026-01-07T12:00:00,2825.70,2832.25,2815.87,106,6.55,2026-01-07T12:40:00,2815.87,TARGET,1042.10,593.60
cpr,ASIANPAINT,2026-01-09,LONG,2026-01-09T10:30:00,2833.40,2823.63,2848.06,105,9.77,2026-01-09T11:00:00,2823.63,STOP,-1026.30,-1471.79
cpr,ASIANPAINT,2026-02-03,LONG,2026-02-03T11:40:00,2413.30,2398.52,2435.47,124,14.78,2026-02-03T13:30:00,2424.80,TIME_STOP,1426.00,976.06
cpr,ASIANPAINT,2026-02-10,SHORT,2026-02-10T11:30:00,2395.30,2400.84,2386.99,125,5.54,2026-02-10T12:10:00,2400.84,STOP,-692.51,-1142.15
cpr,ASIANPAINT,2026-02-12,SHORT,2026-02-12T10:00:00,2381.10,2388.82,2369.52,125,7.72,2026-02-12T10:40:00,2388.82,STOP,-965.04,-1412.22
cpr,ASIANPAINT,2026-02-13,SHORT,2026-02-13T10:30:00,2397.60,2403.59,2388.61,125,5.99,2026-02-13T10:40:00,2403.59,STOP,-749.22,-1199.34
cpr,ASIANPAINT,2026-02-20,LONG,2026-02-20T10:50:00,2413.70,2405.90,2425.40,124,7.80,2026-02-20T11:40:00,2425.40,TARGET,1451.36,1001.33
cpr,ASIANPAINT,2026-02-24,SHORT,2026-02-24T10:40:00,2423.00,2430.39,2411.91,123,7.39,2026-02-24T11:20:00,2411.91,TARGET,1363.65,917.63
cpr,ASIANPAINT,2026-03-06,LONG,2026-03-06T10:30:00,2279.50,2271.93,2290.86,131,7.57,2026-03-06T10:30:00,2272.30,REVERSE,-943.20,-1390.41
cpr,ASIANPAINT,2026-03-11,SHORT,2026-03-11T11:50:00,2268.90,2277.05,2256.68,132,8.15,2026-03-11T12:30:00,2256.68,TARGET,1612.74,1164.71
cpr,ASIANPAINT,2026-03-12,SHORT,2026-03-12T12:00:00,2234.20,2242.70,2221.45,134,8.50,2026-03-12T12:20:00,2221.45,TARGET,1709.07,1261.28
cpr,JSWSTEEL,2024-03-19,LONG,2024-03-19T12:50:00,803.55,799.72,809.30,373,3.83,2024-03-19T14:40:00,801.45,TIME_STOP,-783.30,-1232.30
cpr,JSWSTEEL,2024-03-26,LONG,2024-03-26T14:00:00,823.60,821.40,826.91,364,2.20,2024-03-26T14:50:00,821.40,STOP,-802.22,-1251.31
cpr,JSWSTEEL,2024-03-28,LONG,2024-03-28T10:20:00,828.35,825.10,833.22,362,3.25,2024-03-28T11:10:00,833.22,TARGET,1764.55,1313.43
cpr,JSWSTEEL,2024-04-02,LONG,2024-04-02T11:50:00,867.45,864.29,872.19,345,3.16,2024-04-02T12:50:00,872.19,TARGET,1633.89,1183.76
cpr,JSWSTEEL,2024-04-03,SHORT,2024-04-03T11:00:00,868.50,872.24,862.89,345,3.74,2024-04-03T11:10:00,872.24,STOP,-1289.40,-1739.82
cpr,JSWSTEEL,2024-04-10,LONG,2024-04-10T12:10:00,880.00,876.60,885.09,340,3.40,2024-04-10T12:40:00,885.09,TARGET,1732.21,1282.11
cpr,JSWSTEEL,2024-04-15,LONG,2024-04-15T10:50:00,880.70,876.18,887.48,340,4.52,2024-04-15T10:50:00,876.18,STOP,-1537.50,-1985.50
cpr,JSWSTEEL,2024-04-19,LONG,2024-04-19T13:10:00,852.10,848.55,857.43,352,3.55,2024-04-19T14:00:00,857.43,TARGET,1876.67,1425.35
cpr,JSWSTEEL,2024-04-23,LONG,2024-04-23T10:30:00,864.05,861.08,868.50,347,2.97,2024-04-23T10:30:00,861.08,STOP,-1029.87,-1478.84
cpr,JSWSTEEL,2024-04-26,SHORT,2024-04-26T14:00:00,891.45,895.01,886.12,336,3.56,2024-04-26T15:00:00,886.12,TARGET,1792.08,1344.14
cpr,JSWSTEEL,2024-04-29,LONG,2024-04-29T10:30:00,898.50,894.31,904.79,333,4.19,2024-04-29T11:00:00,894.31,STOP,-1396.38,-1844.13
cpr,JSWSTEEL,2024-04-30,SHORT,2024-04-30T10:10:00,891.40,894.71,886.44,336,3.31,2024-04-30T11:10:00,886.44,TARGET,1666.09,1218.07
cpr,JSWSTEEL,2024-05-03,SHORT,2024-05-03T11:30:00,884.50,888.42,878.62,339,3.92,2024-05-03T11:50:00,878.62,TARGET,1992.50,1544.23
cpr,JSWSTEEL,2024-05-08,LONG,2024-05-08T10:10:00,864.70,860.79,870.56,346,3.91,2024-05-08T10:30:00,860.79,STOP,-1352.42,-1800.19
cpr,JSWSTEEL,2024-05-13,LONG,2024-05-13T11:40:00,847.00,842.55,853.67,354,4.45,2024-05-13T13:10:00,853.67,TARGET,2361.65,1910.12
cpr,JSWSTEEL,2024-05-15,SHORT,2024-05-15T10:20:00,868.60,872.43,862.85,345,3.83,2024-05-15T11:00:00,872.43,STOP,-1321.61,-1772.11
cpr,JSWSTEEL,2024-05-16,LONG,2024-05-16T12:20:00,875.75,872.44,880.72,342,3.31,2024-05-16T12:30:00,872.44,STOP,-1132.38,-1580.79
cpr,JSWSTEEL,2024-05-22,SHORT,2024-05-22T10:00:00,911.80,917.02,903.98,329,5.22,2024-05-22T10:30:00,917.02,STOP,-1715.96,-2167.22
cpr,JSWSTEEL,2024-05-28,LONG,2024-05-28T13:20:00,908.15,905.58,912.01,330,2.57,2024-05-28T13:30:00,912.01,TARGET,1273.72,823.23
cpr,JSWSTEEL,2024-05-29,LONG,2024-05-29T13:00:00,908.90,906.25,912.87,330,2.65,2024-05-29T14:00:00,906.25,STOP,-873.35,-1322.60
cpr,JSWSTEEL,2024-05-31,SHORT,2024-05-31T11:00:00,883.15,886.76,877.74,339,3.61,2024-05-31T11:10:00,886.76,STOP,-1223.72,-1673.72
cpr,JSWSTEEL,2024-06-04,LONG,2024-06-04T10:00:00,900.85,893.92,911.24,333,6.93,2024-06-04T10:20:00,893.92,STOP,-2306.66,-2754.90
cpr,JSWSTEEL,2024-06-13,LONG,2024-06-13T13:00:00,918.25,915.61,922.22,326,2.64,2024-06-13T13:50:00,915.61,STOP,-861.90,-1310.28
cpr,JSWSTEEL,2024-06-14,LONG,2024-06-14T12:10:00,915.80,913.47,919.30,327,2.33,2024-06-14T12:20:00,919.30,TARGET,1145.09,695.03
cpr,JSWSTEEL,2024-06-18,LONG,2024-06-18T11:20:00,921.40,918.22,926.17,325,3.18,2024-06-18T13:10:00,926.00,TIME_STOP,1495.00,1044.70
cpr,JSWSTEEL,2024-06-20,LONG,2024-06-20T10:50:00,924.30,921.25,928.87,324,3.05,2024-06-20T12:00:00,928.87,TARGET,1481.96,1031.64
cpr,JSWSTEEL,2024-06-21,LONG,2024-06-21T13:50:00,934.50,930.80,940.05,321,3.70,2024-06-21T14:10:00,940.05,TARGET,1780.74,1329.44
cpr,JSWSTEEL,2024-06-24,LONG,2024-06-24T11:40:00,935.90,932.37,941.19,320,3.53,2024-06-24T12:10:00,941.19,TARGET,1692.17,1241.67
cpr,JSWSTEEL,2024-06-25,LONG,2024-06-25T14:10:00,935.15,932.95,938.45,320,2.20,2024-06-25T14:10:00,932.95,STOP,-703.52,-1151.87
cpr,JSWSTEEL,2024-07-03,LONG,2024-07-03T10:20:00,943.65,941.05,947.54,317,2.60,2024-07-03T12:10:00,943.40,TIME_STOP,-79.25,-527.90
cpr,JSWSTEEL,2024-07-11,SHORT,2024-07-11T10:30:00,923.15,926.50,918.13,324,3.35,2024-07-11T12:00:00,918.13,TARGET,1627.72,1180.29
cpr,JSWSTEEL,2024-07-15,SHORT,2024-07-15T12:00:00,932.15,935.05,927.80,321,2.90,2024-07-15T13:50:00,930.00,TIME_STOP,690.15,241.84
cpr,JSWSTEEL,2024-07-24,SHORT,2024-07-24T10:40:00,885.05,888.86,879.33,338,3.81,2024-07-24T11:40:00,888.86,STOP,-1289.44,-1739.12
cpr,JSWSTEEL,2024-08-08,SHORT,2024-08-08T13:20:00,892.55,896.04,887.31,336,3.49,2024-08-08T13:50:00,896.04,STOP,-1173.04,-1623.76
cpr,JSWSTEEL,2024-08-09,LONG,2024-08-09T11:00:00,896.45,893.04,901.56,334,3.41,2024-08-09T11:20:00,901.56,TARGET,1708.20,1257.80
cpr,JSWSTEEL,2024-08-13,LONG,2024-08-13T10:10:00,919.65,916.10,924.98,326,3.55,2024-08-13T11:40:00,917.70,REVERSE,-635.70,-1084.93
cpr,JSWSTEEL,2024-08-27,SHORT,2024-08-27T12:00:00,948.45,951.64,943.66,316,3.19,2024-08-27T13:00:00,951.64,STOP,-1008.98,-1459.30
cpr,JSWSTEEL,2024-08-29,SHORT,2024-08-29T11:00:00,942.35,945.33,937.88,318,2.98,2024-08-29T12:10:00,937.88,TARGET,1422.62,974.18
cpr,JSWSTEEL,2024-09-09,SHORT,2024-09-09T10:40:00,926.35,930.54,920.06,323,4.19,2024-09-09T10:40:00,930.54,STOP,-1354.65,-1804.49
cpr,JSWSTEEL,2024-09-11,SHORT,2024-09-11T13:10:00,936.05,938.49,932.39,320,2.44,2024-09-11T13:40:00,932.39,TARGET,1172.05,723.62
cpr,JSWSTEEL,2024-09-12,LONG,2024-09-12T10:10:00,936.25,931.85,942.85,320,4.40,2024-09-12T10:20:00,931.85,STOP,-1408.82,-1857.16
cpr,JSWSTEEL,2024-09-17,SHORT,2024-09-17T10:20:00,963.40,966.57,958.65,311,3.17,2024-09-17T10:50:00,966.57,STOP,-985.54,-1435.71
cpr,JSWSTEEL,2024-09-18,LONG,2024-09-18T10:20:00,967.90,965.22,971.92,309,2.68,2024-09-18T10:30:00,965.22,STOP,-828.99,-1276.99
cpr,JSWSTEEL,2024-10-04,LONG,2024-10-04T10:20:00,1043.30,1037.64,1051.79,287,5.66,2024-10-04T11:10:00,1051.79,TARGET,2436.95,1985.98
cpr,JSWSTEEL,2024-10-10,SHORT,2024-10-10T11:50:00,998.10,1001.47,993.04,300,3.37,2024-10-10T13:00:00,1001.47,STOP,-1012.24,-1462.15
cpr,JSWSTEEL,2024-10-14,SHORT,2024-10-14T13:10:00,1012.95,1016.37,1007.82,296,3.42,2024-10-14T15:00:00,1012.15,TIME_STOP,236.80,-212.77
cpr,JSWSTEEL,2024-10-18,LONG,2024-10-18T11:50:00,992.20,988.31,998.03,302,3.89,2024-10-18T12:30:00,998.03,TARGET,1760.85,1310.06
cpr,JSWSTEEL,2024-10-21,SHORT,2024-10-21T10:00:00,986.85,991.07,980.53,303,4.22,2024-10-21T10:10:00,991.07,STOP,-1277.29,-1726.78
cpr,JSWSTEEL,2024-10-24,LONG,2024-10-24T13:20:00,960.25,957.40,964.52,312,2.85,2024-10-24T14:00:00,957.40,STOP,-887.95,-1336.68
cpr,JSWSTEEL,2024-10-28,LONG,2024-10-28T10:50:00,967.25,960.65,977.15,310,6.60,2024-10-28T12:40:00,968.65,TIME_STOP,434.00,-16.10
cpr,JSWSTEEL,2024-10-31,LONG,2024-10-31T11:10:00,963.75,960.67,968.38,311,3.08,2024-10-31T11:40:00,960.67,STOP,-959.32,-1408.19
cpr,JSWSTEEL,2024-11-04,SHORT,2024-11-04T10:10:00,957.10,961.03,951.21,313,3.93,2024-11-04T10:30:00,951.21,TARGET,1843.86,1395.89
cpr,JSWSTEEL,2024-11-07,SHORT,2024-11-07T11:20:00,998.20,1002.86,991.20,300,4.66,2024-11-07T12:00:00,991.20,TARGET,2098.52,1650.90
cpr,JSWSTEEL,2024-11-11,SHORT,2024-11-11T10:30:00,986.90,991.87,979.45,303,4.97,2024-11-11T10:30:00,991.87,STOP,-1504.58,-1954.26
cpr,JSWSTEEL,2024-11-14,LONG,2024-11-14T10:10:00,947.15,942.32,954.39,316,4.83,2024-11-14T10:50:00,942.32,STOP,-1524.79,-1972.60
cpr,JSWSTEEL,2024-11-21,SHORT,2024-11-21T13:50:00,944.80,948.36,939.45,317,3.56,2024-11-21T15:20:00,945.85,EOD,-332.85,-782.35
cpr,JSWSTEEL,2024-11-25,SHORT,2024-11-25T10:20:00,955.10,961.04,946.19,314,5.94,2024-11-25T11:10:00,961.04,STOP,-1865.45,-2316.71
cpr,JSWSTEEL,2024-11-28,SHORT,2024-11-28T11:40:00,962.70,965.96,957.81,311,3.26,2024-11-28T12:00:00,965.96,STOP,-1013.03,-1462.89
cpr,JSWSTEEL,2024-11-29,LONG,2024-11-29T10:50:00,963.70,959.49,970.01,311,4.21,2024-11-29T11:30:00,970.01,TARGET,1961.97,1510.93
cpr,JSWSTEEL,2024-12-09,SHORT,2024-12-09T10:10:00,999.20,1002.82,993.77,300,3.62,2024-12-09T12:00:00,997.05,TIME_STOP,645.00,195.84
cpr,JSWSTEEL,2024-12-11,SHORT,2024-12-11T11:40:00,1010.50,1013.82,1005.52,296,3.32,2024-12-11T11:50:00,1013.82,STOP,-983.66,-1433.06
cpr,JSWSTEEL,2024-12-16,SHORT,2024-12-16T10:00:00,989.15,993.81,982.16,303,4.66,2024-12-16T11:50:00,987.10,TIME_STOP,621.15,172.05
cpr,JSWSTEEL,2024-12-23,LONG,2024-12-23T10:00:00,937.20,932.50,944.25,320,4.70,2024-12-23T10:40:00,944.25,TARGET,2256.21,1804.66
cpr,JSWSTEEL,2024-12-27,LONG,2024-12-27T10:20:00,923.80,921.19,927.72,324,2.61,2024-12-27T10:50:00,921.19,STOP,-845.95,-1294.28
cpr,JSWSTEEL,2025-01-01,LONG,2025-01-01T11:10:00,908.00,904.68,912.98,330,3.32,2025-01-01T11:30:00,904.68,STOP,-1095.63,-1544.27
cpr,JSWSTEEL,2025-01-02,SHORT,2025-01-02T10:20:00,902.60,905.46,898.30,332,2.86,2025-01-02T11:00:00,905.46,STOP,-950.96,-1401.17
cpr,JSWSTEEL,2025-01-07,LONG,2025-01-07T10:00:00,907.05,902.87,913.32,330,4.18,2025-01-07T11:50:00,910.90,TIME_STOP,1270.50,820.56
cpr,JSWSTEEL,2025-01-09,SHORT,2025-01-09T10:10:00,900.20,903.57,895.15,333,3.37,2025-01-09T11:00:00,895.15,TARGET,1681.44,1233.06
cpr,JSWSTEEL,2025-01-10,LONG,2025-01-10T11:40:00,897.65,894.01,903.12,334,3.64,2025-01-10T13:30:00,903.12,TARGET,1825.50,1374.41
cpr,JSWSTEEL,2025-01-16,SHORT,2025-01-16T10:50:00,903.10,905.98,898.78,332,2.88,2025-01-16T11:30:00,905.98,STOP,-956.17,-1406.63
cpr,JSWSTEEL,2025-01-20,LONG,2025-01-20T10:50:00,913.00,910.17,917.24,328,2.83,2025-01-20T11:00:00,917.24,TARGET,1390.10,939.86
cpr,JSWSTEEL,2025-01-28,LONG,2025-01-28T12:20:00,916.75,913.39,921.79,327,3.36,2025-01-28T12:40:00,913.39,STOP,-1099.01,-1547.85
cpr,JSWSTEEL,2025-01-31,SHORT,2025-01-31T14:10:00,945.90,949.11,941.09,317,3.21,2025-01-31T14:10:00,941.09,TARGET,1525.70,1077.07
cpr,JSWSTEEL,2025-02-01,LONG,2025-02-01T10:50:00,951.40,947.78,956.83,315,3.62,2025-02-01T10:50:00,947.78,STOP,-1139.59,-1588.27
cpr,JSWSTEEL,2025-02-11,SHORT,2025-02-11T13:10:00,956.40,959.90,951.15,313,3.50,2025-02-11T14:00:00,951.15,TARGET,1644.74,1196.94
cpr,JSWSTEEL,2025-02-12,LONG,2025-02-12T12:20:00,958.65,953.69,966.09,312,4.96,2025-02-12T13:50:00,953.69,STOP,-1546.77,-1994.26
cpr,JSWSTEEL,2025-02-19,SHORT,2025-02-19T12:50:00,974.00,976.73,969.91,308,2.73,2025-02-19T13:40:00,976.73,STOP,-839.34,-1289.96
cpr,JSWSTEEL,2025-02-21,SHORT,2025-02-21T10:20:00,977.40,980.58,972.63,306,3.18,2025-02-21T10:30:00,980.58,STOP,-973.19,-1422.55
cpr,JSWSTEEL,2025-02-25,SHORT,2025-02-25T10:40:00,966.55,970.12,961.19,310,3.57,2025-02-25T10:40:00,967.35,REVERSE,-248.00,-697.63
cpr,JSWSTEEL,2025-02-27,SHORT,2025-02-27T12:50:00,962.50,965.33,958.25,311,2.83,2025-02-27T12:50:00,965.33,STOP,-880.75,-1330.42
cpr,JSWSTEEL,2025-03-04,SHORT,2025-03-04T13:00:00,969.45,972.30,965.17,309,2.85,2025-03-04T13:10:00,972.30,STOP,-881.94,-1331.94
cpr,JSWSTEEL,2025-03-11,LONG,2025-03-11T10:40:00,1013.15,1009.56,1018.53,296,3.59,2025-03-11T12:30:00,1014.95,TIME_STOP,532.80,82.56
cpr,JSWSTEEL,2025-03-12,SHORT,2025-03-12T10:00:00,1009.05,1012.22,1004.30,297,3.17,2025-03-12T10:50:00,1004.30,TARGET,1410.94,962.47
cpr,JSWSTEEL,2025-03-13,SHORT,2025-03-13T11:50:00,1004.40,1007.45,999.83,298,3.05,2025-03-13T13:40:00,1004.65,TIME_STOP,-74.50,-523.52
cpr,JSWSTEEL,2025-03-17,SHORT,2025-03-17T11:00:00,1003.45,1006.26,999.24,298,2.81,2025-03-17T11:40:00,1006.26,STOP,-836.89,-1286.06
cpr,JSWSTEEL,2025-03-24,LONG,2025-03-24T13:30:00,1063.60,1060.55,1068.17,282,3.05,2025-03-24T13:50:00,1060.55,STOP,-859.32,-1308.57
cpr,JSWSTEEL,2025-03-25,LONG,2025-03-25T10:00:00,1065.90,1062.02,1071.73,281,3.88,2025-03-25T10:40:00,1062.02,STOP,-1091.25,-1539.71
cpr,JSWSTEEL,2025-03-27,LONG,2025-03-27T13:00:00,1065.60,1062.56,1070.16,281,3.04,2025-03-27T13:30:00,1062.56,STOP,-853.75,-1302.26
cpr,JSWSTEEL,2025-03-28,LONG,2025-03-28T11:20:00,1062.60,1059.60,1067.10,282,3.00,2025-03-28T12:10:00,1067.10,TARGET,1268.91,818.48
cpr,JSWSTEEL,2025-04-01,SHORT,2025-04-01T11:30:00,1060.70,1064.21,1055.44,282,3.51,2025-04-01T13:20:00,1059.90,TIME_STOP,225.60,-222.91
cpr,JSWSTEEL,2025-04-09,SHORT,2025-04-09T10:10:00,946.90,951.45,940.07,316,4.55,2025-04-09T11:40:00,951.45,STOP,-1439.35,-1889.26
cpr,JSWSTEEL,2025-04-16,SHORT,2025-04-16T10:40:00,995.30,998.51,990.48,301,3.21,2025-04-16T12:20:00,998.51,STOP,-967.48,-1417.59
cpr,JSWSTEEL,2025-04-23,SHORT,2025-04-23T10:00:00,1041.40,1045.45,1035.33,288,4.05,2025-04-23T10:10:00,1035.33,TARGET,1749.58,1301.01
cpr,JSWSTEEL,2025-04-24,LONG,2025-04-24T12:40:00,1039.50,1036.59,1043.86,288,2.91,2025-04-24T14:00:00,1043.86,TARGET,1255.67,805.67
cpr,JSWSTEEL,2025-04-25,SHORT,2025-04-25T10:20:00,1030.60,1035.25,1023.63,291,4.65,2025-04-25T10:50:00,1023.63,TARGET,2029.51,1581.18
cpr,JSWSTEEL,2025-04-28,LONG,2025-04-28T10:00:00,1036.80,1032.04,1043.94,289,4.76,2025-04-28T10:10:00,1043.94,TARGET,2064.87,1613.87
cpr,JSWSTEEL,2025-05-09,LONG,2025-05-09T12:20:00,958.30,954.03,964.70,313,4.27,2025-05-09T12:20:00,954.03,STOP,-1336.26,-1785.18
cpr,JSWSTEEL,2025-05-19,SHORT,2025-05-19T10:50:00,1022.30,1025.72,1017.17,293,3.42,2025-05-19T10:50:00,1025.72,STOP,-1002.59,-1452.65
cpr,JSWSTEEL,2025-05-20,SHORT,2025-05-20T13:00:00,1020.90,1023.90,1016.41,293,3.00,2025-05-20T14:20:00,1016.41,TARGET,1316.69,869.00
cpr,JSWSTEEL,2025-05-26,SHORT,2025-05-26T10:00:00,1006.40,1010.87,999.69,298,4.47,2025-05-26T10:00:00,1010.87,STOP,-1332.25,-1783.11
cpr,JSWSTEEL,2025-06-03,LONG,2025-06-03T11:40:00,980.00,976.64,985.05,306,3.36,2025-06-03T11:40:00,976.64,STOP,-1029.68,-1478.72
cpr,JSWSTEEL,2025-06-04,LONG,2025-06-04T10:50:00,978.00,974.64,983.05,306,3.36,2025-06-04T10:50:00,974.64,STOP,-1029.26,-1477.39
cpr,JSWSTEEL,2025-06-05,SHORT,2025-06-05T11:20:00,967.15,970.20,962.58,310,3.05,2025-06-05T12:00:00,970.20,STOP,-944.65,-1395.09
cpr,JSWSTEEL,2025-06-10,SHORT,2025-06-10T12:10:00,1006.30,1009.39,1001.66,298,3.09,2025-06-10T12:20:00,1001.66,TARGET,1383.06,934.28
cpr,JSWSTEEL,2025-06-16,LONG,2025-06-16T10:40:00,993.45,989.93,998.73,301,3.52,2025-06-16T11:30:00,998.73,TARGET,1590.10,1140.37
cpr,JSWSTEEL,2025-06-17,SHORT,2025-06-17T13:10:00,998.95,1001.25,995.50,300,2.30,2025-06-17T14:00:00,1001.25,STOP,-690.76,-1140.81
cpr,JSWSTEEL,2025-06-19,LONG,2025-06-19T10:10:00,992.00,989.22,996.18,302,2.78,2025-06-19T12:00:00,992.70,TIME_STOP,211.40,-238.13
cpr,JSWSTEEL,2025-06-25,LONG,2025-06-25T10:10:00,1015.00,1011.55,1020.17,295,3.45,2025-06-25T12:00:00,1015.80,TIME_STOP,236.00,-213.31
cpr,JSWSTEEL,2025-06-26,SHORT,2025-06-26T11:40:00,1020.00,1023.87,1014.20,294,3.87,2025-06-26T12:50:00,1023.87,STOP,-1137.74,-1588.42
cpr,JSWSTEEL,2025-06-27,SHORT,2025-06-27T12:00:00,1026.00,1029.07,1021.39,292,3.07,2025-06-27T12:20:00,1029.07,STOP,-896.75,-1346.81
cpr,JSWSTEEL,2025-07-07,SHORT,2025-07-07T13:20:00,1039.60,1041.79,1036.31,288,2.19,2025-07-07T13:30:00,1041.79,STOP,-631.17,-1080.75
cpr,JSWSTEEL,2025-07-09,LONG,2025-07-09T11:00:00,1044.20,1040.93,1049.10,287,3.27,2025-07-09T12:00:00,1040.93,STOP,-937.41,-1386.24
cpr,JSWSTEEL,2025-07-10,SHORT,2025-07-10T10:30:00,1038.00,1041.08,1033.38,289,3.08,2025-07-10T11:30:00,1041.08,STOP,-890.18,-1340.82
cpr,JSWSTEEL,2025-07-11,SHORT,2025-07-11T11:30:00,1040.20,1043.36,1035.47,288,3.16,2025-07-11T11:50:00,1043.36,STOP,-909.05,-1359.10
cpr,JSWSTEEL,2025-07-14,LONG,2025-07-14T10:10:00,1041.70,1039.23,1045.41,287,2.47,2025-07-14T11:20:00,1039.23,STOP,-709.06,-1156.98
cpr,JSWSTEEL,2025-07-15,LONG,2025-07-15T11:50:00,1038.80,1035.80,1043.30,288,3.00,2025-07-15T13:10:00,1035.80,STOP,-863.43,-1311.54
cpr,JSWSTEEL,2025-07-22,SHORT,2025-07-22T13:50:00,1033.00,1035.06,1029.91,290,2.06,2025-07-22T15:00:00,1029.91,TARGET,895.03,446.35
cpr,JSWSTEEL,2025-07-25,SHORT,2025-07-25T10:30:00,1026.40,1029.33,1022.01,292,2.93,2025-07-25T11:20:00,1022.01,TARGET,1281.42,832.82
cpr,JSWSTEEL,2025-07-28,SHORT,2025-07-28T11:00:00,1021.90,1025.24,1016.90,293,3.34,2025-07-28T12:40:00,1025.24,STOP,-977.23,-1427.09
cpr,JSWSTEEL,2025-07-30,SHORT,2025-07-30T10:40:00,1035.10,1039.12,1029.07,289,4.02,2025-07-30T10:50:00,1039.12,STOP,-1161.41,-1611.00
cpr,JSWSTEEL,2025-08-04,LONG,2025-08-04T12:50:00,1053.80,1048.82,1061.28,284,4.98,2025-08-04T13:30:00,1048.82,STOP,-1415.32,-1863.18
cpr,JSWSTEEL,2025-08-05,LONG,2025-08-05T14:10:00,1054.40,1051.86,1058.22,284,2.54,2025-08-05T14:20:00,1051.86,STOP,-722.56,-1171.20
cpr,JSWSTEEL,2025-08-06,SHORT,2025-08-06T11:00:00,1047.40,1050.81,1042.29,286,3.41,2025-08-06T12:00:00,1050.81,STOP,-974.59,-1424.65
cpr,JSWSTEEL,2025-08-08,SHORT,2025-08-08T11:50:00,1054.20,1057.78,1048.83,284,3.58,2025-08-08T12:20:00,1048.83,TARGET,1525.03,1077.09
cpr,JSWSTEEL,2025-08-11,SHORT,2025-08-11T10:30:00,1050.50,1054.67,1044.25,285,4.17,2025-08-11T10:30:00,1050.80,REVERSE,-85.50,-534.65
cpr,JSWSTEEL,2025-08-12,SHORT,2025-08-12T10:30:00,1054.60,1057.95,1049.57,284,3.35,2025-08-12T12:00:00,1057.20,REVERSE,-738.40,-1188.21
cpr,JSWSTEEL,2025-08-13,LONG,2025-08-13T10:00:00,1057.60,1054.87,1061.70,283,2.73,2025-08-13T10:10:00,1054.87,STOP,-772.92,-1221.29
cpr,JSWSTEEL,2025-08-19,SHORT,2025-08-19T13:00:00,1071.90,1074.71,1067.69,279,2.81,2025-08-19T14:30:00,1074.71,STOP,-783.51,-1232.68
cpr,JSWSTEEL,2025-08-21,LONG,2025-08-21T11:40:00,1084.90,1082.37,1088.69,276,2.53,2025-08-21T12:30:00,1082.37,STOP,-697.97,-1146.59
cpr,JSWSTEEL,2025-08-28,LONG,2025-08-28T11:50:00,1054.10,1050.94,1058.83,284,3.16,2025-08-28T12:00:00,1050.94,STOP,-896.38,-1344.75
cpr,JSWSTEEL,2025-09-01,LONG,2025-09-01T10:00:00,1032.90,1029.84,1037.49,290,3.06,2025-09-01T10:20:00,1029.84,STOP,-886.69,-1335.33
cpr,JSWSTEEL,2025-09-09,LONG,2025-09-09T11:30:00,1103.70,1100.73,1108.16,271,2.97,2025-09-09T12:10:00,1108.16,TARGET,1209.22,759.66
cpr,JSWSTEEL,2025-09-12,LONG,2025-09-12T14:10:00,1101.30,1099.17,1104.50,272,2.13,2025-09-12T14:20:00,1099.17,STOP,-580.31,-1029.20
cpr,JSWSTEEL,2025-09-22,SHORT,2025-09-22T11:20:00,1119.70,1122.23,1115.91,267,2.53,2025-09-22T11:40:00,1122.23,STOP,-675.33,-1124.28
cpr,JSWSTEEL,2025-09-23,LONG,2025-09-23T10:20:00,1123.10,1119.62,1128.32,267,3.48,2025-09-23T11:20:00,1119.62,STOP,-928.75,-1377.86
cpr,JSWSTEEL,2025-09-25,SHORT,2025-09-25T11:40:00,1146.40,1149.86,1141.22,261,3.46,2025-09-25T13:00:00,1149.86,STOP,-902.13,-1351.63
cpr,JSWSTEEL,2025-09-30,LONG,2025-09-30T10:20:00,1139.90,1136.03,1145.71,263,3.87,2025-09-30T11:40:00,1145.71,TARGET,1527.11,1076.28
cpr,JSWSTEEL,2025-10-01,SHORT,2025-10-01T10:30:00,1138.50,1142.11,1133.08,263,3.61,2025-10-01T10:50:00,1133.08,TARGET,1424.63,976.56
cpr,JSWSTEEL,2025-10-10,LONG,2025-10-10T14:00:00,1167.10,1164.02,1171.72,257,3.08,2025-10-10T15:20:00,1168.30,EOD,308.40,-141.75
cpr,JSWSTEEL,2025-10-14,SHORT,2025-10-14T11:10:00,1155.80,1158.71,1151.44,259,2.91,2025-10-14T11:20:00,1151.44,TARGET,1129.41,681.23
cpr,JSWSTEEL,2025-10-17,SHORT,2025-10-17T12:50:00,1167.20,1169.78,1163.33,257,2.58,2025-10-17T12:50:00,1169.78,STOP,-663.38,-1113.83
cpr,JSWSTEEL,2025-10-30,SHORT,2025-10-30T12:00:00,1202.50,1206.12,1197.07,249,3.62,2025-10-30T12:10:00,1206.12,STOP,-901.23,-1351.04
cpr,JSWSTEEL,2025-11-07,SHORT,2025-11-07T12:30:00,1161.90,1165.26,1156.86,258,3.36,2025-11-07T12:50:00,1165.26,STOP,-866.21,-1316.52
cpr,JSWSTEEL,2025-11-11,SHORT,2025-11-11T10:00:00,1174.60,1178.23,1169.15,255,3.63,2025-11-11T10:40:00,1169.15,TARGET,1390.26,942.01
cpr,JSWSTEEL,2025-11-12,SHORT,2025-11-12T11:10:00,1182.90,1186.84,1176.98,253,3.94,2025-11-12T13:00:00,1186.84,STOP,-998.04,-1447.70
cpr,JSWSTEEL,2025-11-17,SHORT,2025-11-17T12:10:00,1168.50,1171.57,1163.90,256,3.07,2025-11-17T12:50:00,1171.57,STOP,-785.76,-1235.05
cpr,JSWSTEEL,2025-11-19,LONG,2025-11-19T12:40:00,1170.00,1166.98,1174.53,256,3.02,2025-11-19T13:40:00,1166.98,STOP,-773.29,-1221.99
cpr,JSWSTEEL,2025-11-20,SHORT,2025-11-20T10:10:00,1163.30,1166.63,1158.31,257,3.33,2025-11-20T10:10:00,1166.63,STOP,-854.63,-1303.72
cpr,JSWSTEEL,2025-11-25,SHORT,2025-11-25T13:30:00,1116.80,1119.63,1112.56,268,2.83,2025-11-25T15:00:00,1112.56,TARGET,1136.15,688.04
cpr,JSWSTEEL,2025-12-01,SHORT,2025-12-01T11:30:00,1161.00,1165.31,1154.53,258,4.31,2025-12-01T13:20:00,1160.90,TIME_STOP,25.80,-423.49
cpr,JSWSTEEL,2025-12-02,SHORT,2025-12-02T10:20:00,1163.50,1167.24,1157.90,257,3.74,2025-12-02T10:20:00,1165.10,REVERSE,-411.20,-860.04
cpr,JSWSTEEL,2025-12-04,LONG,2025-12-04T11:20:00,1152.10,1145.23,1162.41,260,6.87,2025-12-04T11:30:00,1147.20,REVERSE,-1274.00,-1722.36
cpr,JSWSTEEL,2025-12-05,LONG,2025-12-05T11:50:00,1156.30,1152.66,1161.77,259,3.64,2025-12-05T12:40:00,1161.77,TARGET,1415.62,965.33
cpr,JSWSTEEL,2025-12-08,SHORT,2025-12-08T10:20:00,1144.00,1148.17,1137.74,262,4.17,2025-12-08T10:30:00,1148.17,STOP,-1093.77,-1544.18
cpr,JSWSTEEL,2025-12-11,LONG,2025-12-11T10:40:00,1107.80,1103.66,1114.01,270,4.14,2025-12-11T12:00:00,1103.66,STOP,-1116.96,-1564.78
cpr,JSWSTEEL,2025-12-18,LONG,2025-12-18T11:20:00,1087.00,1083.26,1092.61,275,3.74,2025-12-18T13:10:00,1088.30,TIME_STOP,357.50,-91.16
cpr,JSWSTEEL,2025-12-19,LONG,2025-12-19T10:20:00,1085.30,1081.73,1090.66,276,3.57,2025-12-19T10:20:00,1083.40,REVERSE,-524.40,-973.32
cpr,JSWSTEEL,2025-12-26,LONG,2025-12-26T12:20:00,1097.40,1094.07,1102.39,273,3.33,2025-12-26T12:30:00,1094.07,STOP,-909.06,-1357.76
cpr,JSWSTEEL,2025-12-30,LONG,2025-12-30T10:30:00,1100.00,1096.94,1104.60,272,3.06,2025-12-30T11:00:00,1096.94,STOP,-833.34,-1281.52
cpr,JSWSTEEL,2026-01-06,SHORT,2026-01-06T12:20:00,1185.80,1188.72,1181.41,252,2.92,2026-01-06T14:00:00,1181.41,TARGET,1105.07,657.66
cpr,JSWSTEEL,2026-01-07,LONG,2026-01-07T11:10:00,1184.20,1180.52,1189.73,253,3.68,2026-01-07T11:20:00,1180.52,STOP,-932.27,-1380.97
cpr,JSWSTEEL,2026-01-12,LONG,2026-01-12T12:40:00,1170.90,1166.44,1177.59,256,4.46,2026-01-12T13:40:00,1177.59,TARGET,1713.78,1262.87
cpr,JSWSTEEL,2026-01-19,SHORT,2026-01-19T12:10:00,1184.50,1188.14,1179.04,253,3.64,2026-01-19T12:40:00,1179.04,TARGET,1380.26,931.78
cpr,JSWSTEEL,2026-01-21,LONG,2026-01-21T12:20:00,1174.00,1169.87,1180.19,255,4.13,2026-01-21T13:20:00,1169.87,STOP,-1052.61,-1500.88
cpr,JSWSTEEL,2026-01-23,SHORT,2026-01-23T11:30:00,1177.70,1181.65,1171.77,254,3.95,2026-01-23T11:40:00,1171.77,TARGET,1506.36,1058.79
cpr,JSWSTEEL,2026-02-06,SHORT,2026-02-06T10:40:00,1225.60,1229.11,1220.33,244,3.51,2026-02-06T11:10:00,1229.11,STOP,-857.27,-1306.48
cpr,JSWSTEEL,2026-02-11,SHORT,2026-02-11T10:10:00,1239.10,1242.51,1233.99,242,3.41,2026-02-11T10:20:00,1242.51,STOP,-825.18,-1275.59
cpr,JSWSTEEL,2026-02-12,SHORT,2026-02-12T10:40:00,1245.20,1248.61,1240.08,240,3.41,2026-02-12T11:30:00,1248.61,STOP,-819.36,-1268.25
cpr,JSWSTEEL,2026-02-16,LONG,2026-02-16T13:00:00,1240.80,1237.77,1245.34,241,3.03,2026-02-16T14:40:00,1245.34,TARGET,1093.84,644.47
cpr,JSWSTEEL,2026-02-20,LONG,2026-02-20T11:00:00,1240.50,1236.58,1246.38,241,3.92,2026-02-20T11:30:00,1246.38,TARGET,1417.13,967.63
cpr,JSWSTEEL,2026-02-23,LONG,2026-02-23T10:20:00,1244.50,1240.26,1250.86,241,4.24,2026-02-23T11:00:00,1240.26,STOP,-1021.77,-1470.89
cpr,JSWSTEEL,2026-02-27,SHORT,2026-02-27T10:10:00,1266.40,1270.45,1260.33,236,4.05,2026-02-27T12:00:00,1270.45,STOP,-955.50,-1404.52
cpr,JSWSTEEL,2026-03-10,LONG,2026-03-10T10:00:00,1201.60,1195.06,1211.41,249,6.54,2026-03-10T11:50:00,1206.40,TIME_STOP,1195.20,745.51
cpr,JSWSTEEL,2026-03-11,SHORT,2026-03-11T10:20:00,1195.30,1201.21,1186.43,250,5.91,2026-03-11T11:10:00,1201.21,STOP,-1478.15,-1927.50
cpr,HINDALCO,2024-03-19,SHORT,2024-03-19T11:00:00,530.75,533.26,526.99,565,2.51,2024-03-19T11:10:00,533.26,STOP,-1416.71,-1867.58
cpr,HINDALCO,2024-03-28,LONG,2024-03-28T13:20:00,561.65,559.99,564.14,534,1.66,2024-03-28T13:50:00,564.14,TARGET,1330.55,879.68
cpr,HINDALCO,2024-04-02,SHORT,2024-04-02T10:00:00,563.85,566.04,560.56,532,2.19,2024-04-02T10:20:00,566.04,STOP,-1167.68,-1618.51
cpr,HINDALCO,2024-04-04,SHORT,2024-04-04T11:30:00,575.80,578.45,571.83,521,2.65,2024-04-04T12:20:00,571.83,TARGET,2068.69,1620.25
cpr,HINDALCO,2024-04-12,SHORT,2024-04-12T12:30:00,597.20,599.31,594.03,502,2.11,2024-04-12T13:40:00,599.31,STOP,-1060.16,-1510.65
cpr,HINDALCO,2024-04-18,LONG,2024-04-18T10:20:00,616.25,613.40,620.52,486,2.85,2024-04-18T10:40:00,620.52,TARGET,2074.79,1623.99
cpr,HINDALCO,2024-04-29,SHORT,2024-04-29T10:20:00,641.70,644.61,637.33,467,2.91,2024-04-29T10:20:00,644.61,STOP,-1359.25,-1809.78
cpr,HINDALCO,2024-04-30,SHORT,2024-04-30T11:20:00,644.50,646.60,641.34,465,2.10,2024-04-30T12:20:00,646.60,STOP,-978.57,-1428.85
cpr,HINDALCO,2024-05-03,LONG,2024-05-03T10:10:00,648.15,645.16,652.63,462,2.99,2024-05-03T11:30:00,645.16,STOP,-1379.15,-1827.28
cpr,HINDALCO,2024-05-07,SHORT,2024-05-07T10:40:00,632.65,635.65,628.14,474,3.00,2024-05-07T11:00:00,628.14,TARGET,2136.23,1688.02
cpr,HINDALCO,2024-05-08,SHORT,2024-05-08T11:00:00,619.90,622.97,615.30,483,3.07,2024-05-08T11:20:00,622.97,STOP,-1481.30,-1931.53
cpr,HINDALCO,2024-05-09,SHORT,2024-05-09T11:30:00,627.25,630.10,622.98,478,2.85,2024-05-09T11:40:00,630.10,STOP,-1360.49,-1811.25
cpr,HINDALCO,2024-05-16,SHORT,2024-05-16T11:20:00,649.70,652.65,645.27,461,2.95,2024-05-16T12:50:00,652.65,STOP,-1361.47,-1811.75
cpr,HINDALCO,2024-05-22,SHORT,2024-05-22T10:40:00,682.35,686.05,676.80,439,3.70,2024-05-22T10:50:00,686.05,STOP,-1625.75,-2076.29
cpr,HINDALCO,2024-05-24,LONG,2024-05-24T14:10:00,683.35,680.34,687.87,439,3.01,2024-05-24T14:10:00,687.87,TARGET,1982.75,1531.28
cpr,HINDALCO,2024-05-27,SHORT,2024-05-27T12:00:00,678.75,682.19,673.59,441,3.44,2024-05-27T13:50:00,679.00,TIME_STOP,-110.25,-559.33
cpr,HINDALCO,2024-05-28,SHORT,2024-05-28T12:50:00,679.75,682.56,675.54,441,2.81,2024-05-28T13:00:00,682.56,STOP,-1239.18,-1689.76
cpr,HINDALCO,2024-06-05,LONG,2024-06-05T11:40:00,653.55,644.63,666.93,280,8.92,2024-06-05T13:10:00,666.93,TARGET,3747.19,3469.89
cpr,HINDALCO,2024-06-07,SHORT,2024-06-07T12:20:00,678.60,681.37,674.45,442,2.77,2024-06-07T12:30:00,681.37,STOP,-1222.38,-1673.20
cpr,HINDALCO,2024-06-10,LONG,2024-06-10T10:30:00,682.95,679.75,687.76,439,3.20,2024-06-10T10:40:00,679.75,STOP,-1406.90,-1855.57
cpr,HINDALCO,2024-06-12,SHORT,2024-06-12T10:40:00,674.75,677.56,670.54,444,2.81,2024-06-12T11:00:00,677.56,STOP,-1246.30,-1696.62
cpr,HINDALCO,2024-06-18,SHORT,2024-06-18T10:30:00,681.05,683.09,677.99,440,2.04,2024-06-18T10:30:00,683.09,STOP,-896.96,-1347.12
cpr,HINDALCO,2024-06-24,LONG,2024-06-24T10:50:00,687.20,684.29,691.56,436,2.91,2024-06-24T11:40:00,684.29,STOP,-1267.57,-1716.05
cpr,HINDALCO,2024-07-03,SHORT,2024-07-03T10:10:00,693.45,695.73,690.02,432,2.28,2024-07-03T10:30:00,690.02,TARGET,1479.91,1031.66
cpr,HINDALCO,2024-07-08,SHORT,2024-07-08T11:50:00,693.75,696.48,689.65,432,2.73,2024-07-08T13:40:00,694.30,TIME_STOP,-237.60,-687.33
cpr,HINDALCO,2024-07-10,SHORT,2024-07-10T10:30:00,693.80,696.98,689.04,432,3.18,2024-07-10T10:40:00,689.04,TARGET,2057.63,1609.59
cpr,HINDALCO,2024-07-12,SHORT,2024-07-12T10:40:00,694.35,697.04,690.31,432,2.69,2024-07-12T11:30:00,690.31,TARGET,1744.70,1296.07
cpr,HINDALCO,2024-07-16,SHORT,2024-07-16T11:30:00,695.95,697.74,693.26,431,1.79,2024-07-16T11:40:00,697.74,STOP,-773.56,-1224.08
cpr,HINDALCO,2024-07-22,LONG,2024-07-22T10:50:00,670.05,667.31,674.16,447,2.74,2024-07-22T12:40:00,667.31,STOP,-1223.36,-1671.71
cpr,HINDALCO,2024-07-23,SHORT,2024-07-23T10:00:00,665.50,668.25,661.38,450,2.75,2024-07-23T11:20:00,661.38,TARGET,1853.48,1405.66
cpr,HINDALCO,2024-07-24,SHORT,2024-07-24T12:50:00,651.20,653.77,647.35,460,2.57,2024-07-24T14:30:00,653.77,STOP,-1181.19,-1631.41
cpr,HINDALCO,2024-07-30,SHORT,2024-07-30T10:00:00,657.75,660.32,653.90,456,2.57,2024-07-30T11:50:00,656.20,TIME_STOP,706.80,257.43
cpr,HINDALCO,2024-08-07,LONG,2024-08-07T10:10:00,626.15,622.62,631.45,479,3.53,2024-08-07T11:20:00,622.62,STOP,-1691.22,-2139.84
cpr,HINDALCO,2024-08-08,SHORT,2024-08-08T10:20:00,619.95,623.24,615.02,483,3.29,2024-08-08T11:30:00,615.02,TARGET,2381.28,1933.91
cpr,HINDALCO,2024-08-09,SHORT,2024-08-09T13:20:00,616.05,617.90,613.27,486,1.85,2024-08-09T13:20:00,617.90,STOP,-899.65,-1349.43
cpr,HINDALCO,2024-08-13,SHORT,2024-08-13T10:50:00,626.25,628.91,622.27,479,2.66,2024-08-13T12:00:00,628.91,STOP,-1272.18,-1723.09
cpr,HINDALCO,2024-08-23,SHORT,2024-08-23T12:50:00,683.00,685.32,679.52,439,2.32,2024-08-23T13:00:00,679.52,TARGET,1526.44,1077.83
cpr,HINDALCO,2024-08-28,LONG,2024-08-28T11:40:00,707.35,705.45,710.20,424,1.90,2024-08-28T13:00:00,710.20,TARGET,1208.55,757.77
cpr,HINDALCO,2024-09-05,LONG,2024-09-05T10:00:00,668.85,666.68,672.10,448,2.17,2024-09-05T11:00:00,672.10,TARGET,1457.29,1006.73
cpr,HINDALCO,2024-09-06,SHORT,2024-09-06T10:40:00,667.10,669.80,663.05,449,2.70,2024-09-06T10:40:00,669.80,STOP,-1213.11,-1663.31
cpr,HINDALCO,2024-09-10,SHORT,2024-09-10T11:00:00,655.80,657.92,652.62,457,2.12,2024-09-10T12:00:00,657.92,STOP,-968.30,-1418.58
cpr,HINDALCO,2024-09-19,SHORT,2024-09-19T10:50:00,678.00,681.07,673.40,442,3.07,2024-09-19T11:10:00,673.40,TARGET,2033.53,1585.55
cpr,HINDALCO,2024-09-26,LONG,2024-09-26T11:00:00,721.75,718.90,726.02,415,2.85,2024-09-26T11:30:00,726.02,TARGET,1771.78,1321.16
cpr,HINDALCO,2024-10-03,SHORT,2024-10-03T10:20:00,754.10,758.16,748.01,397,4.06,2024-10-03T10:30:00,758.16,STOP,-1611.06,-2061.33
cpr,HINDALCO,2024-10-04,SHORT,2024-10-04T12:50:00,747.30,750.37,742.69,401,3.07,2024-10-04T13:10:00,750.37,STOP,-1232.45,-1682.88
cpr,HINDALCO,2024-10-08,SHORT,2024-10-08T11:50:00,726.65,730.87,720.31,412,4.22,2024-10-08T12:10:00,720.31,TARGET,2610.16,2163.05
cpr,HINDALCO,2024-10-14,SHORT,2024-10-14T11:00:00,742.00,744.99,737.51,404,2.99,2024-10-14T11:40:00,744.99,STOP,-1209.71,-1660.27
cpr,HINDALCO,2024-10-16,SHORT,2024-10-16T12:10:00,728.85,731.34,725.12,411,2.49,2024-10-16T13:00:00,731.34,STOP,-1023.16,-1473.26
cpr,HINDALCO,2024-10-18,LONG,2024-10-18T10:30:00,735.70,732.72,740.17,407,2.98,2024-10-18T11:30:00,740.17,TARGET,1819.92,1369.41
cpr,HINDALCO,2024-10-23,LONG,2024-10-23T11:30:00,728.95,724.52,735.60,411,4.43,2024-10-23T12:20:00,724.52,STOP,-1821.94,-2269.97
cpr,HINDALCO,2024-10-28,LONG,2024-10-28T10:50:00,695.85,692.14,701.41,431,3.71,2024-10-28T12:40:00,692.80,TIME_STOP,-1314.55,-1763.43
cpr,HINDALCO,2024-11-08,SHORT,2024-11-08T11:30:00,653.70,656.52,649.47,458,2.82,2024-11-08T11:40:00,656.52,STOP,-1292.70,-1742.76
cpr,HINDALCO,2024-11-11,LONG,2024-11-11T12:50:00,653.45,650.83,657.38,459,2.62,2024-11-11T13:50:00,650.83,STOP,-1203.09,-1652.09
cpr,HINDALCO,2024-11-14,SHORT,2024-11-14T14:10:00,630.40,632.56,627.16,475,2.16,2024-11-14T14:30:00,627.16,TARGET,1541.14,1093.14
cpr,HINDALCO,2024-11-21,LONG,2024-11-21T11:00:00,649.95,646.44,655.22,461,3.51,2024-11-21T12:50:00,649.15,TIME_STOP,-368.80,-817.96
cpr,HINDALCO,2024-11-29,LONG,2024-11-29T13:40:00,656.40,654.38,659.42,457,2.02,2024-11-29T14:10:00,654.38,STOP,-920.91,-1370.18
cpr,HINDALCO,2024-12-03,SHORT,2024-12-03T10:10:00,657.75,659.52,655.09,456,1.77,2024-12-03T10:20:00,659.52,STOP,-808.28,-1258.78
cpr,HINDALCO,2024-12-05,SHORT,2024-12-05T10:20:00,660.75,662.76,657.74,454,2.01,2024-12-05T10:50:00,662.76,STOP,-910.79,-1361.44
cpr,HINDALCO,2024-12-06,LONG,2024-12-06T12:40:00,670.65,668.57,673.77,447,2.08,2024-12-06T12:50:00,673.77,TARGET,1395.62,944.90
cpr,HINDALCO,2024-12-19,SHORT,2024-12-19T13:20:00,627.60,629.79,624.32,478,2.19,2024-12-19T15:00:00,629.79,STOP,-1045.30,-1496.07
cpr,HINDALCO,2024-12-24,SHORT,2024-12-24T11:30:00,629.95,631.82,627.14,476,1.87,2024-12-24T13:20:00,630.20,TIME_STOP,-119.00,-568.87
cpr,HINDALCO,2024-12-27,LONG,2024-12-27T10:20:00,631.50,629.52,634.46,475,1.98,2024-12-27T10:30:00,629.52,STOP,-938.18,-1387.42
cpr,HINDALCO,2025-01-02,LONG,2025-01-02T13:30:00,595.70,593.76,598.62,503,1.94,2025-01-02T14:20:00,598.62,TARGET,1466.72,1016.16
cpr,HINDALCO,2025-01-03,SHORT,2025-01-03T10:20:00,591.20,593.58,587.63,507,2.38,2025-01-03T10:30:00,593.58,STOP,-1208.24,-1658.75
cpr,HINDALCO,2025-01-07,LONG,2025-01-07T10:00:00,580.35,577.45,584.70,516,2.90,2025-01-07T10:20:00,584.70,TARGET,2243.90,1793.02
cpr,HINDALCO,2025-01-08,LONG,2025-01-08T13:50:00,583.20,581.56,585.67,514,1.64,2025-01-08T14:10:00,585.67,TARGET,1267.82,817.22
cpr,HINDALCO,2025-01-23,SHORT,2025-01-23T13:50:00,611.70,613.22,609.42,490,1.52,2025-01-23T14:10:00,613.22,STOP,-745.58,-1195.74
cpr,HINDALCO,2025-01-24,LONG,2025-01-24T12:10:00,614.00,611.70,617.45,488,2.30,2025-01-24T12:40:00,611.70,STOP,-1123.87,-1572.48
cpr,HINDALCO,2025-01-31,SHORT,2025-01-31T10:20:00,585.75,588.25,582.00,512,2.50,2025-01-31T10:30:00,588.25,STOP,-1280.20,-1731.02
cpr,HINDALCO,2025-02-01,SHORT,2025-02-01T12:40:00,586.15,588.77,582.22,511,2.62,2025-02-01T13:20:00,582.22,TARGET,2008.49,1560.71
cpr,HINDALCO,2025-02-07,LONG,2025-02-07T10:50:00,603.30,600.56,607.41,497,2.74,2025-02-07T11:20:00,607.41,TARGET,2042.61,1591.32
cpr,HINDALCO,2025-02-12,LONG,2025-02-12T11:50:00,600.10,596.88,604.93,499,3.22,2025-02-12T12:40:00,604.93,TARGET,2410.41,1959.43
cpr,HINDALCO,2025-02-13,LONG,2025-02-13T10:00:00,603.15,600.05,607.80,497,3.10,2025-02-13T11:50:00,606.40,TIME_STOP,1615.25,1164.39
cpr,HINDALCO,2025-02-17,SHORT,2025-02-17T10:00:00,599.70,602.59,595.37,500,2.89,2025-02-17T10:00:00,602.59,STOP,-1444.43,-1895.29
cpr,HINDALCO,2025-02-18,LONG,2025-02-18T14:00:00,608.70,606.41,612.14,492,2.29,2025-02-18T14:30:00,612.14,TARGET,1693.44,1242.95
cpr,HINDALCO,2025-02-27,SHORT,2025-02-27T11:30:00,621.45,624.00,617.62,482,2.55,2025-02-27T12:30:00,624.00,STOP,-1229.85,-1680.08
cpr,HINDALCO,2025-02-28,SHORT,2025-02-28T10:10:00,620.00,622.85,615.72,483,2.85,2025-02-28T10:20:00,622.85,STOP,-1376.72,-1826.94
cpr,HINDALCO,2025-03-03,SHORT,2025-03-03T10:20:00,624.65,627.86,619.83,480,3.21,2025-03-03T10:30:00,627.86,STOP,-1542.06,-1992.96
cpr,HINDALCO,2025-03-11,SHORT,2025-03-11T13:40:00,686.40,688.62,683.08,437,2.22,2025-03-11T13:40:00,688.62,STOP,-968.31,-1418.98
cpr,HINDALCO,2025-03-12,SHORT,2025-03-12T11:40:00,689.50,692.39,685.17,435,2.89,2025-03-12T12:20:00,685.17,TARGET,1884.35,1435.86
cpr,HINDALCO,2025-03-17,SHORT,2025-03-17T12:40:00,678.45,680.43,675.47,442,1.98,2025-03-17T13:20:00,680.43,STOP,-877.17,-1327.64
cpr,HINDALCO,2025-03-21,SHORT,2025-03-21T10:50:00,703.45,705.48,700.40,426,2.03,2025-03-21T11:10:00,700.40,TARGET,1298.99,850.46
cpr,HINDALCO,2025-03-24,SHORT,2025-03-24T12:20:00,698.50,700.46,695.55,429,1.96,2025-03-24T12:50:00,699.20,REVERSE,-300.30,-750.01
cpr,HINDALCO,2025-03-27,SHORT,2025-03-27T11:40:00,691.85,694.08,688.50,433,2.23,2025-03-27T11:50:00,694.08,STOP,-967.16,-1417.24
cpr,HINDALCO,2025-04-08,LONG,2025-04-08T13:10:00,565.15,562.01,569.86,530,3.14,2025-04-08T15:00:00,566.85,TIME_STOP,901.00,451.03
cpr,HINDALCO,2025-04-16,SHORT,2025-04-16T10:50:00,606.50,608.83,603.01,494,2.33,2025-04-16T12:40:00,607.90,TIME_STOP,-691.60,-1141.54
cpr,HINDALCO,2025-04-17,SHORT,2025-04-17T11:10:00,606.05,608.84,601.86,495,2.79,2025-04-17T11:10:00,608.84,STOP,-1383.32,-1834.35
cpr,HINDALCO,2025-04-24,LONG,2025-04-24T13:20:00,628.75,627.39,630.78,477,1.36,2025-04-24T13:30:00,627.39,STOP,-646.42,-1095.80
cpr,HINDALCO,2025-04-25,SHORT,2025-04-25T10:00:00,625.95,627.92,623.00,479,1.97,2025-04-25T10:00:00,623.00,TARGET,1415.01,966.33
cpr,HINDALCO,2025-04-29,SHORT,2025-04-29T10:30:00,626.00,627.97,623.04,479,1.97,2025-04-29T10:40:00,623.04,TARGET,1415.65,966.93
cpr,HINDALCO,2025-05-02,LONG,2025-05-02T14:10:00,632.50,629.54,636.93,474,2.96,2025-05-02T14:30:00,629.54,STOP,-1401.01,-1849.67
cpr,HINDALCO,2025-05-06,SHORT,2025-05-06T11:40:00,628.30,631.18,623.99,477,2.88,2025-05-06T12:00:00,631.18,STOP,-1372.15,-1822.73
cpr,HINDALCO,2025-05-07,LONG,2025-05-07T10:40:00,635.55,632.88,639.56,472,2.67,2025-05-07T11:00:00,632.88,STOP,-1260.41,-1709.43
cpr,HINDALCO,2025-05-09,LONG,2025-05-09T13:00:00,624.90,621.82,629.52,480,3.08,2025-05-09T14:50:00,629.52,TARGET,2219.97,1768.38
cpr,HINDALCO,2025-05-19,LONG,2025-05-19T10:40:00,658.55,656.64,661.42,455,1.91,2025-05-19T12:00:00,656.64,STOP,-871.13,-1319.94
cpr,HINDALCO,2025-05-26,LONG,2025-05-26T13:20:00,660.45,658.14,663.92,454,2.31,2025-05-26T15:10:00,661.10,TIME_STOP,295.10,-154.89
cpr,HINDALCO,2025-05-27,SHORT,2025-05-27T13:50:00,660.50,662.28,657.83,454,1.78,2025-05-27T14:00:00,657.83,TARGET,1212.27,763.38
cpr,HINDALCO,2025-06-04,LONG,2025-06-04T10:20:00,638.30,635.89,641.91,469,2.41,2025-06-04T12:10:00,637.05,TIME_STOP,-586.25,-1034.85
cpr,HINDALCO,2025-06-05,LONG,2025-06-05T12:10:00,638.05,636.74,640.02,470,1.31,2025-06-05T12:10:00,640.02,TARGET,926.86,476.34
cpr,HINDALCO,2025-06-11,SHORT,2025-06-11T10:10:00,657.45,659.28,654.71,456,1.83,2025-06-11T11:50:00,659.28,STOP,-834.04,-1284.36
cpr,HINDALCO,2025-06-12,LONG,2025-06-12T10:40:00,660.00,657.75,663.38,454,2.25,2025-06-12T10:50:00,657.75,STOP,-1022.69,-1471.38
cpr,HINDALCO,2025-06-16,LONG,2025-06-16T11:30:00,644.60,642.56,647.66,465,2.04,2025-06-16T12:30:00,647.66,TARGET,1422.85,972.17
cpr,HINDALCO,2025-06-17,SHORT,2025-06-17T12:20:00,644.45,646.09,641.99,465,1.64,2025-06-17T12:40:00,641.99,TARGET,1143.22,694.58
cpr,HINDALCO,2025-06-18,LONG,2025-06-18T10:00:00,646.20,644.36,648.96,464,1.84,2025-06-18T10:10:00,644.36,STOP,-854.90,-1304.01
cpr,HINDALCO,2025-06-23,LONG,2025-06-23T12:00:00,652.20,649.53,656.21,459,2.67,2025-06-23T12:00:00,656.21,TARGET,1839.60,1389.18
cpr,HINDALCO,2025-07-01,LONG,2025-07-01T12:40:00,696.35,693.64,700.42,430,2.71,2025-07-01T13:30:00,693.64,STOP,-1166.38,-1614.65
cpr,HINDALCO,2025-07-07,SHORT,2025-07-07T10:00:00,691.35,693.56,688.04,433,2.21,2025-07-07T11:50:00,690.00,TIME_STOP,584.55,135.96
cpr,HINDALCO,2025-07-14,SHORT,2025-07-14T11:30:00,668.60,671.23,664.65,448,2.63,2025-07-14T13:20:00,668.90,TIME_STOP,-134.40,-583.80
cpr,HINDALCO,2025-07-15,LONG,2025-07-15T11:20:00,670.85,668.73,674.03,447,2.12,2025-07-15T13:10:00,673.10,TIME_STOP,1005.75,555.19
cpr,HINDALCO,2025-07-18,LONG,2025-07-18T13:50:00,675.70,674.36,677.71,443,1.34,2025-07-18T15:20:00,676.00,EOD,132.90,-316.20
cpr,HINDALCO,2025-07-25,SHORT,2025-07-25T12:00:00,691.55,693.58,688.51,433,2.03,2025-07-25T12:30:00,688.51,TARGET,1315.49,867.32
cpr,HINDALCO,2025-07-29,LONG,2025-07-29T10:10:00,689.65,687.57,692.77,435,2.08,2025-07-29T10:20:00,687.57,STOP,-905.92,-1355.24
cpr,HINDALCO,2025-07-30,SHORT,2025-07-30T10:40:00,686.65,689.08,683.01,436,2.43,2025-07-30T10:50:00,689.08,STOP,-1058.81,-1508.67
cpr,HINDALCO,2025-07-31,SHORT,2025-07-31T13:00:00,685.00,687.67,680.99,437,2.67,2025-07-31T13:00:00,687.67,STOP,-1166.96,-1616.85
cpr,HINDALCO,2025-08-04,LONG,2025-08-04T11:30:00,685.90,683.60,689.34,437,2.30,2025-08-04T12:00:00,683.60,STOP,-1003.05,-1451.90
cpr,HINDALCO,2025-08-08,SHORT,2025-08-08T10:10:00,677.00,679.75,672.88,443,2.75,2025-08-08T12:00:00,672.88,TARGET,1824.53,1376.03
cpr,HINDALCO,2025-08-11,SHORT,2025-08-11T11:40:00,673.50,675.52,670.47,445,2.02,2025-08-11T11:50:00,670.47,TARGET,1350.47,901.92
cpr,HINDALCO,2025-08-19,SHORT,2025-08-19T10:10:00,709.20,711.63,705.55,423,2.43,2025-08-19T10:30:00,711.63,STOP,-1029.57,-1480.33
cpr,HINDALCO,2025-08-22,SHORT,2025-08-22T10:30:00,704.20,705.67,702.00,426,1.47,2025-08-22T10:40:00,705.67,STOP,-626.06,-1076.52
cpr,HINDALCO,2025-08-26,LONG,2025-08-26T10:10:00,707.80,705.83,710.76,423,1.97,2025-08-26T10:50:00,705.83,STOP,-834.20,-1282.68
cpr,HINDALCO,2025-08-28,SHORT,2025-08-28T13:40:00,702.20,703.80,699.80,427,1.60,2025-08-28T14:10:00,703.80,STOP,-681.91,-1132.18
cpr,HINDALCO,2025-08-29,LONG,2025-08-29T11:20:00,705.60,703.37,708.94,425,2.23,2025-08-29T13:10:00,705.80,TIME_STOP,85.00,-364.88
cpr,HINDALCO,2025-09-08,SHORT,2025-09-08T13:50:00,743.00,744.54,740.69,403,1.54,2025-09-08T14:10:00,740.69,TARGET,931.41,482.96
cpr,HINDALCO,2025-09-09,LONG,2025-09-09T13:10:00,742.55,741.21,744.56,404,1.34,2025-09-09T15:00:00,742.70,TIME_STOP,60.60,-389.43
cpr,HINDALCO,2025-09-11,SHORT,2025-09-11T11:50:00,739.85,741.41,737.52,405,1.56,2025-09-11T12:30:00,741.41,STOP,-629.99,-1079.92
cpr,HINDALCO,2025-09-17,SHORT,2025-09-17T10:00:00,752.20,754.00,749.50,398,1.80,2025-09-17T10:00:00,754.00,STOP,-716.52,-1166.12
cpr,HINDALCO,2025-09-23,LONG,2025-09-23T13:00:00,747.25,745.35,750.10,401,1.90,2025-09-23T13:00:00,750.10,TARGET,1143.42,693.09
cpr,HINDALCO,2025-09-24,LONG,2025-09-24T14:00:00,746.15,744.48,748.65,402,1.67,2025-09-24T14:00:00,745.55,REVERSE,-241.20,-690.95
cpr,HINDALCO,2025-09-25,LONG,2025-09-25T14:10:00,749.75,747.60,752.98,400,2.15,2025-09-25T14:50:00,747.60,STOP,-860.46,-1309.66
cpr,HINDALCO,2025-10-06,LONG,2025-10-06T10:20:00,782.70,779.94,786.85,383,2.76,2025-10-06T10:50:00,779.94,STOP,-1058.70,-1507.57
cpr,HINDALCO,2025-10-07,SHORT,2025-10-07T11:00:00,773.50,776.60,768.85,387,3.10,2025-10-07T11:20:00,768.85,TARGET,1799.24,1351.57
cpr,HINDALCO,2025-10-13,SHORT,2025-10-13T10:30:00,770.80,773.06,767.40,389,2.26,2025-10-13T11:20:00,767.40,TARGET,1320.83,872.06
cpr,HINDALCO,2025-10-14,SHORT,2025-10-14T11:20:00,764.80,767.19,761.21,392,2.39,2025-10-14T11:30:00,761.21,TARGET,1408.14,959.49
cpr,HINDALCO,2025-10-21,LONG,2025-10-21T14:00:00,786.35,783.16,791.14,381,3.19,2025-10-21T14:40:00,783.16,STOP,-1216.59,-1665.08
cpr,HINDALCO,2025-10-30,SHORT,2025-10-30T10:10:00,851.45,854.32,847.15,352,2.87,2025-10-30T10:10:00,854.32,STOP,-1008.73,-1459.05
cpr,HINDALCO,2025-10-31,SHORT,2025-10-31T10:10:00,852.70,855.69,848.22,351,2.99,2025-10-31T11:20:00,848.22,TARGET,1571.61,1123.84
cpr,HINDALCO,2025-11-03,SHORT,2025-11-03T11:00:00,848.80,851.69,844.47,353,2.89,2025-11-03T11:10:00,851.69,STOP,-1018.80,-1469.01
cpr,HINDALCO,2025-11-07,LONG,2025-11-07T10:50:00,790.65,787.61,795.21,379,3.04,2025-11-07T11:50:00,795.21,TARGET,1729.95,1279.17
cpr,HINDALCO,2025-11-10,SHORT,2025-11-10T12:20:00,791.60,794.33,787.51,378,2.73,2025-11-10T13:30:00,794.33,STOP,-1030.32,-1479.93
cpr,HINDALCO,2025-11-17,SHORT,2025-11-17T11:20:00,802.00,804.20,798.70,374,2.20,2025-11-17T12:30:00,804.20,STOP,-823.99,-1274.53
cpr,HINDALCO,2025-11-19,SHORT,2025-11-19T13:40:00,794.15,796.02,791.34,377,1.87,2025-11-19T13:40:00,791.34,TARGET,1059.89,611.59
cpr,HINDALCO,2025-11-25,LONG,2025-11-25T10:00:00,787.50,784.71,791.68,380,2.79,2025-11-25T10:00:00,784.71,STOP,-1058.73,-1506.81
cpr,HINDALCO,2025-12-03,SHORT,2025-12-03T10:10:00,805.05,807.33,801.63,372,2.28,2025-12-03T10:40:00,807.33,STOP,-847.40,-1297.25
cpr,HINDALCO,2025-12-05,LONG,2025-12-05T11:00:00,818.25,815.73,822.03,366,2.52,2025-12-05T11:10:00,822.03,TARGET,1382.56,932.30
cpr,HINDALCO,2025-12-11,LONG,2025-12-11T14:00:00,825.25,823.78,827.45,363,1.47,2025-12-11T14:00:00,824.20,REVERSE,-381.15,-830.21
cpr,HINDALCO,2025-12-16,SHORT,2025-12-16T10:00:00,841.85,844.88,837.31,356,3.03,2025-12-16T11:00:00,837.31,TARGET,1615.64,1167.30
cpr,HINDALCO,2025-12-19,SHORT,2025-12-19T11:10:00,848.45,851.33,844.13,353,2.88,2025-12-19T11:30:00,851.33,STOP,-1017.26,-1467.27
cpr,HINDALCO,2025-12-26,LONG,2025-12-26T12:20:00,870.35,867.93,873.99,344,2.42,2025-12-26T12:30:00,867.93,STOP,-834.13,-1282.60
cpr,HINDALCO,2025-12-29,SHORT,2025-12-29T12:20:00,869.50,872.35,865.23,345,2.85,2025-12-29T12:30:00,865.23,TARGET,1472.57,1023.71
cpr,HINDALCO,2026-01-12,LONG,2026-01-12T10:30:00,904.90,900.60,911.36,331,4.30,2026-01-12T11:20:00,900.60,STOP,-1424.54,-1872.76
cpr,HINDALCO,2026-01-20,LONG,2026-01-20T11:40:00,944.80,941.26,950.12,317,3.54,2026-01-20T11:50:00,941.26,STOP,-1123.73,-1572.14
cpr,HINDALCO,2026-01-21,LONG,2026-01-21T12:40:00,936.80,933.45,941.82,320,3.35,2026-01-21T13:00:00,941.82,TARGET,1608.00,1157.13
cpr,HINDALCO,2026-01-22,SHORT,2026-01-22T11:20:00,936.50,940.12,931.07,320,3.62,2026-01-22T11:30:00,940.12,STOP,-1157.94,-1608.33
cpr,HINDALCO,2026-01-27,SHORT,2026-01-27T14:00:00,953.10,956.92,947.37,314,3.82,2026-01-27T14:30:00,956.92,STOP,-1200.15,-1649.96
cpr,HINDALCO,2026-02-04,LONG,2026-02-04T12:40:00,961.55,957.96,966.94,311,3.59,2026-02-04T13:10:00,959.10,REVERSE,-761.95,-1209.94
cpr,HINDALCO,2026-02-06,LONG,2026-02-06T11:50:00,938.35,934.95,943.44,319,3.40,2026-02-06T12:40:00,934.95,STOP,-1083.11,-1531.29
cpr,HINDALCO,2026-02-12,SHORT,2026-02-12T10:00:00,960.75,965.13,954.18,312,4.38,2026-02-12T10:20:00,954.18,TARGET,2051.39,1603.30
cpr,HINDALCO,2026-02-24,SHORT,2026-02-24T12:10:00,915.25,918.01,911.11,327,2.76,2026-02-24T13:20:00,918.01,STOP,-902.92,-1352.53
cpr,HINDALCO,2026-02-27,SHORT,2026-02-27T10:10:00,931.55,934.67,926.87,322,3.12,2026-02-27T11:00:00,934.67,STOP,-1005.36,-1456.05
cpr,HINDALCO,2026-03-02,SHORT,2026-03-02T10:50:00,926.60,932.05,918.43,323,5.45,2026-03-02T12:40:00,923.35,TIME_STOP,1049.75,601.60
cpr,HINDALCO,2026-03-04,SHORT,2026-03-04T10:10:00,918.35,924.35,909.34,326,6.00,2026-03-04T10:30:00,924.35,STOP,-1957.35,-2407.89
cpr,HINDALCO,2026-03-10,LONG,2026-03-10T11:40:00,944.85,940.68,951.11,317,4.17,2026-03-10T13:30:00,948.15,TIME_STOP,1046.10,596.04
cpr,JINDALSTEL,2024-03-19,LONG,2024-03-19T12:50:00,801.25,796.72,808.05,374,4.53,2024-03-19T14:00:00,796.72,STOP,-1694.58,-2142.81
cpr,JINDALSTEL,2024-04-02,SHORT,2024-04-02T10:30:00,858.95,862.70,853.32,349,3.75,2024-04-02T11:00:00,862.70,STOP,-1310.31,-1760.95
cpr,JINDALSTEL,2024-04-04,SHORT,2024-04-04T12:00:00,901.85,906.06,895.53,332,4.21,2024-04-04T12:50:00,906.06,STOP,-1398.89,-1849.06
cpr,JINDALSTEL,2024-04-12,LONG,2024-04-12T11:10:00,904.00,900.16,909.77,331,3.84,2024-04-12T12:40:00,900.16,STOP,-1272.34,-1720.22
cpr,JINDALSTEL,2024-04-15,LONG,2024-04-15T10:50:00,910.95,904.99,919.90,329,5.96,2024-04-15T11:00:00,904.99,STOP,-1962.03,-2410.11
cpr,JINDALSTEL,2024-04-19,LONG,2024-04-19T12:50:00,920.90,914.52,930.46,325,6.38,2024-04-19T13:30:00,930.46,TARGET,3108.39,2657.12
cpr,JINDALSTEL,2024-04-26,SHORT,2024-04-26T11:10:00,930.95,935.17,924.63,322,4.22,2024-04-26T11:20:00,935.17,STOP,-1357.45,-1808.11
cpr,JINDALSTEL,2024-04-30,SHORT,2024-04-30T10:20:00,932.50,936.63,926.31,321,4.13,2024-04-30T10:40:00,936.63,STOP,-1324.62,-1774.62
cpr,JINDALSTEL,2024-05-13,LONG,2024-05-13T12:10:00,930.00,925.25,937.12,322,4.75,2024-05-13T12:50:00,925.25,STOP,-1527.98,-1976.03
cpr,JINDALSTEL,2024-05-30,SHORT,2024-05-30T14:00:00,1033.40,1037.04,1027.94,290,3.64,2024-05-30T14:30:00,1027.94,TARGET,1583.24,1134.90
cpr,JINDALSTEL,2024-05-31,SHORT,2024-05-31T12:20:00,1031.95,1035.95,1025.95,290,4.00,2024-05-31T14:10:00,1033.80,TIME_STOP,-536.50,-985.80
cpr,JINDALSTEL,2024-06-07,LONG,2024-06-07T13:00:00,1032.10,1027.18,1039.48,290,4.92,2024-06-07T13:10:00,1027.18,STOP,-1427.45,-1875.34
cpr,JINDALSTEL,2024-06-12,LONG,2024-06-12T10:00:00,1024.70,1019.74,1032.15,292,4.96,2024-06-12T11:50:00,1032.00,TIME_STOP,2131.60,1681.18
cpr,JINDALSTEL,2024-06-21,LONG,2024-06-21T10:10:00,1067.85,1062.17,1076.37,280,5.68,2024-06-21T10:50:00,1062.17,STOP,-1589.48,-2036.78
cpr,JINDALSTEL,2024-06-24,SHORT,2024-06-24T13:00:00,1064.70,1069.24,1057.89,281,4.54,2024-06-24T13:00:00,1069.24,STOP,-1275.51,-1725.24
cpr,JINDALSTEL,2024-06-25,SHORT,2024-06-25T10:20:00,1063.00,1067.71,1055.93,282,4.71,2024-06-25T10:30:00,1055.93,TARGET,1994.18,1546.03
cpr,JINDALSTEL,2024-06-28,SHORT,2024-06-28T12:20:00,1048.75,1051.92,1044.00,286,3.17,2024-06-28T13:40:00,1050.75,REVERSE,-572.00,-1022.34
cpr,JINDALSTEL,2024-07-01,SHORT,2024-07-01T12:40:00,1044.95,1048.66,1039.38,287,3.71,2024-07-01T14:30:00,1044.70,TIME_STOP,71.75,-378.05
cpr,JINDALSTEL,2024-07-02,SHORT,2024-07-02T12:40:00,1045.55,1050.24,1038.52,286,4.69,2024-07-02T13:10:00,1038.52,TARGET,2010.89,1563.85
cpr,JINDALSTEL,2024-07-03,SHORT,2024-07-03T12:20:00,1046.35,1049.75,1041.25,286,3.40,2024-07-03T12:50:00,1049.75,STOP,-972.39,-1422.00
cpr,JINDALSTEL,2024-07-12,SHORT,2024-07-12T10:00:00,1012.05,1016.71,1005.06,296,4.66,2024-07-12T11:00:00,1016.71,STOP,-1379.93,-1830.32
cpr,JINDALSTEL,2024-07-15,LONG,2024-07-15T10:40:00,1014.65,1010.68,1020.60,295,3.97,2024-07-15T11:30:00,1010.68,STOP,-1171.10,-1619.21
cpr,JINDALSTEL,2024-07-23,LONG,2024-07-23T14:10:00,950.30,944.70,958.70,315,5.60,2024-07-23T14:50:00,958.70,TARGET,2644.74,2193.74
cpr,JINDALSTEL,2024-07-30,LONG,2024-07-30T14:00:00,973.00,969.88,977.68,308,3.12,2024-07-30T14:50:00,977.68,TARGET,1441.44,990.84
cpr,JINDALSTEL,2024-08-01,SHORT,2024-08-01T12:00:00,985.00,989.04,978.93,304,4.04,2024-08-01T13:40:00,978.93,TARGET,1844.50,1396.73
cpr,JINDALSTEL,2024-08-09,LONG,2024-08-09T12:40:00,924.65,921.32,929.65,324,3.33,2024-08-09T13:00:00,921.32,STOP,-1079.76,-1528.33
cpr,JINDALSTEL,2024-08-20,SHORT,2024-08-20T11:10:00,939.60,942.89,934.66,319,3.29,2024-08-20T12:20:00,942.89,STOP,-1049.59,-1499.97
cpr,JINDALSTEL,2024-08-26,LONG,2024-08-26T10:00:00,966.00,962.81,970.78,310,3.19,2024-08-26T11:10:00,962.81,STOP,-988.64,-1437.09
cpr,JINDALSTEL,2024-08-27,SHORT,2024-08-27T12:30:00,975.00,978.03,970.45,307,3.03,2024-08-27T12:30:00,978.03,STOP,-930.99,-1380.68
cpr,JINDALSTEL,2024-09-05,LONG,2024-09-05T11:20:00,946.35,943.34,950.87,317,3.01,2024-09-05T11:30:00,950.87,TARGET,1431.48,980.41
cpr,JINDALSTEL,2024-09-06,LONG,2024-09-06T11:40:00,951.90,948.69,956.72,315,3.21,2024-09-06T11:50:00,956.72,TARGET,1518.22,1067.31
cpr,JINDALSTEL,2024-09-11,LONG,2024-09-11T11:20:00,966.00,962.52,971.22,310,3.48,2024-09-11T13:10:00,969.80,TIME_STOP,1178.00,727.93
cpr,JINDALSTEL,2024-09-20,LONG,2024-09-20T10:50:00,1019.00,1011.40,1030.39,294,7.60,2024-09-20T11:40:00,1011.40,STOP,-2233.01,-2680.72
cpr,JINDALSTEL,2024-09-25,SHORT,2024-09-25T10:30:00,1038.20,1043.48,1030.28,288,5.28,2024-09-25T10:30:00,1030.28,TARGET,2279.66,1832.87
cpr,JINDALSTEL,2024-09-27,SHORT,2024-09-27T12:10:00,1025.75,1030.20,1019.08,292,4.45,2024-09-27T12:50:00,1019.08,TARGET,1947.13,1499.31
cpr,JINDALSTEL,2024-10-18,LONG,2024-10-18T12:00:00,964.80,959.36,972.96,310,5.44,2024-10-18T13:20:00,972.96,TARGET,2528.88,2078.35
cpr,JINDALSTEL,2024-10-23,LONG,2024-10-23T13:40:00,923.05,918.80,929.43,325,4.25,2024-10-23T14:10:00,918.80,STOP,-1381.78,-1830.73
cpr,JINDALSTEL,2024-10-24,LONG,2024-10-24T10:10:00,928.80,923.79,936.32,322,5.01,2024-10-24T10:20:00,923.79,STOP,-1614.27,-2061.67
cpr,JINDALSTEL,2024-10-31,LONG,2024-10-31T10:20:00,925.95,922.10,931.72,323,3.85,2024-10-31T12:10:00,925.30,TIME_STOP,-209.95,-658.42
cpr,JINDALSTEL,2024-11-08,SHORT,2024-11-08T10:50:00,940.35,945.51,932.62,319,5.16,2024-11-08T11:30:00,932.62,TARGET,2467.34,2019.23
cpr,JINDALSTEL,2024-11-14,LONG,2024-11-14T10:00:00,869.20,864.14,876.79,345,5.06,2024-11-14T10:00:00,876.79,TARGET,2618.22,2166.45
cpr,JINDALSTEL,2024-11-19,LONG,2024-11-19T13:20:00,882.75,879.64,887.41,339,3.11,2024-11-19T14:10:00,879.64,STOP,-1053.62,-1501.71
cpr,JINDALSTEL,2024-11-21,LONG,2024-11-21T11:50:00,878.70,874.31,885.29,341,4.39,2024-11-21T12:10:00,874.31,STOP,-1498.41,-1946.74
cpr,JINDALSTEL,2024-11-22,LONG,2024-11-22T12:00:00,874.70,870.88,880.43,342,3.82,2024-11-22T13:20:00,880.43,TARGET,1961.28,1511.09
cpr,JINDALSTEL,2024-11-27,LONG,2024-11-27T10:00:00,888.50,883.20,896.45,337,5.30,2024-11-27T11:50:00,885.60,TIME_STOP,-977.30,-1425.70
cpr,JINDALSTEL,2024-11-29,SHORT,2024-11-29T10:20:00,893.85,897.73,888.03,335,3.88,2024-11-29T10:30:00,897.73,STOP,-1299.93,-1750.07
cpr,JINDALSTEL,2024-12-17,SHORT,2024-12-17T11:40:00,975.60,978.45,971.32,307,2.85,2024-12-17T12:00:00,971.32,TARGET,1314.58,866.30
cpr,JINDALSTEL,2024-12-26,SHORT,2024-12-26T10:10:00,936.00,939.47,930.80,320,3.47,2024-12-26T10:50:00,930.80,TARGET,1663.38,1215.34
cpr,JINDALSTEL,2024-12-27,SHORT,2024-12-27T11:30:00,932.40,935.90,927.15,321,3.50,2024-12-27T12:30:00,927.15,TARGET,1686.01,1238.32
cpr,JINDALSTEL,2025-01-01,LONG,2025-01-01T10:50:00,930.55,927.02,935.84,322,3.53,2025-01-01T12:40:00,934.00,TIME_STOP,1110.90,660.61
cpr,JINDALSTEL,2025-01-14,LONG,2025-01-14T12:10:00,920.00,914.90,927.64,326,5.10,2025-01-14T12:10:00,914.90,STOP,-1661.38,-2110.02
cpr,JINDALSTEL,2025-01-15,LONG,2025-01-15T11:20:00,917.50,913.68,923.23,326,3.82,2025-01-15T11:30:00,913.68,STOP,-1246.28,-1694.00
cpr,JINDALSTEL,2025-01-17,LONG,2025-01-17T10:10:00,926.10,922.53,931.46,323,3.57,2025-01-17T10:20:00,922.53,STOP,-1153.52,-1601.35
cpr,JINDALSTEL,2025-01-20,LONG,2025-01-20T11:20:00,928.35,924.72,933.80,323,3.63,2025-01-20T13:10:00,933.80,TARGET,1760.30,1309.19
cpr,JINDALSTEL,2025-01-23,SHORT,2025-01-23T11:40:00,895.20,899.45,888.83,335,4.25,2025-01-23T12:30:00,898.45,REVERSE,-1088.75,-1539.40
cpr,JINDALSTEL,2025-01-24,SHORT,2025-01-24T10:00:00,892.40,896.58,886.13,336,4.18,2025-01-24T10:20:00,886.13,TARGET,2108.32,1660.13
cpr,JINDALSTEL,2025-02-03,LONG,2025-02-03T10:30:00,791.95,782.48,806.16,263,9.47,2025-02-03T12:20:00,791.60,TIME_STOP,-92.05,-404.41
cpr,JINDALSTEL,2025-02-10,LONG,2025-02-10T12:30:00,835.70,832.18,840.98,358,3.52,2025-02-10T14:20:00,836.15,TIME_STOP,161.10,-287.79
cpr,JINDALSTEL,2025-02-18,LONG,2025-02-18T10:10:00,839.20,834.56,846.16,357,4.64,2025-02-18T10:20:00,834.56,STOP,-1656.25,-2104.40
cpr,JINDALSTEL,2025-02-21,SHORT,2025-02-21T10:20:00,864.90,868.73,859.16,346,3.83,2025-02-21T10:30:00,868.73,STOP,-1324.42,-1774.30
cpr,JINDALSTEL,2025-02-24,SHORT,2025-02-24T11:40:00,872.60,876.68,866.48,343,4.08,2025-02-24T11:40:00,876.68,STOP,-1398.39,-1848.39
cpr,JINDALSTEL,2025-02-25,LONG,2025-02-25T11:10:00,869.35,865.05,875.81,345,4.30,2025-02-25T11:20:00,865.05,STOP,-1485.00,-1933.77
cpr,JINDALSTEL,2025-02-27,SHORT,2025-02-27T10:40:00,856.30,860.58,849.87,350,4.28,2025-02-27T12:00:00,849.87,TARGET,2248.91,1801.04
cpr,JINDALSTEL,2025-02-28,SHORT,2025-02-28T12:10:00,852.60,857.63,845.05,351,5.03,2025-02-28T13:00:00,845.05,TARGET,2649.85,2202.94
cpr,JINDALSTEL,2025-03-03,SHORT,2025-03-03T11:20:00,850.35,856.12,841.70,352,5.77,2025-03-03T12:30:00,856.12,STOP,-2030.50,-2481.01
cpr,JINDALSTEL,2025-03-12,SHORT,2025-03-12T10:20:00,899.15,902.80,893.67,333,3.65,2025-03-12T11:00:00,893.67,TARGET,1824.74,1376.98
cpr,JINDALSTEL,2025-03-13,SHORT,2025-03-13T12:00:00,895.40,898.97,890.04,335,3.57,2025-03-13T12:20:00,898.97,STOP,-1197.52,-1648.36
cpr,JINDALSTEL,2025-03-17,LONG,2025-03-17T10:00:00,902.00,898.38,907.43,332,3.62,2025-03-17T10:30:00,898.38,STOP,-1201.68,-1649.98
cpr,JINDALSTEL,2025-03-24,LONG,2025-03-24T10:10:00,922.00,918.14,927.79,325,3.86,2025-03-24T12:00:00,923.50,TIME_STOP,487.50,37.66
cpr,JINDALSTEL,2025-03-28,SHORT,2025-03-28T14:00:00,907.85,911.04,903.07,330,3.19,2025-03-28T14:30:00,911.04,STOP,-1052.67,-1502.84
cpr,JINDALSTEL,2025-04-02,LONG,2025-04-02T10:20:00,906.50,902.92,911.86,330,3.58,2025-04-02T12:00:00,902.92,STOP,-1179.76,-1627.59
cpr,JINDALSTEL,2025-04-08,LONG,2025-04-08T12:50:00,800.05,794.86,807.84,374,5.19,2025-04-08T14:40:00,799.35,TIME_STOP,-261.80,-710.43
cpr,JINDALSTEL,2025-04-23,SHORT,2025-04-23T10:10:00,908.05,912.00,902.12,330,3.95,2025-04-23T10:10:00,902.12,TARGET,1955.54,1507.53
cpr,JINDALSTEL,2025-04-30,LONG,2025-04-30T12:30:00,903.20,899.80,908.30,332,3.40,2025-04-30T14:10:00,899.80,STOP,-1128.03,-1576.97
cpr,JINDALSTEL,2025-05-02,LONG,2025-05-02T13:30:00,903.00,896.47,912.79,332,6.53,2025-05-02T14:30:00,896.47,STOP,-2167.95,-2616.02
cpr,JINDALSTEL,2025-05-19,SHORT,2025-05-19T10:00:00,969.55,973.62,963.45,309,4.07,2025-05-19T10:10:00,973.62,STOP,-1257.07,-1707.40
cpr,JINDALSTEL,2025-05-20,SHORT,2025-05-20T11:00:00,967.00,972.04,959.44,310,5.04,2025-05-20T12:30:00,972.04,STOP,-1562.79,-2013.62
cpr,JINDALSTEL,2025-05-22,LONG,2025-05-22T10:00:00,972.45,967.79,979.44,308,4.66,2025-05-22T10:30:00,967.79,STOP,-1435.24,-1883.43
cpr,JINDALSTEL,2025-06-03,LONG,2025-06-03T10:20:00,946.05,942.17,951.87,317,3.88,2025-06-03T10:40:00,942.17,STOP,-1230.92,-1679.84
cpr,JINDALSTEL,2025-06-04,LONG,2025-06-04T12:30:00,947.50,944.67,951.74,316,2.83,2025-06-04T13:50:00,951.74,TARGET,1339.55,889.43
cpr,JINDALSTEL,2025-06-11,SHORT,2025-06-11T13:30:00,971.70,973.84,968.49,308,2.14,2025-06-11T13:50:00,968.49,TARGET,988.03,539.85
cpr,JINDALSTEL,2025-06-16,LONG,2025-06-16T12:00:00,923.45,920.45,927.95,324,3.00,2025-06-16T12:40:00,927.95,TARGET,1457.47,1007.58
cpr,JINDALSTEL,2025-06-20,LONG,2025-06-20T10:40:00,894.00,890.08,899.88,335,3.92,2025-06-20T11:20:00,899.88,TARGET,1970.72,1520.00
cpr,JINDALSTEL,2025-06-26,LONG,2025-06-26T10:30:00,928.85,925.49,933.89,322,3.36,2025-06-26T10:40:00,925.49,STOP,-1080.98,-1528.80
cpr,JINDALSTEL,2025-07-01,LONG,2025-07-01T12:30:00,950.45,946.98,955.65,315,3.47,2025-07-01T13:50:00,946.98,STOP,-1091.80,-1540.07
cpr,JINDALSTEL,2025-07-07,LONG,2025-07-07T11:50:00,953.05,949.57,958.26,314,3.48,2025-07-07T11:50:00,949.57,STOP,-1091.25,-1539.31
cpr,JINDALSTEL,2025-07-14,SHORT,2025-07-14T11:50:00,932.30,936.00,926.74,321,3.70,2025-07-14T13:40:00,928.60,TIME_STOP,1187.70,739.69
cpr,JINDALSTEL,2025-07-17,LONG,2025-07-17T13:00:00,943.45,940.38,948.06,317,3.07,2025-07-17T13:20:00,948.06,TARGET,1460.69,1010.98
cpr,JINDALSTEL,2025-07-23,LONG,2025-07-23T10:00:00,967.25,964.70,971.07,310,2.55,2025-07-23T10:00:00,965.55,REVERSE,-527.00,-976.38
cpr,JINDALSTEL,2025-07-28,SHORT,2025-07-28T10:10:00,987.95,991.56,982.54,303,3.61,2025-07-28T12:00:00,983.30,TIME_STOP,1408.95,960.98
cpr,JINDALSTEL,2025-07-29,LONG,2025-07-29T10:10:00,987.15,983.28,992.95,303,3.87,2025-07-29T10:10:00,983.28,STOP,-1171.60,-1619.38
cpr,JINDALSTEL,2025-07-30,SHORT,2025-07-30T12:50:00,981.75,984.79,977.19,305,3.04,2025-07-30T13:20:00,984.79,STOP,-928.19,-1378.04
cpr,JINDALSTEL,2025-08-04,LONG,2025-08-04T10:10:00,974.00,969.72,980.42,308,4.28,2025-08-04T12:00:00,976.15,TIME_STOP,662.20,211.72
cpr,JINDALSTEL,2025-08-06,SHORT,2025-08-06T11:30:00,987.35,990.88,982.06,303,3.53,2025-08-06T13:00:00,990.88,STOP,-1068.95,-1518.50
cpr,JINDALSTEL,2025-08-07,SHORT,2025-08-07T11:00:00,988.15,992.50,981.62,303,4.35,2025-08-07T12:50:00,985.05,TIME_STOP,939.30,490.89
cpr,JINDALSTEL,2025-08-08,SHORT,2025-08-08T10:30:00,984.15,988.44,977.72,304,4.29,2025-08-08T11:40:00,977.72,TARGET,1954.81,1507.50
cpr,JINDALSTEL,2025-08-12,LONG,2025-08-12T11:10:00,993.80,989.59,1000.12,301,4.21,2025-08-12T11:20:00,1000.12,TARGET,1901.91,1451.78
cpr,JINDALSTEL,2025-09-01,LONG,2025-09-01T11:30:00,956.00,952.60,961.09,313,3.40,2025-09-01T13:10:00,961.09,TARGET,1594.72,1144.68
cpr,JINDALSTEL,2025-09-05,SHORT,2025-09-05T12:30:00,1028.50,1031.61,1023.84,291,3.11,2025-09-05T13:10:00,1031.61,STOP,-904.70,-1354.32
cpr,JINDALSTEL,2025-09-12,SHORT,2025-09-12T10:40:00,1034.00,1036.66,1030.00,290,2.66,2025-09-12T11:00:00,1030.00,TARGET,1159.22,710.30
cpr,JINDALSTEL,2025-09-16,SHORT,2025-09-16T10:50:00,1039.55,1042.36,1035.34,288,2.81,2025-09-16T11:40:00,1042.36,STOP,-808.79,-1258.48
cpr,JINDALSTEL,2025-09-17,SHORT,2025-09-17T10:20:00,1045.80,1049.04,1040.94,286,3.24,2025-09-17T12:10:00,1043.70,TIME_STOP,600.60,152.40
cpr,JINDALSTEL,2025-09-19,LONG,2025-09-19T10:10:00,1043.25,1039.57,1048.76,287,3.68,2025-09-19T11:10:00,1039.57,STOP,-1054.81,-1503.14
cpr,JINDALSTEL,2025-09-22,SHORT,2025-09-22T10:40:00,1040.00,1043.02,1035.48,288,3.02,2025-09-22T12:30:00,1039.90,TIME_STOP,28.80,-420.46
cpr,JINDALSTEL,2025-09-23,LONG,2025-09-23T12:40:00,1039.75,1036.93,1043.99,288,2.82,2025-09-23T12:40:00,1043.99,TARGET,1219.78,769.70
cpr,JINDALSTEL,2025-09-24,SHORT,2025-09-24T11:30:00,1048.00,1051.97,1042.04,286,3.97,2025-09-24T12:30:00,1051.97,STOP,-1135.47,-1585.91
cpr,JINDALSTEL,2025-09-25,LONG,2025-09-25T10:40:00,1057.00,1053.13,1062.80,283,3.87,2025-09-25T10:50:00,1053.13,STOP,-1094.77,-1542.65
cpr,JINDALSTEL,2025-10-01,SHORT,2025-10-01T10:40:00,1057.30,1061.34,1051.24,283,4.04,2025-10-01T11:30:00,1061.34,STOP,-1143.69,-1593.37
cpr,JINDALSTEL,2025-10-03,LONG,2025-10-03T11:20:00,1068.50,1063.53,1075.96,280,4.97,2025-10-03T11:40:00,1075.96,TARGET,2089.38,1639.04
cpr,JINDALSTEL,2025-10-14,SHORT,2025-10-14T10:30:00,1005.40,1008.51,1000.74,298,3.11,2025-10-14T11:10:00,1000.74,TARGET,1390.11,941.74
cpr,JINDALSTEL,2025-10-15,SHORT,2025-10-15T10:30:00,996.00,999.25,991.12,301,3.25,2025-10-15T11:00:00,999.25,STOP,-978.27,-1428.69
cpr,JINDALSTEL,2025-10-24,LONG,2025-10-24T10:00:00,1018.70,1015.06,1024.17,294,3.64,2025-10-24T10:10:00,1024.17,TARGET,1606.93,1156.48
cpr,JINDALSTEL,2025-10-31,SHORT,2025-10-31T10:50:00,1065.40,1069.28,1059.57,281,3.88,2025-10-31T11:40:00,1069.28,STOP,-1091.40,-1541.29
cpr,JINDALSTEL,2025-11-04,LONG,2025-11-04T14:00:00,1077.00,1074.46,1080.81,278,2.54,2025-11-04T14:10:00,1074.46,STOP,-705.79,-1154.37
cpr,JINDALSTEL,2025-11-06,SHORT,2025-11-06T10:00:00,1067.00,1071.76,1059.87,281,4.76,2025-11-06T11:00:00,1059.87,TARGET,2004.40,1556.17
cpr,JINDALSTEL,2025-11-11,LONG,2025-11-11T12:40:00,1075.00,1071.62,1080.07,279,3.38,2025-11-11T13:00:00,1071.62,STOP,-942.34,-1391.52
cpr,JINDALSTEL,2025-11-19,LONG,2025-11-19T12:30:00,1075.10,1071.93,1079.86,279,3.17,2025-11-19T13:40:00,1071.93,STOP,-885.03,-1334.30
cpr,JINDALSTEL,2025-11-20,LONG,2025-11-20T10:10:00,1073.00,1069.00,1079.00,279,4.00,2025-11-20T11:20:00,1069.00,STOP,-1115.51,-1563.72
cpr,JINDALSTEL,2025-12-01,SHORT,2025-12-01T11:00:00,1042.00,1045.27,1037.09,287,3.27,2025-12-01T11:20:00,1045.27,STOP,-938.70,-1387.98
cpr,JINDALSTEL,2025-12-02,SHORT,2025-12-02T11:10:00,1043.10,1046.09,1038.61,287,2.99,2025-12-02T12:50:00,1038.61,TARGET,1287.65,839.56
cpr,JINDALSTEL,2025-12-08,SHORT,2025-12-08T10:10:00,1001.80,1005.36,996.47,299,3.56,2025-12-08T10:40:00,1005.36,STOP,-1063.28,-1513.38
cpr,JINDALSTEL,2025-12-09,LONG,2025-12-09T11:40:00,1000.10,995.68,1006.73,299,4.42,2025-12-09T13:30:00,1004.40,TIME_STOP,1285.70,836.19
cpr,JINDALSTEL,2025-12-11,LONG,2025-12-11T10:40:00,1011.00,1007.34,1016.50,296,3.66,2025-12-11T11:00:00,1007.34,STOP,-1084.59,-1532.66
cpr,JINDALSTEL,2025-12-16,SHORT,2025-12-16T10:00:00,1016.20,1019.42,1011.38,295,3.22,2025-12-16T10:30:00,1011.38,TARGET,1422.94,974.34
cpr,JINDALSTEL,2025-12-19,SHORT,2025-12-19T11:10:00,982.80,986.42,977.37,305,3.62,2025-12-19T11:20:00,986.42,STOP,-1103.26,-1553.71
cpr,JINDALSTEL,2025-12-24,SHORT,2025-12-24T11:40:00,1001.20,1003.80,997.30,299,2.60,2025-12-24T12:10:00,1003.80,STOP,-777.51,-1227.13
cpr,JINDALSTEL,2025-12-30,LONG,2025-12-30T10:30:00,1006.90,1003.16,1012.50,297,3.74,2025-12-30T10:30:00,1003.16,STOP,-1109.37,-1557.12
cpr,JINDALSTEL,2026-01-12,LONG,2026-01-12T12:40:00,1023.60,1018.66,1031.02,293,4.94,2026-01-12T13:50:00,1018.66,STOP,-1448.60,-1897.39
cpr,JINDALSTEL,2026-01-14,LONG,2026-01-14T10:20:00,1021.90,1018.05,1027.67,293,3.85,2026-01-14T10:20:00,1027.67,TARGET,1690.65,1240.25
cpr,JINDALSTEL,2026-01-20,SHORT,2026-01-20T10:30:00,1048.50,1053.17,1041.49,286,4.67,2026-01-20T10:40:00,1053.17,STOP,-1336.36,-1787.17
cpr,JINDALSTEL,2026-01-23,SHORT,2026-01-23T11:40:00,1063.60,1069.36,1054.96,282,5.76,2026-01-23T12:10:00,1069.36,STOP,-1623.49,-2074.61
cpr,JINDALSTEL,2026-01-27,LONG,2026-01-27T13:20:00,1074.60,1070.56,1080.66,279,4.04,2026-01-27T13:40:00,1070.56,STOP,-1126.66,-1575.53
cpr,JINDALSTEL,2026-02-05,LONG,2026-02-05T11:30:00,1175.30,1170.86,1181.96,255,4.44,2026-02-05T11:40:00,1181.96,TARGET,1697.43,1246.61
cpr,JINDALSTEL,2026-02-06,SHORT,2026-02-06T10:20:00,1167.30,1171.68,1160.72,257,4.38,2026-02-06T11:00:00,1171.68,STOP,-1126.84,-1577.68
cpr,JINDALSTEL,2026-02-11,LONG,2026-02-11T10:00:00,1193.50,1189.61,1199.33,251,3.89,2026-02-11T10:00:00,1189.61,STOP,-975.72,-1424.34
cpr,JINDALSTEL,2026-02-12,LONG,2026-02-12T11:20:00,1194.70,1191.01,1200.23,251,3.69,2026-02-12T12:40:00,1200.23,TARGET,1389.10,938.25
cpr,JINDALSTEL,2026-02-19,SHORT,2026-02-19T10:20:00,1215.20,1219.46,1208.81,246,4.26,2026-02-19T12:10:00,1214.80,TIME_STOP,98.40,-349.93
cpr,JINDALSTEL,2026-02-20,LONG,2026-02-20T10:40:00,1224.10,1218.79,1232.07,245,5.31,2026-02-20T12:30:00,1226.30,TIME_STOP,539.00,88.74
cpr,JINDALSTEL,2026-02-27,SHORT,2026-02-27T10:20:00,1250.70,1255.36,1243.71,239,4.66,2026-02-27T12:00:00,1255.36,STOP,-1114.51,-1563.72
cpr,JINDALSTEL,2026-03-06,LONG,2026-03-06T10:20:00,1188.20,1182.50,1196.76,252,5.70,2026-03-06T12:10:00,1185.60,TIME_STOP,-655.20,-1103.85
cpr,JINDALSTEL,2026-03-12,LONG,2026-03-12T11:10:00,1194.80,1189.38,1202.93,251,5.42,2026-03-12T11:30:00,1202.93,TARGET,2041.22,1589.85
cpr,LT,2024-03-20,SHORT,2024-03-20T10:20:00,3501.10,3511.21,3485.93,85,10.11,2024-03-20T11:00:00,3511.21,STOP,-859.65,-1306.69
cpr,LT,2024-04-02,SHORT,2024-04-02T11:10:00,3805.10,3818.42,3785.12,78,13.32,2024-04-02T11:40:00,3785.12,TARGET,1558.80,1114.77
cpr,LT,2024-04-04,LONG,2024-04-04T13:10:00,3784.15,3771.11,3803.72,79,13.04,2024-04-04T13:20:00,3803.72,TARGET,1545.80,1096.22
cpr,LT,2024-04-18,SHORT,2024-04-18T13:00:00,3589.00,3600.72,3571.42,83,11.72,2024-04-18T13:30:00,3571.42,TARGET,1459.24,1013.51
cpr,LT,2024-04-26,SHORT,2024-04-26T10:10:00,3626.00,3638.49,3607.27,82,12.49,2024-04-26T12:00:00,3621.40,TIME_STOP,377.20,-68.52
cpr,LT,2024-04-30,LONG,2024-04-30T13:40:00,3639.35,3633.04,3648.82,82,6.31,2024-04-30T14:00:00,3633.04,STOP,-517.67,-964.92
cpr,LT,2024-05-07,LONG,2024-05-07T12:30:00,3486.65,3474.47,3504.92,86,12.18,2024-05-07T12:40:00,3474.47,STOP,-1047.46,-1496.45
cpr,LT,2024-05-08,LONG,2024-05-08T12:10:00,3451.05,3433.68,3477.11,86,17.37,2024-05-08T14:00:00,3469.85,TIME_STOP,1616.80,1170.40
cpr,LT,2024-05-16,SHORT,2024-05-16T13:50:00,3391.00,3402.63,3373.55,88,11.63,2024-05-16T14:00:00,3402.63,STOP,-1023.77,-1472.15
cpr,LT,2024-05-22,LONG,2024-05-22T10:20:00,3463.00,3453.05,3477.92,86,9.95,2024-05-22T11:50:00,3453.05,STOP,-855.53,-1301.62
cpr,LT,2024-05-27,SHORT,2024-05-27T10:30:00,3617.75,3630.63,3598.43,82,12.88,2024-05-27T10:30:00,3630.63,STOP,-1056.26,-1502.03
cpr,LT,2024-05-28,LONG,2024-05-28T13:30:00,3668.15,3658.49,3682.64,81,9.66,2024-05-28T14:00:00,3658.49,STOP,-782.47,-1227.56
cpr,LT,2024-05-30,LONG,2024-05-30T13:10:00,3642.80,3633.97,3656.05,82,8.83,2024-05-30T13:20:00,3633.97,STOP,-724.39,-1171.91
cpr,LT,2024-06-04,SHORT,2024-06-04T11:10:00,3571.95,3611.42,3512.74,63,39.47,2024-06-04T11:10:00,3512.74,TARGET,3729.96,3395.21
cpr,LT,2024-06-18,SHORT,2024-06-18T14:00:00,3690.90,3698.01,3680.23,81,7.11,2024-06-18T15:20:00,3691.45,EOD,-44.55,-493.03
cpr,LT,2024-06-24,LONG,2024-06-24T11:30:00,3553.80,3540.15,3574.28,84,13.65,2024-06-24T12:50:00,3540.15,STOP,-1146.98,-1593.90
cpr,LT,2024-06-25,LONG,2024-06-25T11:50:00,3552.05,3541.49,3567.89,84,10.56,2024-06-25T12:00:00,3567.89,TARGET,1330.80,882.24
cpr,LT,2024-07-04,SHORT,2024-07-04T11:10:00,3617.15,3626.13,3603.68,82,8.98,2024-07-04T12:10:00,3626.13,STOP,-736.21,-1181.67
cpr,LT,2024-07-08,LONG,2024-07-08T10:20:00,3617.00,3604.68,3635.48,82,12.32,2024-07-08T10:50:00,3604.68,STOP,-1010.06,-1454.19
cpr,LT,2024-07-10,SHORT,2024-07-10T10:10:00,3660.00,3669.87,3645.19,81,9.87,2024-07-10T10:10:00,3645.19,TARGET,1199.57,755.78
cpr,LT,2024-07-11,SHORT,2024-07-11T12:10:00,3641.55,3652.63,3624.94,82,11.08,2024-07-11T12:30:00,3624.94,TARGET,1362.42,915.53
cpr,LT,2024-07-12,LONG,2024-07-12T11:10:00,3657.75,3644.73,3677.27,82,13.02,2024-07-12T11:20:00,3644.73,STOP,-1067.32,-1516.42
cpr,LT,2024-07-18,LONG,2024-07-18T12:40:00,3650.50,3641.02,3664.72,82,9.48,2024-07-18T13:10:00,3664.72,TARGET,1166.41,716.53
cpr,LT,2024-07-19,SHORT,2024-07-19T10:10:00,3632.15,3643.07,3615.77,82,10.92,2024-07-19T11:30:00,3643.07,STOP,-895.62,-1343.04
cpr,LT,2024-07-22,LONG,2024-07-22T11:10:00,3637.80,3624.41,3657.88,82,13.39,2024-07-22T12:30:00,3624.41,STOP,-1097.65,-1544.28
cpr,LT,2024-07-23,SHORT,2024-07-23T12:10:00,3555.65,3580.23,3518.79,84,24.58,2024-07-23T12:20:00,3518.79,TARGET,3096.45,2650.76
cpr,LT,2024-08-01,SHORT,2024-08-01T12:10:00,3792.00,3801.49,3777.76,79,9.49,2024-08-01T12:40:00,3777.76,TARGET,1124.58,676.07
cpr,LT,2024-08-09,LONG,2024-08-09T10:10:00,3595.00,3582.12,3614.32,83,12.88,2024-08-09T11:40:00,3582.12,STOP,-1069.07,-1515.85
cpr,LT,2024-08-12,LONG,2024-08-12T11:10:00,3596.80,3587.08,3611.38,83,9.72,2024-08-12T11:40:00,3587.08,STOP,-806.69,-1253.88
cpr,LT,2024-08-13,SHORT,2024-08-13T12:40:00,3581.00,3587.56,3571.16,83,6.56,2024-08-13T13:00:00,3571.16,TARGET,817.10,371.88
cpr,LT,2024-08-19,SHORT,2024-08-19T10:40:00,3560.90,3569.03,3548.71,84,8.13,2024-08-19T10:50:00,3548.71,TARGET,1024.37,576.47
cpr,LT,2024-08-29,LONG,2024-08-29T10:30:00,3704.05,3695.06,3717.54,80,8.99,2024-08-29T11:50:00,3695.06,STOP,-719.49,-1163.44
cpr,LT,2024-09-09,LONG,2024-09-09T10:10:00,3581.45,3570.05,3598.55,83,11.40,2024-09-09T10:20:00,3570.05,STOP,-946.05,-1391.23
cpr,LT,2024-09-19,SHORT,2024-09-19T10:40:00,3712.30,3723.36,3695.71,80,11.06,2024-09-19T11:10:00,3695.71,TARGET,1327.34,882.86
cpr,LT,2024-10-04,LONG,2024-10-04T12:20:00,3552.80,3538.51,3574.23,84,14.29,2024-10-04T12:20:00,3538.51,STOP,-1199.97,-1646.72
cpr,LT,2024-10-10,SHORT,2024-10-10T11:30:00,3507.60,3518.43,3491.36,85,10.83,2024-10-10T12:40:00,3491.36,TARGET,1380.68,934.50
cpr,LT,2024-10-11,SHORT,2024-10-11T12:50:00,3475.75,3483.86,3463.58,86,8.11,2024-10-11T13:10:00,3483.86,STOP,-697.58,-1146.48
cpr,LT,2024-10-15,SHORT,2024-10-15T10:10:00,3534.10,3543.41,3520.14,84,9.31,2024-10-15T10:40:00,3543.41,STOP,-781.65,-1227.53
cpr,LT,2024-10-16,SHORT,2024-10-16T11:20:00,3539.65,3549.79,3524.44,84,10.14,2024-10-16T11:40:00,3524.44,TARGET,1278.05,833.01
cpr,LT,2024-11-04,SHORT,2024-11-04T10:10:00,3587.50,3603.65,3563.28,83,16.15,2024-11-04T11:00:00,3563.28,TARGET,2010.55,1565.42
cpr,LT,2024-11-11,LONG,2024-11-11T11:30:00,3660.10,3651.20,3673.45,81,8.90,2024-11-11T12:00:00,3651.20,STOP,-720.98,-1165.14
cpr,LT,2024-11-12,LONG,2024-11-12T12:00:00,3635.55,3624.29,3652.45,82,11.26,2024-11-12T12:50:00,3624.29,STOP,-923.67,-1370.15
cpr,LT,2024-11-22,SHORT,2024-11-22T10:00:00,3484.60,3498.56,3463.66,86,13.96,2024-11-22T10:00:00,3498.56,STOP,-1200.58,-1650.99
cpr,LT,2024-11-27,SHORT,2024-11-27T10:00:00,3703.35,3717.12,3682.69,81,13.77,2024-11-27T11:50:00,3695.90,TIME_STOP,603.45,153.95
cpr,LT,2024-12-10,SHORT,2024-12-10T10:50:00,3926.40,3937.12,3910.32,76,10.72,2024-12-10T11:00:00,3937.12,STOP,-814.65,-1262.87
cpr,LT,2024-12-11,LONG,2024-12-11T10:40:00,3931.05,3920.07,3947.52,76,10.98,2024-12-11T12:20:00,3920.07,STOP,-834.34,-1281.85
cpr,LT,2024-12-16,LONG,2024-12-16T14:00:00,3881.95,3873.03,3895.33,77,8.92,2024-12-16T15:10:00,3873.03,STOP,-686.88,-1134.73
cpr,LT,2024-12-24,LONG,2024-12-24T10:20:00,3664.10,3652.72,3681.17,81,11.38,2024-12-24T11:10:00,3652.72,STOP,-922.03,-1366.53
cpr,LT,2024-12-31,LONG,2024-12-31T12:10:00,3595.70,3583.18,3614.48,83,12.52,2024-12-31T14:00:00,3614.48,TARGET,1558.98,1110.15
cpr,LT,2025-01-03,SHORT,2025-01-03T10:20:00,3683.30,3694.63,3666.31,81,11.33,2025-01-03T11:00:00,3694.63,STOP,-917.67,-1365.88
cpr,LT,2025-01-07,LONG,2025-01-07T13:40:00,3630.90,3620.55,3646.43,82,10.35,2025-01-07T15:20:00,3646.43,TARGET,1273.25,825.69
cpr,LT,2025-01-08,SHORT,2025-01-08T10:50:00,3608.00,3620.02,3589.98,83,12.02,2025-01-08T12:40:00,3613.00,TIME_STOP,-415.00,-864.51
cpr,LT,2025-01-16,SHORT,2025-01-16T10:30:00,3486.10,3496.66,3470.26,86,10.56,2025-01-16T10:40:00,3496.66,STOP,-908.38,-1358.76
cpr,LT,2025-01-24,LONG,2025-01-24T12:10:00,3503.85,3493.81,3518.92,85,10.04,2025-01-24T12:30:00,3493.81,STOP,-853.82,-1299.92
cpr,LT,2025-01-28,SHORT,2025-01-28T10:10:00,3440.10,3454.69,3418.21,87,14.59,2025-01-28T10:10:00,3418.21,TARGET,1904.50,1456.99
cpr,LT,2025-01-30,SHORT,2025-01-30T12:30:00,3420.80,3438.97,3393.54,87,18.17,2025-01-30T14:20:00,3425.05,TIME_STOP,-369.75,-816.44
cpr,LT,2025-02-01,SHORT,2025-02-01T12:10:00,3522.05,3548.03,3483.09,85,25.98,2025-02-01T12:20:00,3483.09,TARGET,3311.98,2865.40
cpr,LT,2025-02-11,SHORT,2025-02-11T10:00:00,3305.00,3316.34,3288.00,90,11.34,2025-02-11T11:50:00,3300.00,TIME_STOP,450.00,4.16
cpr,LT,2025-02-18,LONG,2025-02-18T12:50:00,3219.05,3211.27,3230.72,93,7.78,2025-02-18T13:40:00,3230.72,TARGET,1085.07,635.20
cpr,LT,2025-02-24,SHORT,2025-02-24T11:40:00,3302.00,3311.02,3288.47,90,9.02,2025-02-24T12:00:00,3288.47,TARGET,1217.91,773.06
cpr,LT,2025-03-03,SHORT,2025-03-03T11:50:00,3168.95,3180.43,3151.73,94,11.48,2025-03-03T12:10:00,3180.43,STOP,-1079.16,-1526.79
cpr,LT,2025-03-04,SHORT,2025-03-04T11:00:00,3194.85,3204.10,3180.97,93,9.25,2025-03-04T11:00:00,3199.95,REVERSE,-474.30,-920.34
cpr,LT,2025-03-17,SHORT,2025-03-17T11:10:00,3194.50,3204.21,3179.94,93,9.71,2025-03-17T12:20:00,3179.94,TARGET,1354.39,909.77
cpr,LT,2025-03-20,SHORT,2025-03-20T11:00:00,3301.25,3311.05,3286.55,90,9.80,2025-03-20T11:00:00,3303.05,REVERSE,-162.00,-607.79
cpr,LT,2025-03-25,SHORT,2025-03-25T11:30:00,3468.75,3479.65,3452.40,86,10.90,2025-03-25T11:50:00,3452.40,TARGET,1405.86,959.45
cpr,LT,2025-04-02,SHORT,2025-04-02T11:40:00,3440.10,3451.17,3423.50,87,11.07,2025-04-02T12:40:00,3423.50,TARGET,1444.18,996.33
cpr,LT,2025-04-09,SHORT,2025-04-09T10:00:00,3122.50,3142.46,3092.56,96,19.96,2025-04-09T11:50:00,3117.35,TIME_STOP,494.40,45.13
cpr,LT,2025-04-22,LONG,2025-04-22T14:10:00,3273.80,3266.80,3284.29,91,7.00,2025-04-22T14:20:00,3266.80,STOP,-636.57,-1082.97
cpr,LT,2025-04-24,SHORT,2025-04-24T11:50:00,3285.00,3292.47,3273.79,91,7.47,2025-04-24T12:30:00,3292.47,STOP,-679.95,-1128.86
cpr,LT,2025-04-25,SHORT,2025-04-25T10:10:00,3260.80,3272.92,3242.62,92,12.12,2025-04-25T10:10:00,3272.92,STOP,-1114.87,-1565.69
cpr,LT,2025-04-30,LONG,2025-04-30T10:00:00,3351.20,3341.20,3366.20,89,10.00,2025-04-30T10:00:00,3341.20,STOP,-889.71,-1336.43
cpr,LT,2025-05-02,LONG,2025-05-02T13:40:00,3357.70,3347.18,3373.49,89,10.52,2025-05-02T14:00:00,3347.18,STOP,-936.68,-1384.23
cpr,LT,2025-05-07,LONG,2025-05-07T12:50:00,3335.90,3325.78,3351.09,89,10.12,2025-05-07T13:00:00,3325.78,STOP,-901.03,-1345.70
cpr,LT,2025-05-15,LONG,2025-05-15T13:20:00,3600.80,3588.23,3619.65,83,12.57,2025-05-15T13:40:00,3619.65,TARGET,1564.40,1114.93
cpr,LT,2025-05-16,LONG,2025-05-16T12:40:00,3610.10,3600.84,3624.00,83,9.26,2025-05-16T13:10:00,3604.50,REVERSE,-464.80,-913.91
cpr,LT,2025-05-19,SHORT,2025-05-19T11:30:00,3600.80,3608.91,3588.63,83,8.11,2025-05-19T11:50:00,3608.91,STOP,-673.23,-1122.03
cpr,LT,2025-05-20,SHORT,2025-05-20T12:00:00,3596.30,3605.30,3582.80,83,9.00,2025-05-20T12:40:00,3605.30,STOP,-746.87,-1195.17
cpr,LT,2025-05-27,LONG,2025-05-27T11:50:00,3653.00,3639.81,3672.79,82,13.19,2025-05-27T12:20:00,3639.81,STOP,-1081.89,-1530.40
cpr,LT,2025-06-02,LONG,2025-06-02T12:40:00,3678.70,3669.13,3693.06,81,9.57,2025-06-02T13:40:00,3693.06,TARGET,1163.02,715.19
cpr,LT,2025-06-04,SHORT,2025-06-04T11:00:00,3633.20,3643.05,3618.43,82,9.85,2025-06-04T12:50:00,3622.00,TIME_STOP,918.40,472.21
cpr,LT,2025-06-05,LONG,2025-06-05T11:30:00,3640.10,3632.41,3651.64,82,7.69,2025-06-05T11:50:00,3651.64,TARGET,946.35,497.91
cpr,LT,2025-06-11,LONG,2025-06-11T11:00:00,3687.10,3679.70,3698.20,81,7.40,2025-06-11T11:00:00,3679.70,STOP,-599.35,-1046.88
cpr,LT,2025-06-12,SHORT,2025-06-12T10:10:00,3668.00,3676.19,3655.71,81,8.19,2025-06-12T10:30:00,3676.19,STOP,-663.50,-1109.66
cpr,LT,2025-06-18,SHORT,2025-06-18T11:10:00,3610.00,3617.02,3599.46,83,7.02,2025-06-18T11:30:00,3599.46,TARGET,874.51,425.72
cpr,LT,2025-06-25,LONG,2025-06-25T13:50:00,3633.80,3625.14,3646.79,82,8.66,2025-06-25T13:50:00,3625.14,STOP,-710.09,-1156.51
cpr,LT,2025-07-03,LONG,2025-07-03T11:00:00,3621.00,3613.69,3631.97,82,7.31,2025-07-03T11:10:00,3613.69,STOP,-599.58,-1044.51
cpr,LT,2025-07-07,SHORT,2025-07-07T11:40:00,3589.20,3596.91,3577.64,83,7.71,2025-07-07T13:00:00,3592.50,REVERSE,-273.90,-720.96
cpr,LT,2025-07-10,LONG,2025-07-10T10:40:00,3585.30,3579.78,3593.57,83,5.52,2025-07-10T10:40:00,3579.78,STOP,-457.87,-903.90
cpr,LT,2025-07-15,LONG,2025-07-15T11:10:00,3514.80,3507.16,3526.26,85,7.64,2025-07-15T11:40:00,3507.16,STOP,-649.26,-1096.91
cpr,LT,2025-07-17,SHORT,2025-07-17T11:00:00,3490.00,3496.89,3479.66,85,6.89,2025-07-17T11:10:00,3479.66,TARGET,878.94,434.62
cpr,LT,2025-07-21,LONG,2025-07-21T10:20:00,3477.00,3469.24,3488.64,86,7.76,2025-07-21T10:30:00,3488.64,TARGET,1000.94,551.66
cpr,LT,2025-07-22,SHORT,2025-07-22T10:10:00,3484.40,3491.62,3473.57,86,7.22,2025-07-22T10:40:00,3473.57,TARGET,931.50,482.71
cpr,LT,2025-07-23,SHORT,2025-07-23T10:40:00,3463.20,3469.66,3453.51,86,6.46,2025-07-23T12:30:00,3463.00,TIME_STOP,17.20,-429.54
cpr,LT,2025-07-25,SHORT,2025-07-25T10:20:00,3456.50,3463.15,3446.52,86,6.65,2025-07-25T11:20:00,3463.15,STOP,-572.08,-1018.39
cpr,LT,2025-07-29,LONG,2025-07-29T11:20:00,3441.50,3431.01,3457.24,87,10.49,2025-07-29T11:40:00,3457.24,TARGET,1369.29,919.14
cpr,LT,2025-08-05,SHORT,2025-08-05T10:00:00,3614.40,3622.78,3601.84,83,8.38,2025-08-05T10:20:00,3622.78,STOP,-695.26,-1145.78
cpr,LT,2025-08-06,SHORT,2025-08-06T11:40:00,3629.90,3637.55,3618.43,82,7.65,2025-08-06T11:40:00,3637.55,STOP,-626.95,-1073.90
cpr,LT,2025-08-11,LONG,2025-08-11T10:40:00,3637.80,3628.71,3651.44,82,9.09,2025-08-11T11:40:00,3628.71,STOP,-745.65,-1192.54
cpr,LT,2025-08-13,LONG,2025-08-13T10:00:00,3698.30,3688.79,3712.56,81,9.51,2025-08-13T11:00:00,3712.56,TARGET,1155.02,704.81
cpr,LT,2025-08-21,LONG,2025-08-21T10:00:00,3628.40,3620.12,3640.82,82,8.28,2025-08-21T10:20:00,3640.82,TARGET,1018.32,571.26
cpr,LT,2025-08-22,SHORT,2025-08-22T10:50:00,3614.50,3622.54,3602.44,82,8.04,2025-08-22T12:10:00,3602.44,TARGET,988.74,544.90
cpr,LT,2025-08-28,LONG,2025-08-28T11:20:00,3570.10,3560.97,3583.80,84,9.13,2025-08-28T12:20:00,3560.97,STOP,-767.27,-1216.52
cpr,LT,2025-09-01,SHORT,2025-09-01T10:30:00,3585.90,3594.98,3572.28,83,9.08,2025-09-01T10:50:00,3594.98,STOP,-753.66,-1200.67
cpr,LT,2025-09-04,SHORT,2025-09-04T12:30:00,3581.10,3590.13,3567.55,83,9.03,2025-09-04T12:40:00,3590.13,STOP,-749.79,-1196.20
cpr,LT,2025-09-05,SHORT,2025-09-05T10:20:00,3577.00,3586.97,3562.04,83,9.97,2025-09-05T12:10:00,3565.00,TIME_STOP,996.00,551.41
cpr,LT,2025-09-19,SHORT,2025-09-19T12:30:00,3683.60,3689.91,3674.13,81,6.31,2025-09-19T14:20:00,3679.50,TIME_STOP,332.10,-115.21
cpr,LT,2025-10-07,SHORT,2025-10-07T11:30:00,3730.40,3738.80,3717.80,80,8.40,2025-10-07T11:30:00,3738.80,STOP,-671.81,-1119.96
cpr,LT,2025-10-08,LONG,2025-10-08T10:10:00,3752.90,3742.29,3768.82,79,10.61,2025-10-08T11:00:00,3742.29,STOP,-838.23,-1282.32
cpr,LT,2025-10-14,SHORT,2025-10-14T10:10:00,3760.60,3769.81,3746.79,79,9.21,2025-10-14T10:20:00,3769.81,STOP,-727.57,-1173.75
cpr,LT,2025-10-17,SHORT,2025-10-17T12:40:00,3854.90,3861.69,3844.72,77,6.79,2025-10-17T13:00:00,3844.72,TARGET,784.07,339.42
cpr,LT,2025-10-21,LONG,2025-10-21T14:10:00,3890.50,3879.82,3906.52,77,10.68,2025-10-21T14:40:00,3885.00,EOD_FORCED,-423.50,-872.54
cpr,LT,2025-11-11,SHORT,2025-11-11T10:20:00,3917.50,3926.26,3904.37,76,8.76,2025-11-11T10:40:00,3904.37,TARGET,998.25,552.40
cpr,LT,2025-11-12,LONG,2025-11-12T14:10:00,3949.90,3942.69,3960.72,75,7.21,2025-11-12T15:20:00,3951.60,EOD,127.50,-316.96
cpr,LT,2025-11-18,SHORT,2025-11-18T10:10:00,4005.60,4014.01,3992.98,74,8.41,2025-11-18T10:30:00,3992.98,TARGET,934.04,490.12
cpr,LT,2025-11-19,LONG,2025-11-19T11:50:00,4014.00,4005.37,4026.94,74,8.63,2025-11-19T12:50:00,4005.37,STOP,-638.42,-1083.50
cpr,LT,2025-11-24,SHORT,2025-11-24T10:00:00,4022.20,4030.89,4009.17,74,8.69,2025-11-24T11:40:00,4030.89,STOP,-642.71,-1089.66
cpr,LT,2025-11-25,LONG,2025-11-25T10:20:00,4027.70,4019.39,4040.16,74,8.31,2025-11-25T10:50:00,4019.39,STOP,-614.83,-1061.44
cpr,LT,2025-11-26,LONG,2025-11-26T10:20:00,4039.10,4026.71,4057.69,74,12.39,2025-11-26T10:50:00,4057.69,TARGET,1375.72,926.35
cpr,LT,2025-11-28,LONG,2025-11-28T10:20:00,4098.90,4089.12,4113.57,73,9.78,2025-11-28T11:00:00,4089.12,STOP,-713.90,-1162.19
cpr,LT,2025-12-01,SHORT,2025-12-01T11:20:00,4065.40,4074.84,4051.24,73,9.44,2025-12-01T11:30:00,4074.84,STOP,-689.13,-1134.80
cpr,LT,2025-12-02,SHORT,2025-12-02T10:00:00,4061.60,4070.71,4047.94,73,9.11,2025-12-02T11:50:00,4048.90,TIME_STOP,927.10,483.05
cpr,LT,2025-12-04,SHORT,2025-12-04T14:00:00,3993.00,4000.08,3982.38,75,7.08,2025-12-04T15:20:00,3982.38,TARGET,796.46,347.85
cpr,LT,2025-12-05,LONG,2025-12-05T10:10:00,4006.70,3996.78,4021.58,74,9.92,2025-12-05T10:20:00,3996.78,STOP,-734.13,-1178.32
cpr,LT,2025-12-08,SHORT,2025-12-08T10:10:00,4011.70,4020.52,3998.48,74,8.82,2025-12-08T12:00:00,4008.20,TIME_STOP,259.00,-186.10
cpr,LT,2025-12-11,LONG,2025-12-11T12:10:00,4006.00,3997.65,4018.52,74,8.35,2025-12-11T12:30:00,3997.65,STOP,-617.55,-1061.75
cpr,LT,2025-12-17,SHORT,2025-12-17T10:20:00,4056.50,4064.26,4044.86,73,7.76,2025-12-17T10:40:00,4044.86,TARGET,849.72,406.17
cpr,LT,2025-12-22,LONG,2025-12-22T11:50:00,4080.90,4074.40,4090.65,73,6.50,2025-12-22T12:50:00,4074.40,STOP,-474.71,-921.21
cpr,LT,2025-12-29,SHORT,2025-12-29T13:20:00,4047.00,4051.98,4039.52,74,4.98,2025-12-29T13:40:00,4039.52,TARGET,553.16,104.36
cpr,LT,2025-12-30,LONG,2025-12-30T11:40:00,4045.10,4038.14,4055.54,74,6.96,2025-12-30T12:30:00,4055.54,TARGET,772.61,323.02
cpr,LT,2026-01-06,LONG,2026-01-06T10:20:00,4182.00,4171.82,4197.27,71,10.18,2026-01-06T10:20:00,4171.82,STOP,-722.86,-1167.70
cpr,LT,2026-01-14,SHORT,2026-01-14T12:50:00,3875.10,3887.90,3855.90,77,12.80,2026-01-14T14:40:00,3868.30,TIME_STOP,523.60,76.42
cpr,LT,2026-01-22,SHORT,2026-01-22T11:10:00,3761.00,3772.78,3743.34,79,11.78,2026-01-22T11:30:00,3772.78,STOP,-930.29,-1376.67
cpr,LT,2026-01-23,SHORT,2026-01-23T10:30:00,3772.00,3783.43,3754.85,79,11.43,2026-01-23T11:30:00,3754.85,TARGET,1354.82,908.85
cpr,LT,2026-02-05,LONG,2026-02-05T13:10:00,4071.90,4063.22,4084.92,73,8.68,2026-02-05T14:10:00,4063.22,STOP,-633.50,-1078.90
cpr,LT,2026-02-06,LONG,2026-02-06T14:10:00,4066.80,4059.41,4077.89,73,7.39,2026-02-06T14:20:00,4059.41,STOP,-539.63,-984.54
cpr,LT,2026-02-13,LONG,2026-02-13T11:40:00,4184.90,4174.27,4200.85,71,10.63,2026-02-13T13:30:00,4190.90,TIME_STOP,426.00,-20.01
cpr,LT,2026-02-16,LONG,2026-02-16T13:30:00,4178.00,4170.83,4188.75,71,7.17,2026-02-16T14:10:00,4170.83,STOP,-508.80,-953.37
cpr,LT,2026-02-19,SHORT,2026-02-19T12:10:00,4297.40,4307.55,4282.17,69,10.15,2026-02-19T13:10:00,4307.55,STOP,-700.37,-1145.68
cpr,LT,2026-02-24,SHORT,2026-02-24T10:20:00,4385.10,4397.93,4365.86,68,12.83,2026-02-24T11:50:00,4365.86,TARGET,1308.53,862.23
cpr,LT,2026-02-26,LONG,2026-02-26T10:10:00,4331.10,4316.32,4353.26,69,14.78,2026-02-26T11:00:00,4316.32,STOP,-1019.53,-1467.03
cpr,LT,2026-03-11,SHORT,2026-03-11T11:40:00,3868.40,3879.55,3851.67,77,11.15,2026-03-11T13:10:00,3851.67,TARGET,1288.26,842.42
cpr,ADANIPORTS,2024-03-19,SHORT,2024-03-19T10:40:00,1251.25,1258.40,1240.52,239,7.15,2024-03-19T11:40:00,1240.52,TARGET,2563.89,2117.24
cpr,ADANIPORTS,2024-03-28,LONG,2024-03-28T12:40:00,1332.85,1328.34,1339.62,225,4.51,2024-03-28T14:00:00,1339.62,TARGET,1523.32,1072.34
cpr,ADANIPORTS,2024-04-03,SHORT,2024-04-03T11:00:00,1393.40,1398.54,1385.69,215,5.14,2024-04-03T12:10:00,1398.54,STOP,-1105.31,-1555.51
cpr,ADANIPORTS,2024-04-04,SHORT,2024-04-04T10:00:00,1393.50,1398.35,1386.23,215,4.85,2024-04-04T10:50:00,1386.23,TARGET,1562.57,1114.34
cpr,ADANIPORTS,2024-04-10,LONG,2024-04-10T13:20:00,1354.95,1351.71,1359.82,221,3.24,2024-04-10T14:00:00,1351.71,STOP,-717.13,-1165.75
cpr,ADANIPORTS,2024-04-12,LONG,2024-04-12T10:10:00,1355.20,1351.53,1360.71,221,3.67,2024-04-12T10:20:00,1351.53,STOP,-811.96,-1260.60
cpr,ADANIPORTS,2024-04-18,LONG,2024-04-18T10:00:00,1330.35,1325.46,1337.69,225,4.89,2024-04-18T10:10:00,1325.46,STOP,-1100.58,-1548.75
cpr,ADANIPORTS,2024-04-26,SHORT,2024-04-26T13:10:00,1325.40,1328.72,1320.43,226,3.32,2024-04-26T13:10:00,1328.72,STOP,-749.56,-1199.43
cpr,ADANIPORTS,2024-05-03,SHORT,2024-05-03T11:30:00,1322.00,1328.13,1312.80,226,6.13,2024-05-03T13:20:00,1318.95,TIME_STOP,689.30,241.66
cpr,ADANIPORTS,2024-05-07,SHORT,2024-05-07T10:30:00,1283.20,1289.34,1273.99,233,6.14,2024-05-07T10:50:00,1273.99,TARGET,2147.08,1700.21
cpr,ADANIPORTS,2024-05-08,SHORT,2024-05-08T11:10:00,1282.05,1287.83,1273.37,234,5.78,2024-05-08T11:20:00,1287.83,STOP,-1353.54,-1804.56
cpr,ADANIPORTS,2024-05-13,LONG,2024-05-13T10:30:00,1266.75,1259.22,1278.05,236,7.53,2024-05-13T11:30:00,1278.05,TARGET,2667.30,2216.87
cpr,ADANIPORTS,2024-05-16,SHORT,2024-05-16T11:40:00,1338.55,1345.14,1328.67,224,6.59,2024-05-16T11:40:00,1343.00,REVERSE,-996.80,-1447.30
cpr,ADANIPORTS,2024-05-17,SHORT,2024-05-17T10:00:00,1328.85,1336.75,1317.00,225,7.90,2024-05-17T10:20:00,1336.75,STOP,-1777.13,-2226.95
cpr,ADANIPORTS,2024-05-22,LONG,2024-05-22T12:10:00,1381.00,1375.19,1389.72,217,5.81,2024-05-22T12:30:00,1375.19,STOP,-1261.51,-1710.08
cpr,ADANIPORTS,2024-05-23,SHORT,2024-05-23T11:00:00,1373.90,1379.44,1365.59,218,5.54,2024-05-23T11:10:00,1379.44,STOP,-1207.62,-1657.79
cpr,ADANIPORTS,2024-05-29,LONG,2024-05-29T12:10:00,1413.60,1407.79,1422.32,212,5.81,2024-05-29T13:10:00,1422.32,TARGET,1848.01,1397.10
cpr,ADANIPORTS,2024-05-31,LONG,2024-05-31T11:00:00,1404.75,1397.32,1415.90,213,7.43,2024-05-31T11:00:00,1397.32,STOP,-1582.61,-2030.24
cpr,ADANIPORTS,2024-06-04,SHORT,2024-06-04T11:10:00,1346.35,1371.11,1309.20,100,24.76,2024-06-04T11:20:00,1309.20,TARGET,3714.62,3515.46
cpr,ADANIPORTS,2024-06-13,LONG,2024-06-13T10:00:00,1401.05,1395.68,1409.11,214,5.37,2024-06-13T11:00:00,1397.05,REVERSE,-856.00,-1305.10
cpr,ADANIPORTS,2024-07-01,LONG,2024-07-01T10:10:00,1488.60,1482.64,1497.54,201,5.96,2024-07-01T10:10:00,1482.64,STOP,-1197.44,-1645.36
cpr,ADANIPORTS,2024-07-02,LONG,2024-07-02T10:50:00,1488.00,1482.94,1495.60,201,5.06,2024-07-02T11:00:00,1482.94,STOP,-1017.96,-1465.83
cpr,ADANIPORTS,2024-07-09,SHORT,2024-07-09T12:40:00,1481.15,1485.20,1475.07,202,4.05,2024-07-09T13:00:00,1485.20,STOP,-818.53,-1267.93
cpr,ADANIPORTS,2024-07-10,SHORT,2024-07-10T10:30:00,1470.80,1475.81,1463.28,203,5.01,2024-07-10T10:40:00,1463.28,TARGET,1526.89,1080.18
cpr,ADANIPORTS,2024-07-11,SHORT,2024-07-11T12:10:00,1478.30,1482.64,1471.79,202,4.34,2024-07-11T12:10:00,1482.64,STOP,-877.29,-1325.87
cpr,ADANIPORTS,2024-07-19,SHORT,2024-07-19T10:20:00,1484.90,1490.71,1476.18,202,5.81,2024-07-19T10:20:00,1490.71,STOP,-1173.99,-1624.79
cpr,ADANIPORTS,2024-07-23,SHORT,2024-07-23T12:40:00,1443.30,1454.71,1426.18,207,11.41,2024-07-23T12:40:00,1454.71,STOP,-2362.73,-2812.65
cpr,ADANIPORTS,2024-07-25,LONG,2024-07-25T10:50:00,1496.85,1490.48,1506.40,200,6.37,2024-07-25T11:20:00,1490.48,STOP,-1273.24,-1721.34
cpr,ADANIPORTS,2024-08-01,LONG,2024-08-01T13:00:00,1584.60,1578.28,1594.09,189,6.32,2024-08-01T13:00:00,1578.28,STOP,-1195.17,-1643.51
cpr,ADANIPORTS,2024-08-02,LONG,2024-08-02T11:20:00,1588.95,1578.50,1604.62,188,10.45,2024-08-02T13:10:00,1594.35,TIME_STOP,1015.20,566.35
cpr,ADANIPORTS,2024-08-07,LONG,2024-08-07T10:10:00,1529.00,1519.94,1542.60,196,9.06,2024-08-07T10:40:00,1542.60,TARGET,2664.72,2213.19
cpr,ADANIPORTS,2024-08-08,SHORT,2024-08-08T13:30:00,1531.35,1537.81,1521.66,195,6.46,2024-08-08T15:00:00,1521.66,TARGET,1889.14,1442.63
cpr,ADANIPORTS,2024-08-09,LONG,2024-08-09T13:30:00,1529.95,1525.82,1536.15,196,4.13,2024-08-09T14:10:00,1536.15,TARGET,1214.43,763.72
cpr,ADANIPORTS,2024-08-20,SHORT,2024-08-20T11:50:00,1490.20,1494.07,1484.39,201,3.87,2024-08-20T12:20:00,1494.07,STOP,-778.50,-1228.38
cpr,ADANIPORTS,2024-08-27,LONG,2024-08-27T10:00:00,1491.75,1487.88,1497.56,201,3.87,2024-08-27T10:10:00,1487.88,STOP,-778.10,-1227.28
cpr,ADANIPORTS,2024-08-28,LONG,2024-08-28T11:30:00,1485.30,1482.36,1489.71,201,2.94,2024-08-28T12:30:00,1482.36,STOP,-591.04,-1038.41
cpr,ADANIPORTS,2024-08-29,LONG,2024-08-29T13:10:00,1475.95,1471.08,1483.26,203,4.87,2024-08-29T13:20:00,1471.08,STOP,-988.70,-1437.39
cpr,ADANIPORTS,2024-09-03,SHORT,2024-09-03T11:10:00,1486.00,1489.24,1481.13,201,3.24,2024-09-03T13:00:00,1488.20,TIME_STOP,-442.20,-890.56
cpr,ADANIPORTS,2024-09-11,SHORT,2024-09-11T13:10:00,1447.35,1450.78,1442.20,207,3.43,2024-09-11T13:40:00,1442.20,TARGET,1066.11,617.51
cpr,ADANIPORTS,2024-09-12,LONG,2024-09-12T10:00:00,1458.00,1451.63,1467.56,205,6.37,2024-09-12T10:10:00,1467.56,TARGET,1960.30,1510.50
cpr,ADANIPORTS,2024-09-13,SHORT,2024-09-13T11:50:00,1453.00,1457.75,1445.87,206,4.75,2024-09-13T13:40:00,1453.95,TIME_STOP,-195.70,-644.82
cpr,ADANIPORTS,2024-09-16,SHORT,2024-09-16T10:30:00,1452.70,1456.38,1447.18,206,3.68,2024-09-16T10:30:00,1456.38,STOP,-757.81,-1207.26
cpr,ADANIPORTS,2024-09-18,SHORT,2024-09-18T12:00:00,1429.00,1432.87,1423.20,209,3.87,2024-09-18T12:50:00,1423.20,TARGET,1211.73,764.65
cpr,ADANIPORTS,2024-09-19,SHORT,2024-09-19T10:20:00,1420.95,1425.90,1413.53,211,4.95,2024-09-19T11:10:00,1413.53,TARGET,1566.67,1118.11
cpr,ADANIPORTS,2024-09-25,SHORT,2024-09-25T10:00:00,1446.50,1451.05,1439.68,207,4.55,2024-09-25T11:20:00,1451.05,STOP,-941.26,-1391.10
cpr,ADANIPORTS,2024-09-27,SHORT,2024-09-27T14:10:00,1460.95,1464.84,1455.12,205,3.89,2024-09-27T14:10:00,1455.12,TARGET,1194.68,746.33
cpr,ADANIPORTS,2024-09-30,SHORT,2024-09-30T12:40:00,1453.00,1458.50,1444.75,206,5.50,2024-09-30T12:50:00,1458.50,STOP,-1132.56,-1582.39
cpr,ADANIPORTS,2024-10-03,SHORT,2024-10-03T11:30:00,1445.30,1450.29,1437.81,207,4.99,2024-10-03T11:40:00,1437.81,TARGET,1550.14,1102.54
cpr,ADANIPORTS,2024-10-04,SHORT,2024-10-04T13:10:00,1416.35,1423.73,1405.28,211,7.38,2024-10-04T14:50:00,1405.28,TARGET,2334.94,1888.42
cpr,ADANIPORTS,2024-10-08,LONG,2024-10-08T10:10:00,1382.70,1373.67,1396.25,216,9.03,2024-10-08T11:30:00,1396.25,TARGET,2926.61,2476.42
cpr,ADANIPORTS,2024-10-11,SHORT,2024-10-11T11:30:00,1412.20,1416.89,1405.16,212,4.69,2024-10-11T13:20:00,1411.30,TIME_STOP,190.80,-258.14
cpr,ADANIPORTS,2024-10-14,SHORT,2024-10-14T11:30:00,1410.00,1413.84,1404.24,212,3.84,2024-10-14T13:20:00,1409.00,TIME_STOP,212.00,-236.22
cpr,ADANIPORTS,2024-10-24,LONG,2024-10-24T11:00:00,1349.15,1343.17,1358.11,222,5.98,2024-10-24T11:50:00,1358.11,TARGET,1989.89,1539.13
cpr,ADANIPORTS,2024-10-28,LONG,2024-10-28T11:30:00,1352.20,1344.87,1363.20,221,7.33,2024-10-28T13:20:00,1362.15,TIME_STOP,2198.95,1749.05
cpr,ADANIPORTS,2024-10-29,SHORT,2024-10-29T10:00:00,1336.60,1343.68,1325.98,224,7.08,2024-10-29T10:20:00,1343.68,STOP,-1585.93,-2036.22
cpr,ADANIPORTS,2024-11-07,SHORT,2024-11-07T10:20:00,1355.80,1362.25,1346.12,221,6.45,2024-11-07T11:00:00,1362.25,STOP,-1425.53,-1876.04
cpr,ADANIPORTS,2024-11-08,LONG,2024-11-08T13:20:00,1359.35,1355.20,1365.57,220,4.15,2024-11-08T13:30:00,1355.20,STOP,-912.78,-1360.68
cpr,ADANIPORTS,2024-11-11,LONG,2024-11-11T11:30:00,1355.60,1350.53,1363.21,221,5.07,2024-11-11T12:00:00,1350.53,STOP,-1121.52,-1570.06
cpr,ADANIPORTS,2024-11-12,LONG,2024-11-12T12:00:00,1349.85,1345.54,1356.31,222,4.31,2024-11-12T12:10:00,1345.54,STOP,-955.94,-1404.72
cpr,ADANIPORTS,2024-11-22,LONG,2024-11-22T11:50:00,1131.60,1115.94,1155.09,159,15.66,2024-11-22T13:00:00,1155.09,TARGET,3735.15,3462.46
cpr,ADANIPORTS,2024-11-29,LONG,2024-11-29T12:50:00,1195.50,1188.24,1206.39,250,7.26,2024-11-29T12:50:00,1188.24,STOP,-1814.83,-2261.78
cpr,ADANIPORTS,2024-12-05,SHORT,2024-12-05T10:10:00,1264.85,1272.74,1253.02,237,7.89,2024-12-05T12:00:00,1262.25,TIME_STOP,616.20,167.01
cpr,ADANIPORTS,2024-12-06,SHORT,2024-12-06T11:10:00,1270.45,1276.41,1261.51,236,5.96,2024-12-06T13:00:00,1265.80,TIME_STOP,1097.40,648.48
cpr,ADANIPORTS,2024-12-09,LONG,2024-12-09T12:00:00,1267.00,1262.95,1273.07,236,4.05,2024-12-09T12:10:00,1273.07,TARGET,1433.37,983.78
cpr,ADANIPORTS,2024-12-13,SHORT,2024-12-13T10:50:00,1235.40,1240.58,1227.63,242,5.18,2024-12-13T11:10:00,1240.58,STOP,-1253.43,-1702.82
cpr,ADANIPORTS,2024-12-16,SHORT,2024-12-16T10:30:00,1244.05,1248.44,1237.46,241,4.39,2024-12-16T10:40:00,1248.44,STOP,-1059.15,-1509.67
cpr,ADANIPORTS,2024-12-17,SHORT,2024-12-17T13:20:00,1244.30,1248.03,1238.71,241,3.73,2024-12-17T14:00:00,1238.71,TARGET,1346.70,897.90
cpr,ADANIPORTS,2024-12-24,LONG,2024-12-24T10:10:00,1195.45,1190.70,1202.58,250,4.75,2024-12-24T10:40:00,1202.58,TARGET,1782.56,1332.93
cpr,ADANIPORTS,2025-01-01,SHORT,2025-01-01T10:00:00,1211.00,1216.63,1202.56,247,5.63,2025-01-01T10:40:00,1216.63,STOP,-1389.40,-1839.11
cpr,ADANIPORTS,2025-01-02,LONG,2025-01-02T14:00:00,1221.60,1217.74,1227.39,245,3.86,2025-01-02T15:00:00,1227.39,TARGET,1419.16,969.15
cpr,ADANIPORTS,2025-01-03,SHORT,2025-01-03T11:00:00,1216.15,1220.78,1209.20,246,4.63,2025-01-03T11:00:00,1220.78,STOP,-1139.62,-1589.23
cpr,ADANIPORTS,2025-01-07,LONG,2025-01-07T10:50:00,1178.40,1172.48,1187.28,254,5.92,2025-01-07T10:50:00,1172.48,STOP,-1503.72,-1951.56
cpr,ADANIPORTS,2025-01-14,LONG,2025-01-14T11:30:00,1125.05,1117.10,1136.97,266,7.95,2025-01-14T13:00:00,1117.10,STOP,-2114.35,-2561.66
cpr,ADANIPORTS,2025-01-20,LONG,2025-01-20T11:50:00,1164.70,1160.19,1171.47,257,4.51,2025-01-20T12:00:00,1160.19,STOP,-1159.66,-1607.78
cpr,ADANIPORTS,2025-01-23,LONG,2025-01-23T10:10:00,1105.15,1100.01,1112.86,271,5.14,2025-01-23T11:40:00,1112.86,TARGET,2089.49,1638.68
cpr,ADANIPORTS,2025-01-24,SHORT,2025-01-24T10:00:00,1095.15,1099.49,1088.64,273,4.34,2025-01-24T10:20:00,1088.64,TARGET,1778.52,1331.39
cpr,ADANIPORTS,2025-01-28,LONG,2025-01-28T12:20:00,1082.55,1076.96,1090.94,277,5.59,2025-01-28T12:30:00,1076.96,STOP,-1548.58,-1997.22
cpr,ADANIPORTS,2025-01-30,SHORT,2025-01-30T13:40:00,1038.65,1050.57,1020.78,209,11.92,2025-01-30T13:40:00,1050.57,STOP,-2490.25,-2817.73
cpr,ADANIPORTS,2025-01-31,LONG,2025-01-31T10:10:00,1091.25,1080.36,1107.58,229,10.89,2025-01-31T11:00:00,1107.58,TARGET,3739.36,3361.71
cpr,ADANIPORTS,2025-02-01,SHORT,2025-02-01T12:20:00,1094.65,1103.03,1082.09,274,8.38,2025-02-01T12:20:00,1103.03,STOP,-2294.91,-2746.53
cpr,ADANIPORTS,2025-02-11,SHORT,2025-02-11T11:50:00,1132.15,1139.10,1121.72,264,6.95,2025-02-11T13:10:00,1121.72,TARGET,2753.91,2307.64
cpr,ADANIPORTS,2025-02-12,LONG,2025-02-12T12:10:00,1137.85,1129.36,1150.58,263,8.49,2025-02-12T14:00:00,1131.90,TIME_STOP,-1564.85,-2012.56
cpr,ADANIPORTS,2025-02-18,LONG,2025-02-18T13:40:00,1076.00,1071.35,1082.98,278,4.65,2025-02-18T14:30:00,1082.98,TARGET,1940.23,1490.08
cpr,ADANIPORTS,2025-02-19,LONG,2025-02-19T14:10:00,1084.80,1080.74,1090.89,276,4.06,2025-02-19T14:20:00,1080.74,STOP,-1120.54,-1568.81
cpr,ADANIPORTS,2025-02-21,SHORT,2025-02-21T10:20:00,1093.30,1099.18,1084.47,274,5.88,2025-02-21T11:00:00,1099.18,STOP,-1612.32,-2062.88
cpr,ADANIPORTS,2025-02-27,LONG,2025-02-27T12:50:00,1080.40,1076.92,1085.62,277,3.48,2025-02-27T14:10:00,1076.92,STOP,-964.18,-1412.37
cpr,ADANIPORTS,2025-02-28,SHORT,2025-02-28T12:20:00,1074.35,1078.66,1067.89,279,4.31,2025-02-28T12:50:00,1067.89,TARGET,1802.19,1353.92
cpr,ADANIPORTS,2025-03-04,LONG,2025-03-04T11:20:00,1058.90,1054.15,1066.02,283,4.75,2025-03-04T11:30:00,1054.15,STOP,-1344.18,-1792.67
cpr,ADANIPORTS,2025-03-12,LONG,2025-03-12T10:00:00,1153.65,1148.87,1160.81,260,4.78,2025-03-12T10:00:00,1148.87,STOP,-1241.92,-1690.91
cpr,ADANIPORTS,2025-03-13,LONG,2025-03-13T10:10:00,1130.00,1123.96,1139.06,265,6.04,2025-03-13T10:30:00,1139.06,TARGET,2401.52,1950.54
cpr,ADANIPORTS,2025-03-17,LONG,2025-03-17T13:50:00,1135.95,1131.70,1142.32,264,4.25,2025-03-17T15:20:00,1135.65,EOD,-79.20,-528.98
cpr,ADANIPORTS,2025-03-20,SHORT,2025-03-20T10:10:00,1167.70,1172.02,1161.21,256,4.32,2025-03-20T10:20:00,1161.21,TARGET,1660.52,1213.37
cpr,ADANIPORTS,2025-03-28,SHORT,2025-03-28T12:40:00,1184.15,1189.59,1175.98,253,5.44,2025-03-28T14:00:00,1175.98,TARGET,2066.13,1618.30
cpr,ADANIPORTS,2025-04-01,SHORT,2025-04-01T11:20:00,1178.95,1185.98,1168.40,254,7.03,2025-04-01T13:10:00,1176.15,TIME_STOP,711.20,262.55
cpr,ADANIPORTS,2025-04-02,LONG,2025-04-02T10:50:00,1183.50,1177.42,1192.62,253,6.08,2025-04-02T12:20:00,1192.62,TARGET,2307.85,1856.98
cpr,ADANIPORTS,2025-04-04,SHORT,2025-04-04T10:00:00,1172.40,1178.32,1163.52,255,5.92,2025-04-04T10:20:00,1163.52,TARGET,2265.42,1818.68
cpr,ADANIPORTS,2025-04-09,SHORT,2025-04-09T10:00:00,1116.20,1123.72,1104.92,268,7.52,2025-04-09T11:20:00,1123.72,STOP,-2015.42,-2465.64
cpr,ADANIPORTS,2025-04-23,LONG,2025-04-23T13:00:00,1238.50,1234.37,1244.70,242,4.13,2025-04-23T14:50:00,1238.70,TIME_STOP,48.40,-401.21
cpr,ADANIPORTS,2025-05-22,SHORT,2025-05-22T10:20:00,1383.30,1389.59,1373.86,216,6.29,2025-05-22T11:10:00,1373.86,TARGET,2039.27,1592.61
cpr,ADANIPORTS,2025-05-27,LONG,2025-05-27T11:30:00,1407.90,1403.21,1414.94,213,4.69,2025-05-27T11:30:00,1414.94,TARGET,1499.19,1048.25
cpr,ADANIPORTS,2025-06-12,LONG,2025-06-12T13:00:00,1461.30,1457.42,1467.13,205,3.88,2025-06-12T13:00:00,1457.42,STOP,-796.25,-1245.00
cpr,ADANIPORTS,2025-06-20,LONG,2025-06-20T11:00:00,1347.50,1343.04,1354.19,222,4.46,2025-06-20T11:00:00,1354.19,TARGET,1485.46,1035.63
cpr,ADANIPORTS,2025-07-02,SHORT,2025-07-02T10:10:00,1445.50,1449.80,1439.05,207,4.30,2025-07-02T11:00:00,1449.80,STOP,-890.40,-1339.90
cpr,ADANIPORTS,2025-07-03,LONG,2025-07-03T10:40:00,1448.40,1444.82,1453.78,207,3.58,2025-07-03T11:10:00,1444.82,STOP,-741.83,-1191.00
cpr,ADANIPORTS,2025-07-07,LONG,2025-07-07T13:00:00,1432.20,1428.88,1437.18,209,3.32,2025-07-07T13:00:00,1428.88,STOP,-693.31,-1141.78
cpr,ADANIPORTS,2025-07-10,SHORT,2025-07-10T11:10:00,1441.80,1444.83,1437.25,208,3.03,2025-07-10T11:40:00,1437.25,TARGET,945.41,496.27
cpr,ADANIPORTS,2025-07-11,SHORT,2025-07-11T10:30:00,1437.80,1441.32,1432.53,208,3.52,2025-07-11T11:00:00,1432.53,TARGET,1097.08,649.31
cpr,ADANIPORTS,2025-07-14,LONG,2025-07-14T10:50:00,1439.70,1435.30,1446.30,208,4.40,2025-07-14T11:20:00,1435.30,STOP,-914.86,-1363.36
cpr,ADANIPORTS,2025-07-15,LONG,2025-07-15T10:50:00,1436.60,1432.91,1442.14,208,3.69,2025-07-15T11:10:00,1442.14,TARGET,1151.53,702.45
cpr,ADANIPORTS,2025-07-18,SHORT,2025-07-18T10:00:00,1450.30,1454.26,1444.36,206,3.96,2025-07-18T10:10:00,1444.36,TARGET,1224.36,777.13
cpr,ADANIPORTS,2025-07-22,SHORT,2025-07-22T10:30:00,1441.60,1445.21,1436.19,208,3.61,2025-07-22T10:50:00,1445.21,STOP,-750.30,-1200.64
cpr,ADANIPORTS,2025-08-05,SHORT,2025-08-05T10:10:00,1371.80,1377.59,1363.11,218,5.79,2025-08-05T11:20:00,1377.59,STOP,-1262.25,-1711.78
cpr,ADANIPORTS,2025-08-06,LONG,2025-08-06T13:20:00,1370.50,1364.44,1379.59,218,6.06,2025-08-06T14:40:00,1364.44,STOP,-1320.72,-1767.88
cpr,ADANIPORTS,2025-08-08,SHORT,2025-08-08T10:40:00,1327.50,1333.99,1317.76,225,6.49,2025-08-08T11:20:00,1333.99,STOP,-1460.52,-1909.64
cpr,ADANIPORTS,2025-08-12,LONG,2025-08-12T12:30:00,1342.00,1337.69,1348.47,223,4.31,2025-08-12T13:20:00,1337.69,STOP,-961.63,-1409.81
cpr,ADANIPORTS,2025-08-21,SHORT,2025-08-21T11:40:00,1366.80,1370.22,1361.67,219,3.42,2025-08-21T12:30:00,1361.67,TARGET,1123.95,675.80
cpr,ADANIPORTS,2025-08-28,LONG,2025-08-28T10:40:00,1323.50,1318.89,1330.42,226,4.61,2025-08-28T11:00:00,1330.42,TARGET,1563.71,1113.87
cpr,ADANIPORTS,2025-08-29,SHORT,2025-08-29T14:00:00,1311.60,1315.30,1306.05,228,3.70,2025-08-29T15:20:00,1313.90,EOD,-524.40,-973.36
cpr,ADANIPORTS,2025-09-03,LONG,2025-09-03T12:20:00,1338.80,1335.88,1343.18,224,2.92,2025-09-03T13:00:00,1335.88,STOP,-654.01,-1103.36
cpr,ADANIPORTS,2025-09-04,SHORT,2025-09-04T11:30:00,1327.60,1332.18,1320.73,225,4.58,2025-09-04T12:00:00,1332.18,STOP,-1031.18,-1480.02
cpr,ADANIPORTS,2025-09-12,SHORT,2025-09-12T13:50:00,1396.20,1399.34,1391.49,214,3.14,2025-09-12T15:20:00,1393.20,EOD,642.00,194.30
cpr,ADANIPORTS,2025-09-23,LONG,2025-09-23T13:20:00,1445.60,1440.34,1453.50,207,5.26,2025-09-23T15:10:00,1442.90,TIME_STOP,-558.90,-1007.34
cpr,ADANIPORTS,2025-09-24,LONG,2025-09-24T12:20:00,1450.50,1445.21,1458.43,206,5.29,2025-09-24T12:20:00,1445.21,STOP,-1088.95,-1536.34
cpr,ADANIPORTS,2025-09-30,LONG,2025-09-30T10:00:00,1397.00,1392.43,1403.86,214,4.57,2025-09-30T11:50:00,1397.80,TIME_STOP,171.20,-277.37
cpr,ADANIPORTS,2025-10-01,SHORT,2025-10-01T11:10:00,1394.70,1398.46,1389.06,215,3.76,2025-10-01T11:20:00,1398.46,STOP,-808.30,-1258.70
cpr,ADANIPORTS,2025-10-07,SHORT,2025-10-07T12:00:00,1403.60,1407.38,1397.93,213,3.78,2025-10-07T12:10:00,1407.38,STOP,-804.66,-1253.71
cpr,ADANIPORTS,2025-10-09,LONG,2025-10-09T13:40:00,1396.80,1393.87,1401.19,214,2.93,2025-10-09T14:10:00,1393.87,STOP,-626.11,-1074.01
cpr,ADANIPORTS,2025-10-13,LONG,2025-10-13T10:30:00,1411.40,1407.04,1417.93,212,4.36,2025-10-13T10:50:00,1417.93,TARGET,1385.21,935.34
cpr,ADANIPORTS,2025-10-14,SHORT,2025-10-14T11:30:00,1423.30,1427.54,1416.94,210,4.24,2025-10-14T11:50:00,1427.54,STOP,-890.90,-1339.91
cpr,ADANIPORTS,2025-10-17,LONG,2025-10-17T10:50:00,1481.40,1477.21,1487.68,202,4.19,2025-10-17T11:10:00,1487.68,TARGET,1268.83,819.01
cpr,ADANIPORTS,2025-10-23,SHORT,2025-10-23T10:00:00,1472.10,1476.77,1465.09,203,4.67,2025-10-23T10:00:00,1476.77,STOP,-948.67,-1397.63
cpr,ADANIPORTS,2025-11-03,LONG,2025-11-03T13:40:00,1452.80,1449.08,1458.38,206,3.72,2025-11-03T14:10:00,1449.08,STOP,-766.11,-1214.45
cpr,ADANIPORTS,2025-11-04,LONG,2025-11-04T11:40:00,1447.00,1443.66,1452.01,207,3.34,2025-11-04T13:00:00,1452.01,TARGET,1037.06,586.99
cpr,ADANIPORTS,2025-11-06,LONG,2025-11-06T13:00:00,1453.00,1447.40,1461.40,206,5.60,2025-11-06T13:20:00,1447.40,STOP,-1154.09,-1602.20
cpr,ADANIPORTS,2025-11-07,LONG,2025-11-07T11:20:00,1450.50,1444.72,1459.17,206,5.78,2025-11-07T11:20:00,1459.17,TARGET,1785.58,1336.04
cpr,ADANIPORTS,2025-11-10,LONG,2025-11-10T10:30:00,1453.50,1448.76,1460.62,206,4.74,2025-11-10T12:20:00,1451.00,TIME_STOP,-515.00,-963.75
cpr,ADANIPORTS,2025-11-17,SHORT,2025-11-17T10:50:00,1506.50,1510.59,1500.36,199,4.09,2025-11-17T12:30:00,1510.59,STOP,-814.02,-1264.32
cpr,ADANIPORTS,2025-11-18,SHORT,2025-11-18T10:10:00,1506.10,1509.70,1500.70,199,3.60,2025-11-18T10:30:00,1500.70,TARGET,1074.47,625.70
cpr,ADANIPORTS,2025-11-25,SHORT,2025-11-25T11:10:00,1478.50,1482.01,1473.24,202,3.51,2025-11-25T13:00:00,1482.01,STOP,-708.31,-1156.83
cpr,ADANIPORTS,2025-11-27,LONG,2025-11-27T11:10:00,1509.90,1506.59,1514.87,198,3.31,2025-11-27T11:50:00,1506.59,STOP,-655.59,-1103.54
cpr,ADANIPORTS,2025-12-04,LONG,2025-12-04T10:10:00,1504.90,1500.53,1511.45,199,4.37,2025-12-04T10:30:00,1500.53,STOP,-869.37,-1317.94
cpr,ADANIPORTS,2025-12-05,SHORT,2025-12-05T10:00:00,1495.70,1499.83,1489.51,200,4.13,2025-12-05T10:00:00,1499.83,STOP,-825.01,-1274.34
cpr,ADANIPORTS,2025-12-08,SHORT,2025-12-08T10:00:00,1500.10,1503.96,1494.32,199,3.86,2025-12-08T10:10:00,1494.32,TARGET,1151.05,704.14
cpr,ADANIPORTS,2025-12-11,LONG,2025-12-11T10:50:00,1506.90,1502.11,1514.09,199,4.79,2025-12-11T11:00:00,1502.11,STOP,-953.50,-1402.60
cpr,ADANIPORTS,2025-12-18,LONG,2025-12-18T12:00:00,1490.20,1486.62,1495.57,201,3.58,2025-12-18T13:50:00,1491.40,TIME_STOP,241.20,-208.28
cpr,ADANIPORTS,2025-12-30,LONG,2025-12-30T11:00:00,1466.70,1463.34,1471.74,204,3.36,2025-12-30T11:10:00,1463.34,STOP,-685.40,-1133.69
cpr,ADANIPORTS,2026-01-05,LONG,2026-01-05T12:50:00,1488.90,1486.07,1493.15,201,2.83,2026-01-05T12:50:00,1493.15,TARGET,853.36,403.81
cpr,ADANIPORTS,2026-01-13,SHORT,2026-01-13T12:10:00,1431.60,1436.49,1424.26,209,4.89,2026-01-13T14:00:00,1424.60,TIME_STOP,1463.00,1015.29
cpr,ADANIPORTS,2026-01-14,LONG,2026-01-14T11:00:00,1434.80,1430.49,1441.26,209,4.31,2026-01-14T12:50:00,1435.90,TIME_STOP,229.90,-220.08
cpr,ADANIPORTS,2026-01-21,LONG,2026-01-21T13:00:00,1389.40,1382.94,1399.10,215,6.46,2026-01-21T13:30:00,1382.94,STOP,-1389.95,-1836.99
cpr,ADANIPORTS,2026-01-23,SHORT,2026-01-23T10:00:00,1393.00,1398.41,1384.89,215,5.41,2026-01-23T10:10:00,1398.41,STOP,-1162.60,-1612.71
cpr,ADANIPORTS,2026-01-27,LONG,2026-01-27T10:40:00,1367.50,1355.91,1384.89,215,11.59,2026-01-27T10:40:00,1355.91,STOP,-2492.73,-2931.88
cpr,ADANIPORTS,2026-02-06,SHORT,2026-02-06T10:20:00,1556.70,1562.65,1547.78,192,5.95,2026-02-06T10:50:00,1547.78,TARGET,1713.05,1266.00
cpr,ADANIPORTS,2026-02-11,LONG,2026-02-11T13:50:00,1554.40,1550.81,1559.79,193,3.59,2026-02-11T14:40:00,1550.81,STOP,-693.01,-1142.49
cpr,ADANIPORTS,2026-02-12,SHORT,2026-02-12T10:00:00,1545.50,1549.16,1540.01,194,3.66,2026-02-12T11:10:00,1540.01,TARGET,1065.71,616.76
cpr,ADANIPORTS,2026-02-16,LONG,2026-02-16T12:10:00,1532.60,1526.76,1541.35,195,5.84,2026-02-16T12:10:00,1541.35,TARGET,1707.21,1257.65
cpr,ADANIPORTS,2026-02-20,LONG,2026-02-20T12:50:00,1524.40,1519.71,1531.44,196,4.69,2026-02-20T13:10:00,1519.71,STOP,-920.16,-1367.64
cpr,ADANIPORTS,2026-02-24,SHORT,2026-02-24T10:30:00,1540.60,1545.58,1533.13,194,4.98,2026-02-24T11:20:00,1545.58,STOP,-966.26,-1415.30
cpr,ADANIPORTS,2026-02-26,SHORT,2026-02-26T12:40:00,1542.10,1546.71,1535.19,194,4.61,2026-02-26T14:30:00,1544.30,TIME_STOP,-426.80,-875.87
cpr,ADANIPORTS,2026-03-11,SHORT,2026-03-11T13:10:00,1427.40,1433.49,1418.26,210,6.09,2026-03-11T14:10:00,1418.26,TARGET,1918.43,1470.24
bb,INDUSINDBK,2024-03-20,LONG,2024-03-20T12:10:00,1450.20,1442.65,1461.52,206,7.55,2024-03-20T13:10:00,1461.52,TARGET,2332.92,1883.06
bb,INDUSINDBK,2024-04-01,SHORT,2024-04-01T13:10:00,1552.65,1557.31,1545.66,193,4.66,2024-04-01T14:20:00,1545.66,TARGET,1348.64,900.16
bb,INDUSINDBK,2024-04-02,SHORT,2024-04-02T14:10:00,1556.15,1559.97,1550.42,192,3.82,2024-04-02T14:20:00,1559.97,STOP,-733.15,-1181.87
bb,INDUSINDBK,2024-04-04,LONG,2024-04-04T13:40:00,1539.50,1534.51,1546.99,194,4.99,2024-04-04T14:50:00,1546.99,TARGET,1453.16,1004.07
bb,INDUSINDBK,2024-04-05,SHORT,2024-04-05T12:50:00,1534.85,1538.95,1528.70,195,4.10,2024-04-05T13:20:00,1536.20,REVERSE,-263.25,-712.39
bb,INDUSINDBK,2024-04-09,SHORT,2024-04-09T14:00:00,1548.25,1552.98,1541.16,193,4.73,2024-04-09T14:20:00,1552.98,STOP,-912.37,-1361.27
bb,INDUSINDBK,2024-04-10,SHORT,2024-04-10T14:10:00,1554.55,1557.90,1549.52,192,3.35,2024-04-10T14:40:00,1557.90,STOP,-643.23,-1091.42
bb,INDUSINDBK,2024-04-12,LONG,2024-04-12T11:00:00,1559.55,1554.75,1566.75,192,4.80,2024-04-12T12:20:00,1554.75,STOP,-921.56,-1370.02
bb,INDUSINDBK,2024-04-19,LONG,2024-04-19T13:10:00,1484.90,1478.25,1494.88,202,6.65,2024-04-19T13:40:00,1478.25,STOP,-1343.51,-1792.43
bb,INDUSINDBK,2024-04-22,SHORT,2024-04-22T13:00:00,1479.75,1485.17,1471.62,202,5.42,2024-04-22T14:00:00,1471.62,TARGET,1642.58,1195.45
bb,INDUSINDBK,2024-04-23,LONG,2024-04-23T13:00:00,1481.95,1478.35,1487.35,202,3.60,2024-04-23T13:10:00,1478.35,STOP,-727.75,-1176.24
bb,INDUSINDBK,2024-04-25,LONG,2024-04-25T10:10:00,1483.50,1479.48,1489.53,202,4.02,2024-04-25T10:20:00,1489.53,TARGET,1219.04,768.63
bb,INDUSINDBK,2024-04-26,SHORT,2024-04-26T10:30:00,1478.00,1485.27,1467.10,202,7.27,2024-04-26T11:10:00,1467.10,TARGET,2202.04,1755.86
bb,INDUSINDBK,2024-04-29,LONG,2024-04-29T10:20:00,1476.00,1469.64,1485.54,203,6.36,2024-04-29T12:10:00,1485.54,TARGET,1936.13,1485.24
bb,INDUSINDBK,2024-05-03,SHORT,2024-05-03T11:10:00,1504.00,1510.16,1494.77,199,6.16,2024-05-03T11:30:00,1494.77,TARGET,1837.32,1389.76
bb,INDUSINDBK,2024-05-06,SHORT,2024-05-06T13:10:00,1493.00,1497.96,1485.55,200,4.96,2024-05-06T14:20:00,1497.96,STOP,-992.86,-1441.51
bb,INDUSINDBK,2024-05-09,SHORT,2024-05-09T10:40:00,1433.80,1439.28,1425.58,209,5.48,2024-05-09T11:10:00,1425.58,TARGET,1717.03,1268.82
bb,INDUSINDBK,2024-05-15,SHORT,2024-05-15T11:40:00,1414.15,1418.76,1407.24,212,4.61,2024-05-15T13:30:00,1414.60,TIME_STOP,-95.40,-545.17
bb,INDUSINDBK,2024-05-17,LONG,2024-05-17T11:10:00,1407.40,1402.08,1415.39,213,5.32,2024-05-17T12:30:00,1406.40,EOD_FORCED,-213.00,-662.50
bb,INDUSINDBK,2024-05-24,SHORT,2024-05-24T10:40:00,1428.15,1433.88,1419.55,210,5.73,2024-05-24T11:00:00,1433.88,STOP,-1203.62,-1654.39
bb,INDUSINDBK,2024-05-28,SHORT,2024-05-28T10:10:00,1459.55,1465.82,1450.14,205,6.27,2024-05-28T10:20:00,1465.82,STOP,-1286.01,-1735.79
bb,INDUSINDBK,2024-05-29,LONG,2024-05-29T13:00:00,1454.85,1450.42,1461.49,206,4.43,2024-05-29T14:30:00,1450.42,STOP,-912.08,-1360.95
bb,INDUSINDBK,2024-05-30,SHORT,2024-05-30T11:50:00,1456.05,1461.00,1448.62,206,4.95,2024-05-30T12:30:00,1461.00,STOP,-1020.17,-1470.85
bb,INDUSINDBK,2024-05-31,LONG,2024-05-31T13:40:00,1457.35,1452.97,1463.92,205,4.38,2024-05-31T14:30:00,1452.97,STOP,-897.23,-1344.69
bb,INDUSINDBK,2024-06-04,SHORT,2024-06-04T11:10:00,1399.35,1415.55,1375.04,154,16.20,2024-06-04T11:20:00,1415.55,STOP,-2495.40,-2820.52
bb,INDUSINDBK,2024-06-05,LONG,2024-06-05T11:30:00,1431.00,1416.20,1453.20,168,14.80,2024-06-05T12:40:00,1453.20,TARGET,3728.97,3365.56
bb,INDUSINDBK,2024-06-06,SHORT,2024-06-06T13:10:00,1475.65,1483.05,1464.55,203,7.40,2024-06-06T13:30:00,1483.05,STOP,-1501.77,-1952.23
bb,INDUSINDBK,2024-06-07,LONG,2024-06-07T11:30:00,1486.25,1480.14,1495.42,201,6.11,2024-06-07T11:50:00,1495.42,TARGET,1843.44,1393.96
bb,INDUSINDBK,2024-06-14,SHORT,2024-06-14T14:10:00,1503.30,1506.93,1497.85,199,3.63,2024-06-14T14:10:00,1497.85,TARGET,1083.67,635.74
bb,INDUSINDBK,2024-06-18,SHORT,2024-06-18T10:00:00,1503.60,1509.13,1495.30,199,5.53,2024-06-18T10:00:00,1508.25,REVERSE,-925.35,-1374.87
bb,INDUSINDBK,2024-06-21,SHORT,2024-06-21T12:50:00,1523.80,1527.78,1517.82,196,3.98,2024-06-21T12:50:00,1527.78,STOP,-781.02,-1229.61
bb,INDUSINDBK,2024-06-25,LONG,2024-06-25T13:50:00,1496.05,1491.71,1502.56,200,4.34,2024-06-25T14:20:00,1491.71,STOP,-868.15,-1316.31
bb,INDUSINDBK,2024-06-26,LONG,2024-06-26T10:10:00,1497.30,1491.22,1506.42,200,6.08,2024-06-26T11:20:00,1506.42,TARGET,1823.44,1372.88
bb,INDUSINDBK,2024-07-03,LONG,2024-07-03T10:00:00,1441.35,1435.99,1449.39,208,5.36,2024-07-03T10:00:00,1435.99,STOP,-1114.90,-1563.77
bb,INDUSINDBK,2024-07-04,SHORT,2024-07-04T10:30:00,1439.70,1444.31,1432.79,208,4.61,2024-07-04T12:20:00,1442.45,TIME_STOP,-572.00,-1021.62
bb,INDUSINDBK,2024-07-09,SHORT,2024-07-09T10:10:00,1432.65,1437.43,1425.48,209,4.78,2024-07-09T12:00:00,1432.00,TIME_STOP,135.85,-313.18
bb,INDUSINDBK,2024-07-11,LONG,2024-07-11T14:10:00,1426.35,1423.23,1431.03,210,3.12,2024-07-11T14:10:00,1423.23,STOP,-655.46,-1104.27
bb,INDUSINDBK,2024-07-16,SHORT,2024-07-16T10:00:00,1436.65,1440.68,1430.60,208,4.03,2024-07-16T10:30:00,1440.68,STOP,-838.76,-1287.62
bb,INDUSINDBK,2024-07-19,SHORT,2024-07-19T10:00:00,1445.80,1450.19,1439.21,207,4.39,2024-07-19T10:50:00,1439.21,TARGET,1363.28,915.38
bb,INDUSINDBK,2024-07-23,SHORT,2024-07-23T10:10:00,1419.20,1423.43,1412.85,211,4.23,2024-07-23T10:20:00,1423.43,STOP,-892.55,-1342.40
bb,INDUSINDBK,2024-07-26,LONG,2024-07-26T10:20:00,1389.75,1384.38,1397.81,215,5.37,2024-07-26T12:10:00,1394.00,TIME_STOP,913.75,464.87
bb,INDUSINDBK,2024-07-31,LONG,2024-07-31T12:00:00,1426.50,1422.59,1432.36,210,3.91,2024-07-31T13:40:00,1422.59,STOP,-821.02,-1269.75
bb,INDUSINDBK,2024-08-01,SHORT,2024-08-01T14:10:00,1426.60,1429.28,1422.58,210,2.68,2024-08-01T14:10:00,1422.58,TARGET,843.31,394.57
bb,INDUSINDBK,2024-08-07,SHORT,2024-08-07T10:20:00,1372.00,1377.80,1363.30,218,5.80,2024-08-07T11:10:00,1363.30,TARGET,1897.51,1450.29
bb,INDUSINDBK,2024-08-08,LONG,2024-08-08T13:10:00,1348.05,1343.41,1355.01,222,4.64,2024-08-08T13:50:00,1355.01,TARGET,1545.53,1095.47
bb,INDUSINDBK,2024-08-09,SHORT,2024-08-09T11:00:00,1346.05,1350.50,1339.38,222,4.45,2024-08-09T11:10:00,1348.35,REVERSE,-510.60,-959.22
bb,INDUSINDBK,2024-08-12,LONG,2024-08-12T11:00:00,1351.05,1346.59,1357.74,222,4.46,2024-08-12T12:50:00,1353.70,TIME_STOP,588.30,137.96
bb,INDUSINDBK,2024-08-13,SHORT,2024-08-13T13:00:00,1349.00,1353.36,1342.47,222,4.36,2024-08-13T14:50:00,1350.70,TIME_STOP,-377.40,-826.90
bb,INDUSINDBK,2024-08-16,LONG,2024-08-16T12:50:00,1352.55,1348.37,1358.82,221,4.18,2024-08-16T13:30:00,1358.82,TARGET,1385.85,936.44
bb,INDUSINDBK,2024-08-19,SHORT,2024-08-19T12:40:00,1355.60,1359.59,1349.62,221,3.99,2024-08-19T14:30:00,1350.40,TIME_STOP,1149.20,700.68
bb,INDUSINDBK,2024-08-21,LONG,2024-08-21T12:00:00,1380.50,1376.54,1386.44,217,3.96,2024-08-21T13:20:00,1376.54,STOP,-859.64,-1308.35
bb,INDUSINDBK,2024-08-23,SHORT,2024-08-23T11:10:00,1380.05,1384.14,1373.92,217,4.09,2024-08-23T11:20:00,1381.95,REVERSE,-412.30,-861.82
bb,INDUSINDBK,2024-09-04,LONG,2024-09-04T14:00:00,1436.30,1433.39,1440.66,208,2.91,2024-09-04T14:50:00,1433.39,STOP,-604.39,-1052.06
bb,INDUSINDBK,2024-09-05,SHORT,2024-09-05T11:10:00,1432.50,1436.07,1427.14,209,3.57,2024-09-05T11:20:00,1436.07,STOP,-746.31,-1195.96
bb,INDUSINDBK,2024-09-09,LONG,2024-09-09T11:10:00,1417.50,1412.52,1424.97,211,4.98,2024-09-09T12:20:00,1412.52,STOP,-1051.48,-1499.33
bb,INDUSINDBK,2024-09-11,SHORT,2024-09-11T12:20:00,1430.80,1434.65,1425.02,209,3.85,2024-09-11T12:50:00,1425.02,TARGET,1207.89,760.24
bb,INDUSINDBK,2024-09-12,LONG,2024-09-12T12:00:00,1427.30,1423.62,1432.83,210,3.68,2024-09-12T12:40:00,1432.83,TARGET,1160.36,709.89
bb,INDUSINDBK,2024-09-17,SHORT,2024-09-17T10:10:00,1463.00,1466.88,1457.18,205,3.88,2024-09-17T10:30:00,1466.88,STOP,-795.49,-1245.96
bb,INDUSINDBK,2024-09-19,SHORT,2024-09-19T12:40:00,1480.40,1485.84,1472.24,202,5.44,2024-09-19T12:50:00,1485.84,STOP,-1098.60,-1547.99
bb,INDUSINDBK,2024-09-20,LONG,2024-09-20T11:00:00,1487.50,1482.37,1495.19,201,5.13,2024-09-20T12:50:00,1489.85,TIME_STOP,472.35,23.51
bb,INDUSINDBK,2024-09-26,SHORT,2024-09-26T11:50:00,1438.45,1441.95,1433.19,208,3.50,2024-09-26T12:00:00,1441.95,STOP,-728.99,-1178.33
bb,INDUSINDBK,2024-10-04,LONG,2024-10-04T11:00:00,1408.60,1403.05,1416.92,212,5.55,2024-10-04T11:30:00,1403.05,STOP,-1175.59,-1622.64
bb,INDUSINDBK,2024-10-08,LONG,2024-10-08T11:20:00,1364.95,1357.46,1376.19,219,7.49,2024-10-08T12:10:00,1357.46,STOP,-1641.37,-2088.53
bb,INDUSINDBK,2024-10-10,LONG,2024-10-10T14:10:00,1356.00,1352.45,1361.33,221,3.55,2024-10-10T15:20:00,1358.00,EOD,442.00,-7.85
bb,INDUSINDBK,2024-10-11,SHORT,2024-10-11T11:20:00,1347.35,1351.77,1340.73,222,4.42,2024-10-11T12:50:00,1340.73,TARGET,1470.35,1022.79
bb,INDUSINDBK,2024-10-15,SHORT,2024-10-15T10:40:00,1356.00,1359.33,1351.00,221,3.33,2024-10-15T10:40:00,1359.33,STOP,-735.98,-1186.04
bb,INDUSINDBK,2024-10-18,LONG,2024-10-18T13:30:00,1344.20,1340.38,1349.93,223,3.82,2024-10-18T14:10:00,1349.93,TARGET,1277.32,826.72
bb,INDUSINDBK,2024-10-23,LONG,2024-10-23T12:40:00,1283.05,1278.80,1289.43,233,4.25,2024-10-23T14:10:00,1278.80,STOP,-990.71,-1438.40
bb,INDUSINDBK,2024-10-31,SHORT,2024-10-31T12:30:00,1053.80,1057.62,1048.07,284,3.82,2024-10-31T12:40:00,1048.07,TARGET,1626.19,1178.49
bb,INDUSINDBK,2024-11-06,SHORT,2024-11-06T10:30:00,1072.50,1077.12,1065.57,279,4.62,2024-11-06T12:20:00,1070.30,TIME_STOP,613.80,165.42
bb,INDUSINDBK,2024-11-08,LONG,2024-11-08T14:00:00,1056.65,1053.62,1061.20,283,3.03,2024-11-08T14:00:00,1053.62,STOP,-857.82,-1305.73
bb,INDUSINDBK,2024-11-11,LONG,2024-11-11T11:20:00,1058.85,1054.62,1065.20,283,4.23,2024-11-11T12:50:00,1065.20,TARGET,1795.70,1344.87
bb,INDUSINDBK,2024-11-12,LONG,2024-11-12T10:50:00,1061.45,1057.50,1067.37,282,3.95,2024-11-12T12:40:00,1057.50,STOP,-1113.55,-1561.71
bb,INDUSINDBK,2024-11-13,SHORT,2024-11-13T10:20:00,1054.20,1058.64,1047.54,284,4.44,2024-11-13T11:20:00,1047.54,TARGET,1891.97,1444.30
bb,INDUSINDBK,2024-11-19,LONG,2024-11-19T11:10:00,1029.95,1025.68,1036.36,291,4.27,2024-11-19T11:40:00,1025.68,STOP,-1243.98,-1692.62
bb,INDUSINDBK,2024-11-25,SHORT,2024-11-25T12:50:00,1001.70,1005.55,995.93,299,3.85,2024-11-25T14:40:00,1002.05,TIME_STOP,-104.65,-553.99
bb,INDUSINDBK,2024-11-27,LONG,2024-11-27T12:40:00,1003.00,1000.00,1007.50,299,3.00,2024-11-27T13:10:00,1007.50,TARGET,1344.44,893.58
bb,INDUSINDBK,2024-11-28,SHORT,2024-11-28T11:10:00,1000.40,1003.97,995.05,299,3.57,2024-11-28T11:20:00,995.05,TARGET,1600.42,1152.95
bb,INDUSINDBK,2024-12-05,SHORT,2024-12-05T10:00:00,994.95,998.12,990.19,301,3.17,2024-12-05T11:50:00,993.85,TIME_STOP,331.10,-117.87
bb,INDUSINDBK,2024-12-10,LONG,2024-12-10T10:10:00,986.30,984.07,989.65,304,2.23,2024-12-10T10:10:00,984.07,STOP,-678.99,-1128.23
bb,INDUSINDBK,2024-12-11,SHORT,2024-12-11T10:20:00,982.35,984.55,979.04,305,2.20,2024-12-11T11:30:00,984.55,STOP,-672.13,-1122.06
bb,INDUSINDBK,2024-12-13,LONG,2024-12-13T13:10:00,986.20,982.11,992.34,304,4.09,2024-12-13T15:00:00,985.30,TIME_STOP,-273.60,-723.10
bb,INDUSINDBK,2024-12-17,SHORT,2024-12-17T10:10:00,992.85,995.36,989.08,302,2.51,2024-12-17T10:20:00,989.08,TARGET,1138.99,690.09
bb,INDUSINDBK,2024-12-19,LONG,2024-12-19T12:40:00,961.70,958.44,966.59,311,3.26,2024-12-19T14:10:00,959.55,REVERSE,-668.65,-1116.78
bb,INDUSINDBK,2024-12-26,LONG,2024-12-26T10:10:00,939.00,935.93,943.60,319,3.07,2024-12-26T10:10:00,935.93,STOP,-978.94,-1427.52
bb,INDUSINDBK,2024-12-30,LONG,2024-12-30T10:20:00,958.00,954.65,963.02,313,3.35,2024-12-30T11:20:00,963.02,TARGET,1571.55,1120.59
bb,INDUSINDBK,2025-01-07,LONG,2025-01-07T10:40:00,978.70,973.62,986.32,306,5.08,2025-01-07T11:20:00,986.32,TARGET,2332.70,1881.73
bb,INDUSINDBK,2025-01-09,SHORT,2025-01-09T10:50:00,978.40,982.57,972.15,306,4.17,2025-01-09T11:00:00,972.15,TARGET,1913.93,1466.28
bb,INDUSINDBK,2025-01-14,SHORT,2025-01-14T13:30:00,960.10,963.58,954.87,312,3.48,2025-01-14T14:00:00,963.58,STOP,-1087.16,-1537.30
bb,INDUSINDBK,2025-01-15,SHORT,2025-01-15T13:30:00,963.65,966.96,958.69,311,3.31,2025-01-15T13:50:00,958.69,TARGET,1542.32,1093.94
bb,INDUSINDBK,2025-01-20,LONG,2025-01-20T11:10:00,971.55,966.49,979.14,308,5.06,2025-01-20T11:30:00,979.14,TARGET,2338.53,1887.92
bb,INDUSINDBK,2025-01-28,LONG,2025-01-28T11:10:00,945.85,940.38,954.05,317,5.47,2025-01-28T11:50:00,940.38,STOP,-1733.10,-2181.55
bb,INDUSINDBK,2025-02-03,LONG,2025-02-03T10:30:00,1016.20,1009.28,1026.58,295,6.92,2025-02-03T12:20:00,1015.25,TIME_STOP,-280.25,-729.71
bb,INDUSINDBK,2025-02-10,SHORT,2025-02-10T10:20:00,1064.50,1069.41,1057.14,281,4.91,2025-02-10T10:20:00,1069.41,STOP,-1379.18,-1828.91
bb,INDUSINDBK,2025-02-11,SHORT,2025-02-11T10:00:00,1067.20,1071.20,1061.20,281,4.00,2025-02-11T10:30:00,1061.20,TARGET,1687.29,1238.73
bb,INDUSINDBK,2025-02-12,LONG,2025-02-12T13:20:00,1046.10,1040.68,1054.23,286,5.42,2025-02-12T13:40:00,1040.68,STOP,-1549.77,-1997.38
bb,INDUSINDBK,2025-02-13,LONG,2025-02-13T10:10:00,1043.70,1037.78,1052.57,287,5.92,2025-02-13T11:30:00,1052.57,TARGET,2547.00,2095.78
bb,INDUSINDBK,2025-02-17,LONG,2025-02-17T13:00:00,1043.00,1038.55,1049.68,287,4.45,2025-02-17T13:40:00,1049.68,TARGET,1916.00,1465.55
bb,INDUSINDBK,2025-02-19,LONG,2025-02-19T10:20:00,1037.35,1033.01,1043.86,289,4.34,2025-02-19T10:50:00,1033.01,STOP,-1254.06,-1702.81
bb,INDUSINDBK,2025-02-21,SHORT,2025-02-21T11:30:00,1042.50,1046.16,1037.01,287,3.66,2025-02-21T12:30:00,1046.16,STOP,-1050.94,-1500.53
bb,INDUSINDBK,2025-02-25,SHORT,2025-02-25T13:40:00,1033.20,1035.88,1029.19,290,2.68,2025-02-25T14:00:00,1029.19,TARGET,1164.03,715.46
bb,INDUSINDBK,2025-03-03,LONG,2025-03-03T13:40:00,972.95,967.26,981.49,308,5.69,2025-03-03T14:50:00,981.49,TARGET,2630.65,2179.18
bb,INDUSINDBK,2025-03-04,SHORT,2025-03-04T13:10:00,982.65,986.80,976.43,305,4.15,2025-03-04T13:50:00,986.80,STOP,-1264.66,-1715.18
bb,INDUSINDBK,2025-03-05,SHORT,2025-03-05T10:30:00,982.20,985.93,976.61,305,3.73,2025-03-05T11:50:00,985.93,STOP,-1137.20,-1587.41
bb,INDUSINDBK,2025-03-12,LONG,2025-03-12T13:40:00,695.15,687.47,706.66,325,7.68,2025-03-12T13:50:00,687.47,STOP,-2494.79,-2831.80
bb,INDUSINDBK,2025-03-17,SHORT,2025-03-17T12:50:00,683.45,687.74,677.01,438,4.29,2025-03-17T14:40:00,680.50,TIME_STOP,1292.10,844.04
bb,INDUSINDBK,2025-03-19,LONG,2025-03-19T10:00:00,692.15,687.84,698.61,433,4.31,2025-03-19T10:30:00,698.61,TARGET,2797.70,2346.05
bb,INDUSINDBK,2025-03-20,SHORT,2025-03-20T11:00:00,689.50,692.28,685.33,435,2.78,2025-03-20T12:50:00,688.25,TIME_STOP,543.75,94.26
bb,INDUSINDBK,2025-03-24,SHORT,2025-03-24T11:40:00,676.05,678.73,672.03,443,2.68,2025-03-24T13:10:00,672.03,TARGET,1779.37,1331.47
bb,INDUSINDBK,2025-03-28,SHORT,2025-03-28T12:10:00,660.80,664.14,655.79,453,3.34,2025-03-28T12:20:00,655.79,TARGET,2271.01,1823.70
bb,INDUSINDBK,2025-04-04,SHORT,2025-04-04T10:00:00,685.30,689.75,678.63,437,4.45,2025-04-04T11:50:00,680.20,TIME_STOP,2228.70,1781.16
bb,INDUSINDBK,2025-04-09,SHORT,2025-04-09T10:20:00,673.60,677.75,667.37,445,4.15,2025-04-09T11:30:00,677.75,STOP,-1847.91,-2298.92
bb,INDUSINDBK,2025-04-23,LONG,2025-04-23T13:10:00,799.60,795.99,805.02,375,3.61,2025-04-23T14:20:00,795.99,STOP,-1354.01,-1802.77
bb,INDUSINDBK,2025-04-25,LONG,2025-04-25T13:10:00,822.60,818.21,829.19,364,4.39,2025-04-25T15:00:00,822.90,TIME_STOP,109.20,-340.02
bb,INDUSINDBK,2025-04-29,SHORT,2025-04-29T12:10:00,832.05,836.00,826.13,360,3.95,2025-04-29T12:40:00,836.00,STOP,-1421.41,-1871.78
bb,INDUSINDBK,2025-04-30,LONG,2025-04-30T13:10:00,836.95,832.17,844.13,358,4.78,2025-04-30T13:20:00,832.17,STOP,-1712.54,-2160.69
bb,INDUSINDBK,2025-05-07,LONG,2025-05-07T14:10:00,830.45,826.49,836.39,361,3.96,2025-05-07T15:10:00,836.39,TARGET,2143.54,1692.25
bb,INDUSINDBK,2025-05-08,SHORT,2025-05-08T10:50:00,827.10,831.62,820.32,362,4.52,2025-05-08T12:40:00,825.75,TIME_STOP,488.70,39.95
bb,INDUSINDBK,2025-05-12,SHORT,2025-05-12T10:40:00,816.85,821.07,810.53,367,4.22,2025-05-12T11:30:00,810.53,TARGET,2321.10,1873.16
bb,INDUSINDBK,2025-05-15,LONG,2025-05-15T13:40:00,777.65,774.76,781.99,385,2.89,2025-05-15T15:00:00,781.99,TARGET,1669.89,1219.54
bb,INDUSINDBK,2025-05-20,SHORT,2025-05-20T13:10:00,785.65,788.39,781.54,381,2.74,2025-05-20T14:00:00,788.39,STOP,-1042.98,-1492.76
bb,INDUSINDBK,2025-05-22,LONG,2025-05-22T10:30:00,793.00,785.15,804.78,318,7.85,2025-05-22T10:40:00,785.15,STOP,-2497.71,-2874.10
bb,INDUSINDBK,2025-05-28,SHORT,2025-05-28T10:00:00,813.15,816.44,808.21,368,3.29,2025-05-28T11:00:00,816.44,STOP,-1211.91,-1661.68
bb,INDUSINDBK,2025-05-30,LONG,2025-05-30T10:00:00,814.35,810.78,819.70,368,3.57,2025-05-30T11:50:00,815.75,TIME_STOP,515.20,65.29
bb,INDUSINDBK,2025-06-02,SHORT,2025-06-02T11:30:00,813.20,815.90,809.15,368,2.70,2025-06-02T13:20:00,810.80,TIME_STOP,883.20,434.98
bb,INDUSINDBK,2025-06-04,LONG,2025-06-04T10:30:00,807.35,804.78,811.20,371,2.57,2025-06-04T11:10:00,811.20,TARGET,1429.07,978.70
bb,INDUSINDBK,2025-06-05,SHORT,2025-06-05T10:40:00,806.90,809.14,803.55,371,2.24,2025-06-05T12:30:00,805.60,TIME_STOP,482.30,33.62
bb,INDUSINDBK,2025-06-11,LONG,2025-06-11T11:20:00,845.85,843.39,849.54,354,2.46,2025-06-11T12:10:00,849.54,TARGET,1306.64,856.52
bb,INDUSINDBK,2025-06-16,LONG,2025-06-16T12:40:00,821.20,818.32,825.52,365,2.88,2025-06-16T14:30:00,823.90,TIME_STOP,985.50,535.15
bb,INDUSINDBK,2025-06-19,SHORT,2025-06-19T11:00:00,841.40,844.59,836.61,356,3.19,2025-06-19T12:50:00,838.85,TIME_STOP,907.80,459.17
bb,INDUSINDBK,2025-06-20,LONG,2025-06-20T11:00:00,842.75,839.98,846.91,355,2.77,2025-06-20T12:30:00,839.98,STOP,-983.72,-1431.74
bb,INDUSINDBK,2025-06-23,LONG,2025-06-23T13:10:00,840.35,836.73,845.78,356,3.62,2025-06-23T15:00:00,840.60,TIME_STOP,89.00,-359.81
bb,INDUSINDBK,2025-06-24,SHORT,2025-06-24T10:10:00,833.05,837.69,826.09,360,4.64,2025-06-24T11:40:00,837.69,STOP,-1669.48,-2120.58
bb,INDUSINDBK,2025-06-25,LONG,2025-06-25T11:50:00,834.30,831.45,838.58,359,2.85,2025-06-25T12:10:00,831.45,STOP,-1023.76,-1472.27
bb,INDUSINDBK,2025-06-26,LONG,2025-06-26T12:20:00,833.05,830.16,837.39,360,2.89,2025-06-26T12:50:00,830.16,STOP,-1041.83,-1490.90
bb,INDUSINDBK,2025-07-03,LONG,2025-07-03T10:30:00,862.00,858.33,867.51,348,3.67,2025-07-03T11:00:00,859.35,REVERSE,-922.20,-1371.47
bb,INDUSINDBK,2025-07-07,SHORT,2025-07-07T13:00:00,853.75,856.25,850.00,351,2.50,2025-07-07T14:50:00,852.65,TIME_STOP,386.10,-63.11
bb,INDUSINDBK,2025-07-10,LONG,2025-07-10T12:10:00,849.75,847.27,853.48,353,2.48,2025-07-10T12:10:00,847.27,STOP,-877.05,-1326.33
bb,INDUSINDBK,2025-07-17,SHORT,2025-07-17T10:20:00,876.00,879.83,870.26,342,3.83,2025-07-17T10:40:00,870.26,TARGET,1962.52,1514.60
bb,INDUSINDBK,2025-07-18,LONG,2025-07-18T11:30:00,870.45,867.70,874.58,344,2.75,2025-07-18T11:40:00,874.58,TARGET,1419.63,969.41
bb,INDUSINDBK,2025-07-22,SHORT,2025-07-22T11:00:00,848.65,854.29,840.19,353,5.64,2025-07-22T12:50:00,846.00,TIME_STOP,935.45,486.79
bb,INDUSINDBK,2025-07-23,LONG,2025-07-23T12:20:00,847.70,844.99,851.76,353,2.71,2025-07-23T12:40:00,851.76,TARGET,1432.48,982.55
bb,INDUSINDBK,2025-07-30,SHORT,2025-07-30T11:10:00,802.95,806.59,797.49,373,3.64,2025-07-30T13:00:00,797.49,TARGET,2036.72,1589.00
bb,INDUSINDBK,2025-07-31,LONG,2025-07-31T12:40:00,800.50,797.80,804.56,374,2.70,2025-07-31T14:10:00,804.56,TARGET,1516.99,1066.77
bb,INDUSINDBK,2025-08-04,LONG,2025-08-04T13:50:00,797.05,794.51,800.87,376,2.54,2025-08-04T14:30:00,800.87,TARGET,1435.36,984.75
bb,INDUSINDBK,2025-08-06,SHORT,2025-08-06T10:00:00,812.00,815.65,806.53,369,3.65,2025-08-06T10:10:00,806.53,TARGET,2019.49,1571.57
bb,INDUSINDBK,2025-08-08,SHORT,2025-08-08T10:30:00,795.10,798.03,790.70,377,2.93,2025-08-08T12:20:00,793.40,TIME_STOP,640.90,191.75
bb,INDUSINDBK,2025-08-12,SHORT,2025-08-12T14:00:00,785.60,787.74,782.38,381,2.14,2025-08-12T14:10:00,782.38,TARGET,1225.20,777.15
bb,INDUSINDBK,2025-08-14,SHORT,2025-08-14T11:20:00,773.05,775.13,769.93,388,2.08,2025-08-14T13:10:00,769.93,TARGET,1211.12,762.11
bb,INDUSINDBK,2025-08-19,LONG,2025-08-19T11:50:00,788.80,786.65,792.03,380,2.15,2025-08-19T13:30:00,786.65,STOP,-817.87,-1266.87
bb,INDUSINDBK,2025-08-22,LONG,2025-08-22T11:10:00,771.25,769.29,774.19,388,1.96,2025-08-22T11:20:00,769.29,STOP,-761.67,-1209.97
bb,INDUSINDBK,2025-09-01,LONG,2025-09-01T10:00:00,750.65,748.48,753.91,399,2.17,2025-09-01T10:10:00,748.48,STOP,-867.06,-1315.67
bb,INDUSINDBK,2025-09-04,SHORT,2025-09-04T11:10:00,760.75,762.87,757.57,394,2.12,2025-09-04T13:00:00,760.20,TIME_STOP,216.70,-232.74
bb,INDUSINDBK,2025-09-05,LONG,2025-09-05T14:10:00,758.05,756.03,761.08,395,2.02,2025-09-05T14:10:00,756.03,STOP,-799.06,-1247.61
bb,INDUSINDBK,2025-09-08,SHORT,2025-09-08T10:40:00,753.50,755.79,750.06,398,2.29,2025-09-08T10:50:00,750.06,TARGET,1368.63,919.81
bb,INDUSINDBK,2025-09-11,SHORT,2025-09-11T13:50:00,749.05,750.36,747.09,400,1.31,2025-09-11T14:40:00,750.36,STOP,-522.68,-972.50
bb,INDUSINDBK,2025-09-16,LONG,2025-09-16T10:50:00,741.65,739.84,744.36,404,1.81,2025-09-16T11:10:00,744.36,TARGET,1096.56,646.30
bb,INDUSINDBK,2025-09-17,SHORT,2025-09-17T10:00:00,740.90,742.63,738.31,404,1.73,2025-09-17T10:00:00,742.63,STOP,-696.96,-1146.46
bb,INDUSINDBK,2025-09-19,LONG,2025-09-19T12:40:00,740.65,739.14,742.91,405,1.51,2025-09-19T12:50:00,739.14,STOP,-609.87,-1059.36
bb,INDUSINDBK,2025-09-22,SHORT,2025-09-22T12:40:00,741.25,742.99,738.64,404,1.74,2025-09-22T13:00:00,742.99,STOP,-702.25,-1151.97
bb,INDUSINDBK,2025-09-23,LONG,2025-09-23T12:00:00,740.50,738.16,744.01,405,2.34,2025-09-23T12:10:00,744.01,TARGET,1423.41,972.49
bb,INDUSINDBK,2025-09-24,SHORT,2025-09-24T12:10:00,746.05,748.44,742.47,402,2.39,2025-09-24T13:50:00,742.47,TARGET,1438.26,989.47
bb,INDUSINDBK,2025-09-30,LONG,2025-09-30T12:50:00,729.45,726.68,733.60,411,2.77,2025-09-30T13:50:00,733.60,TARGET,1705.38,1254.40
bb,INDUSINDBK,2025-10-01,SHORT,2025-10-01T10:50:00,727.05,730.05,722.55,412,3.00,2025-10-01T11:10:00,730.05,STOP,-1235.24,-1685.48
bb,INDUSINDBK,2025-10-06,SHORT,2025-10-06T11:30:00,745.30,748.83,740.01,402,3.53,2025-10-06T12:30:00,740.01,TARGET,2126.28,1678.46
bb,INDUSINDBK,2025-10-08,SHORT,2025-10-08T10:50:00,745.80,748.16,742.26,402,2.36,2025-10-08T10:50:00,748.16,STOP,-950.00,-1400.43
bb,INDUSINDBK,2025-10-09,LONG,2025-10-09T10:00:00,748.00,745.23,752.16,401,2.77,2025-10-09T10:10:00,745.23,STOP,-1111.67,-1560.76
bb,INDUSINDBK,2025-10-13,SHORT,2025-10-13T11:50:00,760.00,762.44,756.33,394,2.44,2025-10-13T11:50:00,762.44,STOP,-963.28,-1413.16
bb,INDUSINDBK,2025-10-17,LONG,2025-10-17T10:30:00,742.00,739.72,745.42,404,2.28,2025-10-17T10:50:00,745.42,TARGET,1379.66,928.98
bb,INDUSINDBK,2025-10-30,SHORT,2025-10-30T14:00:00,800.10,802.37,796.70,374,2.27,2025-10-30T15:20:00,802.37,STOP,-848.13,-1297.62
bb,INDUSINDBK,2025-10-31,LONG,2025-10-31T12:00:00,805.10,802.46,809.05,372,2.64,2025-10-31T12:20:00,802.46,STOP,-980.24,-1428.75
bb,INDUSINDBK,2025-11-03,LONG,2025-11-03T11:00:00,798.70,795.51,803.48,375,3.19,2025-11-03T12:50:00,799.90,TIME_STOP,450.00,0.39
bb,INDUSINDBK,2025-11-07,LONG,2025-11-07T11:00:00,789.15,786.18,793.60,380,2.97,2025-11-07T11:10:00,786.18,STOP,-1127.30,-1576.27
bb,INDUSINDBK,2025-11-14,SHORT,2025-11-14T12:30:00,858.25,862.43,851.99,349,4.18,2025-11-14T13:00:00,851.99,TARGET,2186.21,1738.56
bb,INDUSINDBK,2025-11-17,LONG,2025-11-17T12:10:00,852.80,849.04,858.44,351,3.76,2025-11-17T13:10:00,858.44,TARGET,1978.77,1528.29
bb,INDUSINDBK,2025-11-18,LONG,2025-11-18T12:20:00,853.50,851.29,856.81,351,2.21,2025-11-18T12:50:00,851.29,STOP,-774.52,-1223.31
bb,INDUSINDBK,2025-11-25,LONG,2025-11-25T14:10:00,840.00,837.62,843.56,357,2.38,2025-11-25T15:20:00,840.10,EOD,35.70,-414.15
bb,INDUSINDBK,2025-11-27,LONG,2025-11-27T10:50:00,854.65,851.78,858.95,351,2.87,2025-11-27T11:00:00,851.78,STOP,-1006.21,-1455.43
bb,INDUSINDBK,2025-11-28,SHORT,2025-11-28T12:20:00,855.25,857.52,851.84,350,2.27,2025-11-28T13:20:00,851.84,TARGET,1192.93,744.81
bb,INDUSINDBK,2025-12-01,SHORT,2025-12-01T10:10:00,855.00,856.89,852.17,350,1.89,2025-12-01T10:10:00,856.89,STOP,-661.11,-1110.48
bb,INDUSINDBK,2025-12-03,SHORT,2025-12-03T10:10:00,844.30,847.39,839.66,355,3.09,2025-12-03T11:00:00,847.39,STOP,-1097.75,-1548.16
bb,INDUSINDBK,2025-12-05,LONG,2025-12-05T12:50:00,865.00,861.57,870.15,346,3.43,2025-12-05T13:10:00,870.15,TARGET,1781.94,1331.67
bb,INDUSINDBK,2025-12-08,SHORT,2025-12-08T10:20:00,862.35,865.04,858.31,347,2.69,2025-12-08T10:30:00,858.31,TARGET,1400.73,952.92
bb,INDUSINDBK,2025-12-09,LONG,2025-12-09T12:10:00,847.00,843.70,851.95,354,3.30,2025-12-09T12:40:00,843.70,STOP,-1167.09,-1615.97
bb,INDUSINDBK,2025-12-10,SHORT,2025-12-10T11:00:00,840.25,843.43,835.48,357,3.18,2025-12-10T11:10:00,835.48,TARGET,1703.47,1254.79
bb,INDUSINDBK,2025-12-11,LONG,2025-12-11T12:10:00,841.35,838.10,846.22,356,3.25,2025-12-11T13:10:00,838.10,STOP,-1156.79,-1605.20
bb,INDUSINDBK,2025-12-16,SHORT,2025-12-16T11:40:00,843.25,845.96,839.19,355,2.71,2025-12-16T12:20:00,845.96,STOP,-960.56,-1410.31
bb,INDUSINDBK,2025-12-18,LONG,2025-12-18T10:40:00,840.20,836.96,845.06,357,3.24,2025-12-18T12:30:00,839.60,TIME_STOP,-214.20,-663.97
bb,INDUSINDBK,2025-12-19,LONG,2025-12-19T12:30:00,836.90,835.07,839.64,358,1.83,2025-12-19T12:40:00,839.64,TARGET,982.60,532.45
bb,INDUSINDBK,2025-12-26,LONG,2025-12-26T10:10:00,857.95,854.92,862.50,349,3.03,2025-12-26T10:10:00,854.92,STOP,-1058.29,-1506.63
bb,INDUSINDBK,2026-01-05,SHORT,2026-01-05T13:50:00,900.20,902.96,896.05,333,2.76,2026-01-05T14:00:00,896.05,TARGET,1381.04,932.43
bb,INDUSINDBK,2026-01-06,LONG,2026-01-06T10:10:00,911.65,906.83,918.87,329,4.82,2026-01-06T10:50:00,918.87,TARGET,2377.01,1925.33
bb,INDUSINDBK,2026-01-07,SHORT,2026-01-07T10:00:00,909.70,914.04,903.19,329,4.34,2026-01-07T11:00:00,903.19,TARGET,2141.53,1694.20
bb,INDUSINDBK,2026-01-12,LONG,2026-01-12T10:10:00,890.85,887.23,896.28,336,3.62,2026-01-12T10:20:00,887.23,STOP,-1216.55,-1664.63
bb,INDUSINDBK,2026-01-13,SHORT,2026-01-13T13:40:00,900.15,903.13,895.68,333,2.98,2026-01-13T13:40:00,901.65,REVERSE,-499.50,-949.50
bb,INDUSINDBK,2026-01-19,SHORT,2026-01-19T13:40:00,944.35,947.98,938.91,317,3.63,2026-01-19T14:40:00,947.98,STOP,-1149.24,-1599.14
bb,INDUSINDBK,2026-01-22,SHORT,2026-01-22T10:10:00,899.60,904.43,892.36,333,4.83,2026-01-22T10:20:00,904.43,STOP,-1608.32,-2058.88
bb,INDUSINDBK,2026-01-23,SHORT,2026-01-23T13:20:00,903.15,906.37,898.32,332,3.22,2026-01-23T13:30:00,898.32,TARGET,1603.56,1155.00
bb,INDUSINDBK,2026-01-28,LONG,2026-01-28T11:30:00,892.10,888.06,898.16,336,4.04,2026-01-28T11:50:00,898.16,TARGET,2036.94,1585.80
bb,INDUSINDBK,2026-01-30,LONG,2026-01-30T11:10:00,901.60,898.34,906.49,332,3.26,2026-01-30T11:20:00,898.34,STOP,-1082.94,-1531.12
bb,INDUSINDBK,2026-02-04,SHORT,2026-02-04T12:00:00,923.80,926.79,919.32,324,2.99,2026-02-04T13:10:00,926.79,STOP,-968.60,-1418.29
bb,INDUSINDBK,2026-02-06,SHORT,2026-02-06T10:00:00,903.05,906.43,897.98,332,3.38,2026-02-06T10:30:00,897.98,TARGET,1682.98,1234.52
bb,INDUSINDBK,2026-02-11,SHORT,2026-02-11T10:30:00,919.45,922.50,914.87,326,3.05,2026-02-11T10:50:00,922.50,STOP,-994.92,-1445.28
bb,INDUSINDBK,2026-02-13,LONG,2026-02-13T13:30:00,920.20,917.04,924.94,326,3.16,2026-02-13T14:40:00,924.94,TARGET,1546.10,1094.96
bb,INDUSINDBK,2026-02-16,SHORT,2026-02-16T10:10:00,918.05,922.02,912.09,326,3.97,2026-02-16T10:10:00,919.95,REVERSE,-619.40,-1068.79
bb,INDUSINDBK,2026-02-20,SHORT,2026-02-20T11:50:00,933.50,937.54,927.44,321,4.04,2026-02-20T13:00:00,927.44,TARGET,1944.22,1496.19
bb,INDUSINDBK,2026-02-24,LONG,2026-02-24T10:10:00,922.60,919.12,927.82,325,3.48,2026-02-24T11:30:00,927.82,TARGET,1697.01,1245.97
bb,INDUSINDBK,2026-03-11,SHORT,2026-03-11T11:10:00,894.10,898.39,887.66,335,4.29,2026-03-11T11:20:00,887.66,TARGET,2156.32,1708.65
bb,PNB,2024-03-18,LONG,2024-03-18T13:30:00,115.60,114.81,116.79,2595,0.79,2024-03-18T15:20:00,116.79,TARGET,3093.13,2640.84
bb,PNB,2024-03-19,SHORT,2024-03-19T10:30:00,114.58,115.27,113.54,2618,0.69,2024-03-19T10:30:00,115.27,STOP,-1811.79,-2263.11
bb,PNB,2024-03-20,LONG,2024-03-20T13:50:00,113.90,113.27,114.85,2633,0.63,2024-03-20T13:50:00,113.27,STOP,-1665.03,-2113.63
bb,PNB,2024-03-27,SHORT,2024-03-27T13:30:00,120.51,120.84,120.01,2489,0.33,2024-03-27T14:40:00,120.01,TARGET,1233.56,784.57
bb,PNB,2024-03-28,LONG,2024-03-28T11:00:00,120.51,120.04,121.22,2489,0.47,2024-03-28T12:20:00,120.04,STOP,-1170.80,-1619.85
bb,PNB,2024-04-03,LONG,2024-04-03T12:30:00,122.89,122.51,123.46,2441,0.38,2024-04-03T12:30:00,123.46,TARGET,1390.21,939.21
bb,PNB,2024-04-10,LONG,2024-04-10T10:50:00,129.84,129.30,130.64,2310,0.54,2024-04-10T11:10:00,130.64,TARGET,1854.34,1403.06
bb,PNB,2024-04-12,SHORT,2024-04-12T13:30:00,131.83,132.43,130.93,2275,0.60,2024-04-12T15:00:00,130.93,TARGET,2044.58,1596.25
bb,PNB,2024-04-15,LONG,2024-04-15T13:30:00,130.71,129.96,131.84,2295,0.75,2024-04-15T13:40:00,129.96,STOP,-1723.70,-2172.38
bb,PNB,2024-04-29,LONG,2024-04-29T12:40:00,132.56,132.06,133.31,2263,0.50,2024-04-29T12:50:00,133.31,TARGET,1687.11,1235.87
bb,PNB,2024-04-30,SHORT,2024-04-30T11:40:00,132.95,133.49,132.14,2256,0.54,2024-04-30T12:30:00,133.49,STOP,-1220.85,-1671.67
bb,PNB,2024-05-03,SHORT,2024-05-03T10:10:00,133.63,134.50,132.33,2245,0.87,2024-05-03T11:30:00,132.33,TARGET,2916.50,2468.69
bb,PNB,2024-05-08,LONG,2024-05-08T11:50:00,119.92,119.33,120.81,2501,0.59,2024-05-08T12:20:00,120.81,TARGET,2229.53,1777.98
bb,PNB,2024-05-09,SHORT,2024-05-09T14:00:00,120.90,121.57,119.89,2481,0.67,2024-05-09T14:00:00,119.89,TARGET,2508.68,2060.63
bb,PNB,2024-05-13,LONG,2024-05-13T14:00:00,119.63,118.87,120.77,2507,0.76,2024-05-13T15:20:00,119.73,EOD,250.70,-199.36
bb,PNB,2024-05-15,SHORT,2024-05-15T13:20:00,121.72,122.13,121.10,2464,0.41,2024-05-15T13:30:00,122.13,STOP,-1021.98,-1472.62
bb,PNB,2024-05-16,LONG,2024-05-16T10:10:00,122.06,121.51,122.88,2457,0.55,2024-05-16T11:00:00,121.58,REVERSE,-1179.36,-1628.33
bb,PNB,2024-05-22,LONG,2024-05-22T14:10:00,122.99,122.60,123.57,2439,0.39,2024-05-22T14:20:00,122.60,STOP,-948.24,-1397.49
bb,PNB,2024-05-24,LONG,2024-05-24T12:30:00,123.37,122.95,124.00,2431,0.42,2024-05-24T14:20:00,123.37,TIME_STOP,0.00,-449.87
bb,PNB,2024-05-27,SHORT,2024-05-27T10:20:00,123.18,123.72,122.37,2435,0.54,2024-05-27T10:20:00,123.57,REVERSE,-949.65,-1400.28
bb,PNB,2024-05-28,SHORT,2024-05-28T11:40:00,124.25,124.86,123.33,2414,0.61,2024-05-28T12:40:00,123.33,TARGET,2225.44,1777.20
bb,PNB,2024-05-29,LONG,2024-05-29T10:00:00,126.48,125.84,127.45,2371,0.64,2024-05-29T10:00:00,125.84,STOP,-1526.63,-1975.31
bb,PNB,2024-05-30,LONG,2024-05-30T11:00:00,125.46,124.93,126.25,2391,0.53,2024-05-30T11:10:00,124.93,STOP,-1259.44,-1708.46
bb,PNB,2024-05-31,LONG,2024-05-31T13:30:00,124.78,124.27,125.54,2404,0.51,2024-05-31T13:40:00,125.54,TARGET,1825.94,1374.61
bb,PNB,2024-06-04,SHORT,2024-06-04T10:50:00,122.06,123.53,119.86,1701,1.47,2024-06-04T11:10:00,119.86,TARGET,3748.78,3440.15
bb,PNB,2024-06-05,LONG,2024-06-05T12:30:00,113.90,112.13,116.56,1409,1.77,2024-06-05T14:00:00,116.56,TARGET,3749.25,3505.72
bb,PNB,2024-06-13,SHORT,2024-06-13T11:20:00,123.37,123.75,122.81,2431,0.38,2024-06-13T13:10:00,123.21,TIME_STOP,388.96,-60.62
bb,PNB,2024-06-14,LONG,2024-06-14T10:00:00,123.67,123.27,124.28,2425,0.40,2024-06-14T10:00:00,124.28,TARGET,1468.14,1017.19
bb,PNB,2024-06-18,SHORT,2024-06-18T13:30:00,125.21,125.48,124.81,2395,0.27,2024-06-18T14:10:00,124.81,TARGET,962.03,512.93
bb,PNB,2024-06-20,SHORT,2024-06-20T12:10:00,124.89,125.20,124.42,2402,0.31,2024-06-20T14:00:00,124.42,TARGET,1134.34,685.21
bb,PNB,2024-06-24,LONG,2024-06-24T12:00:00,122.74,122.17,123.59,2444,0.57,2024-06-24T12:40:00,122.17,STOP,-1390.76,-1839.68
bb,PNB,2024-06-26,LONG,2024-06-26T11:10:00,121.54,121.07,122.24,2468,0.47,2024-06-26T11:40:00,122.24,TARGET,1735.88,1284.63
bb,PNB,2024-07-02,LONG,2024-07-02T11:10:00,119.42,119.05,119.97,2512,0.37,2024-07-02T11:30:00,119.05,STOP,-926.28,-1375.56
bb,PNB,2024-07-03,LONG,2024-07-03T12:40:00,117.86,117.46,118.47,2545,0.40,2024-07-03T12:50:00,117.67,REVERSE,-483.55,-933.12
bb,PNB,2024-07-04,SHORT,2024-07-04T10:50:00,117.42,117.87,116.74,2554,0.45,2024-07-04T11:30:00,117.87,STOP,-1159.31,-1610.02
bb,PNB,2024-07-08,SHORT,2024-07-08T12:30:00,118.52,118.94,117.89,2531,0.42,2024-07-08T14:20:00,117.89,TARGET,1596.71,1147.94
bb,PNB,2024-07-15,LONG,2024-07-15T10:40:00,115.61,115.23,116.18,2594,0.38,2024-07-15T11:10:00,116.18,TARGET,1485.00,1034.05
bb,PNB,2024-07-16,SHORT,2024-07-16T13:10:00,116.95,117.29,116.44,2565,0.34,2024-07-16T13:30:00,116.44,TARGET,1308.39,859.40
bb,PNB,2024-07-22,LONG,2024-07-22T10:40:00,114.53,113.91,115.46,2619,0.62,2024-07-22T12:30:00,114.70,TIME_STOP,445.23,-5.04
bb,PNB,2024-07-23,SHORT,2024-07-23T12:30:00,112.97,113.55,112.11,2655,0.58,2024-07-23T12:30:00,113.55,STOP,-1528.39,-1979.44
bb,PNB,2024-07-24,SHORT,2024-07-24T11:20:00,113.62,114.30,112.59,2640,0.68,2024-07-24T12:20:00,112.59,TARGET,2710.65,2262.75
bb,PNB,2024-07-25,LONG,2024-07-25T11:00:00,114.05,113.49,114.88,2630,0.56,2024-07-25T12:50:00,114.12,TIME_STOP,184.10,-265.97
bb,PNB,2024-07-31,SHORT,2024-07-31T10:10:00,120.71,121.14,120.06,2485,0.43,2024-07-31T10:50:00,121.14,STOP,-1070.05,-1520.80
bb,PNB,2024-08-01,SHORT,2024-08-01T11:30:00,120.45,120.91,119.76,2490,0.46,2024-08-01T12:10:00,119.76,TARGET,1720.77,1272.18
bb,PNB,2024-08-08,SHORT,2024-08-08T11:00:00,111.37,111.85,110.65,2693,0.48,2024-08-08T11:10:00,111.85,STOP,-1286.48,-1737.33
bb,PNB,2024-08-09,LONG,2024-08-09T13:40:00,112.10,111.82,112.52,2676,0.28,2024-08-09T13:40:00,112.52,TARGET,1127.63,676.82
bb,PNB,2024-08-12,LONG,2024-08-12T10:50:00,112.38,111.92,113.08,2669,0.46,2024-08-12T11:30:00,111.92,STOP,-1237.06,-1686.04
bb,PNB,2024-08-13,LONG,2024-08-13T11:00:00,112.15,111.76,112.73,2674,0.39,2024-08-13T12:20:00,111.76,STOP,-1038.55,-1487.60
bb,PNB,2024-08-21,SHORT,2024-08-21T11:20:00,112.78,113.17,112.19,2660,0.39,2024-08-21T11:30:00,113.17,STOP,-1037.84,-1488.61
bb,PNB,2024-08-29,LONG,2024-08-29T13:00:00,112.03,111.80,112.37,2677,0.23,2024-08-29T13:30:00,111.80,STOP,-606.43,-1055.84
bb,PNB,2024-09-03,SHORT,2024-09-03T11:00:00,112.71,113.03,112.23,2661,0.32,2024-09-03T12:40:00,113.03,STOP,-854.94,-1305.46
bb,PNB,2024-09-05,LONG,2024-09-05T12:50:00,110.01,109.73,110.43,2727,0.28,2024-09-05T13:30:00,110.43,TARGET,1135.92,685.07
bb,PNB,2024-09-11,SHORT,2024-09-11T11:30:00,106.56,106.95,105.98,2815,0.39,2024-09-11T12:10:00,105.98,TARGET,1641.90,1193.19
bb,PNB,2024-09-12,LONG,2024-09-12T13:50:00,104.98,104.63,105.51,2857,0.35,2024-09-12T14:30:00,105.51,TARGET,1502.97,1051.95
bb,PNB,2024-09-16,SHORT,2024-09-16T11:40:00,107.64,108.02,107.07,2787,0.38,2024-09-16T13:30:00,107.65,TIME_STOP,-27.87,-477.88
bb,PNB,2024-09-18,LONG,2024-09-18T12:20:00,106.02,105.66,106.55,2829,0.36,2024-09-18T12:40:00,106.55,TARGET,1508.70,1057.68
bb,PNB,2024-09-19,SHORT,2024-09-19T10:00:00,105.28,105.81,104.48,2849,0.53,2024-09-19T11:20:00,104.48,TARGET,2281.82,1833.62
bb,PNB,2024-09-20,SHORT,2024-09-20T13:50:00,104.62,105.00,104.06,2867,0.38,2024-09-20T13:50:00,105.00,STOP,-1077.28,-1528.01
bb,PNB,2024-09-26,LONG,2024-09-26T10:30:00,103.29,102.94,103.81,2904,0.35,2024-09-26T10:40:00,103.81,TARGET,1507.20,1056.13
bb,PNB,2024-09-30,SHORT,2024-09-30T10:30:00,104.92,105.36,104.26,2859,0.44,2024-09-30T10:40:00,105.36,STOP,-1249.59,-1700.48
bb,PNB,2024-10-04,LONG,2024-10-04T10:10:00,102.96,102.34,103.90,2913,0.62,2024-10-04T10:10:00,102.34,STOP,-1820.04,-2268.56
bb,PNB,2024-10-07,SHORT,2024-10-07T10:00:00,102.36,102.94,101.49,2930,0.58,2024-10-07T10:30:00,101.49,TARGET,2559.52,2111.56
bb,PNB,2024-10-08,LONG,2024-10-08T14:00:00,99.55,99.10,100.23,3013,0.45,2024-10-08T14:40:00,99.18,REVERSE,-1114.81,-1563.89
bb,PNB,2024-10-10,SHORT,2024-10-10T14:10:00,100.53,100.83,100.09,2984,0.30,2024-10-10T15:20:00,100.83,STOP,-884.74,-1335.38
bb,PNB,2024-10-11,SHORT,2024-10-11T11:10:00,100.78,101.12,100.27,2976,0.34,2024-10-11T12:20:00,101.12,STOP,-1004.50,-1455.14
bb,PNB,2024-10-15,SHORT,2024-10-15T10:20:00,102.00,102.23,101.66,2941,0.23,2024-10-15T10:40:00,102.11,REVERSE,-323.51,-773.73
bb,PNB,2024-10-16,SHORT,2024-10-16T12:00:00,101.93,102.12,101.64,2943,0.19,2024-10-16T13:20:00,101.64,TARGET,847.89,398.56
bb,PNB,2024-10-23,LONG,2024-10-23T12:40:00,94.32,93.64,95.34,3180,0.68,2024-10-23T12:40:00,93.64,STOP,-2156.63,-2604.92
bb,PNB,2024-10-28,LONG,2024-10-28T10:40:00,96.41,95.73,97.43,3111,0.68,2024-10-28T12:30:00,96.32,TIME_STOP,-279.99,-729.68
bb,PNB,2024-10-29,SHORT,2024-10-29T10:50:00,95.16,96.01,93.88,2929,0.85,2024-10-29T12:40:00,94.83,TIME_STOP,966.57,549.21
bb,PNB,2024-10-31,LONG,2024-10-31T10:00:00,97.31,96.95,97.85,3082,0.36,2024-10-31T10:10:00,97.07,REVERSE,-739.68,-1188.99
bb,PNB,2024-11-11,LONG,2024-11-11T12:00:00,102.04,101.56,102.76,2940,0.48,2024-11-11T13:00:00,102.76,TARGET,2104.58,1653.00
bb,PNB,2024-11-12,SHORT,2024-11-12T10:00:00,101.56,101.98,100.93,2953,0.42,2024-11-12T10:00:00,101.98,STOP,-1231.28,-1682.07
bb,PNB,2024-11-29,SHORT,2024-11-29T11:00:00,102.03,102.44,101.42,2940,0.41,2024-11-29T11:30:00,101.42,TARGET,1807.14,1358.55
bb,PNB,2024-12-02,SHORT,2024-12-02T10:40:00,101.87,102.25,101.30,2944,0.38,2024-12-02T12:30:00,101.80,TIME_STOP,206.08,-243.62
bb,PNB,2024-12-06,SHORT,2024-12-06T10:20:00,104.90,105.39,104.16,2859,0.49,2024-12-06T10:20:00,105.39,STOP,-1407.09,-1858.01
bb,PNB,2024-12-09,SHORT,2024-12-09T10:00:00,106.42,106.85,105.78,2819,0.43,2024-12-09T10:50:00,105.78,TARGET,1811.21,1362.58
bb,PNB,2024-12-10,LONG,2024-12-10T10:10:00,106.27,105.93,106.79,2822,0.34,2024-12-10T10:30:00,105.93,STOP,-971.24,-1420.36
bb,PNB,2024-12-11,SHORT,2024-12-11T12:50:00,106.29,106.57,105.87,2822,0.28,2024-12-11T13:40:00,105.87,TARGET,1189.03,740.00
bb,PNB,2024-12-13,LONG,2024-12-13T14:00:00,104.06,103.64,104.69,2882,0.42,2024-12-13T15:10:00,104.69,TARGET,1820.68,1369.46
bb,PNB,2024-12-17,SHORT,2024-12-17T10:20:00,104.83,105.11,104.42,2861,0.28,2024-12-17T10:50:00,105.11,STOP,-789.08,-1239.55
bb,PNB,2024-12-19,LONG,2024-12-19T11:50:00,101.01,100.44,101.86,2970,0.57,2024-12-19T13:20:00,100.44,STOP,-1680.92,-2129.65
bb,PNB,2024-12-24,LONG,2024-12-24T10:40:00,99.10,98.79,99.57,3027,0.31,2024-12-24T10:40:00,98.90,REVERSE,-605.40,-1054.91
bb,PNB,2024-12-27,SHORT,2024-12-27T12:20:00,99.22,99.51,98.78,3023,0.29,2024-12-27T14:00:00,99.51,STOP,-879.94,-1330.51
bb,PNB,2024-12-30,LONG,2024-12-30T10:50:00,99.53,99.15,100.10,3014,0.38,2024-12-30T11:00:00,99.15,STOP,-1144.41,-1593.53
bb,PNB,2024-12-31,LONG,2024-12-31T10:40:00,99.37,98.85,100.14,3019,0.52,2024-12-31T11:30:00,98.85,STOP,-1559.16,-2007.99
bb,PNB,2025-01-02,SHORT,2025-01-02T10:00:00,99.55,99.82,99.14,3013,0.27,2025-01-02T10:20:00,99.14,TARGET,1229.42,780.42
bb,PNB,2025-01-09,LONG,2025-01-09T14:00:00,99.13,98.81,99.61,3026,0.32,2025-01-09T15:20:00,99.03,EOD,-302.60,-752.32
bb,PNB,2025-01-15,SHORT,2025-01-15T13:40:00,95.23,95.63,94.63,3150,0.40,2025-01-15T14:50:00,95.63,STOP,-1262.85,-1713.76
bb,PNB,2025-01-23,LONG,2025-01-23T10:10:00,95.53,94.97,96.37,3140,0.56,2025-01-23T10:40:00,96.37,TARGET,2636.88,2184.95
bb,PNB,2025-01-24,SHORT,2025-01-24T10:00:00,95.00,95.48,94.29,3157,0.48,2025-01-24T10:30:00,95.48,STOP,-1503.89,-1954.89
bb,PNB,2025-01-27,LONG,2025-01-27T13:40:00,94.32,93.88,94.98,3180,0.44,2025-01-27T13:50:00,93.88,STOP,-1409.14,-1857.99
bb,PNB,2025-01-28,LONG,2025-01-28T12:00:00,94.03,93.52,94.79,3190,0.51,2025-01-28T12:50:00,94.79,TARGET,2427.08,1975.33
bb,PNB,2025-01-30,SHORT,2025-01-30T10:50:00,95.36,95.84,94.64,3145,0.48,2025-01-30T11:00:00,94.64,TARGET,2279.57,1831.42
bb,PNB,2025-01-31,LONG,2025-01-31T10:10:00,94.47,94.08,95.06,3175,0.39,2025-01-31T10:20:00,95.06,TARGET,1863.82,1412.51
bb,PNB,2025-02-01,SHORT,2025-02-01T12:20:00,97.08,97.72,96.12,3090,0.64,2025-02-01T12:20:00,97.72,STOP,-1981.22,-2432.67
bb,PNB,2025-02-04,SHORT,2025-02-04T13:00:00,96.17,96.55,95.61,3119,0.38,2025-02-04T13:00:00,96.55,STOP,-1172.12,-1622.93
bb,PNB,2025-02-12,LONG,2025-02-12T12:10:00,93.18,92.61,94.03,3219,0.57,2025-02-12T14:00:00,92.61,STOP,-1822.06,-2270.62
bb,PNB,2025-02-13,SHORT,2025-02-13T13:20:00,92.66,93.00,92.16,3237,0.34,2025-02-13T13:20:00,93.00,STOP,-1085.80,-1536.52
bb,PNB,2025-02-21,SHORT,2025-02-21T10:30:00,91.89,92.26,91.33,3264,0.37,2025-02-21T11:40:00,92.26,STOP,-1219.01,-1669.82
bb,PNB,2025-02-24,LONG,2025-02-24T13:00:00,91.50,91.15,92.02,3278,0.35,2025-02-24T13:30:00,91.15,STOP,-1143.44,-1592.49
bb,PNB,2025-03-03,LONG,2025-03-03T13:20:00,85.38,84.95,86.02,3513,0.43,2025-03-03T13:30:00,84.95,STOP,-1500.78,-1949.56
bb,PNB,2025-03-04,SHORT,2025-03-04T12:30:00,84.85,85.23,84.28,3535,0.38,2025-03-04T14:20:00,85.23,STOP,-1344.14,-1795.06
bb,PNB,2025-03-07,SHORT,2025-03-07T12:30:00,88.26,88.53,87.86,3399,0.27,2025-03-07T12:30:00,88.53,STOP,-911.21,-1361.88
bb,PNB,2025-03-13,LONG,2025-03-13T10:00:00,84.86,84.50,85.40,3535,0.36,2025-03-13T11:50:00,84.95,TIME_STOP,318.15,-132.06
bb,PNB,2025-03-17,LONG,2025-03-17T14:00:00,84.89,84.63,85.28,3533,0.26,2025-03-17T15:20:00,85.08,EOD,671.27,220.89
bb,PNB,2025-03-25,SHORT,2025-03-25T10:50:00,92.27,92.63,91.72,3251,0.36,2025-03-25T11:20:00,91.72,TARGET,1778.72,1330.10
bb,PNB,2025-03-27,LONG,2025-03-27T10:20:00,92.31,91.87,92.96,3249,0.44,2025-03-27T12:00:00,91.87,STOP,-1416.45,-1865.26
bb,PNB,2025-03-28,SHORT,2025-03-28T13:20:00,93.08,93.43,92.55,3223,0.35,2025-03-28T14:20:00,93.43,STOP,-1131.79,-1582.64
bb,PNB,2025-04-01,SHORT,2025-04-01T11:20:00,93.27,93.68,92.66,3216,0.41,2025-04-01T11:30:00,93.68,STOP,-1311.21,-1762.13
bb,PNB,2025-04-02,LONG,2025-04-02T11:10:00,93.98,93.52,94.66,3192,0.46,2025-04-02T13:00:00,94.12,TIME_STOP,446.88,-3.43
bb,PNB,2025-04-04,SHORT,2025-04-04T13:20:00,94.11,94.53,93.48,3187,0.42,2025-04-04T14:40:00,93.48,TARGET,2020.96,1572.58
bb,PNB,2025-04-09,SHORT,2025-04-09T10:30:00,93.25,93.71,92.57,3217,0.46,2025-04-09T10:40:00,92.57,TARGET,2198.83,1750.50
bb,PNB,2025-04-24,SHORT,2025-04-24T14:10:00,99.97,100.18,99.65,3000,0.21,2025-04-24T14:30:00,100.18,STOP,-630.09,-1080.43
bb,PNB,2025-05-02,LONG,2025-05-02T10:20:00,98.48,98.13,99.00,3046,0.35,2025-05-02T10:50:00,98.13,STOP,-1052.34,-1501.51
bb,PNB,2025-05-07,LONG,2025-05-07T11:40:00,93.85,93.31,94.67,3196,0.54,2025-05-07T12:40:00,93.31,STOP,-1736.77,-2185.38
bb,PNB,2025-05-09,LONG,2025-05-09T13:00:00,89.47,89.03,90.14,3353,0.44,2025-05-09T13:10:00,89.03,STOP,-1490.75,-1939.62
bb,PNB,2025-05-20,SHORT,2025-05-20T13:10:00,98.20,98.50,97.75,3054,0.30,2025-05-20T13:30:00,98.50,STOP,-913.84,-1364.38
bb,PNB,2025-05-22,SHORT,2025-05-22T11:10:00,97.98,98.35,97.42,3061,0.37,2025-05-22T13:00:00,97.42,TARGET,1708.14,1259.55
bb,PNB,2025-05-23,LONG,2025-05-23T11:50:00,97.63,97.31,98.11,3072,0.32,2025-05-23T13:40:00,97.64,TIME_STOP,30.72,-419.18
bb,PNB,2025-05-26,SHORT,2025-05-26T11:40:00,97.58,97.83,97.21,3074,0.25,2025-05-26T13:10:00,97.83,STOP,-767.39,-1217.91
bb,PNB,2025-05-27,SHORT,2025-05-27T10:00:00,97.57,97.84,97.16,3074,0.27,2025-05-27T10:30:00,97.84,STOP,-841.85,-1292.38
bb,PNB,2025-05-28,SHORT,2025-05-28T14:00:00,98.97,99.15,98.69,3031,0.18,2025-05-28T14:10:00,99.15,STOP,-559.61,-1010.00
bb,PNB,2025-05-30,SHORT,2025-05-30T10:00:00,98.85,99.11,98.47,3034,0.26,2025-05-30T10:40:00,98.47,TARGET,1166.26,717.27
bb,PNB,2025-06-03,SHORT,2025-06-03T12:30:00,105.03,105.39,104.49,2856,0.36,2025-06-03T12:40:00,105.39,STOP,-1032.05,-1482.77
bb,PNB,2025-06-10,SHORT,2025-06-10T10:10:00,108.46,108.80,107.94,2765,0.34,2025-06-10T10:20:00,108.80,STOP,-949.74,-1400.29
bb,PNB,2025-06-16,LONG,2025-06-16T12:40:00,103.38,103.05,103.87,2901,0.33,2025-06-16T14:10:00,103.87,TARGET,1427.53,976.60
bb,PNB,2025-06-17,SHORT,2025-06-17T12:30:00,103.70,104.00,103.26,2892,0.30,2025-06-17T12:50:00,103.26,TARGET,1285.77,836.89
bb,PNB,2025-06-25,LONG,2025-06-25T10:30:00,106.09,105.82,106.50,2827,0.27,2025-06-25T11:50:00,105.82,STOP,-774.64,-1223.93
bb,PNB,2025-06-26,SHORT,2025-06-26T10:00:00,105.60,105.83,105.26,2840,0.23,2025-06-26T10:10:00,105.83,STOP,-647.50,-1097.84
bb,PNB,2025-07-09,SHORT,2025-07-09T10:10:00,111.65,111.95,111.20,2686,0.30,2025-07-09T10:50:00,111.95,STOP,-811.63,-1262.08
bb,PNB,2025-07-11,LONG,2025-07-11T13:00:00,110.08,109.76,110.55,2725,0.32,2025-07-11T13:00:00,110.55,TARGET,1292.42,841.50
bb,PNB,2025-07-14,SHORT,2025-07-14T12:40:00,110.46,110.80,109.96,2715,0.34,2025-07-14T14:30:00,110.55,TIME_STOP,-244.35,-694.38
bb,PNB,2025-07-17,SHORT,2025-07-17T13:40:00,113.33,113.62,112.90,2647,0.29,2025-07-17T13:50:00,113.62,STOP,-754.78,-1205.32
bb,PNB,2025-07-18,SHORT,2025-07-18T13:00:00,113.43,113.72,113.00,2644,0.29,2025-07-18T14:50:00,113.47,TIME_STOP,-105.76,-555.70
bb,PNB,2025-07-21,LONG,2025-07-21T13:20:00,113.19,112.91,113.61,2650,0.28,2025-07-21T13:50:00,112.91,STOP,-744.42,-1193.79
bb,PNB,2025-07-25,SHORT,2025-07-25T11:30:00,109.35,109.70,108.82,2743,0.35,2025-07-25T11:50:00,108.82,TARGET,1453.41,1004.58
bb,PNB,2025-07-28,LONG,2025-07-28T10:40:00,109.08,108.73,109.61,2750,0.35,2025-07-28T10:40:00,108.73,STOP,-974.93,-1424.16
bb,PNB,2025-07-29,LONG,2025-07-29T13:00:00,107.93,107.57,108.46,2779,0.36,2025-07-29T13:20:00,108.46,TARGET,1479.93,1028.91
bb,PNB,2025-07-30,SHORT,2025-07-30T14:00:00,107.90,108.48,107.02,2780,0.58,2025-07-30T14:00:00,108.48,STOP,-1624.66,-2075.82
bb,PNB,2025-08-05,SHORT,2025-08-05T10:30:00,104.20,104.50,103.74,2879,0.30,2025-08-05T10:40:00,104.50,STOP,-875.76,-1326.41
bb,PNB,2025-08-06,LONG,2025-08-06T13:10:00,104.45,104.05,105.04,2872,0.40,2025-08-06T13:50:00,104.05,STOP,-1138.62,-1587.74
bb,PNB,2025-08-07,SHORT,2025-08-07T11:30:00,103.62,103.94,103.13,2895,0.32,2025-08-07T13:10:00,103.13,TARGET,1408.09,959.18
bb,PNB,2025-08-13,SHORT,2025-08-13T12:10:00,106.31,106.58,105.91,2821,0.27,2025-08-13T12:10:00,106.58,STOP,-753.06,-1203.48
bb,PNB,2025-08-19,LONG,2025-08-19T10:30:00,107.30,106.99,107.76,2795,0.31,2025-08-19T12:20:00,107.39,TIME_STOP,251.55,-198.49
bb,PNB,2025-08-20,SHORT,2025-08-20T11:40:00,107.39,107.60,107.07,2793,0.21,2025-08-20T11:50:00,107.07,TARGET,897.69,448.45
bb,PNB,2025-08-21,LONG,2025-08-21T10:20:00,107.54,107.36,107.80,2789,0.18,2025-08-21T10:30:00,107.80,TARGET,735.68,285.24
bb,PNB,2025-08-29,LONG,2025-08-29T11:40:00,102.15,101.78,102.71,2936,0.37,2025-08-29T12:00:00,101.78,STOP,-1092.12,-1541.17
bb,PNB,2025-09-01,LONG,2025-09-01T10:00:00,101.94,101.63,102.40,2942,0.31,2025-09-01T10:10:00,101.63,STOP,-898.77,-1347.96
bb,PNB,2025-09-04,SHORT,2025-09-04T11:30:00,103.61,103.88,103.20,2895,0.27,2025-09-04T11:30:00,103.88,STOP,-794.29,-1244.81
bb,PNB,2025-09-05,LONG,2025-09-05T14:10:00,103.88,103.60,104.30,2887,0.28,2025-09-05T14:10:00,103.60,STOP,-809.16,-1258.41
bb,PNB,2025-09-09,LONG,2025-09-09T11:40:00,104.52,104.25,104.92,2870,0.27,2025-09-09T11:50:00,104.25,STOP,-773.55,-1222.93
bb,PNB,2025-09-12,SHORT,2025-09-12T11:40:00,107.47,107.72,107.10,2791,0.25,2025-09-12T12:50:00,107.10,TARGET,1043.77,594.63
bb,PNB,2025-09-16,SHORT,2025-09-16T13:20:00,108.31,108.54,107.96,2769,0.23,2025-09-16T15:10:00,108.44,TIME_STOP,-359.97,-810.11
bb,PNB,2025-09-17,LONG,2025-09-17T10:30:00,108.87,108.63,109.22,2755,0.24,2025-09-17T10:30:00,109.22,TARGET,977.29,526.65
bb,PNB,2025-09-23,LONG,2025-09-23T12:40:00,113.90,113.56,114.42,2633,0.34,2025-09-23T13:10:00,113.56,STOP,-906.02,-1355.19
bb,PNB,2025-09-24,LONG,2025-09-24T10:10:00,114.07,113.70,114.63,2629,0.37,2025-09-24T10:30:00,113.70,STOP,-977.31,-1426.41
bb,PNB,2025-09-25,LONG,2025-09-25T11:40:00,112.04,111.67,112.59,2677,0.37,2025-09-25T11:50:00,111.67,STOP,-977.91,-1427.07
bb,PNB,2025-10-01,SHORT,2025-10-01T11:00:00,111.95,112.46,111.19,2679,0.51,2025-10-01T12:40:00,112.46,STOP,-1355.56,-1806.44
bb,PNB,2025-10-07,SHORT,2025-10-07T11:50:00,114.42,114.75,113.93,2621,0.33,2025-10-07T12:10:00,114.72,REVERSE,-786.30,-1236.73
bb,PNB,2025-10-08,LONG,2025-10-08T14:00:00,113.77,113.44,114.27,2636,0.33,2025-10-08T14:30:00,113.44,STOP,-876.33,-1325.52
bb,PNB,2025-10-13,SHORT,2025-10-13T12:50:00,116.82,117.15,116.33,2568,0.33,2025-10-13T13:10:00,116.92,REVERSE,-256.80,-706.98
bb,PNB,2025-10-15,LONG,2025-10-15T10:00:00,115.76,115.43,116.25,2591,0.33,2025-10-15T10:00:00,116.25,TARGET,1279.34,828.48
bb,PNB,2025-10-16,SHORT,2025-10-16T13:00:00,116.73,117.03,116.28,2570,0.30,2025-10-16T13:10:00,117.03,STOP,-774.83,-1225.40
bb,PNB,2025-10-21,LONG,2025-10-21T14:10:00,118.01,117.36,118.98,2542,0.65,2025-10-21T14:40:00,117.36,STOP,-1647.55,-2096.29
bb,PNB,2025-10-30,LONG,2025-10-30T11:10:00,121.17,120.77,121.77,2475,0.40,2025-10-30T11:20:00,121.77,TARGET,1487.79,1036.83
bb,PNB,2025-11-04,LONG,2025-11-04T13:50:00,123.51,123.15,124.05,2428,0.36,2025-11-04T14:00:00,123.15,STOP,-870.38,-1319.55
bb,PNB,2025-11-06,SHORT,2025-11-06T10:10:00,122.50,122.88,121.92,2448,0.38,2025-11-06T10:20:00,121.92,TARGET,1411.93,963.17
bb,PNB,2025-11-07,LONG,2025-11-07T12:20:00,120.95,120.55,121.56,2480,0.40,2025-11-07T12:40:00,121.56,TARGET,1505.75,1054.68
bb,PNB,2025-11-10,SHORT,2025-11-10T11:10:00,121.77,122.12,121.25,2463,0.35,2025-11-10T11:20:00,121.99,REVERSE,-541.86,-992.15
bb,PNB,2025-11-11,LONG,2025-11-11T13:20:00,121.70,121.43,122.10,2465,0.27,2025-11-11T13:50:00,122.10,TARGET,980.32,529.60
bb,PNB,2025-11-19,LONG,2025-11-19T12:30:00,122.85,122.54,123.31,2442,0.31,2025-11-19T12:30:00,123.31,TARGET,1127.69,676.84
bb,PNB,2025-11-20,SHORT,2025-11-20T14:00:00,124.42,124.68,124.04,2411,0.26,2025-11-20T14:30:00,124.04,TARGET,922.86,473.59
bb,PNB,2025-11-25,LONG,2025-11-25T12:20:00,122.64,122.30,123.15,2446,0.34,2025-11-25T12:30:00,122.30,STOP,-828.83,-1278.17
bb,PNB,2025-11-27,SHORT,2025-11-27T11:30:00,124.54,124.88,124.04,2408,0.34,2025-11-27T11:50:00,124.04,TARGET,1210.47,761.54
bb,PNB,2025-11-28,SHORT,2025-11-28T10:20:00,124.20,124.53,123.70,2415,0.33,2025-11-28T10:50:00,124.53,STOP,-802.03,-1252.55
bb,PNB,2025-12-05,LONG,2025-12-05T10:10:00,120.56,120.13,121.20,2488,0.43,2025-12-05T10:20:00,121.20,TARGET,1593.70,1142.57
bb,PNB,2025-12-08,SHORT,2025-12-08T10:10:00,119.77,120.18,119.16,2504,0.41,2025-12-08T10:50:00,119.16,TARGET,1533.07,1084.36
bb,PNB,2025-12-09,LONG,2025-12-09T11:50:00,117.27,116.87,117.86,2558,0.40,2025-12-09T13:30:00,117.86,TARGET,1516.70,1065.60
bb,PNB,2025-12-10,SHORT,2025-12-10T11:50:00,117.37,117.72,116.85,2556,0.35,2025-12-10T12:10:00,117.72,STOP,-890.53,-1341.19
bb,PNB,2025-12-11,LONG,2025-12-11T11:20:00,117.45,117.05,118.04,2554,0.40,2025-12-11T12:10:00,118.04,TARGET,1518.66,1067.57
bb,PNB,2025-12-12,SHORT,2025-12-12T10:50:00,117.10,117.41,116.63,2561,0.31,2025-12-12T11:50:00,117.41,STOP,-805.08,-1255.52
bb,PNB,2025-12-16,SHORT,2025-12-16T11:40:00,117.27,117.56,116.83,2558,0.29,2025-12-16T12:50:00,116.83,TARGET,1126.36,677.24
bb,PNB,2025-12-18,SHORT,2025-12-18T10:00:00,117.89,118.25,117.34,2544,0.36,2025-12-18T10:10:00,118.25,STOP,-925.86,-1376.42
bb,PNB,2025-12-19,SHORT,2025-12-19T11:50:00,118.91,119.23,118.44,2522,0.32,2025-12-19T12:10:00,119.23,STOP,-797.54,-1247.98
bb,PNB,2025-12-29,LONG,2025-12-29T12:10:00,120.79,120.34,121.46,2483,0.45,2025-12-29T12:30:00,120.34,STOP,-1113.74,-1562.79
bb,PNB,2025-12-30,LONG,2025-12-30T10:20:00,120.41,120.01,121.01,2491,0.40,2025-12-30T10:20:00,121.01,TARGET,1489.04,1038.01
bb,PNB,2026-01-05,SHORT,2026-01-05T13:30:00,125.50,125.87,124.94,2390,0.37,2026-01-05T13:50:00,124.94,TARGET,1327.00,878.08
bb,PNB,2026-01-06,LONG,2026-01-06T12:00:00,125.71,125.30,126.32,2386,0.41,2026-01-06T13:50:00,125.48,TIME_STOP,-548.78,-998.28
bb,PNB,2026-01-07,SHORT,2026-01-07T13:30:00,125.38,125.68,124.93,2392,0.30,2026-01-07T14:50:00,125.68,STOP,-714.56,-1164.96
bb,PNB,2026-01-12,LONG,2026-01-12T13:20:00,123.05,122.53,123.83,2438,0.52,2026-01-12T14:00:00,122.53,STOP,-1270.44,-1719.48
bb,PNB,2026-01-13,SHORT,2026-01-13T13:20:00,122.86,123.27,122.24,2441,0.41,2026-01-13T13:50:00,123.27,STOP,-1012.54,-1463.15
bb,PNB,2026-01-19,SHORT,2026-01-19T14:10:00,125.57,126.75,123.80,2120,1.18,2026-01-19T14:10:00,126.75,STOP,-2499.42,-2900.61
bb,PNB,2026-01-30,LONG,2026-01-30T10:00:00,125.12,124.56,125.96,2397,0.56,2026-01-30T10:00:00,124.60,REVERSE,-1246.44,-1695.37
bb,PNB,2026-02-04,SHORT,2026-02-04T11:40:00,123.19,123.56,122.63,2435,0.37,2026-02-04T12:10:00,123.56,STOP,-910.04,-1360.67
bb,PNB,2026-02-05,SHORT,2026-02-05T12:50:00,123.80,124.18,123.24,2423,0.38,2026-02-05T14:40:00,123.77,TIME_STOP,72.69,-377.21
bb,PNB,2026-02-11,LONG,2026-02-11T13:20:00,122.85,122.50,123.37,2442,0.35,2026-02-11T14:00:00,123.37,TARGET,1267.26,816.31
bb,PNB,2026-02-16,LONG,2026-02-16T12:30:00,118.99,118.66,119.49,2521,0.33,2026-02-16T12:40:00,119.49,TARGET,1253.23,802.33
bb,PNB,2026-02-19,SHORT,2026-02-19T11:50:00,127.17,127.55,126.60,2359,0.38,2026-02-19T13:40:00,126.90,TIME_STOP,636.93,187.42
bb,PNB,2026-02-23,SHORT,2026-02-23T13:40:00,130.26,130.70,129.60,2303,0.44,2026-02-23T15:20:00,130.18,EOD,184.24,-265.60
bb,PNB,2026-02-24,LONG,2026-02-24T10:20:00,131.32,130.84,132.04,2284,0.48,2026-02-24T11:30:00,132.04,TARGET,1645.66,1194.52
bb,PNB,2026-02-26,SHORT,2026-02-26T11:20:00,130.49,130.95,129.80,2299,0.46,2026-02-26T12:30:00,129.80,TARGET,1587.41,1138.61
bb,PNB,2026-03-11,SHORT,2026-03-11T12:00:00,116.57,116.96,115.98,2573,0.39,2026-03-11T12:20:00,116.96,STOP,-1008.41,-1459.07
bb,PNB,2026-03-12,LONG,2026-03-12T11:20:00,116.95,116.35,117.86,2565,0.60,2026-03-12T11:20:00,116.35,STOP,-1550.13,-1998.94
bb,BANKBARODA,2024-03-19,SHORT,2024-03-19T10:00:00,237.95,239.20,236.07,1260,1.25,2024-03-19T10:10:00,236.07,TARGET,2363.00,1915.05
bb,BANKBARODA,2024-03-20,LONG,2024-03-20T13:20:00,234.81,233.42,236.89,1277,1.39,2024-03-20T14:20:00,233.42,STOP,-1773.61,-2222.06
bb,BANKBARODA,2024-03-27,SHORT,2024-03-27T10:00:00,244.67,245.58,243.31,1226,0.91,2024-03-27T10:30:00,245.58,STOP,-1114.90,-1565.68
bb,BANKBARODA,2024-03-28,LONG,2024-03-28T10:00:00,245.15,244.08,246.76,1223,1.07,2024-03-28T10:50:00,246.76,TARGET,1965.21,1514.00
bb,BANKBARODA,2024-04-03,LONG,2024-04-03T14:00:00,253.22,252.50,254.29,1184,0.72,2024-04-03T14:00:00,254.29,TARGET,1272.46,821.79
bb,BANKBARODA,2024-04-04,SHORT,2024-04-04T11:30:00,253.85,255.11,251.96,1181,1.26,2024-04-04T13:20:00,253.46,TIME_STOP,460.59,11.24
bb,BANKBARODA,2024-04-05,LONG,2024-04-05T11:20:00,253.90,252.90,255.41,1181,1.00,2024-04-05T11:40:00,252.90,STOP,-1185.70,-1634.60
bb,BANKBARODA,2024-04-09,LONG,2024-04-09T10:10:00,253.22,252.10,254.90,1184,1.12,2024-04-09T10:20:00,252.10,STOP,-1322.53,-1771.26
bb,BANKBARODA,2024-04-10,LONG,2024-04-10T10:20:00,251.29,250.39,252.65,1193,0.90,2024-04-10T10:40:00,252.65,TARGET,1617.39,1166.49
bb,BANKBARODA,2024-04-12,SHORT,2024-04-12T13:30:00,253.66,254.51,252.39,1182,0.85,2024-04-12T14:10:00,252.39,TARGET,1500.98,1052.37
bb,BANKBARODA,2024-04-18,LONG,2024-04-18T12:40:00,246.41,245.36,247.99,1217,1.05,2024-04-18T13:30:00,245.36,STOP,-1281.68,-1730.54
bb,BANKBARODA,2024-04-25,LONG,2024-04-25T10:10:00,247.76,246.88,249.08,1210,0.88,2024-04-25T10:10:00,249.08,TARGET,1597.26,1146.38
bb,BANKBARODA,2024-04-29,LONG,2024-04-29T11:50:00,253.66,252.67,255.14,1182,0.99,2024-04-29T12:40:00,255.14,TARGET,1750.72,1299.66
bb,BANKBARODA,2024-05-03,SHORT,2024-05-03T11:50:00,260.62,261.87,258.74,1151,1.25,2024-05-03T12:40:00,261.87,STOP,-1444.09,-1895.13
bb,BANKBARODA,2024-05-09,SHORT,2024-05-09T13:00:00,247.62,249.00,245.55,1211,1.38,2024-05-09T13:50:00,249.00,STOP,-1668.23,-2119.28
bb,BANKBARODA,2024-05-13,LONG,2024-05-13T12:50:00,244.04,242.25,246.72,1229,1.79,2024-05-13T13:30:00,242.25,STOP,-2199.50,-2647.74
bb,BANKBARODA,2024-05-14,SHORT,2024-05-14T10:10:00,242.64,244.29,240.16,1236,1.65,2024-05-14T12:00:00,242.88,TIME_STOP,-296.64,-746.72
bb,BANKBARODA,2024-05-16,SHORT,2024-05-16T11:00:00,246.99,247.99,245.49,1214,1.00,2024-05-16T11:10:00,245.49,TARGET,1815.85,1367.44
bb,BANKBARODA,2024-05-17,SHORT,2024-05-17T12:10:00,245.34,246.35,243.82,1222,1.01,2024-05-17T12:30:00,245.20,EOD_FORCED,171.08,-278.50
bb,BANKBARODA,2024-05-21,LONG,2024-05-21T10:30:00,248.49,247.30,250.27,1207,1.19,2024-05-21T10:50:00,247.30,STOP,-1436.07,-1884.89
bb,BANKBARODA,2024-05-22,SHORT,2024-05-22T11:10:00,248.10,249.23,246.41,1209,1.13,2024-05-22T13:00:00,247.57,TIME_STOP,640.77,191.32
bb,BANKBARODA,2024-05-27,LONG,2024-05-27T12:40:00,254.04,253.10,255.45,1180,0.94,2024-05-27T14:00:00,255.45,TARGET,1668.84,1217.94
bb,BANKBARODA,2024-05-28,SHORT,2024-05-28T10:10:00,252.93,254.05,251.25,1186,1.12,2024-05-28T11:30:00,251.25,TARGET,1990.73,1542.26
bb,BANKBARODA,2024-05-30,LONG,2024-05-30T13:40:00,247.52,246.79,248.61,1212,0.73,2024-05-30T13:50:00,248.61,TARGET,1319.77,868.79
bb,BANKBARODA,2024-05-31,LONG,2024-05-31T13:30:00,247.86,247.02,249.12,1210,0.84,2024-05-31T13:50:00,249.12,TARGET,1523.90,1072.89
bb,BANKBARODA,2024-06-04,SHORT,2024-06-04T11:30:00,240.90,244.99,234.77,611,4.09,2024-06-04T11:40:00,234.77,TARGET,3747.12,3529.15
bb,BANKBARODA,2024-06-05,LONG,2024-06-05T13:00:00,236.11,232.79,241.09,752,3.32,2024-06-05T14:10:00,241.09,TARGET,3748.26,3479.11
bb,BANKBARODA,2024-06-12,LONG,2024-06-12T10:10:00,260.62,259.52,262.27,1151,1.10,2024-06-12T10:30:00,262.27,TARGET,1903.64,1452.25
bb,BANKBARODA,2024-06-13,SHORT,2024-06-13T13:50:00,265.40,266.14,264.29,1130,0.74,2024-06-13T15:10:00,266.14,STOP,-834.08,-1284.56
bb,BANKBARODA,2024-06-14,LONG,2024-06-14T10:10:00,266.13,265.30,267.38,1127,0.83,2024-06-14T11:10:00,267.38,TARGET,1404.94,954.00
bb,BANKBARODA,2024-06-20,LONG,2024-06-20T13:30:00,268.79,268.02,269.94,1116,0.77,2024-06-20T13:30:00,268.40,REVERSE,-435.24,-884.87
bb,BANKBARODA,2024-06-24,LONG,2024-06-24T12:10:00,264.15,262.91,266.01,1135,1.24,2024-06-24T14:00:00,264.87,TIME_STOP,817.20,366.87
bb,BANKBARODA,2024-06-25,SHORT,2024-06-25T12:00:00,264.10,264.88,262.92,1135,0.78,2024-06-25T12:20:00,262.92,TARGET,1334.25,885.62
bb,BANKBARODA,2024-06-26,SHORT,2024-06-26T13:40:00,264.00,264.81,262.78,1136,0.81,2024-06-26T14:10:00,264.81,STOP,-921.25,-1371.80
bb,BANKBARODA,2024-07-03,LONG,2024-07-03T11:00:00,258.25,257.11,259.97,1161,1.14,2024-07-03T11:00:00,257.62,REVERSE,-731.43,-1180.62
bb,BANKBARODA,2024-07-04,SHORT,2024-07-04T10:40:00,257.04,258.11,255.44,1167,1.07,2024-07-04T11:30:00,258.11,STOP,-1247.26,-1698.14
bb,BANKBARODA,2024-07-09,LONG,2024-07-09T12:00:00,255.16,254.30,256.45,1175,0.86,2024-07-09T12:20:00,254.30,STOP,-1007.60,-1456.57
bb,BANKBARODA,2024-07-11,LONG,2024-07-11T10:20:00,249.40,248.55,250.67,1202,0.85,2024-07-11T10:20:00,248.55,STOP,-1021.19,-1470.10
bb,BANKBARODA,2024-07-12,SHORT,2024-07-12T12:00:00,247.71,248.49,246.54,1211,0.78,2024-07-12T12:40:00,246.54,TARGET,1413.14,964.23
bb,BANKBARODA,2024-07-15,LONG,2024-07-15T11:30:00,246.17,245.20,247.63,1218,0.97,2024-07-15T12:00:00,245.20,STOP,-1182.63,-1631.50
bb,BANKBARODA,2024-07-22,LONG,2024-07-22T10:20:00,246.02,244.65,248.08,1219,1.37,2024-07-22T12:10:00,247.04,TIME_STOP,1243.38,792.60
bb,BANKBARODA,2024-07-26,LONG,2024-07-26T11:20:00,238.77,237.85,240.15,1256,0.92,2024-07-26T13:10:00,239.25,TIME_STOP,602.88,152.59
bb,BANKBARODA,2024-08-01,SHORT,2024-08-01T11:20:00,244.67,245.85,242.89,1226,1.18,2024-08-01T12:30:00,242.89,TARGET,2176.73,1728.41
bb,BANKBARODA,2024-08-12,SHORT,2024-08-12T13:20:00,236.74,237.54,235.53,1267,0.80,2024-08-12T14:30:00,237.54,STOP,-1018.40,-1469.09
bb,BANKBARODA,2024-08-13,LONG,2024-08-13T11:00:00,237.61,236.75,238.91,1262,0.86,2024-08-13T12:00:00,236.75,STOP,-1089.57,-1538.55
bb,BANKBARODA,2024-08-16,LONG,2024-08-16T14:00:00,234.57,234.01,235.41,1278,0.56,2024-08-16T14:40:00,235.41,TARGET,1075.73,625.25
bb,BANKBARODA,2024-08-21,SHORT,2024-08-21T11:20:00,243.94,244.67,242.84,1229,0.73,2024-08-21T11:30:00,244.67,STOP,-898.61,-1348.99
bb,BANKBARODA,2024-08-23,SHORT,2024-08-23T13:50:00,244.81,245.35,244.00,1225,0.54,2024-08-23T15:00:00,244.00,TARGET,993.01,543.92
bb,BANKBARODA,2024-08-27,LONG,2024-08-27T11:20:00,243.56,242.94,244.49,1231,0.62,2024-08-27T11:40:00,242.94,STOP,-766.66,-1215.81
bb,BANKBARODA,2024-08-28,LONG,2024-08-28T13:10:00,242.54,242.08,243.23,1236,0.46,2024-08-28T13:10:00,242.08,STOP,-564.74,-1013.98
bb,BANKBARODA,2024-08-29,LONG,2024-08-29T13:00:00,241.77,241.26,242.54,1240,0.51,2024-08-29T13:50:00,241.26,STOP,-636.30,-1085.52
bb,BANKBARODA,2024-09-02,SHORT,2024-09-02T10:00:00,240.85,241.62,239.69,1245,0.77,2024-09-02T11:30:00,241.62,STOP,-963.07,-1413.58
bb,BANKBARODA,2024-09-03,SHORT,2024-09-03T13:10:00,243.60,244.19,242.71,1231,0.59,2024-09-03T14:50:00,242.71,TARGET,1090.59,641.60
bb,BANKBARODA,2024-09-05,LONG,2024-09-05T13:50:00,235.82,235.25,236.68,1272,0.57,2024-09-05T15:20:00,235.58,EOD,-305.28,-755.00
bb,BANKBARODA,2024-09-11,SHORT,2024-09-11T12:30:00,227.90,228.62,226.82,1316,0.72,2024-09-11T13:40:00,226.82,TARGET,1421.26,972.45
bb,BANKBARODA,2024-09-12,LONG,2024-09-12T12:10:00,227.27,226.50,228.43,1320,0.77,2024-09-12T12:40:00,228.43,TARGET,1525.20,1074.06
bb,BANKBARODA,2024-09-17,LONG,2024-09-17T12:20:00,231.62,231.02,232.52,1295,0.60,2024-09-17T12:40:00,232.52,TARGET,1166.22,715.43
bb,BANKBARODA,2024-09-18,LONG,2024-09-18T10:00:00,232.20,231.59,233.12,1291,0.61,2024-09-18T10:10:00,231.59,STOP,-793.46,-1242.52
bb,BANKBARODA,2024-09-20,SHORT,2024-09-20T14:00:00,228.57,229.31,227.46,1312,0.74,2024-09-20T15:10:00,227.46,TARGET,1456.78,1008.05
bb,BANKBARODA,2024-09-25,LONG,2024-09-25T14:10:00,234.81,234.15,235.80,1277,0.66,2024-09-25T14:30:00,234.15,STOP,-842.77,-1291.92
bb,BANKBARODA,2024-10-04,LONG,2024-10-04T10:00:00,242.11,240.44,244.62,1239,1.67,2024-10-04T11:20:00,244.62,TARGET,3106.16,2653.87
bb,BANKBARODA,2024-10-08,LONG,2024-10-08T10:40:00,237.62,235.79,240.36,1262,1.83,2024-10-08T11:50:00,240.36,TARGET,3460.29,3007.88
bb,BANKBARODA,2024-10-10,SHORT,2024-10-10T13:50:00,239.66,240.44,238.50,1251,0.78,2024-10-10T15:00:00,238.50,TARGET,1456.18,1007.55
bb,BANKBARODA,2024-10-14,LONG,2024-10-14T10:30:00,235.82,235.03,237.01,1272,0.79,2024-10-14T12:20:00,235.03,STOP,-1010.96,-1460.14
bb,BANKBARODA,2024-10-15,SHORT,2024-10-15T13:00:00,235.97,236.56,235.09,1271,0.59,2024-10-15T13:00:00,235.09,TARGET,1123.47,674.43
bb,BANKBARODA,2024-10-16,SHORT,2024-10-16T10:50:00,235.29,235.95,234.31,1275,0.66,2024-10-16T11:30:00,235.95,STOP,-835.30,-1285.92
bb,BANKBARODA,2024-10-18,LONG,2024-10-18T11:40:00,235.87,234.96,237.23,1271,0.91,2024-10-18T12:30:00,237.23,TARGET,1728.62,1277.63
bb,BANKBARODA,2024-10-21,SHORT,2024-10-21T12:30:00,238.12,239.05,236.72,1259,0.93,2024-10-21T13:00:00,236.72,TARGET,1763.55,1315.18
bb,BANKBARODA,2024-10-23,LONG,2024-10-23T13:50:00,228.30,227.11,230.08,1314,1.19,2024-10-23T14:40:00,230.08,TARGET,2341.88,1890.15
bb,BANKBARODA,2024-10-29,LONG,2024-10-29T12:10:00,243.07,242.03,244.63,1234,1.04,2024-10-29T14:00:00,244.63,TARGET,1927.73,1476.36
bb,BANKBARODA,2024-11-04,SHORT,2024-11-04T11:00:00,240.85,241.96,239.19,1245,1.11,2024-11-04T12:50:00,240.61,TIME_STOP,298.80,-150.76
bb,BANKBARODA,2024-11-11,LONG,2024-11-11T11:30:00,250.13,248.76,252.19,1199,1.37,2024-11-11T13:20:00,250.03,TIME_STOP,-119.90,-569.67
bb,BANKBARODA,2024-11-12,SHORT,2024-11-12T10:30:00,249.16,250.25,247.52,1204,1.09,2024-11-12T12:10:00,247.52,TARGET,1969.49,1520.99
bb,BANKBARODA,2024-11-19,LONG,2024-11-19T10:10:00,236.74,235.70,238.29,1267,1.04,2024-11-19T11:40:00,235.70,STOP,-1311.72,-1760.66
bb,BANKBARODA,2024-11-27,SHORT,2024-11-27T10:50:00,237.47,238.37,236.13,1263,0.90,2024-11-27T11:30:00,238.37,STOP,-1132.43,-1583.17
bb,BANKBARODA,2024-11-28,LONG,2024-11-28T10:00:00,239.93,238.99,241.34,1250,0.94,2024-11-28T10:20:00,241.34,TARGET,1757.22,1306.04
bb,BANKBARODA,2024-11-29,SHORT,2024-11-29T10:50:00,238.72,239.80,237.10,1256,1.08,2024-11-29T11:40:00,237.10,TARGET,2037.55,1589.33
bb,BANKBARODA,2024-12-09,LONG,2024-12-09T11:50:00,255.31,254.46,256.58,1175,0.85,2024-12-09T12:30:00,254.46,STOP,-996.65,-1445.89
bb,BANKBARODA,2024-12-11,SHORT,2024-12-11T13:50:00,254.04,254.61,253.18,1180,0.57,2024-12-11T14:00:00,253.18,TARGET,1012.85,563.96
bb,BANKBARODA,2024-12-13,LONG,2024-12-13T14:00:00,248.92,247.97,250.34,1205,0.95,2024-12-13T15:20:00,249.40,EOD,578.40,128.04
bb,BANKBARODA,2024-12-17,SHORT,2024-12-17T10:10:00,248.73,249.46,247.63,1206,0.73,2024-12-17T10:50:00,249.46,STOP,-880.42,-1331.04
bb,BANKBARODA,2024-12-23,LONG,2024-12-23T13:20:00,237.91,236.92,239.39,1260,0.99,2024-12-23T15:10:00,238.19,TIME_STOP,352.80,-97.11
bb,BANKBARODA,2024-12-24,SHORT,2024-12-24T11:40:00,236.61,237.47,235.33,1267,0.86,2024-12-24T12:30:00,235.33,TARGET,1626.61,1178.15
bb,BANKBARODA,2024-12-27,SHORT,2024-12-27T12:20:00,237.52,238.24,236.45,1263,0.72,2024-12-27T13:50:00,238.24,STOP,-903.40,-1354.06
bb,BANKBARODA,2024-12-30,LONG,2024-12-30T12:00:00,238.96,238.12,240.22,1255,0.84,2024-12-30T12:00:00,238.12,STOP,-1050.33,-1499.39
bb,BANKBARODA,2025-01-01,LONG,2025-01-01T11:00:00,233.27,232.43,234.53,1286,0.84,2025-01-01T11:40:00,232.43,STOP,-1080.23,-1529.40
bb,BANKBARODA,2025-01-02,LONG,2025-01-02T13:50:00,232.49,231.66,233.73,1290,0.83,2025-01-02T13:50:00,231.66,STOP,-1066.82,-1515.88
bb,BANKBARODA,2025-01-07,LONG,2025-01-07T10:30:00,223.58,222.23,225.60,1341,1.35,2025-01-07T12:20:00,224.17,TIME_STOP,791.19,340.87
bb,BANKBARODA,2025-01-08,SHORT,2025-01-08T10:50:00,222.97,223.89,221.59,1345,0.92,2025-01-08T12:40:00,223.51,TIME_STOP,-726.30,-1176.69
bb,BANKBARODA,2025-01-09,SHORT,2025-01-09T11:10:00,222.58,223.49,221.22,1347,0.91,2025-01-09T11:40:00,223.49,STOP,-1224.49,-1675.13
bb,BANKBARODA,2025-01-15,SHORT,2025-01-15T13:20:00,215.88,216.67,214.69,1389,0.79,2025-01-15T13:50:00,214.69,TARGET,1648.34,1199.79
bb,BANKBARODA,2025-01-23,LONG,2025-01-23T10:20:00,220.63,219.56,222.23,1359,1.07,2025-01-23T11:20:00,219.56,STOP,-1449.67,-1898.33
bb,BANKBARODA,2025-01-24,LONG,2025-01-24T11:50:00,221.60,220.68,222.98,1353,0.92,2025-01-24T12:10:00,220.68,STOP,-1243.24,-1692.05
bb,BANKBARODA,2025-01-28,LONG,2025-01-28T12:10:00,216.01,214.73,217.93,1388,1.28,2025-01-28T12:30:00,214.73,STOP,-1772.02,-2220.42
bb,BANKBARODA,2025-01-30,SHORT,2025-01-30T13:40:00,215.47,216.16,214.43,1392,0.69,2025-01-30T14:20:00,216.16,STOP,-962.54,-1413.17
bb,BANKBARODA,2025-02-01,LONG,2025-02-01T10:30:00,208.05,207.25,209.25,1441,0.80,2025-02-01T11:10:00,207.25,STOP,-1149.89,-1598.72
bb,BANKBARODA,2025-02-07,SHORT,2025-02-07T10:10:00,210.32,211.10,209.16,1426,0.78,2025-02-07T10:10:00,211.10,STOP,-1105.75,-1556.46
bb,BANKBARODA,2025-02-12,LONG,2025-02-12T11:50:00,204.95,203.79,206.69,1463,1.16,2025-02-12T13:10:00,206.69,TARGET,2544.29,2092.62
bb,BANKBARODA,2025-02-13,SHORT,2025-02-13T12:20:00,204.97,205.66,203.94,1463,0.69,2025-02-13T13:30:00,203.94,TARGET,1509.86,1061.18
bb,BANKBARODA,2025-02-18,LONG,2025-02-18T12:40:00,198.99,198.15,200.25,1507,0.84,2025-02-18T12:40:00,198.15,STOP,-1264.05,-1712.91
bb,BANKBARODA,2025-02-21,SHORT,2025-02-21T10:30:00,204.12,204.98,202.83,1469,0.86,2025-02-21T12:20:00,203.66,TIME_STOP,675.74,226.47
bb,BANKBARODA,2025-02-25,SHORT,2025-02-25T10:20:00,200.68,201.37,199.64,1494,0.69,2025-02-25T10:30:00,199.64,TARGET,1554.24,1105.68
bb,BANKBARODA,2025-03-04,SHORT,2025-03-04T13:20:00,189.28,190.08,188.08,1584,0.80,2025-03-04T14:10:00,190.08,STOP,-1267.17,-1717.85
bb,BANKBARODA,2025-03-12,LONG,2025-03-12T10:00:00,197.61,196.78,198.86,1518,0.83,2025-03-12T10:20:00,196.78,STOP,-1266.09,-1715.10
bb,BANKBARODA,2025-03-17,SHORT,2025-03-17T10:20:00,197.89,198.61,196.82,1515,0.72,2025-03-17T11:00:00,198.61,STOP,-1084.88,-1535.40
bb,BANKBARODA,2025-03-21,SHORT,2025-03-21T14:10:00,208.73,209.17,208.06,1437,0.44,2025-03-21T14:10:00,209.17,STOP,-637.59,-1087.98
bb,BANKBARODA,2025-03-25,SHORT,2025-03-25T11:00:00,214.41,215.35,213.00,1399,0.94,2025-03-25T12:30:00,215.35,STOP,-1312.22,-1763.14
bb,BANKBARODA,2025-03-28,SHORT,2025-03-28T12:40:00,220.54,221.46,219.15,1360,0.92,2025-03-28T14:30:00,220.64,TIME_STOP,-136.00,-586.00
bb,BANKBARODA,2025-04-01,SHORT,2025-04-01T11:10:00,220.25,221.26,218.74,1362,1.01,2025-04-01T11:20:00,221.26,STOP,-1374.80,-1825.80
bb,BANKBARODA,2025-04-02,SHORT,2025-04-02T10:00:00,219.34,220.53,217.56,1367,1.19,2025-04-02T10:50:00,220.53,STOP,-1622.40,-2073.37
bb,BANKBARODA,2025-04-09,SHORT,2025-04-09T10:20:00,224.19,225.25,222.60,1338,1.06,2025-04-09T10:20:00,225.25,STOP,-1422.44,-1873.45
bb,BANKBARODA,2025-04-24,SHORT,2025-04-24T14:10:00,243.52,244.13,242.60,1231,0.61,2025-04-24T14:20:00,244.13,STOP,-755.54,-1205.76
bb,BANKBARODA,2025-05-06,SHORT,2025-05-06T10:00:00,237.85,238.97,236.18,1261,1.12,2025-05-06T10:40:00,238.97,STOP,-1408.01,-1858.96
bb,BANKBARODA,2025-05-09,LONG,2025-05-09T13:00:00,211.98,210.99,213.46,1415,0.99,2025-05-09T13:10:00,210.99,STOP,-1400.24,-1849.12
bb,BANKBARODA,2025-05-20,SHORT,2025-05-20T12:10:00,231.78,232.54,230.64,1294,0.76,2025-05-20T12:20:00,232.54,STOP,-982.26,-1432.88
bb,BANKBARODA,2025-05-22,SHORT,2025-05-22T14:10:00,231.01,231.82,229.80,1298,0.81,2025-05-22T14:40:00,231.82,STOP,-1049.35,-1499.92
bb,BANKBARODA,2025-05-26,SHORT,2025-05-26T10:50:00,233.42,234.09,232.42,1285,0.67,2025-05-26T12:40:00,232.84,TIME_STOP,745.30,295.94
bb,BANKBARODA,2025-05-27,LONG,2025-05-27T12:30:00,233.41,232.73,234.43,1285,0.68,2025-05-27T14:00:00,232.73,STOP,-870.18,-1319.43
bb,BANKBARODA,2025-06-03,SHORT,2025-06-03T11:50:00,244.81,245.64,243.56,1225,0.83,2025-06-03T12:10:00,243.56,TARGET,1532.76,1084.07
bb,BANKBARODA,2025-06-04,LONG,2025-06-04T11:00:00,245.92,245.12,247.12,1219,0.80,2025-06-04T12:50:00,245.59,TIME_STOP,-402.27,-851.63
bb,BANKBARODA,2025-06-10,SHORT,2025-06-10T10:10:00,247.33,248.01,246.32,1212,0.68,2025-06-10T10:20:00,248.01,STOP,-819.40,-1269.66
bb,BANKBARODA,2025-06-16,LONG,2025-06-16T12:20:00,239.27,238.37,240.62,1253,0.90,2025-06-16T12:20:00,238.37,STOP,-1130.88,-1579.74
bb,BANKBARODA,2025-06-17,SHORT,2025-06-17T11:40:00,239.32,240.01,238.28,1253,0.69,2025-06-17T12:50:00,238.28,TARGET,1304.45,855.63
bb,BANKBARODA,2025-06-18,LONG,2025-06-18T10:20:00,239.15,238.51,240.10,1254,0.64,2025-06-18T10:30:00,238.60,REVERSE,-689.70,-1139.02
bb,BANKBARODA,2025-06-20,LONG,2025-06-20T10:50:00,234.56,233.70,235.85,1278,0.86,2025-06-20T11:10:00,235.85,TARGET,1652.20,1201.31
bb,BANKBARODA,2025-06-23,LONG,2025-06-23T11:40:00,234.61,233.77,235.87,1278,0.84,2025-06-23T13:30:00,235.00,TIME_STOP,498.42,48.30
bb,BANKBARODA,2025-07-02,SHORT,2025-07-02T10:00:00,243.43,244.43,241.94,1232,1.00,2025-07-02T11:20:00,244.43,STOP,-1227.06,-1677.84
bb,BANKBARODA,2025-07-07,SHORT,2025-07-07T13:30:00,241.62,242.23,240.71,1241,0.61,2025-07-07T14:50:00,240.71,TARGET,1131.79,682.87
bb,BANKBARODA,2025-07-11,LONG,2025-07-11T13:10:00,239.00,238.20,240.19,1255,0.80,2025-07-11T13:10:00,238.20,STOP,-999.39,-1448.56
bb,BANKBARODA,2025-07-18,SHORT,2025-07-18T10:30:00,245.46,246.19,244.36,1222,0.73,2025-07-18T11:30:00,246.19,STOP,-893.45,-1344.05
bb,BANKBARODA,2025-07-21,LONG,2025-07-21T13:00:00,245.00,244.25,246.13,1224,0.75,2025-07-21T13:50:00,244.25,STOP,-920.22,-1369.35
bb,BANKBARODA,2025-07-23,LONG,2025-07-23T12:30:00,241.10,240.45,242.07,1244,0.65,2025-07-23T14:20:00,241.77,TIME_STOP,833.48,382.96
bb,BANKBARODA,2025-07-25,SHORT,2025-07-25T13:10:00,243.79,244.63,242.52,1230,0.84,2025-07-25T14:50:00,242.52,TARGET,1558.34,1109.72
bb,BANKBARODA,2025-07-28,SHORT,2025-07-28T10:00:00,242.30,243.80,240.05,1238,1.50,2025-07-28T10:10:00,243.80,STOP,-1857.92,-2309.26
bb,BANKBARODA,2025-07-29,LONG,2025-07-29T10:40:00,241.82,240.80,243.36,1240,1.02,2025-07-29T11:10:00,241.15,REVERSE,-830.80,-1279.96
bb,BANKBARODA,2025-07-30,LONG,2025-07-30T12:10:00,242.50,241.82,243.52,1237,0.68,2025-07-30T13:30:00,241.82,STOP,-839.89,-1289.22
bb,BANKBARODA,2025-07-31,LONG,2025-07-31T12:50:00,240.38,239.58,241.59,1248,0.80,2025-07-31T14:20:00,239.58,STOP,-1003.13,-1452.37
bb,BANKBARODA,2025-08-04,LONG,2025-08-04T13:00:00,238.86,238.11,239.98,1255,0.75,2025-08-04T13:20:00,239.98,TARGET,1405.16,954.45
bb,BANKBARODA,2025-08-05,SHORT,2025-08-05T14:10:00,240.17,240.76,239.29,1249,0.59,2025-08-05T14:40:00,240.76,STOP,-734.40,-1184.91
bb,BANKBARODA,2025-08-06,SHORT,2025-08-06T11:00:00,240.05,240.87,238.83,1249,0.82,2025-08-06T12:20:00,240.87,STOP,-1018.91,-1469.41
bb,BANKBARODA,2025-08-07,SHORT,2025-08-07T10:40:00,240.74,241.48,239.64,1246,0.74,2025-08-07T11:00:00,241.48,STOP,-917.68,-1368.31
bb,BANKBARODA,2025-08-08,SHORT,2025-08-08T12:10:00,239.71,240.38,238.71,1251,0.67,2025-08-08T12:30:00,240.38,STOP,-833.42,-1283.86
bb,BANKBARODA,2025-08-12,SHORT,2025-08-12T13:30:00,242.86,243.41,242.04,1235,0.55,2025-08-12T13:50:00,243.41,STOP,-675.95,-1126.36
bb,BANKBARODA,2025-08-13,LONG,2025-08-13T10:00:00,244.17,243.55,245.10,1228,0.62,2025-08-13T10:30:00,243.55,STOP,-761.95,-1211.14
bb,BANKBARODA,2025-08-14,LONG,2025-08-14T10:30:00,243.11,242.50,244.02,1234,0.61,2025-08-14T11:50:00,242.50,STOP,-749.98,-1199.42
bb,BANKBARODA,2025-08-18,SHORT,2025-08-18T12:30:00,242.59,243.24,241.61,1236,0.65,2025-08-18T14:20:00,241.61,TARGET,1209.54,760.69
bb,BANKBARODA,2025-08-19,LONG,2025-08-19T10:30:00,244.00,243.35,244.97,1229,0.65,2025-08-19T12:10:00,244.97,TARGET,1195.91,745.20
bb,BANKBARODA,2025-08-20,SHORT,2025-08-20T12:30:00,245.56,246.15,244.68,1221,0.59,2025-08-20T13:00:00,244.68,TARGET,1076.89,627.96
bb,BANKBARODA,2025-08-21,LONG,2025-08-21T10:10:00,246.01,245.56,246.69,1219,0.45,2025-08-21T10:30:00,246.69,TARGET,825.93,375.48
bb,BANKBARODA,2025-08-29,LONG,2025-08-29T13:10:00,233.50,232.88,234.43,1284,0.62,2025-08-29T14:00:00,232.88,STOP,-793.28,-1242.41
bb,BANKBARODA,2025-09-04,SHORT,2025-09-04T11:00:00,236.99,237.64,236.01,1265,0.65,2025-09-04T11:20:00,236.01,TARGET,1234.52,785.75
bb,BANKBARODA,2025-09-08,SHORT,2025-09-08T14:10:00,234.95,235.49,234.14,1276,0.54,2025-09-08T14:30:00,235.49,STOP,-690.02,-1140.23
bb,BANKBARODA,2025-09-12,SHORT,2025-09-12T10:30:00,238.27,238.80,237.47,1259,0.53,2025-09-12T11:00:00,237.47,TARGET,1006.45,557.23
bb,BANKBARODA,2025-09-15,SHORT,2025-09-15T13:00:00,237.64,238.14,236.90,1262,0.50,2025-09-15T13:20:00,238.14,STOP,-626.51,-1076.84
bb,BANKBARODA,2025-09-22,SHORT,2025-09-22T14:10:00,252.14,252.67,251.34,1189,0.53,2025-09-22T14:20:00,252.67,STOP,-635.17,-1085.34
bb,BANKBARODA,2025-09-23,LONG,2025-09-23T12:40:00,253.07,252.31,254.21,1185,0.76,2025-09-23T13:40:00,254.21,TARGET,1345.33,894.49
bb,BANKBARODA,2025-09-25,LONG,2025-09-25T10:20:00,255.62,254.74,256.94,1173,0.88,2025-09-25T10:40:00,254.74,STOP,-1028.47,-1477.47
bb,BANKBARODA,2025-09-29,LONG,2025-09-29T13:40:00,253.06,252.27,254.25,1185,0.79,2025-09-29T14:20:00,254.25,TARGET,1405.54,954.67
bb,BANKBARODA,2025-10-01,SHORT,2025-10-01T10:50:00,256.50,257.66,254.76,1169,1.16,2025-10-01T11:40:00,257.66,STOP,-1352.41,-1803.19
bb,BANKBARODA,2025-10-08,LONG,2025-10-08T13:40:00,261.70,260.91,262.88,1146,0.79,2025-10-08T13:50:00,262.88,TARGET,1355.43,904.55
bb,BANKBARODA,2025-10-13,LONG,2025-10-13T10:30:00,267.70,266.88,268.93,1120,0.82,2025-10-13T11:00:00,266.88,STOP,-916.31,-1365.36
bb,BANKBARODA,2025-10-15,LONG,2025-10-15T10:10:00,266.35,265.49,267.64,1126,0.86,2025-10-15T10:50:00,267.64,TARGET,1453.41,1002.45
bb,BANKBARODA,2025-10-16,SHORT,2025-10-16T10:40:00,268.00,268.76,266.85,1119,0.76,2025-10-16T11:00:00,266.85,TARGET,1283.16,834.29
bb,BANKBARODA,2025-10-21,LONG,2025-10-21T14:00:00,271.20,269.96,273.07,1106,1.24,2025-10-21T14:30:00,269.96,STOP,-1376.26,-1825.15
bb,BANKBARODA,2025-10-30,LONG,2025-10-30T10:30:00,276.35,275.33,277.88,1085,1.02,2025-10-30T10:30:00,275.33,STOP,-1105.98,-1554.91
bb,BANKBARODA,2025-11-04,SHORT,2025-11-04T10:50:00,289.10,290.19,287.46,1037,1.09,2025-11-04T12:40:00,287.46,TARGET,1697.84,1249.42
bb,BANKBARODA,2025-11-06,LONG,2025-11-06T10:00:00,289.50,288.32,291.27,1036,1.18,2025-11-06T10:00:00,288.32,STOP,-1223.89,-1672.85
bb,BANKBARODA,2025-11-07,LONG,2025-11-07T11:30:00,287.45,286.36,289.09,1043,1.09,2025-11-07T13:00:00,289.09,TARGET,1712.25,1261.25
bb,BANKBARODA,2025-11-10,SHORT,2025-11-10T10:30:00,287.65,288.62,286.19,1042,0.97,2025-11-10T12:20:00,286.75,TIME_STOP,937.80,488.91
bb,BANKBARODA,2025-11-11,LONG,2025-11-11T14:00:00,285.40,284.67,286.49,1051,0.73,2025-11-11T14:10:00,284.67,STOP,-762.13,-1211.50
bb,BANKBARODA,2025-11-12,SHORT,2025-11-12T12:10:00,285.30,286.15,284.02,1051,0.85,2025-11-12T12:20:00,286.15,STOP,-898.60,-1349.05
bb,BANKBARODA,2025-11-17,SHORT,2025-11-17T14:10:00,288.35,289.04,287.31,1040,0.69,2025-11-17T15:20:00,287.80,EOD,572.00,122.60
bb,BANKBARODA,2025-11-18,LONG,2025-11-18T11:00:00,289.00,288.20,290.20,1038,0.80,2025-11-18T11:50:00,288.20,STOP,-827.09,-1276.45
bb,BANKBARODA,2025-11-19,SHORT,2025-11-19T10:00:00,287.70,288.41,286.63,1042,0.71,2025-11-19T10:00:00,288.41,STOP,-741.17,-1191.40
bb,BANKBARODA,2025-11-20,SHORT,2025-11-20T11:30:00,291.20,291.90,290.15,1030,0.70,2025-11-20T12:30:00,290.15,TARGET,1078.35,629.25
bb,BANKBARODA,2025-11-25,LONG,2025-11-25T11:00:00,283.90,283.10,285.10,1056,0.80,2025-11-25T12:00:00,285.10,TARGET,1262.39,811.74
bb,BANKBARODA,2025-12-04,LONG,2025-12-04T11:20:00,288.40,287.35,289.98,1040,1.05,2025-12-04T11:30:00,287.65,REVERSE,-780.00,-1229.32
bb,BANKBARODA,2025-12-05,LONG,2025-12-05T10:20:00,289.40,288.33,291.00,1036,1.07,2025-12-05T10:30:00,288.33,STOP,-1104.63,-1553.53
bb,BANKBARODA,2025-12-08,SHORT,2025-12-08T10:10:00,288.50,289.56,286.91,1039,1.06,2025-12-08T11:20:00,286.91,TARGET,1651.92,1203.53
bb,BANKBARODA,2025-12-09,LONG,2025-12-09T11:10:00,286.80,285.65,288.53,1046,1.15,2025-12-09T13:00:00,288.10,TIME_STOP,1359.80,908.79
bb,BANKBARODA,2025-12-10,SHORT,2025-12-10T11:30:00,287.25,288.08,286.00,1044,0.83,2025-12-10T12:30:00,286.00,TARGET,1306.85,857.99
bb,BANKBARODA,2025-12-12,LONG,2025-12-12T10:00:00,285.75,284.92,287.00,1049,0.83,2025-12-12T10:00:00,284.92,STOP,-874.90,-1323.87
bb,BANKBARODA,2025-12-29,LONG,2025-12-29T12:10:00,289.90,289.32,290.76,1034,0.58,2025-12-29T12:30:00,289.32,STOP,-595.45,-1044.64
bb,BANKBARODA,2025-12-30,LONG,2025-12-30T10:40:00,289.70,288.83,291.01,1035,0.87,2025-12-30T10:50:00,288.83,STOP,-904.06,-1353.15
bb,BANKBARODA,2026-01-05,SHORT,2026-01-05T14:00:00,305.10,306.17,303.50,983,1.07,2026-01-05T14:10:00,306.17,STOP,-1047.84,-1498.49
bb,BANKBARODA,2026-01-06,LONG,2026-01-06T11:20:00,306.90,305.95,308.33,977,0.95,2026-01-06T11:20:00,305.95,STOP,-928.77,-1377.83
bb,BANKBARODA,2026-01-07,LONG,2026-01-07T10:00:00,306.90,305.82,308.53,977,1.08,2026-01-07T11:20:00,308.53,TARGET,1588.09,1137.13
bb,BANKBARODA,2026-01-12,LONG,2026-01-12T13:20:00,300.85,299.55,302.80,997,1.30,2026-01-12T15:10:00,301.85,TIME_STOP,997.00,546.33
bb,BANKBARODA,2026-01-13,SHORT,2026-01-13T12:00:00,300.20,301.20,298.69,999,1.00,2026-01-13T12:30:00,301.20,STOP,-1002.48,-1453.08
bb,BANKBARODA,2026-01-20,SHORT,2026-01-20T10:00:00,304.00,305.41,301.88,986,1.41,2026-01-20T11:50:00,304.90,TIME_STOP,-887.40,-1337.68
bb,BANKBARODA,2026-01-21,LONG,2026-01-21T10:00:00,304.20,302.93,306.11,986,1.27,2026-01-21T10:30:00,302.93,STOP,-1252.39,-1701.36
bb,BANKBARODA,2026-01-27,LONG,2026-01-27T12:10:00,299.20,298.14,300.79,1002,1.06,2026-01-27T12:30:00,298.14,STOP,-1062.84,-1511.74
bb,BANKBARODA,2026-01-29,SHORT,2026-01-29T12:20:00,302.75,303.76,301.24,990,1.01,2026-01-29T12:30:00,303.76,STOP,-998.93,-1449.26
bb,BANKBARODA,2026-02-05,SHORT,2026-02-05T12:30:00,289.20,290.15,287.78,1037,0.95,2026-02-05T12:50:00,290.15,STOP,-984.26,-1434.85
bb,BANKBARODA,2026-02-11,LONG,2026-02-11T11:40:00,291.00,289.99,292.51,1030,1.01,2026-02-11T12:00:00,289.99,STOP,-1037.39,-1486.20
bb,BANKBARODA,2026-02-12,SHORT,2026-02-12T11:40:00,289.45,290.23,288.28,1036,0.78,2026-02-12T11:50:00,290.23,STOP,-811.44,-1261.86
bb,BANKBARODA,2026-02-16,LONG,2026-02-16T10:10:00,287.00,286.06,288.42,1045,0.94,2026-02-16T11:20:00,288.42,TARGET,1479.06,1028.08
bb,BANKBARODA,2026-02-19,SHORT,2026-02-19T12:20:00,303.50,304.35,302.22,988,0.85,2026-02-19T12:20:00,304.35,STOP,-841.56,-1291.98
bb,BANKBARODA,2026-02-24,LONG,2026-02-24T11:30:00,313.75,312.49,315.64,956,1.26,2026-02-24T11:50:00,312.49,STOP,-1205.38,-1654.39
bb,BANKBARODA,2026-03-11,SHORT,2026-03-11T11:20:00,291.95,293.01,290.36,1027,1.06,2026-03-11T11:40:00,290.36,TARGET,1629.44,1180.92
bb,BANKBARODA,2026-03-12,LONG,2026-03-12T12:40:00,289.90,288.70,291.70,1034,1.20,2026-03-12T13:20:00,291.70,TARGET,1860.37,1409.34
bb,WIPRO,2024-03-28,LONG,2024-03-28T10:20:00,228.35,227.57,229.52,1313,0.78,2024-03-28T12:10:00,228.95,TIME_STOP,787.80,337.47
bb,WIPRO,2024-04-03,LONG,2024-04-03T10:30:00,231.70,230.99,232.77,1294,0.71,2024-04-03T11:20:00,232.77,TARGET,1380.16,929.39
bb,WIPRO,2024-04-04,LONG,2024-04-04T12:00:00,231.70,230.89,232.92,1294,0.81,2024-04-04T12:20:00,230.89,STOP,-1050.42,-1499.36
bb,WIPRO,2024-04-05,SHORT,2024-04-05T11:30:00,231.70,232.47,230.55,1294,0.77,2024-04-05T13:20:00,231.50,TIME_STOP,258.80,-190.74
bb,WIPRO,2024-04-10,LONG,2024-04-10T13:00:00,227.85,227.31,228.66,1316,0.54,2024-04-10T13:40:00,228.66,TARGET,1066.85,616.27
bb,WIPRO,2024-04-12,SHORT,2024-04-12T10:00:00,227.50,228.27,226.35,1318,0.77,2024-04-12T10:30:00,228.27,STOP,-1012.50,-1463.02
bb,WIPRO,2024-04-19,LONG,2024-04-19T13:20:00,213.55,212.74,214.76,1404,0.81,2024-04-19T13:40:00,214.76,TARGET,1697.14,1246.13
bb,WIPRO,2024-04-23,SHORT,2024-04-23T11:50:00,220.00,220.61,219.08,1363,0.61,2024-04-23T12:00:00,220.61,STOP,-834.42,-1284.83
bb,WIPRO,2024-04-30,SHORT,2024-04-30T11:10:00,221.10,221.62,220.31,1356,0.52,2024-04-30T11:30:00,221.62,STOP,-710.53,-1160.78
bb,WIPRO,2024-05-07,SHORT,2024-05-07T10:30:00,218.50,219.14,217.54,1372,0.64,2024-05-07T10:50:00,217.54,TARGET,1314.60,865.92
bb,WIPRO,2024-05-09,LONG,2024-05-09T12:20:00,221.75,221.00,222.88,1352,0.75,2024-05-09T12:40:00,221.00,STOP,-1019.66,-1468.61
bb,WIPRO,2024-05-15,SHORT,2024-05-15T10:50:00,217.55,218.23,216.54,1378,0.68,2024-05-15T10:50:00,218.23,STOP,-930.27,-1380.65
bb,WIPRO,2024-05-16,SHORT,2024-05-16T13:20:00,219.60,220.40,218.40,1366,0.80,2024-05-16T13:40:00,218.40,TARGET,1636.59,1187.86
bb,WIPRO,2024-05-21,SHORT,2024-05-21T10:50:00,220.40,220.95,219.57,1361,0.55,2024-05-21T11:00:00,220.80,REVERSE,-544.40,-994.75
bb,WIPRO,2024-05-24,SHORT,2024-05-24T14:00:00,222.60,223.14,221.79,1347,0.54,2024-05-24T15:00:00,221.79,TARGET,1097.35,648.41
bb,WIPRO,2024-05-28,LONG,2024-05-28T11:00:00,217.90,217.34,218.74,1376,0.56,2024-05-28T11:40:00,217.34,STOP,-774.38,-1223.54
bb,WIPRO,2024-05-31,LONG,2024-05-31T12:40:00,210.85,210.16,211.88,1422,0.69,2024-05-31T13:00:00,210.16,STOP,-976.09,-1425.10
bb,WIPRO,2024-06-04,LONG,2024-06-04T10:20:00,211.35,209.96,213.44,1419,1.39,2024-06-04T10:50:00,209.96,STOP,-1976.67,-2425.05
bb,WIPRO,2024-06-10,SHORT,2024-06-10T10:00:00,227.30,228.40,225.66,1319,1.10,2024-06-10T11:00:00,228.40,STOP,-1445.05,-1895.85
bb,WIPRO,2024-06-21,SHORT,2024-06-21T13:00:00,235.35,236.22,234.05,1274,0.87,2024-06-21T14:00:00,236.22,STOP,-1102.87,-1553.45
bb,WIPRO,2024-06-25,LONG,2024-06-25T10:50:00,235.80,235.22,236.67,1272,0.58,2024-06-25T12:40:00,235.70,TIME_STOP,-127.20,-577.01
bb,WIPRO,2024-07-09,SHORT,2024-07-09T10:40:00,257.00,257.86,255.70,1167,0.86,2024-07-09T10:50:00,257.86,STOP,-1009.10,-1459.73
bb,WIPRO,2024-07-10,SHORT,2024-07-10T10:10:00,257.60,258.27,256.60,1164,0.67,2024-07-10T10:10:00,256.60,TARGET,1163.77,714.87
bb,WIPRO,2024-07-11,SHORT,2024-07-11T10:30:00,255.05,256.02,253.60,1176,0.97,2024-07-11T11:10:00,253.60,TARGET,1703.94,1255.31
bb,WIPRO,2024-07-15,SHORT,2024-07-15T14:10:00,267.25,267.93,266.24,1122,0.68,2024-07-15T14:10:00,266.24,TARGET,1136.06,687.13
bb,WIPRO,2024-07-16,LONG,2024-07-16T13:10:00,267.55,266.90,268.52,1121,0.65,2024-07-16T15:00:00,267.95,TIME_STOP,448.40,-1.82
bb,WIPRO,2024-07-19,SHORT,2024-07-19T11:00:00,268.55,270.02,266.35,1117,1.47,2024-07-19T12:50:00,268.75,TIME_STOP,-223.40,-673.52
bb,WIPRO,2024-07-24,SHORT,2024-07-24T13:00:00,239.65,240.45,238.45,1251,0.80,2024-07-24T14:50:00,239.55,TIME_STOP,125.10,-324.51
bb,WIPRO,2024-07-25,LONG,2024-07-25T11:20:00,240.40,239.52,241.72,1247,0.88,2024-07-25T11:20:00,239.52,STOP,-1101.17,-1550.01
bb,WIPRO,2024-07-30,SHORT,2024-07-30T13:40:00,249.05,249.65,248.15,1204,0.60,2024-07-30T14:40:00,249.65,STOP,-718.86,-1169.18
bb,WIPRO,2024-07-31,LONG,2024-07-31T10:30:00,250.25,249.53,251.33,1198,0.72,2024-07-31T11:00:00,249.53,STOP,-858.59,-1307.65
bb,WIPRO,2024-08-01,SHORT,2024-08-01T12:50:00,249.55,250.22,248.55,1202,0.67,2024-08-01T13:30:00,248.55,TARGET,1206.98,757.94
bb,WIPRO,2024-08-08,SHORT,2024-08-08T10:00:00,235.60,236.43,234.35,1273,0.83,2024-08-08T11:00:00,234.35,TARGET,1585.23,1136.54
bb,WIPRO,2024-08-09,SHORT,2024-08-09T13:00:00,234.25,234.83,233.39,1280,0.58,2024-08-09T14:00:00,234.83,STOP,-736.41,-1186.72
bb,WIPRO,2024-08-12,LONG,2024-08-12T11:30:00,235.50,234.76,236.61,1273,0.74,2024-08-12T11:40:00,234.76,STOP,-944.44,-1393.42
bb,WIPRO,2024-08-13,LONG,2024-08-13T11:00:00,234.75,234.07,235.78,1277,0.68,2024-08-13T12:50:00,234.70,TIME_STOP,-63.85,-513.47
bb,WIPRO,2024-08-20,SHORT,2024-08-20T13:00:00,249.65,250.29,248.69,1201,0.64,2024-08-20T13:50:00,250.29,STOP,-772.47,-1222.80
bb,WIPRO,2024-08-21,SHORT,2024-08-21T12:10:00,250.05,250.60,249.22,1199,0.55,2024-08-21T12:50:00,249.22,TARGET,996.82,547.85
bb,WIPRO,2024-08-27,SHORT,2024-08-27T10:00:00,248.85,249.48,247.90,1205,0.63,2024-08-27T10:10:00,247.90,TARGET,1146.78,697.84
bb,WIPRO,2024-08-28,LONG,2024-08-28T10:00:00,248.15,247.53,249.08,1208,0.62,2024-08-28T10:00:00,249.08,TARGET,1120.27,669.78
bb,WIPRO,2024-09-02,SHORT,2024-09-02T10:20:00,256.00,256.93,254.61,1171,0.93,2024-09-02T10:30:00,256.93,STOP,-1086.65,-1537.12
bb,WIPRO,2024-09-03,LONG,2024-09-03T10:10:00,258.10,257.14,259.54,1162,0.96,2024-09-03T10:10:00,257.14,STOP,-1112.35,-1561.38
bb,WIPRO,2024-09-05,LONG,2024-09-05T10:30:00,250.05,249.35,251.10,1199,0.70,2024-09-05T10:30:00,249.35,STOP,-839.07,-1288.16
bb,WIPRO,2024-09-06,SHORT,2024-09-06T11:00:00,250.20,251.13,248.81,1199,0.93,2024-09-06T11:20:00,251.13,STOP,-1111.38,-1562.20
bb,WIPRO,2024-09-10,LONG,2024-09-10T12:00:00,247.35,246.63,248.42,1212,0.72,2024-09-10T12:20:00,248.42,TARGET,1301.33,850.67
bb,WIPRO,2024-09-11,SHORT,2024-09-11T10:40:00,249.15,249.87,248.07,1204,0.72,2024-09-11T11:10:00,249.87,STOP,-869.64,-1320.26
bb,WIPRO,2024-09-12,LONG,2024-09-12T11:00:00,249.25,248.29,250.70,1203,0.96,2024-09-12T12:50:00,249.95,TIME_STOP,842.10,391.70
bb,WIPRO,2024-09-17,LONG,2024-09-17T11:40:00,264.20,263.35,265.47,1135,0.85,2024-09-17T13:30:00,264.10,TIME_STOP,-113.50,-563.22
bb,WIPRO,2024-09-19,SHORT,2024-09-19T10:20:00,256.10,257.70,253.70,1171,1.60,2024-09-19T11:10:00,257.70,STOP,-1871.48,-2322.73
bb,WIPRO,2024-09-20,LONG,2024-09-20T12:00:00,255.60,254.64,257.04,1173,0.96,2024-09-20T13:40:00,254.64,STOP,-1125.81,-1574.70
bb,WIPRO,2024-09-24,LONG,2024-09-24T12:30:00,256.30,255.39,257.67,1170,0.91,2024-09-24T14:20:00,257.67,TARGET,1601.46,1150.45
bb,WIPRO,2024-09-25,SHORT,2024-09-25T10:30:00,255.10,256.10,253.61,1176,1.00,2024-09-25T12:20:00,254.25,TIME_STOP,999.60,550.35
bb,WIPRO,2024-09-27,SHORT,2024-09-27T13:00:00,259.90,260.90,258.39,1154,1.00,2024-09-27T14:50:00,259.30,TIME_STOP,692.40,243.03
bb,WIPRO,2024-09-30,LONG,2024-09-30T13:40:00,259.60,258.85,260.72,1155,0.75,2024-09-30T14:10:00,258.85,STOP,-862.22,-1311.34
bb,WIPRO,2024-10-04,LONG,2024-10-04T10:00:00,256.05,254.93,257.73,1171,1.12,2024-10-04T10:30:00,257.73,TARGET,1972.90,1521.67
bb,WIPRO,2024-10-07,SHORT,2024-10-07T10:50:00,254.65,255.78,252.96,1178,1.13,2024-10-07T11:00:00,252.96,TARGET,1992.19,1543.72
bb,WIPRO,2024-10-10,SHORT,2024-10-10T13:30:00,252.45,253.29,251.19,1188,0.84,2024-10-10T13:30:00,251.19,TARGET,1493.22,1044.48
bb,WIPRO,2024-10-11,LONG,2024-10-11T10:30:00,252.95,251.77,254.71,1186,1.18,2024-10-11T10:40:00,252.45,REVERSE,-593.00,-1042.55
bb,WIPRO,2024-10-15,SHORT,2024-10-15T10:40:00,258.25,259.41,256.51,1161,1.16,2024-10-15T10:50:00,259.41,STOP,-1349.64,-1800.39
bb,WIPRO,2024-10-21,SHORT,2024-10-21T12:50:00,263.15,264.19,261.59,1140,1.04,2024-10-21T14:00:00,264.19,STOP,-1186.90,-1637.78
bb,WIPRO,2024-10-22,LONG,2024-10-22T10:10:00,265.00,263.95,266.57,1132,1.05,2024-10-22T10:10:00,263.95,STOP,-1184.64,-1633.72
bb,WIPRO,2024-10-23,LONG,2024-10-23T10:40:00,263.25,262.06,265.03,1139,1.19,2024-10-23T12:30:00,263.45,TIME_STOP,227.80,-222.13
bb,WIPRO,2024-10-28,LONG,2024-10-28T10:40:00,264.20,263.30,265.54,1135,0.90,2024-10-28T10:50:00,265.54,TARGET,1525.11,1074.17
bb,WIPRO,2024-10-29,SHORT,2024-10-29T10:50:00,265.25,266.24,263.77,1131,0.99,2024-10-29T11:40:00,266.24,STOP,-1116.33,-1567.16
bb,WIPRO,2024-11-07,SHORT,2024-11-07T10:50:00,266.15,267.34,264.37,1127,1.19,2024-11-07T11:00:00,267.34,STOP,-1338.68,-1789.61
bb,WIPRO,2024-11-11,LONG,2024-11-11T10:10:00,274.50,273.46,276.06,1092,1.04,2024-11-11T10:50:00,276.06,TARGET,1699.03,1248.12
bb,WIPRO,2024-11-12,LONG,2024-11-12T10:00:00,276.20,275.16,277.76,1086,1.04,2024-11-12T10:40:00,275.16,STOP,-1133.04,-1582.12
bb,WIPRO,2024-11-14,SHORT,2024-11-14T11:30:00,270.75,271.76,269.24,1108,1.01,2024-11-14T13:20:00,270.60,TIME_STOP,166.20,-283.66
bb,WIPRO,2024-11-19,LONG,2024-11-19T13:20:00,271.25,270.47,272.42,1105,0.78,2024-11-19T14:20:00,270.47,STOP,-862.23,-1311.18
bb,WIPRO,2024-11-29,LONG,2024-11-29T10:20:00,275.10,274.01,276.73,1090,1.09,2024-11-29T10:30:00,276.73,TARGET,1781.57,1330.44
bb,WIPRO,2024-12-03,SHORT,2024-12-03T12:50:00,278.10,278.84,276.99,1078,0.74,2024-12-03T12:50:00,276.99,TARGET,1194.55,745.76
bb,WIPRO,2024-12-06,SHORT,2024-12-06T12:30:00,283.80,284.68,282.48,1057,0.88,2024-12-06T14:20:00,284.15,TIME_STOP,-369.95,-820.19
bb,WIPRO,2024-12-09,SHORT,2024-12-09T10:40:00,283.50,284.38,282.18,1058,0.88,2024-12-09T11:40:00,284.38,STOP,-933.15,-1383.76
bb,WIPRO,2024-12-11,LONG,2024-12-11T11:30:00,294.45,293.48,295.90,1018,0.97,2024-12-11T13:00:00,295.90,TARGET,1476.46,1025.73
bb,WIPRO,2024-12-13,LONG,2024-12-13T12:30:00,295.20,294.08,296.88,1016,1.12,2024-12-13T13:00:00,296.88,TARGET,1703.17,1252.01
bb,WIPRO,2024-12-16,SHORT,2024-12-16T11:10:00,294.75,295.67,293.37,1017,0.92,2024-12-16T13:00:00,294.25,TIME_STOP,508.50,59.24
bb,WIPRO,2024-12-17,SHORT,2024-12-17T10:50:00,294.60,295.59,293.12,1018,0.99,2024-12-17T12:10:00,295.59,STOP,-1004.56,-1455.17
bb,WIPRO,2024-12-19,LONG,2024-12-19T13:20:00,297.05,295.82,298.90,1009,1.23,2024-12-19T14:00:00,298.90,TARGET,1865.18,1414.20
bb,WIPRO,2024-12-24,LONG,2024-12-24T10:50:00,294.20,293.12,295.83,1019,1.08,2024-12-24T10:50:00,293.85,REVERSE,-356.65,-806.07
bb,WIPRO,2024-12-26,LONG,2024-12-26T10:40:00,292.55,291.62,293.95,1025,0.93,2024-12-26T10:50:00,291.62,STOP,-953.41,-1402.49
bb,WIPRO,2024-12-31,LONG,2024-12-31T13:50:00,288.25,287.28,289.70,1040,0.97,2024-12-31T15:20:00,288.65,EOD,416.00,-33.98
bb,WIPRO,2025-01-01,SHORT,2025-01-01T10:00:00,286.65,287.68,285.10,1046,1.03,2025-01-01T10:50:00,287.68,STOP,-1079.11,-1529.67
bb,WIPRO,2025-01-02,LONG,2025-01-02T11:10:00,288.80,287.62,290.56,1038,1.18,2025-01-02T11:50:00,287.62,STOP,-1219.65,-1668.40
bb,WIPRO,2025-01-03,SHORT,2025-01-03T10:00:00,286.15,287.16,284.64,1048,1.01,2025-01-03T10:30:00,284.64,TARGET,1587.23,1138.59
bb,WIPRO,2025-01-07,SHORT,2025-01-07T10:10:00,278.70,279.99,276.76,1076,1.29,2025-01-07T10:10:00,279.99,STOP,-1392.47,-1843.34
bb,WIPRO,2025-01-08,LONG,2025-01-08T14:00:00,280.25,279.41,281.51,1070,0.84,2025-01-08T14:00:00,279.41,STOP,-900.69,-1349.82
bb,WIPRO,2025-01-09,SHORT,2025-01-09T12:20:00,280.45,281.49,278.89,1069,1.04,2025-01-09T13:10:00,278.89,TARGET,1664.74,1216.29
bb,WIPRO,2025-01-16,SHORT,2025-01-16T10:00:00,277.45,278.51,275.86,1081,1.06,2025-01-16T10:00:00,278.51,STOP,-1146.10,-1596.85
bb,WIPRO,2025-01-28,LONG,2025-01-28T12:00:00,297.25,295.91,299.27,1009,1.34,2025-01-28T12:10:00,295.91,STOP,-1355.91,-1804.78
bb,WIPRO,2025-01-30,SHORT,2025-01-30T13:40:00,299.75,300.73,298.28,1000,0.98,2025-01-30T14:00:00,298.28,TARGET,1474.90,1026.38
bb,WIPRO,2025-01-31,SHORT,2025-01-31T13:20:00,302.20,303.27,300.59,992,1.07,2025-01-31T14:00:00,303.27,STOP,-1062.93,-1513.40
bb,WIPRO,2025-02-03,LONG,2025-02-03T10:30:00,300.55,298.99,302.90,998,1.56,2025-02-03T12:20:00,301.80,TIME_STOP,1247.50,796.64
bb,WIPRO,2025-02-05,SHORT,2025-02-05T12:10:00,307.70,308.71,306.19,974,1.01,2025-02-05T14:00:00,308.71,STOP,-981.13,-1431.42
bb,WIPRO,2025-02-07,LONG,2025-02-07T10:50:00,309.10,307.96,310.81,970,1.14,2025-02-07T12:40:00,310.81,TARGET,1658.44,1207.46
bb,WIPRO,2025-02-13,LONG,2025-02-13T10:20:00,305.05,303.94,306.72,983,1.11,2025-02-13T10:30:00,303.94,STOP,-1095.10,-1544.07
bb,WIPRO,2025-02-20,LONG,2025-02-20T12:50:00,305.45,304.67,306.62,982,0.78,2025-02-20T13:00:00,304.67,STOP,-767.08,-1216.44
bb,WIPRO,2025-02-27,LONG,2025-02-27T10:00:00,285.75,284.59,287.50,1049,1.16,2025-02-27T10:50:00,287.50,TARGET,1831.52,1380.52
bb,WIPRO,2025-03-03,LONG,2025-03-03T10:10:00,275.70,274.32,277.77,1088,1.38,2025-03-03T12:00:00,275.70,TIME_STOP,0.00,-449.94
bb,WIPRO,2025-03-06,SHORT,2025-03-06T11:10:00,277.25,278.27,275.73,1082,1.02,2025-03-06T11:10:00,278.20,REVERSE,-1027.90,-1478.65
bb,WIPRO,2025-03-07,SHORT,2025-03-07T11:50:00,277.60,278.44,276.34,1080,0.84,2025-03-07T12:00:00,276.34,TARGET,1359.26,910.57
bb,WIPRO,2025-03-13,SHORT,2025-03-13T11:40:00,258.70,259.72,257.17,1159,1.02,2025-03-13T13:30:00,258.25,TIME_STOP,521.55,72.19
bb,WIPRO,2025-03-19,LONG,2025-03-19T10:40:00,255.10,253.91,256.89,1176,1.19,2025-03-19T11:30:00,253.91,STOP,-1400.57,-1849.51
bb,WIPRO,2025-03-21,LONG,2025-03-21T12:30:00,261.90,260.72,263.66,1145,1.18,2025-03-21T13:10:00,260.72,STOP,-1346.61,-1795.41
bb,WIPRO,2025-03-24,LONG,2025-03-24T10:30:00,260.25,259.19,261.83,1152,1.06,2025-03-24T12:20:00,261.40,TIME_STOP,1324.80,874.09
bb,WIPRO,2025-03-27,LONG,2025-03-27T11:50:00,265.25,264.25,266.75,1131,1.00,2025-03-27T12:50:00,264.25,STOP,-1132.18,-1581.33
bb,WIPRO,2025-04-24,SHORT,2025-04-24T14:00:00,236.40,237.07,235.40,1269,0.67,2025-04-24T15:10:00,237.07,STOP,-846.89,-1297.51
bb,WIPRO,2025-04-25,LONG,2025-04-25T13:30:00,235.80,234.79,237.31,1272,1.01,2025-04-25T15:10:00,234.79,STOP,-1278.47,-1727.42
bb,WIPRO,2025-04-29,SHORT,2025-04-29T12:30:00,234.30,234.98,233.28,1280,0.68,2025-04-29T12:40:00,234.98,STOP,-870.47,-1320.98
bb,WIPRO,2025-04-30,SHORT,2025-04-30T11:50:00,235.10,235.78,234.07,1276,0.68,2025-04-30T12:40:00,234.07,TARGET,1309.46,860.46
bb,WIPRO,2025-05-02,SHORT,2025-05-02T12:40:00,235.20,236.04,233.94,1275,0.84,2025-05-02T13:30:00,236.04,STOP,-1069.03,-1519.66
bb,WIPRO,2025-05-06,SHORT,2025-05-06T13:10:00,236.35,237.02,235.35,1269,0.67,2025-05-06T13:30:00,237.02,STOP,-846.63,-1297.15
bb,WIPRO,2025-05-07,LONG,2025-05-07T12:10:00,236.60,235.80,237.80,1267,0.80,2025-05-07T14:00:00,237.60,TIME_STOP,1267.00,816.39
bb,WIPRO,2025-05-08,SHORT,2025-05-08T11:10:00,236.40,237.10,235.35,1269,0.70,2025-05-08T13:00:00,235.85,TIME_STOP,697.95,248.49
bb,WIPRO,2025-05-09,LONG,2025-05-09T11:40:00,236.70,235.68,238.23,1267,1.02,2025-05-09T11:40:00,235.68,STOP,-1292.67,-1741.55
bb,WIPRO,2025-05-14,SHORT,2025-05-14T10:30:00,246.20,247.23,244.65,1218,1.03,2025-05-14T12:20:00,245.70,TIME_STOP,609.00,159.65
bb,WIPRO,2025-05-15,SHORT,2025-05-15T10:00:00,245.30,246.06,244.16,1222,0.76,2025-05-15T10:40:00,246.06,STOP,-925.05,-1375.38
bb,WIPRO,2025-05-16,SHORT,2025-05-16T11:40:00,247.65,248.34,246.62,1211,0.69,2025-05-16T13:00:00,248.34,STOP,-831.86,-1282.34
bb,WIPRO,2025-05-27,LONG,2025-05-27T12:00:00,243.65,243.07,244.52,1231,0.58,2025-05-27T12:20:00,243.07,STOP,-715.06,-1164.43
bb,WIPRO,2025-06-13,LONG,2025-06-13T10:50:00,254.40,253.26,256.12,1179,1.14,2025-06-13T12:40:00,254.15,TIME_STOP,-294.75,-744.44
bb,WIPRO,2025-06-16,LONG,2025-06-16T11:00:00,254.65,253.73,256.03,1178,0.92,2025-06-16T12:10:00,253.73,STOP,-1079.84,-1529.00
bb,WIPRO,2025-06-18,SHORT,2025-06-18T10:30:00,256.05,256.88,254.81,1171,0.83,2025-06-18T12:00:00,254.81,TARGET,1455.22,1006.56
bb,WIPRO,2025-06-23,LONG,2025-06-23T14:10:00,257.60,257.03,258.45,1164,0.57,2025-06-23T14:10:00,257.03,STOP,-663.34,-1112.61
bb,WIPRO,2025-06-24,SHORT,2025-06-24T14:10:00,258.80,259.47,257.80,1159,0.67,2025-06-24T15:20:00,258.30,EOD,579.50,130.01
bb,WIPRO,2025-06-25,LONG,2025-06-25T10:00:00,260.85,260.07,262.02,1150,0.78,2025-06-25T11:50:00,261.25,TIME_STOP,460.00,9.69
bb,WIPRO,2025-06-26,SHORT,2025-06-26T12:50:00,262.10,262.69,261.21,1144,0.59,2025-06-26T12:50:00,261.21,TARGET,1012.92,563.91
bb,WIPRO,2025-07-02,SHORT,2025-07-02T13:30:00,258.15,258.86,257.09,1162,0.71,2025-07-02T14:10:00,258.86,STOP,-824.98,-1275.55
bb,WIPRO,2025-07-04,LONG,2025-07-04T10:00:00,262.30,261.35,263.73,1143,0.95,2025-07-04T10:50:00,261.35,STOP,-1090.20,-1539.10
bb,WIPRO,2025-07-07,SHORT,2025-07-07T10:20:00,262.15,262.85,261.10,1144,0.70,2025-07-07T11:10:00,262.85,STOP,-802.71,-1253.17
bb,WIPRO,2025-07-15,SHORT,2025-07-15T10:00:00,247.00,247.76,245.87,1214,0.76,2025-07-15T10:30:00,247.76,STOP,-917.19,-1367.67
bb,WIPRO,2025-07-23,LONG,2025-07-23T12:30:00,254.00,253.43,254.86,1181,0.57,2025-07-23T13:10:00,253.43,STOP,-673.52,-1122.97
bb,WIPRO,2025-07-25,SHORT,2025-07-25T10:10:00,251.80,252.53,250.70,1191,0.73,2025-07-25T10:30:00,250.70,TARGET,1312.14,863.28
bb,WIPRO,2025-07-29,LONG,2025-07-29T13:30:00,243.80,243.25,244.63,1230,0.55,2025-07-29T13:50:00,244.63,TARGET,1017.85,567.28
bb,WIPRO,2025-07-30,SHORT,2025-07-30T10:30:00,243.55,244.28,242.45,1231,0.73,2025-07-30T10:30:00,244.28,STOP,-899.97,-1350.36
bb,WIPRO,2025-07-31,LONG,2025-07-31T13:10:00,243.05,242.52,243.85,1234,0.53,2025-07-31T14:30:00,242.52,STOP,-659.46,-1108.85
bb,WIPRO,2025-08-04,LONG,2025-08-04T14:10:00,239.75,239.07,240.78,1251,0.68,2025-08-04T15:20:00,239.95,EOD,250.20,-199.88
bb,WIPRO,2025-08-05,SHORT,2025-08-05T10:20:00,238.85,239.53,237.82,1256,0.68,2025-08-05T11:00:00,239.53,STOP,-859.15,-1309.79
bb,WIPRO,2025-08-08,SHORT,2025-08-08T11:00:00,234.20,234.80,233.29,1280,0.60,2025-08-08T12:50:00,234.80,STOP,-773.20,-1223.44
bb,WIPRO,2025-08-11,LONG,2025-08-11T11:10:00,234.60,234.03,235.45,1278,0.57,2025-08-11T13:00:00,234.90,TIME_STOP,383.40,-66.62
bb,WIPRO,2025-08-12,SHORT,2025-08-12T14:00:00,236.45,236.95,235.71,1268,0.50,2025-08-12T14:50:00,235.71,TARGET,942.77,493.74
bb,WIPRO,2025-08-13,LONG,2025-08-13T13:20:00,235.85,235.35,236.60,1271,0.50,2025-08-13T13:30:00,235.35,STOP,-634.27,-1083.44
bb,WIPRO,2025-08-18,SHORT,2025-08-18T12:00:00,239.90,240.57,238.90,1250,0.67,2025-08-18T12:10:00,238.90,TARGET,1249.13,800.25
bb,WIPRO,2025-08-19,LONG,2025-08-19T11:20:00,240.10,239.55,240.92,1249,0.55,2025-08-19T12:00:00,240.92,TARGET,1021.90,571.30
bb,WIPRO,2025-08-21,SHORT,2025-08-21T10:10:00,244.15,244.83,243.13,1228,0.68,2025-08-21T10:30:00,244.83,STOP,-831.09,-1281.44
bb,WIPRO,2025-08-22,LONG,2025-08-22T13:00:00,243.55,242.82,244.64,1231,0.73,2025-08-22T14:10:00,243.15,REVERSE,-492.40,-941.75
bb,WIPRO,2025-08-28,LONG,2025-08-28T13:40:00,244.95,244.39,245.79,1224,0.56,2025-08-28T15:20:00,244.39,STOP,-686.32,-1135.54
bb,WIPRO,2025-08-29,SHORT,2025-08-29T10:20:00,244.05,244.90,242.78,1229,0.85,2025-08-29T10:40:00,244.90,STOP,-1041.50,-1492.19
bb,WIPRO,2025-09-01,SHORT,2025-09-01T13:20:00,244.30,244.85,243.48,1227,0.55,2025-09-01T15:10:00,244.15,TIME_STOP,184.05,-265.45
bb,WIPRO,2025-09-03,SHORT,2025-09-03T10:50:00,243.45,243.95,242.70,1232,0.50,2025-09-03T12:20:00,243.95,STOP,-620.04,-1070.40
bb,WIPRO,2025-09-12,SHORT,2025-09-12T10:00:00,244.90,245.64,243.79,1224,0.74,2025-09-12T10:50:00,245.64,STOP,-906.60,-1356.91
bb,WIPRO,2025-09-15,LONG,2025-09-15T13:30:00,244.90,244.54,245.44,1224,0.36,2025-09-15T13:40:00,244.54,STOP,-441.06,-890.37
bb,WIPRO,2025-09-19,SHORT,2025-09-19T13:20:00,248.70,249.18,247.98,1206,0.48,2025-09-19T15:00:00,249.18,STOP,-580.89,-1031.22
bb,WIPRO,2025-09-23,LONG,2025-09-23T13:10:00,244.45,243.90,245.28,1227,0.55,2025-09-23T14:40:00,243.90,STOP,-680.95,-1130.35
bb,WIPRO,2025-09-29,LONG,2025-09-29T14:10:00,234.70,234.09,235.61,1278,0.61,2025-09-29T14:30:00,234.09,STOP,-775.56,-1224.90
bb,WIPRO,2025-09-30,LONG,2025-09-30T10:00:00,234.15,233.39,235.30,1281,0.76,2025-09-30T11:50:00,234.15,TIME_STOP,0.00,-449.92
bb,WIPRO,2025-10-01,LONG,2025-10-01T13:00:00,233.65,233.12,234.44,1283,0.53,2025-10-01T14:10:00,234.44,TARGET,1018.28,567.86
bb,WIPRO,2025-10-03,SHORT,2025-10-03T10:00:00,232.90,233.78,231.57,1288,0.88,2025-10-03T10:10:00,233.78,STOP,-1139.41,-1590.23
bb,WIPRO,2025-10-08,SHORT,2025-10-08T12:20:00,237.25,237.86,236.33,1264,0.61,2025-10-08T13:00:00,237.86,STOP,-775.20,-1225.61
bb,WIPRO,2025-10-16,SHORT,2025-10-16T10:40:00,242.85,243.58,241.76,1235,0.73,2025-10-16T10:50:00,243.58,STOP,-895.60,-1346.16
bb,WIPRO,2025-10-27,LONG,2025-10-27T10:00:00,239.35,238.77,240.22,1253,0.58,2025-10-27T10:00:00,238.77,STOP,-724.26,-1173.58
bb,WIPRO,2025-10-31,SHORT,2025-10-31T11:50:00,235.70,236.08,235.14,1272,0.38,2025-10-31T13:30:00,235.14,TARGET,716.41,267.23
bb,WIPRO,2025-11-10,LONG,2025-11-10T10:00:00,231.90,231.44,232.59,1293,0.46,2025-11-10T10:20:00,232.59,TARGET,886.65,436.21
bb,WIPRO,2025-11-11,LONG,2025-11-11T12:40:00,234.25,233.74,235.01,1280,0.51,2025-11-11T13:00:00,235.01,TARGET,971.56,521.07
bb,WIPRO,2025-11-17,SHORT,2025-11-17T11:00:00,237.05,237.68,236.10,1265,0.63,2025-11-17T12:30:00,237.68,STOP,-799.62,-1250.02
bb,WIPRO,2025-11-19,LONG,2025-11-19T10:20:00,237.00,236.46,237.82,1265,0.54,2025-11-19T10:30:00,237.82,TARGET,1031.85,581.37
bb,WIPRO,2025-11-27,SHORT,2025-11-27T12:10:00,242.85,243.42,241.99,1235,0.57,2025-11-27T13:10:00,241.99,TARGET,1056.48,607.39
bb,WIPRO,2025-11-28,SHORT,2025-11-28T13:30:00,242.50,243.08,241.63,1237,0.58,2025-11-28T13:30:00,243.08,STOP,-719.65,-1170.15
bb,WIPRO,2025-12-01,SHORT,2025-12-01T11:30:00,243.15,243.66,242.38,1233,0.51,2025-12-01T12:00:00,243.66,STOP,-632.41,-1082.59
bb,WIPRO,2025-12-02,SHORT,2025-12-02T10:10:00,243.45,244.03,242.58,1232,0.58,2025-12-02T12:00:00,243.85,TIME_STOP,-492.80,-943.07
bb,WIPRO,2025-12-08,SHORT,2025-12-08T13:40:00,253.45,254.11,252.46,1183,0.66,2025-12-08T14:00:00,254.11,STOP,-783.48,-1233.82
bb,WIPRO,2025-12-10,SHORT,2025-12-10T11:50:00,251.80,252.49,250.76,1191,0.69,2025-12-10T12:20:00,252.49,STOP,-825.62,-1276.08
bb,WIPRO,2025-12-11,SHORT,2025-12-11T10:00:00,251.65,252.34,250.61,1192,0.69,2025-12-11T10:10:00,252.34,STOP,-826.94,-1277.51
bb,WIPRO,2025-12-12,LONG,2025-12-12T11:30:00,252.55,252.00,253.37,1187,0.55,2025-12-12T13:00:00,253.37,TARGET,976.64,526.25
bb,WIPRO,2025-12-16,SHORT,2025-12-16T13:10:00,253.50,253.91,252.88,1183,0.41,2025-12-16T13:40:00,253.70,REVERSE,-236.60,-686.61
bb,WIPRO,2026-01-06,LONG,2026-01-06T10:10:00,258.60,257.86,259.72,1160,0.74,2026-01-06T10:20:00,257.86,STOP,-863.69,-1313.01
bb,WIPRO,2026-01-12,LONG,2026-01-12T12:50:00,257.45,256.56,258.78,1165,0.89,2026-01-12T14:30:00,256.56,STOP,-1035.63,-1484.75
bb,WIPRO,2026-01-13,SHORT,2026-01-13T10:00:00,256.10,257.07,254.65,1171,0.97,2026-01-13T10:00:00,256.60,REVERSE,-585.50,-1035.78
bb,WIPRO,2026-01-22,SHORT,2026-01-22T13:20:00,234.05,234.58,233.25,1281,0.53,2026-01-22T13:20:00,233.25,TARGET,1018.48,569.51
bb,WIPRO,2026-01-23,SHORT,2026-01-23T11:40:00,233.55,234.18,232.61,1284,0.63,2026-01-23T12:40:00,234.18,STOP,-808.43,-1258.86
bb,WIPRO,2026-01-27,LONG,2026-01-27T12:00:00,234.30,233.53,235.46,1280,0.77,2026-01-27T12:20:00,233.53,STOP,-991.02,-1440.14
bb,WIPRO,2026-01-29,SHORT,2026-01-29T10:50:00,235.90,236.53,234.96,1271,0.63,2026-01-29T11:10:00,236.53,STOP,-797.16,-1247.51
bb,WIPRO,2026-02-03,SHORT,2026-02-03T13:20:00,243.80,244.94,242.10,1230,1.14,2026-02-03T15:10:00,242.57,TIME_STOP,1512.90,1064.22
bb,WIPRO,2026-02-05,LONG,2026-02-05T10:20:00,234.72,233.96,235.87,1278,0.76,2026-02-05T10:50:00,233.96,STOP,-976.78,-1426.00
bb,WIPRO,2026-02-10,LONG,2026-02-10T10:30:00,232.15,231.38,233.31,1292,0.77,2026-02-10T12:20:00,232.09,TIME_STOP,-77.52,-527.37
bb,WIPRO,2026-02-11,SHORT,2026-02-11T10:10:00,231.11,231.69,230.24,1298,0.58,2026-02-11T12:00:00,230.77,TIME_STOP,441.32,-8.32
bb,WIPRO,2026-02-18,SHORT,2026-02-18T10:10:00,210.88,211.82,209.46,1422,0.94,2026-02-18T10:40:00,211.82,STOP,-1341.93,-1792.74
bb,WIPRO,2026-02-19,SHORT,2026-02-19T12:50:00,211.94,212.49,211.11,1415,0.55,2026-02-19T13:10:00,212.49,STOP,-784.90,-1235.33
bb,WIPRO,2026-02-26,SHORT,2026-02-26T12:00:00,200.54,201.23,199.51,1495,0.69,2026-02-26T13:00:00,199.51,TARGET,1544.73,1096.17
bb,WIPRO,2026-03-06,SHORT,2026-03-06T12:40:00,196.34,196.88,195.53,1527,0.54,2026-03-06T14:30:00,196.26,TIME_STOP,122.16,-327.47
bb,WIPRO,2026-03-09,LONG,2026-03-09T11:40:00,196.65,195.80,197.93,1525,0.85,2026-03-09T13:30:00,197.13,TIME_STOP,732.00,281.61
bb,WIPRO,2026-03-12,LONG,2026-03-12T11:50:00,202.79,201.96,204.04,1479,0.83,2026-03-12T12:20:00,201.96,STOP,-1231.62,-1680.59
bb,HCLTECH,2024-03-18,SHORT,2024-03-18T13:10:00,1653.25,1658.54,1645.32,181,5.29,2024-03-18T13:30:00,1658.30,REVERSE,-914.05,-1363.59
bb,HCLTECH,2024-03-21,SHORT,2024-03-21T12:20:00,1584.00,1590.36,1574.46,189,6.36,2024-03-21T12:20:00,1590.36,STOP,-1202.55,-1652.51
bb,HCLTECH,2024-03-26,LONG,2024-03-26T10:00:00,1563.90,1556.13,1575.55,191,7.77,2024-03-26T11:10:00,1559.35,REVERSE,-869.05,-1316.46
bb,HCLTECH,2024-03-28,LONG,2024-03-28T13:30:00,1559.90,1555.21,1566.94,192,4.69,2024-03-28T13:30:00,1555.21,STOP,-900.77,-1349.34
bb,HCLTECH,2024-04-03,LONG,2024-04-03T10:30:00,1553.80,1548.18,1562.22,193,5.62,2024-04-03T10:40:00,1548.18,STOP,-1083.83,-1532.84
bb,HCLTECH,2024-04-04,LONG,2024-04-04T12:50:00,1540.00,1535.26,1547.10,194,4.74,2024-04-04T13:40:00,1547.10,TARGET,1378.30,929.13
bb,HCLTECH,2024-04-05,LONG,2024-04-05T14:00:00,1541.40,1537.89,1546.66,194,3.51,2024-04-05T15:00:00,1546.66,TARGET,1020.63,571.31
bb,HCLTECH,2024-04-09,SHORT,2024-04-09T12:40:00,1537.50,1541.74,1531.14,195,4.24,2024-04-09T12:40:00,1541.74,STOP,-826.83,-1277.17
bb,HCLTECH,2024-04-10,LONG,2024-04-10T10:30:00,1546.80,1542.37,1553.44,193,4.43,2024-04-10T12:20:00,1546.25,TIME_STOP,-106.15,-553.87
bb,HCLTECH,2024-04-22,SHORT,2024-04-22T14:00:00,1456.60,1460.58,1450.64,205,3.98,2024-04-22T14:50:00,1460.58,STOP,-814.89,-1263.41
bb,HCLTECH,2024-04-26,SHORT,2024-04-26T13:40:00,1507.50,1512.60,1499.85,199,5.10,2024-04-26T14:10:00,1499.85,TARGET,1521.53,1072.69
bb,HCLTECH,2024-05-13,LONG,2024-05-13T14:10:00,1316.00,1312.85,1320.72,227,3.15,2024-05-13T15:00:00,1312.85,STOP,-713.93,-1161.49
bb,HCLTECH,2024-05-14,SHORT,2024-05-14T10:20:00,1311.45,1315.05,1306.06,228,3.60,2024-05-14T11:10:00,1315.05,STOP,-819.72,-1268.85
bb,HCLTECH,2024-05-16,SHORT,2024-05-16T13:20:00,1332.35,1337.69,1324.34,225,5.34,2024-05-16T14:00:00,1337.69,STOP,-1200.80,-1651.37
bb,HCLTECH,2024-05-21,LONG,2024-05-21T13:40:00,1339.50,1335.52,1345.48,223,3.98,2024-05-21T14:00:00,1345.48,TARGET,1332.63,883.57
bb,HCLTECH,2024-05-23,LONG,2024-05-23T10:00:00,1345.75,1342.32,1350.89,222,3.43,2024-05-23T10:20:00,1342.32,STOP,-760.91,-1208.48
bb,HCLTECH,2024-05-24,SHORT,2024-05-24T10:40:00,1348.90,1353.00,1342.76,222,4.10,2024-05-24T10:50:00,1353.00,STOP,-909.33,-1359.19
bb,HCLTECH,2024-05-27,LONG,2024-05-27T11:40:00,1350.05,1346.91,1354.76,222,3.14,2024-05-27T12:10:00,1354.76,TARGET,1046.03,595.68
bb,HCLTECH,2024-05-28,SHORT,2024-05-28T10:10:00,1349.80,1353.73,1343.90,222,3.93,2024-05-28T10:20:00,1353.73,STOP,-873.03,-1323.17
bb,HCLTECH,2024-05-29,SHORT,2024-05-29T11:30:00,1356.00,1359.12,1351.31,221,3.12,2024-05-29T12:50:00,1359.12,STOP,-690.33,-1140.37
bb,HCLTECH,2024-05-31,LONG,2024-05-31T12:00:00,1335.90,1331.19,1342.97,224,4.71,2024-05-31T13:00:00,1331.19,STOP,-1055.98,-1504.05
bb,HCLTECH,2024-06-10,SHORT,2024-06-10T10:00:00,1404.35,1411.92,1393.00,213,7.57,2024-06-10T11:20:00,1411.92,STOP,-1611.54,-2061.44
bb,HCLTECH,2024-06-13,SHORT,2024-06-13T12:50:00,1442.50,1446.38,1436.68,207,3.88,2024-06-13T14:40:00,1445.35,TIME_STOP,-589.95,-1038.29
bb,HCLTECH,2024-06-14,LONG,2024-06-14T14:00:00,1436.85,1434.04,1441.06,208,2.81,2024-06-14T14:40:00,1434.04,STOP,-583.74,-1031.60
bb,HCLTECH,2024-06-18,SHORT,2024-06-18T10:00:00,1430.95,1434.76,1425.24,209,3.81,2024-06-18T11:50:00,1433.20,TIME_STOP,-470.25,-919.21
bb,HCLTECH,2024-06-20,SHORT,2024-06-20T10:10:00,1431.05,1434.80,1425.43,209,3.75,2024-06-20T10:20:00,1434.80,STOP,-783.35,-1232.57
bb,HCLTECH,2024-06-21,SHORT,2024-06-21T13:10:00,1448.30,1453.64,1440.29,207,5.34,2024-06-21T14:00:00,1453.64,STOP,-1105.98,-1556.50
bb,HCLTECH,2024-06-25,LONG,2024-06-25T11:20:00,1442.30,1438.92,1447.37,208,3.38,2024-06-25T12:30:00,1438.92,STOP,-702.80,-1152.27
bb,HCLTECH,2024-06-26,SHORT,2024-06-26T13:00:00,1440.60,1443.36,1436.46,208,2.76,2024-06-26T13:30:00,1443.36,STOP,-574.40,-1024.30
bb,HCLTECH,2024-07-03,LONG,2024-07-03T12:50:00,1485.00,1481.19,1490.72,202,3.81,2024-07-03T14:40:00,1483.85,TIME_STOP,-232.30,-682.08
bb,HCLTECH,2024-07-08,SHORT,2024-07-08T10:10:00,1512.10,1517.36,1504.20,198,5.26,2024-07-08T12:00:00,1511.75,TIME_STOP,69.30,-379.74
bb,HCLTECH,2024-07-09,SHORT,2024-07-09T13:50:00,1529.05,1534.33,1521.14,196,5.28,2024-07-09T15:20:00,1532.65,EOD,-705.60,-1155.67
bb,HCLTECH,2024-07-12,LONG,2024-07-12T10:10:00,1520.25,1514.37,1529.07,197,5.88,2024-07-12T10:40:00,1529.07,TARGET,1737.15,1286.61
bb,HCLTECH,2024-07-15,SHORT,2024-07-15T13:50:00,1574.40,1580.41,1565.39,190,6.01,2024-07-15T14:20:00,1580.41,STOP,-1141.38,-1590.94
bb,HCLTECH,2024-07-16,LONG,2024-07-16T12:00:00,1576.50,1570.88,1584.93,190,5.62,2024-07-16T12:30:00,1570.88,STOP,-1067.82,-1516.32
bb,HCLTECH,2024-07-18,LONG,2024-07-18T10:50:00,1575.55,1569.79,1584.20,190,5.76,2024-07-18T11:30:00,1569.79,STOP,-1095.33,-1543.54
bb,HCLTECH,2024-07-19,SHORT,2024-07-19T13:50:00,1592.85,1597.76,1585.49,188,4.91,2024-07-19T15:20:00,1597.76,STOP,-922.28,-1372.16
bb,HCLTECH,2024-07-23,LONG,2024-07-23T12:10:00,1577.55,1573.11,1584.22,190,4.44,2024-07-23T12:20:00,1573.11,STOP,-844.34,-1293.31
bb,HCLTECH,2024-07-24,SHORT,2024-07-24T13:50:00,1579.90,1584.72,1572.66,189,4.82,2024-07-24T14:20:00,1584.72,STOP,-911.90,-1360.48
bb,HCLTECH,2024-07-25,LONG,2024-07-25T10:10:00,1592.95,1586.62,1602.44,188,6.33,2024-07-25T10:40:00,1586.62,STOP,-1189.29,-1637.61
bb,HCLTECH,2024-07-30,SHORT,2024-07-30T11:00:00,1621.05,1625.72,1614.05,185,4.67,2024-07-30T12:30:00,1625.72,STOP,-863.39,-1313.88
bb,HCLTECH,2024-08-01,SHORT,2024-08-01T13:30:00,1641.60,1645.22,1636.17,182,3.62,2024-08-01T15:20:00,1639.70,TIME_STOP,345.80,-102.10
bb,HCLTECH,2024-08-08,LONG,2024-08-08T12:30:00,1597.00,1590.97,1606.05,187,6.03,2024-08-08T12:50:00,1590.97,STOP,-1128.19,-1575.30
bb,HCLTECH,2024-08-12,LONG,2024-08-12T11:40:00,1595.25,1590.51,1602.36,188,4.74,2024-08-12T13:30:00,1599.15,TIME_STOP,733.20,282.79
bb,HCLTECH,2024-08-13,LONG,2024-08-13T10:10:00,1598.25,1592.55,1606.80,187,5.70,2024-08-13T11:10:00,1606.80,TARGET,1598.45,1148.94
bb,HCLTECH,2024-08-20,SHORT,2024-08-20T12:20:00,1674.55,1678.82,1668.14,179,4.27,2024-08-20T13:00:00,1678.82,STOP,-765.21,-1215.40
bb,HCLTECH,2024-08-21,SHORT,2024-08-21T12:00:00,1676.55,1680.28,1670.95,178,3.73,2024-08-21T13:50:00,1677.00,TIME_STOP,-80.10,-527.80
bb,HCLTECH,2024-08-28,LONG,2024-08-28T10:50:00,1724.15,1717.00,1734.88,173,7.15,2024-08-28T11:40:00,1734.88,TARGET,1855.64,1406.83
bb,HCLTECH,2024-08-29,LONG,2024-08-29T10:20:00,1738.80,1732.03,1748.95,172,6.77,2024-08-29T12:10:00,1743.00,TIME_STOP,722.40,273.25
bb,HCLTECH,2024-09-06,SHORT,2024-09-06T10:10:00,1766.25,1773.04,1756.06,169,6.79,2024-09-06T10:10:00,1756.06,TARGET,1721.33,1274.88
bb,HCLTECH,2024-09-09,LONG,2024-09-09T10:40:00,1760.00,1753.55,1769.68,170,6.45,2024-09-09T12:30:00,1758.40,TIME_STOP,-272.00,-720.60
bb,HCLTECH,2024-09-10,LONG,2024-09-10T10:50:00,1758.60,1753.32,1766.52,170,5.28,2024-09-10T11:40:00,1766.52,TARGET,1345.70,896.25
bb,HCLTECH,2024-09-12,SHORT,2024-09-12T11:00:00,1782.10,1788.35,1772.72,168,6.25,2024-09-12T12:50:00,1780.30,TIME_STOP,302.40,-146.46
bb,HCLTECH,2024-09-16,SHORT,2024-09-16T13:20:00,1812.30,1816.17,1806.49,165,3.87,2024-09-16T15:10:00,1812.45,TIME_STOP,-24.75,-473.31
bb,HCLTECH,2024-09-17,LONG,2024-09-17T10:20:00,1816.00,1811.39,1822.92,165,4.61,2024-09-17T12:10:00,1822.00,TIME_STOP,990.00,539.80
bb,HCLTECH,2024-09-20,LONG,2024-09-20T10:00:00,1752.90,1745.10,1764.61,171,7.80,2024-09-20T10:10:00,1745.10,STOP,-1334.62,-1783.23
bb,HCLTECH,2024-09-25,SHORT,2024-09-25T12:10:00,1759.80,1765.87,1750.70,170,6.07,2024-09-25T13:20:00,1765.87,STOP,-1031.13,-1480.65
bb,HCLTECH,2024-09-26,SHORT,2024-09-26T14:10:00,1787.20,1792.59,1779.12,167,5.39,2024-09-26T14:40:00,1792.59,STOP,-899.68,-1348.05
bb,HCLTECH,2024-09-30,SHORT,2024-09-30T13:30:00,1810.85,1814.76,1804.98,165,3.91,2024-09-30T14:20:00,1804.98,TARGET,968.58,521.12
bb,HCLTECH,2024-10-04,LONG,2024-10-04T10:10:00,1791.80,1784.74,1802.39,167,7.06,2024-10-04T10:10:00,1784.74,STOP,-1179.26,-1627.22
bb,HCLTECH,2024-10-07,SHORT,2024-10-07T10:50:00,1777.65,1784.93,1766.73,168,7.28,2024-10-07T12:40:00,1774.05,TIME_STOP,604.80,157.29
bb,HCLTECH,2024-10-08,LONG,2024-10-08T11:50:00,1773.55,1767.35,1782.85,169,6.20,2024-10-08T12:40:00,1767.35,STOP,-1047.81,-1496.62
bb,HCLTECH,2024-10-10,SHORT,2024-10-10T14:10:00,1807.55,1815.29,1795.94,165,7.74,2024-10-10T15:20:00,1815.29,STOP,-1277.51,-1725.84
bb,HCLTECH,2024-10-16,SHORT,2024-10-16T11:50:00,1856.60,1862.23,1848.15,161,5.63,2024-10-16T12:00:00,1862.23,STOP,-906.88,-1355.93
bb,HCLTECH,2024-10-21,SHORT,2024-10-21T12:20:00,1854.55,1859.74,1846.77,161,5.19,2024-10-21T13:50:00,1846.77,TARGET,1252.91,805.98
bb,HCLTECH,2024-10-23,LONG,2024-10-23T10:40:00,1847.25,1840.16,1857.89,162,7.09,2024-10-23T11:40:00,1857.89,TARGET,1723.21,1273.04
bb,HCLTECH,2024-10-24,SHORT,2024-10-24T10:40:00,1838.70,1844.66,1829.77,163,5.96,2024-10-24T11:00:00,1844.66,STOP,-970.90,-1421.19
bb,HCLTECH,2024-10-29,SHORT,2024-10-29T10:10:00,1863.85,1869.86,1854.84,160,6.01,2024-10-29T10:40:00,1854.84,TARGET,1442.18,995.93
bb,HCLTECH,2024-10-30,SHORT,2024-10-30T10:10:00,1858.40,1864.58,1849.13,161,6.18,2024-10-30T10:20:00,1864.58,STOP,-995.18,-1444.73
bb,HCLTECH,2024-11-07,SHORT,2024-11-07T10:30:00,1821.15,1828.61,1809.96,164,7.46,2024-11-07T11:00:00,1828.61,STOP,-1223.16,-1672.08
bb,HCLTECH,2024-11-08,SHORT,2024-11-08T14:00:00,1834.95,1839.40,1828.28,163,4.45,2024-11-08T14:20:00,1839.40,STOP,-725.08,-1174.27
bb,HCLTECH,2024-11-14,SHORT,2024-11-14T10:40:00,1857.35,1864.17,1847.11,161,6.82,2024-11-14T10:40:00,1864.17,STOP,-1098.81,-1548.19
bb,HCLTECH,2024-11-19,LONG,2024-11-19T11:40:00,1861.40,1855.68,1869.98,161,5.72,2024-11-19T12:20:00,1855.68,STOP,-920.75,-1369.59
bb,HCLTECH,2024-11-25,SHORT,2024-11-25T13:20:00,1882.55,1888.71,1873.31,159,6.16,2024-11-25T14:00:00,1888.71,STOP,-979.24,-1428.97
bb,HCLTECH,2024-11-29,LONG,2024-11-29T10:40:00,1871.00,1862.62,1883.57,160,8.38,2024-11-29T10:50:00,1862.62,STOP,-1340.41,-1788.45
bb,HCLTECH,2024-12-02,LONG,2024-12-02T10:30:00,1860.45,1854.25,1869.75,161,6.20,2024-12-02T10:40:00,1854.25,STOP,-998.70,-1447.25
bb,HCLTECH,2024-12-09,SHORT,2024-12-09T10:00:00,1915.10,1921.00,1906.25,156,5.90,2024-12-09T10:30:00,1906.25,TARGET,1380.63,933.53
bb,HCLTECH,2024-12-13,SHORT,2024-12-13T10:30:00,1917.00,1922.47,1908.80,156,5.47,2024-12-13T10:30:00,1922.47,STOP,-852.96,-1302.17
bb,HCLTECH,2024-12-16,SHORT,2024-12-16T12:10:00,1958.80,1964.29,1950.56,153,5.49,2024-12-16T13:40:00,1950.56,TARGET,1260.44,811.84
bb,HCLTECH,2024-12-24,LONG,2024-12-24T10:30:00,1918.95,1913.17,1927.61,156,5.78,2024-12-24T10:40:00,1913.17,STOP,-901.05,-1349.41
bb,HCLTECH,2024-12-27,LONG,2024-12-27T10:50:00,1899.45,1893.89,1907.78,157,5.56,2024-12-27T11:30:00,1893.89,STOP,-872.24,-1318.90
bb,HCLTECH,2024-12-30,LONG,2024-12-30T11:10:00,1893.90,1888.29,1902.31,158,5.61,2024-12-30T11:30:00,1902.31,TARGET,1328.40,878.55
bb,HCLTECH,2024-12-31,SHORT,2024-12-31T10:10:00,1899.60,1911.63,1881.56,157,12.03,2024-12-31T10:10:00,1881.56,TARGET,2833.03,2387.80
bb,HCLTECH,2025-01-01,SHORT,2025-01-01T13:30:00,1920.05,1925.23,1912.28,156,5.18,2025-01-01T14:50:00,1912.28,TARGET,1211.61,763.23
bb,HCLTECH,2025-01-03,SHORT,2025-01-03T11:40:00,1953.70,1960.66,1943.26,153,6.96,2025-01-03T11:40:00,1960.66,STOP,-1064.87,-1514.04
bb,HCLTECH,2025-01-06,SHORT,2025-01-06T11:00:00,1947.00,1953.83,1936.76,154,6.83,2025-01-06T11:40:00,1936.76,TARGET,1577.45,1128.87
bb,HCLTECH,2025-01-07,SHORT,2025-01-07T10:10:00,1933.10,1942.26,1919.36,155,9.16,2025-01-07T10:10:00,1942.26,STOP,-1419.99,-1870.50
bb,HCLTECH,2025-01-08,LONG,2025-01-08T13:50:00,1919.90,1913.67,1929.25,156,6.23,2025-01-08T14:40:00,1929.25,TARGET,1458.60,1008.24
bb,HCLTECH,2025-01-20,SHORT,2025-01-20T10:40:00,1781.05,1788.87,1769.32,168,7.82,2025-01-20T10:40:00,1785.20,REVERSE,-697.20,-1146.55
bb,HCLTECH,2025-01-23,SHORT,2025-01-23T11:10:00,1809.45,1816.13,1799.42,165,6.68,2025-01-23T12:00:00,1816.13,STOP,-1102.77,-1551.44
bb,HCLTECH,2025-01-24,LONG,2025-01-24T11:50:00,1824.05,1817.28,1834.20,164,6.77,2025-01-24T12:00:00,1817.28,STOP,-1109.97,-1557.86
bb,HCLTECH,2025-01-30,SHORT,2025-01-30T14:00:00,1708.55,1713.70,1700.83,175,5.15,2025-01-30T14:10:00,1700.83,TARGET,1351.33,903.84
bb,HCLTECH,2025-01-31,SHORT,2025-01-31T12:20:00,1716.95,1722.27,1708.97,174,5.32,2025-01-31T13:10:00,1722.27,STOP,-925.75,-1374.57
bb,HCLTECH,2025-02-01,SHORT,2025-02-01T10:00:00,1717.05,1721.98,1709.66,174,4.93,2025-02-01T10:40:00,1709.66,TARGET,1286.19,839.00
bb,HCLTECH,2025-02-03,LONG,2025-02-03T13:40:00,1690.00,1684.26,1698.60,177,5.74,2025-02-03T13:50:00,1687.90,REVERSE,-371.70,-820.12
bb,HCLTECH,2025-02-05,SHORT,2025-02-05T11:50:00,1714.05,1720.41,1704.52,175,6.36,2025-02-05T13:40:00,1714.20,TIME_STOP,-26.25,-476.21
bb,HCLTECH,2025-02-07,LONG,2025-02-07T11:00:00,1719.55,1714.11,1727.71,174,5.44,2025-02-07T12:20:00,1727.71,TARGET,1419.49,969.63
bb,HCLTECH,2025-02-10,SHORT,2025-02-10T10:40:00,1718.75,1723.78,1711.21,174,5.03,2025-02-10T10:50:00,1723.78,STOP,-874.39,-1323.64
bb,HCLTECH,2025-02-11,SHORT,2025-02-11T13:10:00,1725.55,1730.04,1718.82,173,4.49,2025-02-11T13:10:00,1718.82,TARGET,1165.13,718.23
bb,HCLTECH,2025-02-12,SHORT,2025-02-12T10:10:00,1723.45,1730.01,1713.61,174,6.56,2025-02-12T10:40:00,1713.61,TARGET,1711.57,1263.03
bb,HCLTECH,2025-02-13,LONG,2025-02-13T10:20:00,1722.80,1716.75,1731.88,174,6.05,2025-02-13T10:30:00,1716.75,STOP,-1053.33,-1502.19
bb,HCLTECH,2025-02-18,SHORT,2025-02-18T12:30:00,1709.10,1713.08,1703.14,175,3.98,2025-02-18T13:50:00,1713.08,STOP,-695.81,-1144.97
bb,HCLTECH,2025-02-19,SHORT,2025-02-19T12:50:00,1715.50,1720.03,1708.71,174,4.53,2025-02-19T13:30:00,1708.71,TARGET,1181.47,734.61
bb,HCLTECH,2025-02-21,LONG,2025-02-21T12:10:00,1697.65,1692.88,1704.80,176,4.77,2025-02-21T14:00:00,1697.95,TIME_STOP,52.80,-395.42
bb,HCLTECH,2025-03-03,SHORT,2025-03-03T12:30:00,1579.15,1583.67,1572.37,189,4.52,2025-03-03T14:20:00,1573.25,TIME_STOP,1115.10,668.25
bb,HCLTECH,2025-03-13,SHORT,2025-03-13T12:30:00,1531.05,1536.34,1523.11,195,5.29,2025-03-13T12:50:00,1536.34,STOP,-1032.15,-1480.76
bb,HCLTECH,2025-03-17,LONG,2025-03-17T14:10:00,1534.95,1530.95,1540.96,195,4.00,2025-03-17T14:50:00,1540.96,TARGET,1171.27,721.41
bb,HCLTECH,2025-03-19,SHORT,2025-03-19T11:30:00,1530.45,1535.19,1523.34,196,4.74,2025-03-19T13:20:00,1535.19,STOP,-928.46,-1379.11
bb,HCLTECH,2025-03-21,LONG,2025-03-21T11:00:00,1578.00,1569.64,1590.54,190,8.36,2025-03-21T12:10:00,1590.54,TARGET,2381.93,1930.42
bb,HCLTECH,2025-03-24,LONG,2025-03-24T11:30:00,1578.55,1572.23,1588.02,190,6.32,2025-03-24T12:50:00,1588.02,TARGET,1799.96,1348.73
bb,HCLTECH,2025-03-27,LONG,2025-03-27T10:00:00,1633.85,1627.27,1643.72,183,6.58,2025-03-27T11:20:00,1627.27,STOP,-1203.93,-1651.52
bb,HCLTECH,2025-04-16,SHORT,2025-04-16T13:50:00,1415.00,1419.08,1408.88,212,4.08,2025-04-16T14:00:00,1419.08,STOP,-865.30,-1315.92
bb,HCLTECH,2025-04-17,LONG,2025-04-17T12:30:00,1417.20,1410.88,1426.68,211,6.32,2025-04-17T12:40:00,1426.68,TARGET,1999.99,1549.95
bb,HCLTECH,2025-04-22,SHORT,2025-04-22T10:20:00,1473.80,1481.67,1461.99,203,7.87,2025-04-22T11:40:00,1481.67,STOP,-1598.05,-2048.02
bb,HCLTECH,2025-04-24,SHORT,2025-04-24T13:50:00,1585.60,1589.66,1579.51,189,4.06,2025-04-24T14:30:00,1579.51,TARGET,1150.35,701.70
bb,HCLTECH,2025-04-25,SHORT,2025-04-25T10:10:00,1574.30,1582.32,1562.27,190,8.02,2025-04-25T10:10:00,1582.32,STOP,-1524.30,-1974.12
bb,HCLTECH,2025-04-29,LONG,2025-04-29T10:20:00,1555.30,1549.97,1563.29,192,5.33,2025-04-29T11:10:00,1563.29,TARGET,1533.65,1084.57
bb,HCLTECH,2025-04-30,SHORT,2025-04-30T13:10:00,1566.40,1571.36,1558.96,191,4.96,2025-04-30T13:30:00,1571.36,STOP,-947.23,-1396.72
bb,HCLTECH,2025-05-02,LONG,2025-05-02T10:10:00,1578.10,1570.73,1589.15,190,7.37,2025-05-02T10:30:00,1570.73,STOP,-1399.42,-1848.13
bb,HCLTECH,2025-05-06,SHORT,2025-05-06T10:00:00,1567.20,1573.07,1558.39,191,5.87,2025-05-06T10:20:00,1573.07,STOP,-1121.65,-1571.50
bb,HCLTECH,2025-05-14,SHORT,2025-05-14T10:10:00,1629.60,1637.95,1617.08,184,8.35,2025-05-14T12:00:00,1630.70,TIME_STOP,-202.40,-652.32
bb,HCLTECH,2025-05-15,SHORT,2025-05-15T10:10:00,1630.50,1636.56,1621.41,183,6.06,2025-05-15T10:10:00,1636.56,STOP,-1108.98,-1557.38
bb,HCLTECH,2025-05-16,SHORT,2025-05-16T10:50:00,1664.10,1671.00,1653.75,180,6.90,2025-05-16T11:00:00,1671.00,STOP,-1242.40,-1692.64
bb,HCLTECH,2025-05-20,SHORT,2025-05-20T13:00:00,1647.00,1651.54,1640.19,182,4.54,2025-05-20T14:40:00,1640.19,TARGET,1239.46,790.76
bb,HCLTECH,2025-05-22,LONG,2025-05-22T14:10:00,1637.70,1633.55,1643.92,183,4.15,2025-05-22T14:20:00,1633.55,STOP,-758.87,-1207.85
bb,HCLTECH,2025-05-28,LONG,2025-05-28T13:30:00,1655.10,1651.68,1660.22,181,3.42,2025-05-28T14:00:00,1651.68,STOP,-618.23,-1067.13
bb,HCLTECH,2025-05-30,SHORT,2025-05-30T10:00:00,1652.30,1657.16,1645.00,181,4.86,2025-05-30T10:00:00,1655.60,REVERSE,-597.30,-1046.35
bb,HCLTECH,2025-06-03,LONG,2025-06-03T11:40:00,1634.90,1628.78,1644.08,183,6.12,2025-06-03T12:50:00,1628.78,STOP,-1119.98,-1567.92
bb,HCLTECH,2025-06-04,LONG,2025-06-04T10:10:00,1632.60,1628.19,1639.21,183,4.41,2025-06-04T10:30:00,1639.21,TARGET,1209.94,760.89
bb,HCLTECH,2025-06-05,LONG,2025-06-05T11:20:00,1636.80,1633.09,1642.37,183,3.71,2025-06-05T11:50:00,1633.09,STOP,-678.96,-1127.75
bb,HCLTECH,2025-06-12,SHORT,2025-06-12T14:10:00,1700.30,1705.56,1692.41,176,5.26,2025-06-12T15:20:00,1705.56,STOP,-925.55,-1375.12
bb,HCLTECH,2025-06-13,LONG,2025-06-13T12:00:00,1703.10,1697.27,1711.84,176,5.83,2025-06-13T13:10:00,1697.27,STOP,-1025.87,-1474.72
bb,HCLTECH,2025-06-18,SHORT,2025-06-18T10:20:00,1728.00,1733.23,1720.15,173,5.23,2025-06-18T10:30:00,1720.15,TARGET,1357.22,909.82
bb,HCLTECH,2025-06-24,LONG,2025-06-24T10:10:00,1718.50,1712.05,1728.17,174,6.45,2025-06-24T12:00:00,1718.20,TIME_STOP,-52.20,-500.69
bb,HCLTECH,2025-06-25,LONG,2025-06-25T10:20:00,1710.60,1704.33,1720.00,175,6.27,2025-06-25T12:10:00,1710.60,TIME_STOP,0.00,-449.03
bb,HCLTECH,2025-06-26,SHORT,2025-06-26T13:00:00,1705.80,1710.50,1698.74,175,4.70,2025-06-26T13:00:00,1710.50,STOP,-823.25,-1271.64
bb,HCLTECH,2025-06-27,SHORT,2025-06-27T13:00:00,1724.90,1729.71,1717.68,173,4.81,2025-06-27T13:40:00,1717.68,TARGET,1248.62,801.95
bb,HCLTECH,2025-07-01,SHORT,2025-07-01T12:20:00,1721.80,1726.57,1714.64,174,4.77,2025-07-01T13:30:00,1714.64,TARGET,1245.47,797.02
bb,HCLTECH,2025-07-02,SHORT,2025-07-02T11:00:00,1716.80,1721.46,1709.81,174,4.66,2025-07-02T12:10:00,1721.46,STOP,-810.46,-1259.15
bb,HCLTECH,2025-07-03,SHORT,2025-07-03T13:30:00,1717.10,1721.15,1711.03,174,4.05,2025-07-03T13:40:00,1721.15,STOP,-704.03,-1152.72
bb,HCLTECH,2025-07-04,LONG,2025-07-04T11:40:00,1718.70,1714.69,1724.71,174,4.01,2025-07-04T13:30:00,1720.20,TIME_STOP,261.00,-187.78
bb,HCLTECH,2025-07-07,LONG,2025-07-07T13:50:00,1716.00,1712.97,1720.55,174,3.03,2025-07-07T13:50:00,1712.97,STOP,-527.44,-974.92
bb,HCLTECH,2025-07-18,LONG,2025-07-18T13:30:00,1545.00,1541.22,1550.67,194,3.78,2025-07-18T15:20:00,1548.20,TIME_STOP,620.80,170.74
bb,HCLTECH,2025-07-22,LONG,2025-07-22T11:00:00,1536.30,1533.21,1540.93,195,3.09,2025-07-22T11:50:00,1533.21,STOP,-602.08,-1051.00
bb,HCLTECH,2025-07-23,LONG,2025-07-23T12:00:00,1526.60,1523.75,1530.88,196,2.85,2025-07-23T12:20:00,1530.88,TARGET,838.68,389.23
bb,HCLTECH,2025-07-29,LONG,2025-07-29T14:10:00,1473.80,1470.91,1478.13,203,2.89,2025-07-29T14:10:00,1470.91,STOP,-586.48,-1034.81
bb,HCLTECH,2025-07-30,SHORT,2025-07-30T14:10:00,1471.60,1474.24,1467.64,203,2.64,2025-07-30T14:30:00,1474.24,STOP,-536.04,-984.54
bb,HCLTECH,2025-07-31,LONG,2025-07-31T11:50:00,1476.80,1473.38,1481.93,203,3.42,2025-07-31T12:00:00,1473.38,STOP,-693.98,-1143.14
bb,HCLTECH,2025-08-04,LONG,2025-08-04T13:30:00,1465.60,1462.05,1470.93,204,3.55,2025-08-04T13:30:00,1462.05,STOP,-725.07,-1173.00
bb,HCLTECH,2025-08-07,LONG,2025-08-07T12:50:00,1463.80,1460.77,1468.34,204,3.03,2025-08-07T13:20:00,1460.77,STOP,-617.23,-1064.69
bb,HCLTECH,2025-08-08,SHORT,2025-08-08T10:50:00,1462.90,1466.43,1457.60,205,3.53,2025-08-08T10:50:00,1466.43,STOP,-724.00,-1174.38
bb,HCLTECH,2025-08-11,SHORT,2025-08-11T10:20:00,1471.80,1475.37,1466.45,203,3.57,2025-08-11T10:20:00,1475.37,STOP,-724.13,-1172.84
bb,HCLTECH,2025-08-13,LONG,2025-08-13T13:00:00,1500.70,1497.19,1505.96,199,3.51,2025-08-13T14:40:00,1505.96,TARGET,1046.73,597.99
bb,HCLTECH,2025-08-14,SHORT,2025-08-14T10:30:00,1500.00,1503.22,1495.16,200,3.22,2025-08-14T10:30:00,1503.22,STOP,-644.71,-1095.20
bb,HCLTECH,2025-08-19,LONG,2025-08-19T13:10:00,1480.40,1477.74,1484.38,202,2.66,2025-08-19T13:50:00,1477.74,STOP,-536.63,-984.79
bb,HCLTECH,2025-08-20,LONG,2025-08-20T11:20:00,1479.10,1473.80,1487.05,202,5.30,2025-08-20T13:00:00,1487.05,TARGET,1605.23,1155.86
bb,HCLTECH,2025-08-29,LONG,2025-08-29T11:20:00,1460.90,1456.04,1468.19,205,4.86,2025-08-29T13:10:00,1460.00,TIME_STOP,-184.50,-633.59
bb,HCLTECH,2025-09-01,SHORT,2025-09-01T14:00:00,1461.60,1465.02,1456.47,205,3.42,2025-09-01T14:40:00,1465.02,STOP,-701.26,-1151.22
bb,HCLTECH,2025-09-03,SHORT,2025-09-03T10:10:00,1462.00,1465.71,1456.43,205,3.71,2025-09-03T10:50:00,1456.43,TARGET,1140.99,692.28
bb,HCLTECH,2025-09-04,SHORT,2025-09-04T10:50:00,1457.80,1460.44,1453.84,205,2.64,2025-09-04T10:50:00,1453.84,TARGET,812.72,365.06
bb,HCLTECH,2025-09-09,LONG,2025-09-09T10:00:00,1421.30,1416.34,1428.74,211,4.96,2025-09-09T11:50:00,1424.90,TIME_STOP,759.60,309.19
bb,HCLTECH,2025-09-15,LONG,2025-09-15T13:10:00,1462.50,1459.92,1466.37,205,2.58,2025-09-15T14:10:00,1466.37,TARGET,793.80,343.48
bb,HCLTECH,2025-09-23,LONG,2025-09-23T14:10:00,1436.00,1433.08,1440.38,208,2.92,2025-09-23T14:20:00,1433.08,STOP,-606.92,-1054.49
bb,HCLTECH,2025-09-24,LONG,2025-09-24T10:20:00,1438.00,1433.50,1444.75,208,4.50,2025-09-24T12:10:00,1441.10,TIME_STOP,644.80,195.66
bb,HCLTECH,2025-09-30,LONG,2025-09-30T10:40:00,1396.80,1393.25,1402.12,214,3.55,2025-09-30T11:10:00,1402.12,TARGET,1138.98,689.75
bb,HCLTECH,2025-10-03,SHORT,2025-10-03T10:50:00,1386.80,1390.39,1381.41,216,3.59,2025-10-03T12:40:00,1383.60,TIME_STOP,691.20,242.40
bb,HCLTECH,2025-10-13,SHORT,2025-10-13T10:20:00,1487.40,1492.09,1480.36,201,4.69,2025-10-13T11:20:00,1480.36,TARGET,1414.80,967.41
bb,HCLTECH,2025-10-29,LONG,2025-10-29T10:40:00,1546.30,1542.16,1552.50,194,4.14,2025-10-29T10:50:00,1542.16,STOP,-802.35,-1251.73
bb,HCLTECH,2025-10-30,SHORT,2025-10-30T10:00:00,1542.10,1545.65,1536.77,194,3.55,2025-10-30T10:20:00,1545.65,STOP,-689.28,-1138.55
bb,HCLTECH,2025-10-31,SHORT,2025-10-31T11:10:00,1545.60,1549.17,1540.25,194,3.57,2025-10-31T11:30:00,1549.17,STOP,-692.57,-1142.86
bb,HCLTECH,2025-11-06,LONG,2025-11-06T13:00:00,1530.60,1527.19,1535.71,196,3.41,2025-11-06T13:20:00,1527.19,STOP,-667.72,-1117.22
bb,HCLTECH,2025-11-14,SHORT,2025-11-14T10:40:00,1588.60,1592.40,1582.89,188,3.80,2025-11-14T10:50:00,1592.40,STOP,-715.31,-1163.83
bb,HCLTECH,2025-11-18,SHORT,2025-11-18T10:00:00,1592.60,1596.15,1587.27,188,3.55,2025-11-18T11:40:00,1596.15,STOP,-667.88,-1117.50
bb,HCLTECH,2025-11-20,SHORT,2025-11-20T12:20:00,1653.60,1657.51,1647.73,181,3.91,2025-11-20T14:10:00,1650.10,TIME_STOP,633.50,185.02
bb,HCLTECH,2025-11-27,SHORT,2025-11-27T13:50:00,1619.20,1623.08,1613.38,185,3.88,2025-11-27T14:00:00,1623.08,STOP,-717.99,-1167.86
bb,HCLTECH,2025-12-02,SHORT,2025-12-02T10:20:00,1632.00,1636.32,1625.52,183,4.32,2025-12-02T11:30:00,1625.52,TARGET,1186.18,739.09
bb,HCLTECH,2025-12-03,SHORT,2025-12-03T10:00:00,1633.00,1637.48,1626.28,183,4.48,2025-12-03T10:20:00,1637.48,STOP,-819.52,-1268.39
bb,HCLTECH,2025-12-08,SHORT,2025-12-08T14:00:00,1684.80,1688.82,1678.77,178,4.02,2025-12-08T14:30:00,1678.77,TARGET,1072.73,623.69
bb,HCLTECH,2025-12-10,LONG,2025-12-10T14:00:00,1665.10,1662.22,1669.42,180,2.88,2025-12-10T14:00:00,1663.20,REVERSE,-342.00,-791.32
bb,HCLTECH,2025-12-11,SHORT,2025-12-11T10:00:00,1653.20,1658.28,1645.58,181,5.08,2025-12-11T10:10:00,1658.28,STOP,-919.06,-1368.59
bb,HCLTECH,2025-12-12,SHORT,2025-12-12T10:30:00,1662.00,1665.98,1656.03,180,3.98,2025-12-12T11:10:00,1665.98,STOP,-716.90,-1166.18
bb,HCLTECH,2025-12-16,SHORT,2025-12-16T10:20:00,1667.00,1671.39,1660.42,179,4.39,2025-12-16T10:40:00,1660.42,TARGET,1177.81,731.10
bb,HCLTECH,2025-12-17,SHORT,2025-12-17T12:10:00,1649.20,1652.65,1644.03,181,3.45,2025-12-17T12:30:00,1652.65,STOP,-624.24,-1072.47
bb,HCLTECH,2025-12-19,SHORT,2025-12-19T10:10:00,1649.00,1654.13,1641.30,181,5.13,2025-12-19T10:10:00,1641.30,TARGET,1392.80,946.14
bb,HCLTECH,2026-01-01,LONG,2026-01-01T10:40:00,1629.00,1624.45,1635.82,184,4.55,2026-01-01T11:00:00,1635.82,TARGET,1254.76,804.22
bb,HCLTECH,2026-01-02,LONG,2026-01-02T11:30:00,1640.70,1636.61,1646.84,182,4.09,2026-01-02T12:10:00,1636.61,STOP,-745.19,-1192.54
bb,HCLTECH,2026-01-12,SHORT,2026-01-12T10:20:00,1650.80,1657.60,1640.60,181,6.80,2026-01-12T12:10:00,1655.00,TIME_STOP,-760.20,-1208.96
bb,HCLTECH,2026-01-13,LONG,2026-01-13T11:20:00,1669.70,1657.67,1687.74,179,12.03,2026-01-13T13:00:00,1657.67,STOP,-2152.86,-2599.56
bb,HCLTECH,2026-01-14,SHORT,2026-01-14T10:10:00,1658.50,1665.49,1648.02,180,6.99,2026-01-14T11:00:00,1665.49,STOP,-1257.69,-1706.43
bb,HCLTECH,2026-01-20,SHORT,2026-01-20T10:10:00,1692.80,1697.95,1685.08,177,5.15,2026-01-20T10:20:00,1697.95,STOP,-911.49,-1361.61
bb,HCLTECH,2026-01-21,LONG,2026-01-21T13:30:00,1683.20,1678.58,1690.14,178,4.62,2026-01-21T13:30:00,1679.10,REVERSE,-729.80,-1178.67
bb,HCLTECH,2026-01-27,SHORT,2026-01-27T11:20:00,1702.80,1708.76,1693.86,176,5.96,2026-01-27T11:20:00,1708.76,STOP,-1049.47,-1499.79
bb,HCLTECH,2026-01-28,SHORT,2026-01-28T12:50:00,1712.70,1717.71,1705.19,175,5.01,2026-01-28T14:20:00,1717.71,STOP,-876.16,-1326.40
bb,HCLTECH,2026-01-29,LONG,2026-01-29T13:20:00,1720.00,1715.42,1726.88,174,4.58,2026-01-29T15:10:00,1720.80,TIME_STOP,139.20,-309.82
bb,HCLTECH,2026-02-05,LONG,2026-02-05T10:30:00,1629.20,1622.03,1639.96,184,7.17,2026-02-05T10:50:00,1622.03,STOP,-1319.82,-1768.49
bb,HCLTECH,2026-02-10,LONG,2026-02-10T10:10:00,1598.20,1593.30,1605.55,187,4.90,2026-02-10T10:10:00,1593.30,STOP,-916.42,-1364.02
bb,HCLTECH,2026-02-13,LONG,2026-02-13T13:00:00,1465.20,1456.08,1478.88,204,9.12,2026-02-13T13:50:00,1456.08,STOP,-1861.07,-2308.03
bb,HCLTECH,2026-02-16,SHORT,2026-02-16T11:00:00,1454.10,1460.82,1444.03,206,6.72,2026-02-16T12:50:00,1452.30,TIME_STOP,370.80,-78.24
bb,HCLTECH,2026-02-18,SHORT,2026-02-18T10:50:00,1452.80,1460.01,1441.98,206,7.21,2026-02-18T11:00:00,1460.01,STOP,-1485.63,-1935.66
bb,HCLTECH,2026-02-19,SHORT,2026-02-19T12:10:00,1466.90,1472.85,1457.98,204,5.95,2026-02-19T14:00:00,1459.00,TIME_STOP,1611.60,1163.94
bb,HCLTECH,2026-02-26,SHORT,2026-02-26T14:10:00,1371.40,1376.64,1363.55,218,5.24,2026-02-26T14:40:00,1376.64,STOP,-1141.37,-1590.67
bb,HCLTECH,2026-03-04,SHORT,2026-03-04T10:40:00,1365.80,1372.45,1355.83,219,6.65,2026-03-04T12:30:00,1364.30,TIME_STOP,328.50,-119.92
bb,HCLTECH,2026-03-06,SHORT,2026-03-06T10:10:00,1366.60,1372.33,1358.01,219,5.73,2026-03-06T10:20:00,1369.40,REVERSE,-613.20,-1062.59
bb,HCLTECH,2026-03-09,LONG,2026-03-09T11:30:00,1369.80,1363.81,1378.78,219,5.99,2026-03-09T11:50:00,1363.81,STOP,-1311.62,-1760.62
bb,HCLTECH,2026-03-10,LONG,2026-03-10T13:20:00,1355.70,1351.83,1361.51,221,3.87,2026-03-10T14:50:00,1361.51,TARGET,1284.19,833.81
bb,HCLTECH,2026-03-11,SHORT,2026-03-11T10:20:00,1349.30,1353.77,1342.60,222,4.47,2026-03-11T10:20:00,1353.77,STOP,-992.01,-1442.07
bb,HCLTECH,2026-03-12,LONG,2026-03-12T11:20:00,1361.30,1356.23,1368.90,220,5.07,2026-03-12T11:20:00,1356.23,STOP,-1115.05,-1563.45
bb,MARUTI,2024-03-19,SHORT,2024-03-19T14:10:00,11528.30,11562.56,11476.91,26,34.26,2024-03-19T14:30:00,11562.56,STOP,-890.82,-1341.09
bb,MARUTI,2024-03-21,SHORT,2024-03-21T10:00:00,11890.00,11932.06,11826.92,25,42.06,2024-03-21T10:00:00,11932.06,STOP,-1051.39,-1498.06
bb,MARUTI,2024-03-26,SHORT,2024-03-26T10:40:00,12197.50,12247.05,12123.17,24,49.55,2024-03-26T11:20:00,12237.50,REVERSE,-960.00,-1399.83
bb,MARUTI,2024-03-28,LONG,2024-03-28T11:20:00,12607.40,12557.37,12682.44,23,50.03,2024-03-28T12:20:00,12557.37,STOP,-1150.67,-1584.77
bb,MARUTI,2024-04-01,SHORT,2024-04-01T10:50:00,12595.00,12635.46,12534.31,23,40.46,2024-04-01T12:40:00,12577.10,TIME_STOP,411.70,-22.52
bb,MARUTI,2024-04-02,LONG,2024-04-02T11:00:00,12599.20,12559.72,12658.41,23,39.48,2024-04-02T11:00:00,12559.72,STOP,-907.95,-1341.94
bb,MARUTI,2024-04-04,LONG,2024-04-04T13:20:00,12462.25,12427.87,12513.82,24,34.38,2024-04-04T14:00:00,12513.82,TARGET,1237.71,788.14
bb,MARUTI,2024-04-05,SHORT,2024-04-05T11:30:00,12458.25,12494.64,12403.67,24,36.39,2024-04-05T12:20:00,12403.67,TARGET,1309.91,862.39
bb,MARUTI,2024-04-10,SHORT,2024-04-10T11:20:00,12807.40,12845.58,12750.13,23,38.18,2024-04-10T11:50:00,12750.13,TARGET,1317.18,876.31
bb,MARUTI,2024-04-15,LONG,2024-04-15T14:10:00,12342.50,12303.56,12400.92,24,38.94,2024-04-15T14:30:00,12400.92,TARGET,1402.01,956.63
bb,MARUTI,2024-04-19,LONG,2024-04-19T12:20:00,12489.90,12426.05,12585.68,24,63.85,2024-04-19T13:50:00,12585.68,TARGET,2298.62,1847.26
bb,MARUTI,2024-04-25,SHORT,2024-04-25T10:00:00,12825.00,12870.46,12756.81,23,45.46,2024-04-25T10:50:00,12756.81,TARGET,1568.35,1127.06
bb,MARUTI,2024-04-26,SHORT,2024-04-26T11:50:00,12846.95,12899.69,12767.84,23,52.74,2024-04-26T12:30:00,12767.84,TARGET,1819.52,1377.66
bb,MARUTI,2024-05-06,LONG,2024-05-06T11:10:00,12585.10,12539.04,12654.18,23,46.06,2024-05-06T11:40:00,12539.04,STOP,-1059.29,-1492.68
bb,MARUTI,2024-05-09,SHORT,2024-05-09T13:00:00,12469.40,12515.58,12400.14,24,46.18,2024-05-09T13:40:00,12515.58,STOP,-1108.23,-1557.96
bb,MARUTI,2024-05-13,LONG,2024-05-13T11:00:00,12563.00,12509.12,12643.82,23,53.88,2024-05-13T12:50:00,12564.95,TIME_STOP,44.85,-388.61
bb,MARUTI,2024-05-15,SHORT,2024-05-15T10:20:00,12749.85,12778.63,12706.68,23,28.78,2024-05-15T10:50:00,12706.68,TARGET,992.89,553.76
bb,MARUTI,2024-05-17,LONG,2024-05-17T10:50:00,12494.20,12435.69,12581.96,24,58.51,2024-05-17T12:30:00,12526.30,EOD_FORCED,770.40,320.03
bb,MARUTI,2024-05-21,SHORT,2024-05-21T13:20:00,12554.95,12590.44,12501.72,23,35.49,2024-05-21T14:00:00,12501.72,TARGET,1224.24,792.02
bb,MARUTI,2024-05-22,LONG,2024-05-22T11:40:00,12536.00,12501.87,12587.19,23,34.13,2024-05-22T13:30:00,12556.15,TIME_STOP,463.45,30.61
bb,MARUTI,2024-05-27,LONG,2024-05-27T12:50:00,12959.05,12925.67,13009.12,23,33.38,2024-05-27T13:20:00,12925.67,STOP,-767.68,-1214.19
bb,MARUTI,2024-05-28,LONG,2024-05-28T11:20:00,12973.00,12936.58,13027.64,23,36.42,2024-05-28T11:30:00,12936.58,STOP,-837.76,-1284.70
bb,MARUTI,2024-06-05,LONG,2024-06-05T10:00:00,12370.00,12238.23,12567.66,18,131.77,2024-06-05T10:10:00,12567.66,TARGET,3557.86,3221.20
bb,MARUTI,2024-06-10,SHORT,2024-06-10T11:50:00,12739.95,12777.88,12683.05,23,37.93,2024-06-10T12:30:00,12683.05,TARGET,1308.73,870.18
bb,MARUTI,2024-06-13,SHORT,2024-06-13T10:00:00,12817.00,12852.88,12763.17,23,35.88,2024-06-13T10:00:00,12852.88,STOP,-825.33,-1268.13
bb,MARUTI,2024-06-14,LONG,2024-06-14T11:50:00,12842.85,12820.19,12876.83,23,22.66,2024-06-14T11:50:00,12876.83,TARGET,781.65,337.99
bb,MARUTI,2024-06-21,LONG,2024-06-21T12:10:00,12220.80,12171.53,12294.71,24,49.27,2024-06-21T12:40:00,12171.53,STOP,-1182.51,-1621.57
bb,MARUTI,2024-06-24,LONG,2024-06-24T10:30:00,12255.00,12204.97,12330.05,24,50.03,2024-06-24T11:10:00,12204.97,STOP,-1200.76,-1641.04
bb,MARUTI,2024-06-25,SHORT,2024-06-25T10:40:00,12133.75,12167.52,12083.09,24,33.77,2024-06-25T10:50:00,12167.52,STOP,-810.55,-1247.97
bb,MARUTI,2024-06-26,LONG,2024-06-26T10:30:00,12150.00,12121.11,12193.34,24,28.89,2024-06-26T10:30:00,12193.34,TARGET,1040.19,602.01
bb,MARUTI,2024-07-01,LONG,2024-07-01T10:00:00,12150.00,12106.08,12215.89,24,43.92,2024-07-01T10:50:00,12106.08,STOP,-1054.20,-1490.80
bb,MARUTI,2024-07-03,LONG,2024-07-03T11:10:00,12050.00,12018.62,12097.07,24,31.38,2024-07-03T12:30:00,12097.07,TARGET,1129.77,695.12
bb,MARUTI,2024-07-04,SHORT,2024-07-04T12:20:00,12098.20,12121.23,12063.65,24,23.03,2024-07-04T12:20:00,12121.23,STOP,-552.78,-988.73
bb,MARUTI,2024-07-10,SHORT,2024-07-10T14:10:00,12856.45,12923.43,12755.98,23,66.98,2024-07-10T14:50:00,12755.98,TARGET,2310.82,1869.00
bb,MARUTI,2024-07-16,SHORT,2024-07-16T10:30:00,12644.00,12690.72,12573.92,23,46.72,2024-07-16T11:10:00,12690.72,STOP,-1074.50,-1511.53
bb,MARUTI,2024-07-18,LONG,2024-07-18T14:00:00,12625.90,12593.37,12674.69,23,32.53,2024-07-18T14:10:00,12674.69,TARGET,1122.27,685.84
bb,MARUTI,2024-07-19,SHORT,2024-07-19T11:50:00,12596.80,12637.47,12535.79,23,40.67,2024-07-19T12:40:00,12535.79,TARGET,1403.15,969.62
bb,MARUTI,2024-07-22,LONG,2024-07-22T10:50:00,12596.45,12555.11,12658.46,23,41.34,2024-07-22T11:20:00,12555.11,STOP,-950.80,-1384.67
bb,MARUTI,2024-07-23,SHORT,2024-07-23T12:30:00,12455.95,12508.08,12377.76,24,52.13,2024-07-23T12:30:00,12377.76,TARGET,1876.67,1429.67
bb,MARUTI,2024-07-26,LONG,2024-07-26T10:10:00,12594.95,12552.94,12657.96,23,42.01,2024-07-26T10:10:00,12552.94,STOP,-966.17,-1399.97
bb,MARUTI,2024-08-01,SHORT,2024-08-01T14:00:00,13186.85,13251.61,13089.70,22,64.76,2024-08-01T14:10:00,13228.00,REVERSE,-905.30,-1341.15
bb,MARUTI,2024-08-07,LONG,2024-08-07T10:10:00,12375.00,12316.90,12462.15,24,58.10,2024-08-07T11:30:00,12316.90,STOP,-1394.42,-1838.88
bb,MARUTI,2024-08-08,SHORT,2024-08-08T10:20:00,12261.00,12301.22,12200.66,24,40.22,2024-08-08T10:30:00,12301.22,STOP,-965.39,-1407.51
bb,MARUTI,2024-08-09,SHORT,2024-08-09T11:20:00,12234.55,12269.00,12182.87,24,34.45,2024-08-09T13:00:00,12255.00,REVERSE,-490.80,-931.61
bb,MARUTI,2024-08-12,LONG,2024-08-12T10:00:00,12261.35,12226.21,12314.06,24,35.14,2024-08-12T10:10:00,12314.06,TARGET,1264.92,822.56
bb,MARUTI,2024-08-13,SHORT,2024-08-13T10:40:00,12245.00,12285.41,12184.39,24,40.41,2024-08-13T11:10:00,12285.41,STOP,-969.82,-1411.36
bb,MARUTI,2024-08-16,SHORT,2024-08-16T10:20:00,12184.00,12230.38,12114.43,24,46.38,2024-08-16T10:30:00,12114.43,TARGET,1669.57,1232.20
bb,MARUTI,2024-08-19,SHORT,2024-08-19T10:40:00,12177.55,12207.68,12132.36,24,30.13,2024-08-19T12:30:00,12161.65,TIME_STOP,381.60,-56.51
bb,MARUTI,2024-08-20,LONG,2024-08-20T10:00:00,12195.80,12174.11,12228.34,24,21.69,2024-08-20T10:10:00,12228.34,TARGET,780.88,341.25
bb,MARUTI,2024-08-21,LONG,2024-08-21T14:00:00,12228.85,12214.07,12251.02,24,14.78,2024-08-21T15:00:00,12214.07,STOP,-354.73,-794.70
bb,MARUTI,2024-08-26,LONG,2024-08-26T13:00:00,12304.00,12281.66,12337.51,24,22.34,2024-08-26T14:30:00,12281.66,STOP,-536.11,-978.65
bb,MARUTI,2024-08-27,LONG,2024-08-27T10:20:00,12366.40,12337.16,12410.26,24,29.24,2024-08-27T10:20:00,12337.16,STOP,-701.81,-1146.47
bb,MARUTI,2024-08-28,SHORT,2024-08-28T10:20:00,12420.00,12455.77,12366.35,24,35.77,2024-08-28T11:00:00,12366.35,TARGET,1287.55,841.40
bb,MARUTI,2024-08-29,LONG,2024-08-29T13:40:00,12363.80,12343.76,12393.86,24,20.04,2024-08-29T14:20:00,12343.76,STOP,-481.04,-925.77
bb,MARUTI,2024-09-02,SHORT,2024-09-02T12:40:00,12391.85,12425.42,12341.49,24,33.57,2024-09-02T14:30:00,12425.42,STOP,-805.74,-1252.46
bb,MARUTI,2024-09-03,LONG,2024-09-03T10:50:00,12418.20,12393.61,12455.09,24,24.59,2024-09-03T11:30:00,12455.09,TARGET,885.26,437.54
bb,MARUTI,2024-09-10,LONG,2024-09-10T11:30:00,12146.95,12123.79,12181.69,24,23.16,2024-09-10T12:00:00,12181.69,TARGET,833.68,395.76
bb,MARUTI,2024-09-12,LONG,2024-09-12T13:00:00,12238.55,12212.35,12277.85,24,26.20,2024-09-12T14:00:00,12277.85,TARGET,943.30,502.00
bb,MARUTI,2024-09-13,SHORT,2024-09-13T13:10:00,12301.50,12323.50,12268.51,24,22.00,2024-09-13T13:20:00,12323.50,STOP,-527.88,-971.13
bb,MARUTI,2024-09-16,SHORT,2024-09-16T10:50:00,12306.15,12329.92,12270.50,24,23.77,2024-09-16T12:40:00,12290.00,TIME_STOP,387.60,-55.13
bb,MARUTI,2024-09-18,SHORT,2024-09-18T13:10:00,12211.00,12234.84,12175.25,24,23.84,2024-09-18T13:40:00,12175.25,TARGET,858.08,419.13
bb,MARUTI,2024-09-25,SHORT,2024-09-25T10:30:00,12646.80,12684.36,12590.46,23,37.56,2024-09-25T11:40:00,12684.36,STOP,-863.91,-1300.87
bb,MARUTI,2024-09-30,SHORT,2024-09-30T11:20:00,13391.05,13437.31,13321.66,22,46.26,2024-09-30T12:40:00,13321.66,TARGET,1526.60,1085.84
bb,MARUTI,2024-10-04,LONG,2024-10-04T11:00:00,12835.85,12766.59,12939.74,23,69.26,2024-10-04T11:10:00,12766.59,STOP,-1592.92,-2034.56
bb,MARUTI,2024-10-08,LONG,2024-10-08T10:00:00,12514.05,12464.80,12587.93,23,49.25,2024-10-08T10:10:00,12464.80,STOP,-1132.82,-1563.71
bb,MARUTI,2024-10-11,SHORT,2024-10-11T12:50:00,12860.55,12893.37,12811.31,23,32.82,2024-10-11T13:40:00,12811.31,TARGET,1132.42,689.58
bb,MARUTI,2024-10-21,LONG,2024-10-21T11:10:00,12193.90,12137.67,12278.25,24,56.23,2024-10-21T11:10:00,12137.67,STOP,-1349.53,-1787.50
bb,MARUTI,2024-10-22,SHORT,2024-10-22T10:10:00,12102.45,12156.59,12021.24,24,54.14,2024-10-22T10:10:00,12021.24,TARGET,1948.96,1514.74
bb,MARUTI,2024-10-23,LONG,2024-10-23T11:00:00,12079.00,12024.38,12160.93,24,54.62,2024-10-23T12:50:00,12024.38,STOP,-1310.93,-1744.79
bb,MARUTI,2024-10-30,LONG,2024-10-30T10:00:00,11220.15,11094.20,11409.08,19,125.95,2024-10-30T11:50:00,11356.90,TIME_STOP,2598.25,2276.53
bb,MARUTI,2024-11-07,LONG,2024-11-07T14:00:00,11299.95,11270.44,11344.21,26,29.51,2024-11-07T15:20:00,11287.65,EOD,-319.80,-760.26
bb,MARUTI,2024-11-08,LONG,2024-11-08T12:40:00,11302.95,11267.79,11355.68,26,35.16,2024-11-08T13:40:00,11267.79,STOP,-914.06,-1354.19
bb,MARUTI,2024-11-14,LONG,2024-11-14T14:10:00,11000.05,10965.43,11051.98,27,34.62,2024-11-14T15:20:00,10993.50,EOD,-176.85,-622.22
bb,MARUTI,2024-11-22,LONG,2024-11-22T12:20:00,10945.00,10912.17,10994.25,27,32.83,2024-11-22T13:10:00,10994.25,TARGET,1329.80,885.53
bb,MARUTI,2024-11-27,LONG,2024-11-27T12:30:00,11082.40,11047.19,11135.21,27,35.21,2024-11-27T14:20:00,11056.60,TIME_STOP,-696.60,-1144.91
bb,MARUTI,2024-11-29,LONG,2024-11-29T10:50:00,11010.50,10973.04,11066.68,27,37.46,2024-11-29T11:20:00,11066.68,TARGET,1516.96,1069.90
bb,MARUTI,2024-12-03,SHORT,2024-12-03T12:20:00,11221.95,11248.65,11181.90,26,26.70,2024-12-03T12:30:00,11248.65,STOP,-694.28,-1132.46
bb,MARUTI,2024-12-06,SHORT,2024-12-06T12:00:00,11145.00,11179.42,11093.37,26,34.42,2024-12-06T12:00:00,11179.42,STOP,-894.84,-1330.17
bb,MARUTI,2024-12-13,LONG,2024-12-13T12:50:00,11185.00,11146.63,11242.55,26,38.37,2024-12-13T13:00:00,11242.55,TARGET,1496.28,1058.94
bb,MARUTI,2024-12-19,LONG,2024-12-19T11:50:00,11018.05,10987.09,11064.49,27,30.96,2024-12-19T12:30:00,10987.09,STOP,-835.85,-1281.45
bb,MARUTI,2024-12-24,LONG,2024-12-24T10:40:00,10880.40,10850.51,10925.23,27,29.89,2024-12-24T10:50:00,10850.51,STOP,-807.01,-1247.07
bb,MARUTI,2024-12-26,LONG,2024-12-26T10:10:00,10829.10,10799.05,10874.17,27,30.05,2024-12-26T10:10:00,10874.17,TARGET,1216.90,777.40
bb,MARUTI,2024-12-31,LONG,2024-12-31T14:00:00,10842.45,10818.49,10878.39,27,23.96,2024-12-31T14:10:00,10878.39,TARGET,970.36,530.51
bb,MARUTI,2025-01-01,SHORT,2025-01-01T10:00:00,10809.75,10835.38,10771.30,27,25.63,2025-01-01T10:10:00,10835.38,STOP,-692.02,-1130.34
bb,MARUTI,2025-01-07,LONG,2025-01-07T11:30:00,11799.00,11757.56,11861.16,25,41.44,2025-01-07T12:10:00,11757.56,STOP,-1035.99,-1477.68
bb,MARUTI,2025-01-08,LONG,2025-01-08T10:00:00,11746.80,11713.61,11796.59,25,33.19,2025-01-08T11:10:00,11796.59,TARGET,1244.69,803.25
bb,MARUTI,2025-01-09,LONG,2025-01-09T12:50:00,11797.25,11766.60,11843.23,25,30.65,2025-01-09T14:10:00,11766.60,STOP,-766.27,-1208.10
bb,MARUTI,2025-01-15,SHORT,2025-01-15T14:00:00,11904.70,11947.83,11840.00,25,43.13,2025-01-15T15:20:00,11947.83,STOP,-1078.32,-1525.56
bb,MARUTI,2025-01-17,SHORT,2025-01-17T11:20:00,12023.70,12057.11,11973.58,24,33.41,2025-01-17T11:30:00,12057.11,STOP,-801.90,-1235.36
bb,MARUTI,2025-01-20,LONG,2025-01-20T12:30:00,12090.00,12055.37,12141.95,24,34.63,2025-01-20T13:30:00,12055.37,STOP,-831.14,-1265.76
bb,MARUTI,2025-01-22,LONG,2025-01-22T12:40:00,12072.00,12035.61,12126.59,24,36.39,2025-01-22T12:40:00,12035.61,STOP,-873.41,-1307.35
bb,MARUTI,2025-01-24,LONG,2025-01-24T12:00:00,12086.90,12049.96,12142.31,24,36.94,2025-01-24T12:10:00,12049.96,STOP,-886.56,-1321.03
bb,MARUTI,2025-01-27,LONG,2025-01-27T12:10:00,12031.40,11997.35,12082.48,24,34.05,2025-01-27T12:10:00,11997.35,STOP,-817.29,-1249.81
bb,MARUTI,2025-01-28,LONG,2025-01-28T13:00:00,12008.95,11980.62,12051.44,24,28.33,2025-01-28T13:00:00,12051.44,TARGET,1019.78,586.70
bb,MARUTI,2025-01-30,SHORT,2025-01-30T10:20:00,11997.40,12048.25,11921.12,25,50.85,2025-01-30T12:10:00,12005.40,TIME_STOP,-200.00,-650.05
bb,MARUTI,2025-02-04,SHORT,2025-02-04T10:20:00,13072.80,13118.66,13004.01,22,45.86,2025-02-04T10:40:00,13004.01,TARGET,1513.45,1083.18
bb,MARUTI,2025-02-05,LONG,2025-02-05T14:10:00,13105.25,13076.86,13147.83,22,28.39,2025-02-05T14:40:00,13076.86,STOP,-624.50,-1056.50
bb,MARUTI,2025-02-07,SHORT,2025-02-07T10:10:00,13050.60,13079.80,13006.80,22,29.20,2025-02-07T10:10:00,13079.80,STOP,-642.43,-1073.58
bb,MARUTI,2025-02-11,LONG,2025-02-11T10:00:00,12991.95,12958.68,13041.85,23,33.27,2025-02-11T10:00:00,12958.68,STOP,-765.21,-1212.86
bb,MARUTI,2025-02-13,LONG,2025-02-13T11:50:00,12715.20,12682.63,12764.06,23,32.57,2025-02-13T12:00:00,12682.63,STOP,-749.11,-1187.22
bb,MARUTI,2025-02-17,LONG,2025-02-17T12:10:00,12685.05,12654.18,12731.35,23,30.87,2025-02-17T14:00:00,12693.10,TIME_STOP,185.15,-252.62
bb,MARUTI,2025-02-21,LONG,2025-02-21T13:50:00,12371.70,12338.19,12421.96,24,33.51,2025-02-21T14:40:00,12338.19,STOP,-804.21,-1248.98
bb,MARUTI,2025-02-24,SHORT,2025-02-24T11:20:00,12325.95,12363.57,12269.52,24,37.62,2025-02-24T12:40:00,12363.57,STOP,-902.84,-1347.25
bb,MARUTI,2025-02-27,SHORT,2025-02-27T10:10:00,12417.40,12452.69,12364.46,24,35.29,2025-02-27T11:40:00,12364.46,TARGET,1270.53,824.46
bb,MARUTI,2025-03-05,LONG,2025-03-05T11:10:00,11680.00,11651.91,11722.14,25,28.09,2025-03-05T11:40:00,11722.14,TARGET,1053.56,614.77
bb,MARUTI,2025-03-06,LONG,2025-03-06T13:20:00,11632.15,11597.01,11684.86,25,35.14,2025-03-06T15:10:00,11667.25,TIME_STOP,877.50,440.64
bb,MARUTI,2025-03-07,SHORT,2025-03-07T12:30:00,11621.65,11653.01,11574.61,25,31.36,2025-03-07T12:40:00,11653.01,STOP,-783.95,-1220.35
bb,MARUTI,2025-03-11,LONG,2025-03-11T13:50:00,11619.90,11590.01,11664.73,25,29.89,2025-03-11T14:20:00,11664.73,TARGET,1120.86,684.28
bb,MARUTI,2025-03-12,SHORT,2025-03-12T10:50:00,11606.35,11638.54,11558.06,25,32.19,2025-03-12T11:00:00,11638.54,STOP,-804.78,-1240.62
bb,MARUTI,2025-03-13,SHORT,2025-03-13T11:50:00,11600.00,11632.98,11550.53,25,32.98,2025-03-13T12:50:00,11632.98,STOP,-824.52,-1260.13
bb,MARUTI,2025-03-17,LONG,2025-03-17T10:00:00,11703.65,11665.08,11761.51,25,38.57,2025-03-17T10:00:00,11665.08,STOP,-964.26,-1402.42
bb,MARUTI,2025-03-19,SHORT,2025-03-19T14:00:00,11561.25,11585.02,11525.60,25,23.77,2025-03-19T14:00:00,11585.02,STOP,-594.23,-1028.22
bb,MARUTI,2025-03-21,SHORT,2025-03-21T14:10:00,11776.55,11810.13,11726.18,25,33.58,2025-03-21T15:00:00,11726.18,TARGET,1259.18,818.51
bb,MARUTI,2025-03-24,LONG,2025-03-24T11:00:00,11828.00,11790.42,11884.37,25,37.58,2025-03-24T11:50:00,11884.37,TARGET,1409.16,964.55
bb,MARUTI,2025-03-25,SHORT,2025-03-25T11:50:00,11908.00,11949.71,11845.44,25,41.71,2025-03-25T13:40:00,11934.00,TIME_STOP,-650.00,-1097.04
bb,MARUTI,2025-04-17,LONG,2025-04-17T12:10:00,11650.00,11618.84,11696.75,25,31.16,2025-04-17T14:00:00,11696.75,TARGET,1168.67,730.91
bb,MARUTI,2025-04-21,LONG,2025-04-21T10:50:00,11745.00,11710.86,11796.20,25,34.14,2025-04-21T10:50:00,11710.86,STOP,-853.39,-1293.19
bb,MARUTI,2025-04-22,SHORT,2025-04-22T10:10:00,11647.00,11680.08,11597.38,25,33.08,2025-04-22T11:40:00,11680.08,STOP,-827.04,-1264.42
bb,MARUTI,2025-04-25,SHORT,2025-04-25T10:10:00,11843.00,11893.08,11767.88,25,50.08,2025-04-25T12:00:00,11830.00,TIME_STOP,325.00,-118.87
bb,MARUTI,2025-04-28,LONG,2025-04-28T12:00:00,11750.00,11685.03,11847.45,25,64.97,2025-04-28T12:30:00,11847.45,TARGET,2436.20,1993.74
bb,MARUTI,2025-04-29,SHORT,2025-04-29T10:40:00,11780.00,11823.54,11714.70,25,43.54,2025-04-29T10:40:00,11823.54,STOP,-1088.39,-1530.95
bb,MARUTI,2025-05-16,SHORT,2025-05-16T14:10:00,12925.00,12953.21,12882.68,23,28.21,2025-05-16T14:40:00,12953.21,STOP,-648.87,-1095.27
bb,MARUTI,2025-05-19,SHORT,2025-05-19T11:00:00,12948.00,12976.67,12904.99,23,28.67,2025-05-19T11:10:00,12976.67,STOP,-659.42,-1106.62
bb,MARUTI,2025-05-23,LONG,2025-05-23T11:20:00,12485.00,12458.16,12525.26,24,26.84,2025-05-23T11:30:00,12458.16,STOP,-644.22,-1093.19
bb,MARUTI,2025-05-26,SHORT,2025-05-26T11:00:00,12452.00,12482.05,12406.93,24,30.05,2025-05-26T11:20:00,12482.05,STOP,-721.17,-1169.98
bb,MARUTI,2025-05-27,LONG,2025-05-27T11:50:00,12441.00,12401.87,12499.69,24,39.13,2025-05-27T12:00:00,12401.87,STOP,-939.02,-1386.19
bb,MARUTI,2025-05-30,SHORT,2025-05-30T11:30:00,12316.00,12347.21,12269.18,24,31.21,2025-05-30T11:40:00,12269.18,TARGET,1123.65,681.11
bb,MARUTI,2025-06-02,LONG,2025-06-02T12:40:00,12280.00,12246.17,12330.74,24,33.83,2025-06-02T13:00:00,12246.17,STOP,-811.84,-1253.32
bb,MARUTI,2025-06-04,LONG,2025-06-04T10:10:00,12188.00,12153.12,12240.32,24,34.88,2025-06-04T10:30:00,12240.32,TARGET,1255.74,816.03
bb,MARUTI,2025-06-05,SHORT,2025-06-05T10:20:00,12062.00,12101.48,12002.78,24,39.48,2025-06-05T10:20:00,12101.48,STOP,-947.47,-1382.41
bb,MARUTI,2025-06-10,SHORT,2025-06-10T11:50:00,12553.00,12578.20,12515.20,23,25.20,2025-06-10T12:00:00,12578.20,STOP,-579.67,-1013.18
bb,MARUTI,2025-06-13,LONG,2025-06-13T12:20:00,12361.00,12326.03,12413.46,24,34.97,2025-06-13T13:00:00,12413.46,TARGET,1258.96,813.02
bb,MARUTI,2025-06-17,SHORT,2025-06-17T10:10:00,12510.00,12534.80,12472.80,23,24.80,2025-06-17T10:20:00,12534.80,STOP,-570.47,-1002.49
bb,MARUTI,2025-06-20,SHORT,2025-06-20T10:50:00,12783.00,12811.42,12740.38,23,28.42,2025-06-20T11:20:00,12740.38,TARGET,980.37,540.09
bb,MARUTI,2025-06-24,SHORT,2025-06-24T13:10:00,12714.00,12747.08,12664.39,23,33.08,2025-06-24T13:20:00,12664.39,TARGET,1141.11,703.34
bb,MARUTI,2025-06-25,LONG,2025-06-25T10:50:00,12712.00,12678.23,12762.66,23,33.77,2025-06-25T11:20:00,12762.66,TARGET,1165.11,725.68
bb,MARUTI,2025-06-26,SHORT,2025-06-26T11:10:00,12728.00,12759.45,12680.83,23,31.45,2025-06-26T12:30:00,12759.45,STOP,-723.34,-1163.00
bb,MARUTI,2025-06-27,LONG,2025-06-27T13:00:00,12734.00,12708.62,12772.08,23,25.38,2025-06-27T13:00:00,12708.62,STOP,-583.84,-1022.73
bb,MARUTI,2025-07-09,LONG,2025-07-09T12:00:00,12527.00,12503.27,12562.60,23,23.73,2025-07-09T12:30:00,12503.27,STOP,-545.83,-977.61
bb,MARUTI,2025-07-10,LONG,2025-07-10T10:20:00,12588.00,12551.75,12642.38,23,36.25,2025-07-10T10:40:00,12642.38,TARGET,1250.73,815.50
bb,MARUTI,2025-07-11,SHORT,2025-07-11T10:30:00,12564.00,12597.22,12514.17,23,33.22,2025-07-11T12:20:00,12562.00,TIME_STOP,46.00,-387.42
bb,MARUTI,2025-07-14,SHORT,2025-07-14T10:40:00,12506.00,12539.44,12455.83,23,33.44,2025-07-14T11:40:00,12455.83,TARGET,1153.85,723.25
bb,MARUTI,2025-07-15,SHORT,2025-07-15T14:00:00,12525.00,12546.49,12492.77,23,21.49,2025-07-15T15:20:00,12546.49,STOP,-494.19,-926.68
bb,MARUTI,2025-07-17,SHORT,2025-07-17T13:20:00,12543.00,12563.06,12512.91,23,20.06,2025-07-17T13:50:00,12512.91,TARGET,692.15,259.94
bb,MARUTI,2025-07-22,LONG,2025-07-22T11:30:00,12398.00,12376.41,12430.38,24,21.59,2025-07-22T12:20:00,12430.38,TARGET,777.10,330.19
bb,MARUTI,2025-07-28,SHORT,2025-07-28T11:40:00,12429.00,12465.51,12374.23,24,36.51,2025-07-28T12:50:00,12374.23,TARGET,1314.45,867.99
bb,MARUTI,2025-07-29,LONG,2025-07-29T13:00:00,12377.00,12346.32,12423.02,24,30.68,2025-07-29T14:10:00,12423.02,TARGET,1104.52,658.12
bb,MARUTI,2025-07-31,SHORT,2025-07-31T10:00:00,12500.00,12536.65,12445.03,24,36.65,2025-07-31T11:10:00,12536.65,STOP,-879.54,-1330.20
bb,MARUTI,2025-08-06,SHORT,2025-08-06T13:00:00,12508.00,12531.33,12473.00,23,23.33,2025-08-06T14:50:00,12510.00,TIME_STOP,-46.00,-477.56
bb,MARUTI,2025-08-11,LONG,2025-08-11T13:40:00,12600.00,12574.71,12637.93,23,25.29,2025-08-11T13:50:00,12574.71,STOP,-581.60,-1015.86
bb,MARUTI,2025-08-13,LONG,2025-08-13T10:10:00,12875.00,12832.27,12939.09,23,42.73,2025-08-13T10:50:00,12832.27,STOP,-982.76,-1426.21
bb,MARUTI,2025-08-14,SHORT,2025-08-14T11:30:00,12834.00,12863.08,12790.39,23,29.08,2025-08-14T12:30:00,12863.08,STOP,-668.76,-1112.03
bb,MARUTI,2025-08-20,SHORT,2025-08-20T14:00:00,14223.00,14242.25,14194.12,21,19.25,2025-08-20T14:10:00,14242.25,STOP,-404.31,-852.63
bb,MARUTI,2025-08-21,LONG,2025-08-21T12:30:00,14255.00,14231.78,14289.84,21,23.22,2025-08-21T13:30:00,14231.78,STOP,-487.70,-936.37
bb,MARUTI,2025-08-29,SHORT,2025-08-29T11:10:00,14716.00,14755.30,14657.06,20,39.30,2025-08-29T11:30:00,14755.30,STOP,-785.92,-1227.99
bb,MARUTI,2025-09-01,LONG,2025-09-01T12:10:00,14791.00,14758.38,14839.93,20,32.62,2025-09-01T12:10:00,14758.38,STOP,-652.40,-1095.64
bb,MARUTI,2025-09-03,SHORT,2025-09-03T10:10:00,14773.00,14812.76,14713.36,20,39.76,2025-09-03T11:30:00,14812.76,STOP,-795.22,-1239.01
bb,MARUTI,2025-09-04,SHORT,2025-09-04T10:50:00,14822.00,14882.67,14730.99,20,60.67,2025-09-04T12:40:00,14800.00,TIME_STOP,440.00,-4.33
bb,MARUTI,2025-09-05,LONG,2025-09-05T10:10:00,14866.00,14823.21,14930.18,20,42.79,2025-09-05T11:20:00,14823.21,STOP,-855.72,-1301.06
bb,MARUTI,2025-09-15,SHORT,2025-09-15T12:00:00,15306.00,15326.30,15275.56,19,20.30,2025-09-15T12:10:00,15275.56,TARGET,578.45,142.66
bb,MARUTI,2025-09-22,SHORT,2025-09-22T13:30:00,15900.00,15923.76,15864.36,18,23.76,2025-09-22T14:30:00,15864.36,TARGET,641.51,212.69
bb,MARUTI,2025-09-25,LONG,2025-09-25T12:50:00,16197.00,16161.55,16250.17,18,35.45,2025-09-25T13:00:00,16250.17,TARGET,957.06,519.02
bb,MARUTI,2025-09-29,LONG,2025-09-29T14:10:00,16214.00,16168.23,16282.66,18,45.77,2025-09-29T14:10:00,16168.23,STOP,-823.91,-1261.07
bb,MARUTI,2025-09-30,LONG,2025-09-30T14:10:00,16013.00,15985.91,16053.63,18,27.09,2025-09-30T14:20:00,15985.91,STOP,-487.60,-919.59
bb,MARUTI,2025-10-01,SHORT,2025-10-01T10:10:00,15952.00,15993.65,15889.52,18,41.65,2025-10-01T10:30:00,15889.52,TARGET,1124.65,694.79
bb,MARUTI,2025-10-06,LONG,2025-10-06T10:10:00,15900.00,15855.45,15966.83,18,44.55,2025-10-06T10:30:00,15966.83,TARGET,1202.91,772.71
bb,MARUTI,2025-10-08,SHORT,2025-10-08T14:00:00,16122.00,16146.34,16085.49,18,24.34,2025-10-08T14:10:00,16085.49,TARGET,657.23,222.43
bb,MARUTI,2025-10-13,SHORT,2025-10-13T13:40:00,16286.00,16321.42,16232.86,18,35.42,2025-10-13T14:10:00,16304.00,REVERSE,-324.00,-763.96
bb,MARUTI,2025-10-15,SHORT,2025-10-15T14:00:00,16270.00,16299.23,16226.15,18,29.23,2025-10-15T14:50:00,16226.15,TARGET,789.22,350.52
bb,MARUTI,2025-10-16,LONG,2025-10-16T10:20:00,16298.00,16263.79,16349.31,18,34.21,2025-10-16T11:00:00,16263.79,STOP,-615.76,-1055.34
bb,MARUTI,2025-10-17,SHORT,2025-10-17T14:00:00,16363.00,16395.47,16314.29,18,32.47,2025-10-17T14:40:00,16395.47,STOP,-584.53,-1026.77
bb,MARUTI,2025-10-21,LONG,2025-10-21T14:00:00,16442.00,16407.80,16493.30,18,34.20,2025-10-21T14:00:00,16407.80,STOP,-615.64,-1059.11
bb,MARUTI,2025-10-23,SHORT,2025-10-23T11:00:00,16388.00,16433.83,16319.26,18,45.83,2025-10-23T12:50:00,16390.00,TIME_STOP,-36.00,-478.50
bb,MARUTI,2025-10-29,SHORT,2025-10-29T13:20:00,16325.00,16355.30,16279.55,18,30.30,2025-10-29T14:00:00,16279.55,TARGET,818.06,377.90
bb,MARUTI,2025-10-30,LONG,2025-10-30T13:10:00,16244.00,16201.60,16307.60,18,42.40,2025-10-30T13:30:00,16201.60,STOP,-763.17,-1201.18
bb,MARUTI,2025-11-06,LONG,2025-11-06T13:50:00,15459.00,15423.27,15512.60,19,35.73,2025-11-06T15:20:00,15433.00,EOD,-494.00,-934.21
bb,MARUTI,2025-11-07,LONG,2025-11-07T12:40:00,15425.00,15387.21,15481.69,19,37.79,2025-11-07T13:30:00,15481.69,TARGET,1077.10,636.68
bb,MARUTI,2025-11-11,SHORT,2025-11-11T10:40:00,15529.00,15562.24,15479.14,19,33.24,2025-11-11T11:40:00,15562.24,STOP,-631.60,-1074.65
bb,MARUTI,2025-11-12,SHORT,2025-11-12T10:20:00,15579.00,15608.69,15534.47,19,29.69,2025-11-12T11:00:00,15608.69,STOP,-564.03,-1008.45
bb,MARUTI,2025-11-14,SHORT,2025-11-14T10:20:00,15613.00,15655.60,15549.09,19,42.60,2025-11-14T12:10:00,15618.00,TIME_STOP,-95.00,-540.04
bb,MARUTI,2025-11-19,SHORT,2025-11-19T10:00:00,15880.00,15911.02,15833.48,18,31.02,2025-11-19T10:50:00,15833.48,TARGET,837.43,409.29
bb,MARUTI,2025-11-20,LONG,2025-11-20T14:10:00,15764.00,15736.97,15804.55,19,27.03,2025-11-20T14:50:00,15804.55,TARGET,770.44,320.59
bb,MARUTI,2025-11-25,SHORT,2025-11-25T12:50:00,15970.00,15997.47,15928.80,18,27.47,2025-11-25T13:10:00,15997.47,STOP,-494.40,-925.96
bb,MARUTI,2025-11-26,LONG,2025-11-26T10:10:00,16024.00,15983.86,16084.21,18,40.14,2025-11-26T12:00:00,16084.21,TARGET,1083.79,650.33
bb,MARUTI,2025-11-27,SHORT,2025-11-27T10:30:00,16085.00,16119.73,16032.90,18,34.73,2025-11-27T10:40:00,16119.73,STOP,-625.20,-1059.96
bb,MARUTI,2025-11-28,LONG,2025-11-28T11:20:00,16010.00,15973.19,16065.21,18,36.81,2025-11-28T11:40:00,15973.19,STOP,-662.56,-1094.33
bb,MARUTI,2025-12-01,LONG,2025-12-01T10:00:00,16011.00,15975.69,16063.96,18,35.31,2025-12-01T10:00:00,16063.96,TARGET,953.37,520.36
bb,MARUTI,2025-12-03,SHORT,2025-12-03T10:00:00,16080.00,16117.54,16023.69,18,37.54,2025-12-03T10:00:00,16117.54,STOP,-675.71,-1110.38
bb,MARUTI,2025-12-04,SHORT,2025-12-04T10:20:00,15986.00,16019.08,15936.38,18,33.08,2025-12-04T10:40:00,16019.08,STOP,-595.48,-1027.55
bb,MARUTI,2025-12-08,SHORT,2025-12-08T11:20:00,16168.00,16201.20,16118.21,18,33.20,2025-12-08T13:10:00,16167.00,TIME_STOP,18.00,-418.52
bb,MARUTI,2025-12-09,LONG,2025-12-09T12:30:00,16208.00,16171.87,16262.19,18,36.13,2025-12-09T13:10:00,16171.87,STOP,-650.25,-1087.38
bb,MARUTI,2025-12-10,LONG,2025-12-10T13:00:00,16080.00,16044.96,16132.55,18,35.04,2025-12-10T13:40:00,16044.96,STOP,-630.66,-1064.35
bb,MARUTI,2025-12-17,SHORT,2025-12-17T12:50:00,16399.00,16424.63,16360.55,18,25.63,2025-12-17T14:20:00,16424.63,STOP,-461.38,-904.50
bb,MARUTI,2025-12-18,LONG,2025-12-18T13:10:00,16383.00,16355.91,16423.63,18,27.09,2025-12-18T14:10:00,16355.91,STOP,-487.60,-929.58
bb,MARUTI,2025-12-26,SHORT,2025-12-26T10:00:00,16632.00,16657.67,16593.50,18,25.67,2025-12-26T11:10:00,16593.50,TARGET,693.07,244.53
bb,MARUTI,2025-12-29,SHORT,2025-12-29T10:30:00,16572.00,16602.01,16526.99,18,30.01,2025-12-29T11:10:00,16526.99,TARGET,810.24,363.40
bb,MARUTI,2025-12-30,LONG,2025-12-30T10:10:00,16605.00,16568.28,16660.08,18,36.72,2025-12-30T10:20:00,16660.08,TARGET,991.47,542.39
bb,MARUTI,2026-01-01,SHORT,2026-01-01T13:10:00,16668.00,16715.28,16597.08,17,47.28,2026-01-01T13:50:00,16715.28,STOP,-803.72,-1229.36
bb,MARUTI,2026-01-06,SHORT,2026-01-06T11:20:00,17165.00,17204.29,17106.07,17,39.29,2026-01-06T11:40:00,17204.29,STOP,-667.91,-1106.12
bb,MARUTI,2026-01-12,LONG,2026-01-12T13:20:00,16538.00,16489.68,16610.48,18,48.32,2026-01-12T15:00:00,16610.48,TARGET,1304.70,857.20
bb,MARUTI,2026-01-13,SHORT,2026-01-13T11:30:00,16435.00,16490.25,16352.13,18,55.25,2026-01-13T11:30:00,16490.25,STOP,-994.44,-1438.94
bb,MARUTI,2026-01-19,LONG,2026-01-19T13:20:00,16190.00,16143.87,16259.19,18,46.13,2026-01-19T15:10:00,16180.00,TIME_STOP,-180.00,-617.00
bb,MARUTI,2026-01-22,SHORT,2026-01-22T11:30:00,15761.00,15810.96,15686.07,19,49.96,2026-01-22T12:20:00,15810.96,STOP,-949.15,-1399.05
bb,MARUTI,2026-01-23,SHORT,2026-01-23T10:00:00,15758.00,15805.32,15687.02,19,47.32,2026-01-23T10:50:00,15687.02,TARGET,1348.66,900.57
bb,MARUTI,2026-01-30,LONG,2026-01-30T13:40:00,14504.00,14450.98,14583.53,20,53.02,2026-01-30T14:00:00,14583.53,TARGET,1590.63,1154.31
bb,MARUTI,2026-02-05,LONG,2026-02-05T12:30:00,15023.00,14985.49,15079.27,19,37.51,2026-02-05T13:10:00,15079.27,TARGET,1069.07,640.11
bb,MARUTI,2026-02-06,LONG,2026-02-06T11:40:00,15083.00,15034.76,15155.35,19,48.24,2026-02-06T12:10:00,15034.76,STOP,-916.48,-1345.66
bb,MARUTI,2026-02-12,SHORT,2026-02-12T13:30:00,15365.00,15395.25,15319.63,19,30.25,2026-02-12T14:50:00,15319.63,TARGET,862.02,424.77
bb,MARUTI,2026-02-13,LONG,2026-02-13T12:00:00,15401.00,15366.86,15452.21,19,34.14,2026-02-13T12:30:00,15366.86,STOP,-648.72,-1087.16
bb,MARUTI,2026-02-19,SHORT,2026-02-19T12:10:00,15126.00,15157.14,15079.29,19,31.14,2026-02-19T12:40:00,15079.29,TARGET,887.53,457.11
bb,MARUTI,2026-02-20,LONG,2026-02-20T13:00:00,15038.00,14994.55,15103.18,19,43.45,2026-02-20T13:10:00,14994.55,STOP,-825.63,-1253.60
bb,MARUTI,2026-02-23,SHORT,2026-02-23T13:20:00,15020.00,15051.08,14973.39,19,31.08,2026-02-23T13:30:00,15051.08,STOP,-590.45,-1018.96
bb,MARUTI,2026-03-10,LONG,2026-03-10T10:20:00,13590.00,13532.36,13676.46,22,57.64,2026-03-10T10:50:00,13676.46,TARGET,1902.03,1452.14
bb,MARUTI,2026-03-11,SHORT,2026-03-11T11:20:00,13702.00,13766.03,13605.96,21,64.03,2026-03-11T12:00:00,13605.96,TARGET,2016.84,1586.74
bb,HEROMOTOCO,2024-03-18,SHORT,2024-03-18T13:00:00,4435.90,4453.90,4408.90,67,18.00,2024-03-18T14:00:00,4453.90,STOP,-1205.85,-1652.56
bb,HEROMOTOCO,2024-03-19,SHORT,2024-03-19T10:30:00,4424.65,4442.99,4397.15,67,18.34,2024-03-19T11:20:00,4442.99,STOP,-1228.54,-1674.14
bb,HEROMOTOCO,2024-03-20,SHORT,2024-03-20T10:00:00,4408.00,4426.83,4379.75,68,18.83,2024-03-20T10:10:00,4426.83,STOP,-1280.44,-1731.02
bb,HEROMOTOCO,2024-03-26,SHORT,2024-03-26T12:10:00,4537.15,4555.15,4510.15,66,18.00,2024-03-26T13:50:00,4549.65,REVERSE,-825.00,-1274.80
bb,HEROMOTOCO,2024-03-27,SHORT,2024-03-27T10:10:00,4539.85,4554.83,4517.38,66,14.98,2024-03-27T11:00:00,4517.38,TARGET,1483.00,1034.67
bb,HEROMOTOCO,2024-03-28,LONG,2024-03-28T10:20:00,4539.45,4523.67,4563.12,66,15.78,2024-03-28T10:40:00,4523.67,STOP,-1041.47,-1490.09
bb,HEROMOTOCO,2024-04-01,SHORT,2024-04-01T11:00:00,4556.95,4576.11,4528.21,65,19.16,2024-04-01T11:20:00,4576.11,STOP,-1245.39,-1690.63
bb,HEROMOTOCO,2024-04-03,LONG,2024-04-03T10:10:00,4472.75,4458.41,4494.25,67,14.34,2024-04-03T10:50:00,4458.41,STOP,-960.51,-1409.30
bb,HEROMOTOCO,2024-04-09,SHORT,2024-04-09T11:50:00,4442.80,4462.57,4413.15,67,19.77,2024-04-09T13:40:00,4423.10,TIME_STOP,1319.90,874.39
bb,HEROMOTOCO,2024-04-12,LONG,2024-04-12T11:20:00,4392.75,4381.86,4409.08,68,10.89,2024-04-12T11:30:00,4409.08,TARGET,1110.44,661.55
bb,HEROMOTOCO,2024-04-22,LONG,2024-04-22T10:10:00,4121.70,4104.80,4147.05,72,16.90,2024-04-22T12:00:00,4128.35,TIME_STOP,478.80,33.30
bb,HEROMOTOCO,2024-05-03,LONG,2024-05-03T10:10:00,4451.30,4434.48,4476.53,67,16.82,2024-05-03T11:20:00,4434.48,STOP,-1126.80,-1573.31
bb,HEROMOTOCO,2024-05-07,SHORT,2024-05-07T11:00:00,4370.75,4388.35,4344.34,68,17.60,2024-05-07T11:20:00,4344.34,TARGET,1795.64,1351.17
bb,HEROMOTOCO,2024-05-08,LONG,2024-05-08T12:00:00,4388.05,4367.45,4418.96,68,20.60,2024-05-08T12:20:00,4418.96,TARGET,2101.68,1652.52
bb,HEROMOTOCO,2024-05-13,SHORT,2024-05-13T10:40:00,4624.40,4657.39,4574.91,64,32.99,2024-05-13T11:30:00,4657.39,STOP,-2111.51,-2557.04
bb,HEROMOTOCO,2024-05-16,SHORT,2024-05-16T13:40:00,4942.10,4960.40,4914.64,60,18.30,2024-05-16T14:20:00,4960.40,STOP,-1098.20,-1543.81
bb,HEROMOTOCO,2024-05-23,SHORT,2024-05-23T10:10:00,4862.10,4878.89,4836.92,61,16.79,2024-05-23T10:20:00,4878.89,STOP,-1023.93,-1469.58
bb,HEROMOTOCO,2024-05-28,LONG,2024-05-28T11:00:00,5011.25,4992.44,5039.46,59,18.81,2024-05-28T11:00:00,5039.46,TARGET,1664.60,1219.86
bb,HEROMOTOCO,2024-05-29,SHORT,2024-05-29T10:30:00,5019.05,5039.69,4988.09,59,20.64,2024-05-29T10:40:00,5039.69,STOP,-1217.72,-1662.82
bb,HEROMOTOCO,2024-05-30,LONG,2024-05-30T10:00:00,5049.60,5028.48,5081.27,59,21.12,2024-05-30T10:10:00,5028.48,STOP,-1245.83,-1691.78
bb,HEROMOTOCO,2024-05-31,SHORT,2024-05-31T10:40:00,4984.85,5010.38,4946.55,60,25.53,2024-05-31T11:20:00,4946.55,TARGET,2298.10,1851.19
bb,HEROMOTOCO,2024-06-04,SHORT,2024-06-04T12:30:00,4815.90,4874.61,4727.83,42,58.71,2024-06-04T12:30:00,4874.61,STOP,-2465.99,-2771.24
bb,HEROMOTOCO,2024-06-06,LONG,2024-06-06T13:50:00,5435.65,5407.44,5477.97,55,28.21,2024-06-06T13:50:00,5407.44,STOP,-1551.56,-1998.83
bb,HEROMOTOCO,2024-06-13,SHORT,2024-06-13T10:50:00,5638.75,5657.12,5611.19,53,18.37,2024-06-13T11:10:00,5611.19,TARGET,1460.46,1013.27
bb,HEROMOTOCO,2024-06-14,LONG,2024-06-14T11:00:00,5678.15,5659.93,5705.48,52,18.22,2024-06-14T11:30:00,5705.48,TARGET,1421.19,977.23
bb,HEROMOTOCO,2024-06-18,SHORT,2024-06-18T12:00:00,5651.95,5671.83,5622.14,53,19.88,2024-06-18T12:50:00,5671.83,STOP,-1053.46,-1503.58
bb,HEROMOTOCO,2024-06-21,LONG,2024-06-21T10:50:00,5447.25,5423.36,5483.08,55,23.89,2024-06-21T11:50:00,5423.36,STOP,-1313.86,-1762.27
bb,HEROMOTOCO,2024-06-24,LONG,2024-06-24T13:50:00,5368.10,5350.77,5394.10,55,17.33,2024-06-24T14:20:00,5394.10,TARGET,1429.83,985.89
bb,HEROMOTOCO,2024-06-25,SHORT,2024-06-25T14:10:00,5395.95,5409.83,5375.13,55,13.88,2024-06-25T14:40:00,5375.13,TARGET,1145.29,700.99
bb,HEROMOTOCO,2024-07-01,SHORT,2024-07-01T13:30:00,5461.00,5480.85,5431.22,54,19.85,2024-07-01T13:40:00,5480.85,STOP,-1072.05,-1515.20
bb,HEROMOTOCO,2024-07-02,LONG,2024-07-02T10:20:00,5513.20,5490.42,5547.38,54,22.78,2024-07-02T10:30:00,5490.42,STOP,-1230.34,-1675.98
bb,HEROMOTOCO,2024-07-03,LONG,2024-07-03T10:40:00,5451.15,5431.77,5480.22,55,19.38,2024-07-03T10:50:00,5431.77,STOP,-1065.90,-1514.82
bb,HEROMOTOCO,2024-07-04,LONG,2024-07-04T12:40:00,5435.95,5422.93,5455.47,55,13.02,2024-07-04T14:30:00,5429.75,TIME_STOP,-341.00,-789.21
bb,HEROMOTOCO,2024-07-08,SHORT,2024-07-08T11:50:00,5408.00,5427.18,5379.23,55,19.18,2024-07-08T13:40:00,5402.95,TIME_STOP,277.75,-168.20
bb,HEROMOTOCO,2024-07-09,LONG,2024-07-09T10:40:00,5443.00,5423.01,5472.99,55,19.99,2024-07-09T10:50:00,5423.01,STOP,-1099.70,-1547.93
bb,HEROMOTOCO,2024-07-10,SHORT,2024-07-10T10:30:00,5394.15,5417.11,5359.72,55,22.96,2024-07-10T10:40:00,5359.72,TARGET,1893.88,1450.28
bb,HEROMOTOCO,2024-07-11,LONG,2024-07-11T10:10:00,5407.60,5387.81,5437.29,55,19.79,2024-07-11T10:10:00,5387.81,STOP,-1088.67,-1533.98
bb,HEROMOTOCO,2024-07-12,SHORT,2024-07-12T12:30:00,5389.10,5405.12,5365.07,55,16.02,2024-07-12T13:30:00,5405.12,STOP,-881.25,-1326.51
bb,HEROMOTOCO,2024-07-16,LONG,2024-07-16T11:10:00,5475.45,5461.55,5496.30,54,13.90,2024-07-16T11:30:00,5461.55,STOP,-750.44,-1193.39
bb,HEROMOTOCO,2024-07-23,SHORT,2024-07-23T10:30:00,5309.10,5326.40,5283.14,56,17.30,2024-07-23T11:00:00,5326.40,STOP,-969.06,-1415.75
bb,HEROMOTOCO,2024-07-30,LONG,2024-07-30T11:50:00,5407.30,5387.39,5437.17,55,19.91,2024-07-30T12:00:00,5387.39,STOP,-1095.18,-1540.46
bb,HEROMOTOCO,2024-07-31,LONG,2024-07-31T13:20:00,5365.35,5344.72,5396.29,55,20.63,2024-07-31T13:40:00,5396.29,TARGET,1701.77,1257.85
bb,HEROMOTOCO,2024-08-09,LONG,2024-08-09T10:30:00,5078.55,5059.85,5106.60,59,18.70,2024-08-09T12:20:00,5079.55,TIME_STOP,59.00,-390.50
bb,HEROMOTOCO,2024-08-12,SHORT,2024-08-12T10:40:00,5075.15,5091.22,5051.04,59,16.07,2024-08-12T11:20:00,5091.22,STOP,-948.21,-1398.07
bb,HEROMOTOCO,2024-08-13,SHORT,2024-08-13T12:40:00,5176.05,5202.08,5137.01,57,26.03,2024-08-13T12:40:00,5137.01,TARGET,2225.21,1784.33
bb,HEROMOTOCO,2024-08-20,SHORT,2024-08-20T14:10:00,5108.80,5127.50,5080.75,58,18.70,2024-08-20T15:10:00,5127.50,STOP,-1084.62,-1529.89
bb,HEROMOTOCO,2024-08-21,LONG,2024-08-21T10:20:00,5136.50,5117.84,5164.48,58,18.66,2024-08-21T12:10:00,5135.35,TIME_STOP,-66.70,-513.53
bb,HEROMOTOCO,2024-08-26,LONG,2024-08-26T10:50:00,5271.95,5253.18,5300.11,56,18.77,2024-08-26T11:10:00,5253.18,STOP,-1051.19,-1493.24
bb,HEROMOTOCO,2024-08-27,LONG,2024-08-27T10:50:00,5250.35,5235.46,5272.68,57,14.89,2024-08-27T11:40:00,5235.46,STOP,-848.60,-1296.87
bb,HEROMOTOCO,2024-09-04,SHORT,2024-09-04T11:10:00,5484.40,5504.51,5454.24,54,20.11,2024-09-04T12:30:00,5504.51,STOP,-1085.69,-1530.75
bb,HEROMOTOCO,2024-09-06,SHORT,2024-09-06T10:20:00,5566.20,5587.37,5534.44,53,21.17,2024-09-06T10:30:00,5534.44,TARGET,1683.36,1242.10
bb,HEROMOTOCO,2024-09-09,LONG,2024-09-09T10:10:00,5612.20,5591.28,5643.58,53,20.92,2024-09-09T12:00:00,5591.28,STOP,-1108.94,-1554.27
bb,HEROMOTOCO,2024-09-10,SHORT,2024-09-10T10:40:00,5565.05,5589.68,5528.11,53,24.63,2024-09-10T12:30:00,5528.11,TARGET,1957.90,1516.94
bb,HEROMOTOCO,2024-09-11,LONG,2024-09-11T12:50:00,5551.80,5534.68,5577.48,54,17.12,2024-09-11T13:10:00,5534.68,STOP,-924.35,-1373.35
bb,HEROMOTOCO,2024-09-16,LONG,2024-09-16T10:50:00,5679.50,5661.43,5706.60,52,18.07,2024-09-16T10:50:00,5661.43,STOP,-939.57,-1381.86
bb,HEROMOTOCO,2024-09-17,LONG,2024-09-17T10:00:00,5654.85,5640.73,5676.03,53,14.12,2024-09-17T10:00:00,5676.03,TARGET,1122.43,672.03
bb,HEROMOTOCO,2024-09-18,SHORT,2024-09-18T13:30:00,5846.05,5871.75,5807.51,51,25.70,2024-09-18T14:30:00,5807.51,TARGET,1965.72,1519.97
bb,HEROMOTOCO,2024-09-19,LONG,2024-09-19T10:00:00,5886.75,5858.79,5928.69,50,27.96,2024-09-19T10:10:00,5858.79,STOP,-1398.08,-1838.54
bb,HEROMOTOCO,2024-09-20,LONG,2024-09-20T10:10:00,5893.90,5874.89,5922.41,50,19.01,2024-09-20T10:30:00,5922.41,TARGET,1425.43,982.31
bb,HEROMOTOCO,2024-09-25,SHORT,2024-09-25T10:20:00,5952.40,5970.75,5924.87,50,18.35,2024-09-25T10:40:00,5924.87,TARGET,1376.53,931.13
bb,HEROMOTOCO,2024-09-26,LONG,2024-09-26T13:20:00,5877.55,5857.07,5908.27,51,20.48,2024-09-26T13:30:00,5908.27,TARGET,1566.88,1116.07
bb,HEROMOTOCO,2024-09-27,SHORT,2024-09-27T11:20:00,5840.45,5865.83,5802.38,51,25.38,2024-09-27T13:10:00,5816.05,TIME_STOP,1244.40,798.54
bb,HEROMOTOCO,2024-10-08,LONG,2024-10-08T11:40:00,5370.25,5346.57,5405.77,55,23.68,2024-10-08T12:00:00,5346.57,STOP,-1302.27,-1744.34
bb,HEROMOTOCO,2024-10-10,SHORT,2024-10-10T12:20:00,5374.05,5390.12,5349.94,55,16.07,2024-10-10T12:50:00,5349.94,TARGET,1325.81,883.45
bb,HEROMOTOCO,2024-10-11,LONG,2024-10-11T13:00:00,5347.80,5335.68,5365.97,56,12.12,2024-10-11T13:00:00,5335.68,STOP,-678.53,-1127.23
bb,HEROMOTOCO,2024-10-15,SHORT,2024-10-15T10:30:00,5382.10,5398.18,5357.98,55,16.08,2024-10-15T10:50:00,5398.18,STOP,-884.43,-1329.12
bb,HEROMOTOCO,2024-10-22,SHORT,2024-10-22T10:40:00,5043.45,5067.72,5007.04,59,24.27,2024-10-22T10:50:00,5067.72,STOP,-1432.19,-1879.61
bb,HEROMOTOCO,2024-10-23,LONG,2024-10-23T10:00:00,5109.15,5082.29,5149.44,58,26.86,2024-10-23T10:10:00,5082.29,STOP,-1558.07,-2001.39
bb,HEROMOTOCO,2024-10-30,LONG,2024-10-30T10:40:00,4700.70,4676.54,4736.93,63,24.16,2024-10-30T11:10:00,4736.93,TARGET,2282.76,1836.83
bb,HEROMOTOCO,2024-11-05,SHORT,2024-11-05T11:40:00,4667.85,4688.00,4637.63,64,20.15,2024-11-05T13:20:00,4688.00,STOP,-1289.42,-1738.50
bb,HEROMOTOCO,2024-11-12,SHORT,2024-11-12T12:40:00,4632.50,4645.76,4612.61,64,13.26,2024-11-12T13:20:00,4612.61,TARGET,1273.16,829.39
bb,HEROMOTOCO,2024-11-14,LONG,2024-11-14T11:10:00,4472.95,4448.12,4510.19,67,24.83,2024-11-14T12:00:00,4510.19,TARGET,2495.34,2043.94
bb,HEROMOTOCO,2024-11-21,LONG,2024-11-21T11:00:00,4694.50,4672.57,4727.39,63,21.93,2024-11-21T11:30:00,4672.57,STOP,-1381.47,-1824.07
bb,HEROMOTOCO,2024-11-22,LONG,2024-11-22T12:40:00,4660.35,4646.93,4680.47,64,13.42,2024-11-22T13:20:00,4680.47,TARGET,1287.91,839.55
bb,HEROMOTOCO,2024-11-27,LONG,2024-11-27T11:40:00,4751.70,4735.79,4775.56,63,15.91,2024-11-27T11:50:00,4735.79,STOP,-1002.05,-1450.34
bb,HEROMOTOCO,2024-11-28,SHORT,2024-11-28T11:20:00,4721.85,4736.15,4700.40,63,14.30,2024-11-28T11:40:00,4700.40,TARGET,1351.51,906.31
bb,HEROMOTOCO,2024-12-03,SHORT,2024-12-03T11:50:00,4617.20,4627.99,4601.02,64,10.79,2024-12-03T13:00:00,4601.02,TARGET,1035.81,593.34
bb,HEROMOTOCO,2024-12-06,SHORT,2024-12-06T11:30:00,4520.55,4539.24,4492.52,66,18.69,2024-12-06T13:20:00,4513.75,TIME_STOP,448.80,1.60
bb,HEROMOTOCO,2024-12-09,LONG,2024-12-09T13:50:00,4507.25,4498.15,4520.91,66,9.10,2024-12-09T14:00:00,4498.15,STOP,-600.87,-1046.64
bb,HEROMOTOCO,2024-12-17,SHORT,2024-12-17T10:10:00,4405.25,4417.20,4387.33,68,11.95,2024-12-17T10:20:00,4387.33,TARGET,1218.87,770.45
bb,HEROMOTOCO,2024-12-19,LONG,2024-12-19T11:20:00,4317.65,4299.88,4344.30,69,17.77,2024-12-19T11:50:00,4344.30,TARGET,1839.13,1390.88
bb,HEROMOTOCO,2024-12-26,LONG,2024-12-26T11:10:00,4186.45,4173.51,4205.86,71,12.94,2024-12-26T13:00:00,4185.45,TIME_STOP,-71.00,-516.80
bb,HEROMOTOCO,2024-12-27,SHORT,2024-12-27T11:40:00,4166.10,4181.13,4143.56,72,15.03,2024-12-27T12:10:00,4143.56,TARGET,1622.96,1174.24
bb,HEROMOTOCO,2025-01-01,LONG,2025-01-01T14:00:00,4064.70,4055.57,4078.39,73,9.13,2025-01-01T14:10:00,4078.39,TARGET,999.56,553.73
bb,HEROMOTOCO,2025-01-03,SHORT,2025-01-03T10:00:00,4113.25,4134.22,4081.80,72,20.97,2025-01-03T10:00:00,4134.22,STOP,-1509.65,-1955.02
bb,HEROMOTOCO,2025-01-06,SHORT,2025-01-06T11:30:00,4124.50,4140.01,4101.23,72,15.51,2025-01-06T11:40:00,4140.01,STOP,-1116.87,-1563.16
bb,HEROMOTOCO,2025-01-09,LONG,2025-01-09T12:10:00,4034.75,4023.37,4051.82,74,11.38,2025-01-09T12:30:00,4051.82,TARGET,1263.41,814.60
bb,HEROMOTOCO,2025-01-10,LONG,2025-01-10T12:30:00,4040.60,4026.41,4061.88,74,14.19,2025-01-10T13:00:00,4061.88,TARGET,1574.86,1125.18
bb,HEROMOTOCO,2025-01-15,SHORT,2025-01-15T12:30:00,4002.80,4015.50,3983.75,74,12.70,2025-01-15T12:30:00,4015.50,STOP,-939.82,-1384.83
bb,HEROMOTOCO,2025-01-16,SHORT,2025-01-16T10:40:00,3995.55,4010.04,3973.81,75,14.49,2025-01-16T11:10:00,3973.81,TARGET,1630.33,1182.06
bb,HEROMOTOCO,2025-01-17,LONG,2025-01-17T10:20:00,3983.05,3970.80,4001.42,75,12.25,2025-01-17T10:30:00,4001.42,TARGET,1377.81,928.68
bb,HEROMOTOCO,2025-01-20,LONG,2025-01-20T12:00:00,3997.70,3987.58,4012.87,75,10.12,2025-01-20T13:50:00,3987.58,STOP,-758.67,-1207.84
bb,HEROMOTOCO,2025-01-23,LONG,2025-01-23T10:10:00,3979.30,3967.49,3997.02,75,11.81,2025-01-23T10:30:00,3997.02,TARGET,1329.01,880.34
bb,HEROMOTOCO,2025-01-24,SHORT,2025-01-24T10:00:00,3975.35,3986.43,3958.73,75,11.08,2025-01-24T10:00:00,3958.73,TARGET,1246.47,800.18
bb,HEROMOTOCO,2025-01-28,LONG,2025-01-28T11:30:00,3931.40,3915.94,3954.59,76,15.46,2025-01-28T12:30:00,3915.94,STOP,-1174.77,-1622.07
bb,HEROMOTOCO,2025-02-01,LONG,2025-02-01T11:50:00,4216.55,4199.13,4242.68,71,17.42,2025-02-01T11:50:00,4199.13,STOP,-1236.93,-1685.07
bb,HEROMOTOCO,2025-02-03,SHORT,2025-02-03T10:30:00,4235.55,4268.34,4186.37,70,32.79,2025-02-03T11:10:00,4186.37,TARGET,3442.44,3000.29
bb,HEROMOTOCO,2025-02-04,SHORT,2025-02-04T10:40:00,4160.60,4181.80,4128.80,72,21.20,2025-02-04T10:50:00,4128.80,TARGET,2289.93,1842.30
bb,HEROMOTOCO,2025-02-05,LONG,2025-02-05T11:30:00,4160.60,4148.12,4179.33,72,12.48,2025-02-05T11:30:00,4179.33,TARGET,1348.23,897.87
bb,HEROMOTOCO,2025-02-07,SHORT,2025-02-07T10:10:00,4124.90,4145.35,4094.22,72,20.45,2025-02-07T10:10:00,4145.35,STOP,-1472.76,-1919.35
bb,HEROMOTOCO,2025-02-10,SHORT,2025-02-10T11:50:00,4159.10,4175.01,4135.23,72,15.91,2025-02-10T12:10:00,4135.23,TARGET,1718.50,1270.61
bb,HEROMOTOCO,2025-02-12,LONG,2025-02-12T11:50:00,4015.00,3996.24,4043.15,74,18.76,2025-02-12T12:20:00,4043.15,TARGET,2082.79,1635.56
bb,HEROMOTOCO,2025-02-24,LONG,2025-02-24T11:50:00,3866.00,3852.87,3885.70,77,13.13,2025-02-24T12:10:00,3852.87,STOP,-1011.20,-1456.97
bb,HEROMOTOCO,2025-02-25,SHORT,2025-02-25T10:10:00,3852.60,3864.45,3834.82,77,11.85,2025-02-25T11:40:00,3864.45,STOP,-912.54,-1358.20
bb,HEROMOTOCO,2025-03-05,LONG,2025-03-05T10:10:00,3552.35,3538.15,3573.65,84,14.20,2025-03-05T10:40:00,3573.65,TARGET,1789.55,1340.61
bb,HEROMOTOCO,2025-03-07,SHORT,2025-03-07T12:50:00,3662.35,3675.67,3642.37,81,13.32,2025-03-07T14:30:00,3675.67,STOP,-1078.92,-1524.70
bb,HEROMOTOCO,2025-03-12,SHORT,2025-03-12T12:00:00,3612.45,3625.46,3592.94,83,13.01,2025-03-12T13:50:00,3598.85,TIME_STOP,1128.80,679.90
bb,HEROMOTOCO,2025-03-21,SHORT,2025-03-21T14:00:00,3622.60,3635.25,3603.63,82,12.65,2025-03-21T14:00:00,3635.25,STOP,-1037.04,-1483.39
bb,HEROMOTOCO,2025-03-24,LONG,2025-03-24T13:20:00,3635.00,3622.65,3653.52,82,12.35,2025-03-24T13:50:00,3622.65,STOP,-1012.67,-1459.02
bb,HEROMOTOCO,2025-03-25,SHORT,2025-03-25T12:30:00,3628.85,3642.74,3608.01,82,13.89,2025-03-25T12:50:00,3642.74,STOP,-1139.09,-1586.29
bb,HEROMOTOCO,2025-03-28,SHORT,2025-03-28T13:00:00,3745.00,3760.19,3722.22,80,15.19,2025-03-28T13:50:00,3722.22,TARGET,1822.35,1374.32
bb,HEROMOTOCO,2025-04-01,SHORT,2025-04-01T11:50:00,3744.30,3762.81,3716.53,80,18.51,2025-04-01T12:20:00,3762.81,STOP,-1480.92,-1931.35
bb,HEROMOTOCO,2025-04-02,LONG,2025-04-02T10:10:00,3764.65,3749.44,3787.47,79,15.21,2025-04-02T10:20:00,3749.44,STOP,-1201.76,-1646.97
bb,HEROMOTOCO,2025-04-08,SHORT,2025-04-08T11:50:00,3516.05,3534.03,3489.08,85,17.98,2025-04-08T11:50:00,3529.90,REVERSE,-1177.25,-1626.43
bb,HEROMOTOCO,2025-04-16,SHORT,2025-04-16T13:20:00,3752.00,3762.69,3735.97,79,10.69,2025-04-16T13:50:00,3762.69,STOP,-844.29,-1289.54
bb,HEROMOTOCO,2025-04-17,LONG,2025-04-17T13:10:00,3737.50,3725.23,3755.90,80,12.27,2025-04-17T13:40:00,3755.90,TARGET,1472.03,1022.43
bb,HEROMOTOCO,2025-04-22,SHORT,2025-04-22T10:30:00,3838.00,3857.00,3809.50,78,19.00,2025-04-22T12:20:00,3827.60,TIME_STOP,811.20,362.76
bb,HEROMOTOCO,2025-04-25,SHORT,2025-04-25T10:10:00,3881.60,3900.44,3853.35,77,18.84,2025-04-25T10:10:00,3900.44,STOP,-1450.39,-1899.81
bb,HEROMOTOCO,2025-04-28,LONG,2025-04-28T12:20:00,3895.90,3882.79,3915.57,77,13.11,2025-04-28T13:10:00,3915.57,TARGET,1514.49,1063.38
bb,HEROMOTOCO,2025-04-29,SHORT,2025-04-29T11:00:00,3895.10,3911.44,3870.59,77,16.34,2025-04-29T11:50:00,3870.59,TARGET,1887.24,1438.77
bb,HEROMOTOCO,2025-05-02,SHORT,2025-05-02T12:10:00,3825.10,3844.34,3796.25,78,19.24,2025-05-02T12:30:00,3796.25,TARGET,2250.62,1804.77
bb,HEROMOTOCO,2025-05-09,LONG,2025-05-09T10:30:00,3852.00,3831.79,3882.31,77,20.21,2025-05-09T10:50:00,3831.79,STOP,-1556.00,-1999.74
bb,HEROMOTOCO,2025-05-22,LONG,2025-05-22T13:40:00,4273.00,4259.18,4293.72,70,13.82,2025-05-22T13:40:00,4259.18,STOP,-967.06,-1415.00
bb,HEROMOTOCO,2025-05-28,LONG,2025-05-28T13:00:00,4341.00,4330.35,4356.97,69,10.65,2025-05-28T13:30:00,4356.97,TARGET,1102.03,651.91
bb,HEROMOTOCO,2025-05-30,SHORT,2025-05-30T12:40:00,4341.50,4353.59,4323.36,69,12.09,2025-05-30T13:30:00,4353.59,STOP,-834.35,-1284.32
bb,HEROMOTOCO,2025-06-03,LONG,2025-06-03T10:20:00,4245.00,4231.38,4265.44,70,13.62,2025-06-03T11:10:00,4231.38,STOP,-953.65,-1398.66
bb,HEROMOTOCO,2025-06-04,LONG,2025-06-04T14:10:00,4229.40,4221.37,4241.45,70,8.03,2025-06-04T14:30:00,4221.37,STOP,-562.41,-1006.07
bb,HEROMOTOCO,2025-06-17,LONG,2025-06-17T10:40:00,4378.20,4365.87,4396.69,68,12.33,2025-06-17T10:50:00,4365.87,STOP,-838.16,-1284.11
bb,HEROMOTOCO,2025-06-18,SHORT,2025-06-18T12:30:00,4380.20,4392.34,4361.99,68,12.14,2025-06-18T13:10:00,4392.34,STOP,-825.65,-1273.05
bb,HEROMOTOCO,2025-06-19,LONG,2025-06-19T10:10:00,4394.40,4381.40,4413.90,68,13.00,2025-06-19T10:30:00,4381.40,STOP,-883.91,-1331.47
bb,HEROMOTOCO,2025-06-24,LONG,2025-06-24T10:10:00,4289.40,4275.18,4310.73,69,14.22,2025-06-24T11:00:00,4310.73,TARGET,1471.59,1026.53
bb,HEROMOTOCO,2025-06-25,SHORT,2025-06-25T11:50:00,4305.40,4318.11,4286.34,69,12.71,2025-06-25T13:40:00,4310.90,TIME_STOP,-379.50,-825.39
bb,HEROMOTOCO,2025-07-07,SHORT,2025-07-07T10:30:00,4327.40,4341.10,4306.85,69,13.70,2025-07-07T12:20:00,4322.70,TIME_STOP,324.30,-123.34
bb,HEROMOTOCO,2025-07-09,LONG,2025-07-09T11:20:00,4321.00,4309.89,4337.67,69,11.11,2025-07-09T12:20:00,4337.67,TARGET,1150.20,702.12
bb,HEROMOTOCO,2025-07-10,SHORT,2025-07-10T11:40:00,4320.50,4329.93,4306.35,69,9.43,2025-07-10T12:30:00,4329.93,STOP,-650.92,-1098.58
bb,HEROMOTOCO,2025-07-11,LONG,2025-07-11T10:00:00,4334.40,4323.49,4350.76,69,10.91,2025-07-11T10:10:00,4323.49,STOP,-752.53,-1200.58
bb,HEROMOTOCO,2025-07-14,LONG,2025-07-14T13:30:00,4237.50,4226.89,4253.42,70,10.61,2025-07-14T14:00:00,4226.89,STOP,-742.75,-1187.13
bb,HEROMOTOCO,2025-07-18,SHORT,2025-07-18T10:20:00,4424.20,4436.86,4405.21,67,12.66,2025-07-18T10:30:00,4405.21,TARGET,1272.08,828.40
bb,HEROMOTOCO,2025-07-21,LONG,2025-07-21T11:50:00,4411.60,4397.86,4432.21,68,13.74,2025-07-21T13:40:00,4405.80,TIME_STOP,-394.40,-844.09
bb,HEROMOTOCO,2025-07-22,SHORT,2025-07-22T11:10:00,4390.90,4403.39,4372.16,68,12.49,2025-07-22T11:10:00,4372.16,TARGET,1274.48,827.56
bb,HEROMOTOCO,2025-07-23,LONG,2025-07-23T10:20:00,4374.20,4360.81,4394.29,68,13.39,2025-07-23T10:50:00,4360.81,STOP,-910.60,-1356.09
bb,HEROMOTOCO,2025-07-30,SHORT,2025-07-30T10:00:00,4311.60,4324.78,4291.83,69,13.18,2025-07-30T10:20:00,4324.78,STOP,-909.63,-1356.57
bb,HEROMOTOCO,2025-07-31,LONG,2025-07-31T11:40:00,4262.40,4247.30,4285.05,70,15.10,2025-07-31T12:50:00,4285.05,TARGET,1585.19,1136.45
bb,HEROMOTOCO,2025-08-14,SHORT,2025-08-14T10:30:00,4751.80,4765.25,4731.63,63,13.45,2025-08-14T10:30:00,4756.20,REVERSE,-277.20,-726.45
bb,HEROMOTOCO,2025-08-21,LONG,2025-08-21T10:50:00,5143.30,5129.03,5164.70,58,14.27,2025-08-21T11:30:00,5129.03,STOP,-827.42,-1274.27
bb,HEROMOTOCO,2025-08-28,SHORT,2025-08-28T14:10:00,5121.10,5135.31,5099.79,58,14.21,2025-08-28T15:00:00,5099.79,TARGET,1236.24,791.63
bb,HEROMOTOCO,2025-09-05,SHORT,2025-09-05T11:40:00,5358.00,5373.98,5334.02,55,15.98,2025-09-05T13:30:00,5363.50,TIME_STOP,-302.50,-744.76
bb,HEROMOTOCO,2025-09-12,SHORT,2025-09-12T12:20:00,5315.00,5328.72,5294.42,56,13.72,2025-09-12T13:40:00,5294.42,TARGET,1152.22,706.62
bb,HEROMOTOCO,2025-09-25,LONG,2025-09-25T11:40:00,5327.00,5306.58,5357.63,56,20.42,2025-09-25T11:50:00,5306.58,STOP,-1143.47,-1590.08
bb,HEROMOTOCO,2025-09-29,SHORT,2025-09-29T11:40:00,5295.50,5316.69,5263.72,56,21.19,2025-09-29T13:10:00,5316.69,STOP,-1186.40,-1632.11
bb,HEROMOTOCO,2025-10-01,SHORT,2025-10-01T12:50:00,5426.50,5442.70,5402.20,55,16.20,2025-10-01T13:40:00,5442.70,STOP,-890.95,-1339.30
bb,HEROMOTOCO,2025-10-03,LONG,2025-10-03T11:20:00,5527.00,5500.78,5566.33,54,26.22,2025-10-03T12:20:00,5566.33,TARGET,2123.70,1674.42
bb,HEROMOTOCO,2025-10-08,SHORT,2025-10-08T10:20:00,5590.00,5606.64,5565.03,53,16.64,2025-10-08T10:20:00,5565.03,TARGET,1323.16,879.74
bb,HEROMOTOCO,2025-10-10,SHORT,2025-10-10T10:40:00,5486.50,5503.01,5461.73,54,16.51,2025-10-10T10:50:00,5503.01,STOP,-891.81,-1336.88
bb,HEROMOTOCO,2025-10-14,SHORT,2025-10-14T12:00:00,5555.00,5570.21,5532.19,54,15.21,2025-10-14T12:30:00,5569.00,REVERSE,-756.00,-1206.52
bb,HEROMOTOCO,2025-10-15,SHORT,2025-10-15T13:40:00,5562.50,5575.00,5543.75,53,12.50,2025-10-15T13:40:00,5543.75,TARGET,993.89,552.42
bb,HEROMOTOCO,2025-10-16,LONG,2025-10-16T10:00:00,5604.50,5584.12,5635.07,53,20.38,2025-10-16T10:00:00,5584.12,STOP,-1080.05,-1524.79
bb,HEROMOTOCO,2025-10-17,LONG,2025-10-17T10:50:00,5590.00,5576.15,5610.78,53,13.85,2025-10-17T11:00:00,5610.78,TARGET,1101.17,655.94
bb,HEROMOTOCO,2025-10-21,LONG,2025-10-21T14:00:00,5650.50,5632.64,5677.30,53,17.86,2025-10-21T14:40:00,5632.64,STOP,-946.80,-1395.31
bb,HEROMOTOCO,2025-11-06,SHORT,2025-11-06T10:50:00,5327.50,5348.46,5296.06,56,20.96,2025-11-06T12:40:00,5348.46,STOP,-1173.93,-1622.32
bb,HEROMOTOCO,2025-11-07,LONG,2025-11-07T14:00:00,5306.50,5290.93,5329.85,56,15.57,2025-11-07T14:00:00,5290.93,STOP,-871.69,-1316.79
bb,HEROMOTOCO,2025-11-11,LONG,2025-11-11T12:10:00,5400.50,5385.18,5423.48,55,15.32,2025-11-11T12:30:00,5423.48,TARGET,1263.88,817.39
bb,HEROMOTOCO,2025-11-19,SHORT,2025-11-19T13:50:00,5844.50,5854.89,5828.92,51,10.39,2025-11-19T14:50:00,5854.89,STOP,-529.88,-977.38
bb,HEROMOTOCO,2025-11-24,SHORT,2025-11-24T14:00:00,5999.50,6009.92,5983.86,50,10.42,2025-11-24T15:00:00,5983.86,TARGET,781.80,332.42
bb,HEROMOTOCO,2025-11-25,LONG,2025-11-25T10:00:00,6025.00,6009.11,6048.83,49,15.89,2025-11-25T10:40:00,6048.83,TARGET,1167.56,723.85
bb,HEROMOTOCO,2025-11-27,SHORT,2025-11-27T12:20:00,6120.00,6132.54,6101.19,49,12.54,2025-11-27T12:20:00,6101.19,TARGET,921.81,472.68
bb,HEROMOTOCO,2025-12-02,SHORT,2025-12-02T10:50:00,6264.50,6280.23,6240.91,47,15.73,2025-12-02T12:40:00,6262.50,TIME_STOP,94.00,-347.58
bb,HEROMOTOCO,2025-12-03,SHORT,2025-12-03T10:10:00,6245.00,6259.49,6223.27,48,14.49,2025-12-03T10:30:00,6223.27,TARGET,1043.12,594.26
bb,HEROMOTOCO,2025-12-05,SHORT,2025-12-05T13:40:00,6340.00,6353.13,6320.31,47,13.13,2025-12-05T15:20:00,6351.00,REVERSE,-517.00,-964.36
bb,HEROMOTOCO,2025-12-11,LONG,2025-12-11T10:00:00,5997.50,5974.49,6032.01,50,23.01,2025-12-11T10:50:00,5974.49,STOP,-1150.39,-1599.34
bb,HEROMOTOCO,2025-12-12,SHORT,2025-12-12T12:10:00,5978.00,5991.92,5957.12,50,13.92,2025-12-12T13:50:00,5957.12,TARGET,1043.95,596.38
bb,HEROMOTOCO,2025-12-22,SHORT,2025-12-22T10:20:00,5754.00,5772.81,5725.78,52,18.81,2025-12-22T11:10:00,5725.78,TARGET,1467.36,1019.65
bb,HEROMOTOCO,2025-12-24,LONG,2025-12-24T10:30:00,5729.00,5713.72,5751.92,52,15.28,2025-12-24T11:40:00,5713.72,STOP,-794.56,-1240.83
bb,HEROMOTOCO,2026-01-06,SHORT,2026-01-06T11:10:00,5983.50,5998.40,5961.15,50,14.90,2026-01-06T11:40:00,5998.40,STOP,-744.88,-1194.20
bb,HEROMOTOCO,2026-01-07,LONG,2026-01-07T12:00:00,5994.00,5983.26,6010.11,50,10.74,2026-01-07T12:00:00,5983.26,STOP,-537.13,-986.28
bb,HEROMOTOCO,2026-01-12,LONG,2026-01-12T13:50:00,5736.00,5714.78,5767.83,52,21.22,2026-01-12T14:40:00,5714.78,STOP,-1103.51,-1550.09
bb,HEROMOTOCO,2026-01-14,SHORT,2026-01-14T10:20:00,5683.50,5704.70,5651.70,52,21.20,2026-01-14T10:30:00,5704.70,STOP,-1102.56,-1546.70
bb,HEROMOTOCO,2026-01-20,SHORT,2026-01-20T10:50:00,5716.50,5740.94,5679.84,52,24.44,2026-01-20T11:20:00,5740.94,STOP,-1270.93,-1717.77
bb,HEROMOTOCO,2026-01-22,SHORT,2026-01-22T12:40:00,5576.50,5597.04,5545.69,53,20.54,2026-01-22T13:00:00,5545.69,TARGET,1632.76,1190.65
bb,HEROMOTOCO,2026-01-28,SHORT,2026-01-28T12:00:00,5343.00,5361.69,5314.96,56,18.69,2026-01-28T13:10:00,5361.69,STOP,-1046.69,-1496.29
bb,HEROMOTOCO,2026-01-30,SHORT,2026-01-30T11:50:00,5538.00,5557.36,5508.96,54,19.36,2026-01-30T12:40:00,5508.96,TARGET,1568.32,1120.92
bb,HEROMOTOCO,2026-02-02,LONG,2026-02-02T13:10:00,5538.00,5513.42,5574.87,54,24.58,2026-02-02T13:50:00,5574.87,TARGET,1990.85,1540.77
bb,HEROMOTOCO,2026-02-05,SHORT,2026-02-05T10:00:00,5789.50,5811.87,5755.94,51,22.37,2026-02-05T10:20:00,5811.87,STOP,-1141.01,-1584.76
bb,HEROMOTOCO,2026-02-06,LONG,2026-02-06T10:30:00,5823.00,5794.60,5865.60,51,28.40,2026-02-06T10:30:00,5794.60,STOP,-1448.54,-1892.91
bb,HEROMOTOCO,2026-02-10,LONG,2026-02-10T10:10:00,5795.00,5770.14,5832.29,51,24.86,2026-02-10T10:50:00,5770.14,STOP,-1267.73,-1710.10
bb,HEROMOTOCO,2026-02-12,SHORT,2026-02-12T12:20:00,5711.00,5729.23,5683.66,52,18.23,2026-02-12T13:00:00,5729.23,STOP,-947.72,-1393.89
bb,HEROMOTOCO,2026-02-19,SHORT,2026-02-19T10:40:00,5544.50,5562.47,5517.54,54,17.97,2026-02-19T11:20:00,5517.54,TARGET,1455.95,1007.94
bb,HEROMOTOCO,2026-02-20,LONG,2026-02-20T14:10:00,5441.00,5425.25,5464.62,55,15.75,2026-02-20T14:30:00,5425.25,STOP,-866.08,-1314.32
bb,HEROMOTOCO,2026-02-23,SHORT,2026-02-23T12:40:00,5454.00,5469.98,5430.04,55,15.98,2026-02-23T14:30:00,5456.50,TIME_STOP,-137.50,-587.56
bb,HEROMOTOCO,2026-02-24,SHORT,2026-02-24T13:50:00,5478.00,5492.93,5455.60,54,14.93,2026-02-24T14:00:00,5492.93,STOP,-806.34,-1250.66
bb,HEROMOTOCO,2026-02-27,SHORT,2026-02-27T12:20:00,5729.00,5748.57,5699.65,52,19.57,2026-02-27T13:40:00,5699.65,TARGET,1526.41,1080.69
bb,HEROMOTOCO,2026-03-11,SHORT,2026-03-11T11:20:00,5615.00,5645.05,5569.92,53,30.05,2026-03-11T13:10:00,5569.92,TARGET,2389.16,1944.56
bb,EICHERMOT,2024-03-19,LONG,2024-03-19T11:30:00,3704.15,3692.73,3721.28,80,11.42,2024-03-19T13:20:00,3697.40,TIME_STOP,-540.00,-984.09
bb,EICHERMOT,2024-03-22,LONG,2024-03-22T11:40:00,3951.25,3932.06,3980.04,75,19.19,2024-03-22T12:10:00,3980.04,TARGET,2158.93,1712.79
bb,EICHERMOT,2024-03-26,SHORT,2024-03-26T10:40:00,3935.90,3957.06,3904.16,76,21.16,2024-03-26T12:30:00,3921.95,TIME_STOP,1060.20,612.30
bb,EICHERMOT,2024-03-27,LONG,2024-03-27T10:00:00,3954.20,3943.14,3970.78,75,11.06,2024-03-27T10:00:00,3970.78,TARGET,1243.81,798.03
bb,EICHERMOT,2024-03-28,LONG,2024-03-28T10:40:00,3981.05,3962.87,4008.32,75,18.18,2024-03-28T11:50:00,4008.32,TARGET,2045.02,1595.62
bb,EICHERMOT,2024-04-01,SHORT,2024-04-01T11:10:00,3968.75,3988.40,3939.28,75,19.65,2024-04-01T11:30:00,3988.40,STOP,-1473.46,-1921.05
bb,EICHERMOT,2024-04-03,LONG,2024-04-03T12:30:00,3932.55,3922.64,3947.41,76,9.91,2024-04-03T12:30:00,3922.64,STOP,-753.03,-1200.78
bb,EICHERMOT,2024-04-04,SHORT,2024-04-04T10:00:00,3894.95,3909.87,3872.57,77,14.92,2024-04-04T10:00:00,3909.87,STOP,-1148.97,-1599.70
bb,EICHERMOT,2024-04-19,LONG,2024-04-19T13:00:00,4340.00,4318.42,4372.36,69,21.58,2024-04-19T14:50:00,4340.10,TIME_STOP,6.90,-442.30
bb,EICHERMOT,2024-04-25,SHORT,2024-04-25T11:50:00,4503.70,4520.49,4478.52,66,16.79,2024-04-25T12:20:00,4520.49,STOP,-1107.84,-1554.54
bb,EICHERMOT,2024-05-03,LONG,2024-05-03T10:00:00,4649.00,4632.07,4674.39,64,16.93,2024-05-03T10:20:00,4632.07,STOP,-1083.38,-1528.87
bb,EICHERMOT,2024-05-06,SHORT,2024-05-06T13:00:00,4608.00,4623.26,4585.11,65,15.26,2024-05-06T14:20:00,4585.11,TARGET,1487.95,1039.79
bb,EICHERMOT,2024-05-07,SHORT,2024-05-07T11:20:00,4590.00,4607.00,4564.51,65,17.00,2024-05-07T13:10:00,4591.30,TIME_STOP,-84.50,-532.09
bb,EICHERMOT,2024-05-08,SHORT,2024-05-08T10:30:00,4595.00,4617.14,4561.79,65,22.14,2024-05-08T12:20:00,4597.95,TIME_STOP,-191.75,-639.91
bb,EICHERMOT,2024-05-09,SHORT,2024-05-09T12:20:00,4600.00,4623.15,4565.28,65,23.15,2024-05-09T14:10:00,4599.95,TIME_STOP,3.25,-445.25
bb,EICHERMOT,2024-05-15,SHORT,2024-05-15T10:10:00,4671.00,4686.76,4647.37,64,15.76,2024-05-15T10:50:00,4647.37,TARGET,1512.56,1065.27
bb,EICHERMOT,2024-05-16,SHORT,2024-05-16T10:00:00,4627.55,4645.83,4600.13,64,18.28,2024-05-16T10:30:00,4600.13,TARGET,1754.64,1311.71
bb,EICHERMOT,2024-05-21,SHORT,2024-05-21T14:00:00,4669.10,4681.24,4650.90,64,12.14,2024-05-21T14:50:00,4681.24,STOP,-776.71,-1225.52
bb,EICHERMOT,2024-05-22,LONG,2024-05-22T10:00:00,4690.40,4674.72,4713.92,63,15.68,2024-05-22T10:20:00,4674.72,STOP,-987.78,-1430.29
bb,EICHERMOT,2024-05-28,LONG,2024-05-28T11:30:00,4813.85,4795.58,4841.25,62,18.27,2024-05-28T12:00:00,4795.58,STOP,-1132.69,-1579.53
bb,EICHERMOT,2024-05-29,LONG,2024-05-29T10:50:00,4805.80,4788.65,4831.53,62,17.15,2024-05-29T10:50:00,4788.65,STOP,-1063.52,-1509.66
bb,EICHERMOT,2024-05-30,LONG,2024-05-30T13:20:00,4756.65,4740.92,4780.24,63,15.73,2024-05-30T13:30:00,4740.92,STOP,-990.68,-1439.44
bb,EICHERMOT,2024-06-05,LONG,2024-06-05T10:20:00,4599.65,4545.47,4680.92,46,54.18,2024-06-05T12:10:00,4626.00,TIME_STOP,1212.10,893.82
bb,EICHERMOT,2024-06-06,LONG,2024-06-06T10:30:00,4595.95,4565.65,4641.40,65,30.30,2024-06-06T11:00:00,4641.40,TARGET,2954.51,2504.19
bb,EICHERMOT,2024-06-12,LONG,2024-06-12T11:20:00,4791.90,4777.92,4812.87,62,13.98,2024-06-12T11:40:00,4812.87,TARGET,1299.90,853.28
bb,EICHERMOT,2024-06-13,SHORT,2024-06-13T10:10:00,4805.30,4822.86,4778.97,62,17.56,2024-06-13T12:00:00,4794.80,TIME_STOP,651.00,204.60
bb,EICHERMOT,2024-06-24,LONG,2024-06-24T12:30:00,4867.65,4850.82,4892.89,61,16.83,2024-06-24T14:20:00,4869.45,TIME_STOP,109.80,-335.67
bb,EICHERMOT,2024-06-25,SHORT,2024-06-25T10:10:00,4859.20,4874.37,4836.44,61,15.17,2024-06-25T11:00:00,4836.44,TARGET,1388.46,944.88
bb,EICHERMOT,2024-07-04,SHORT,2024-07-04T10:20:00,4667.25,4679.07,4649.52,64,11.82,2024-07-04T10:30:00,4679.07,STOP,-756.64,-1205.27
bb,EICHERMOT,2024-07-08,SHORT,2024-07-08T14:00:00,4721.15,4731.57,4705.52,63,10.42,2024-07-08T14:00:00,4731.57,STOP,-656.54,-1103.18
bb,EICHERMOT,2024-07-10,SHORT,2024-07-10T11:40:00,4824.60,4850.74,4785.39,62,26.14,2024-07-10T11:50:00,4850.74,STOP,-1620.57,-2070.47
bb,EICHERMOT,2024-07-11,LONG,2024-07-11T10:00:00,4861.85,4840.17,4894.37,61,21.68,2024-07-11T11:10:00,4840.17,STOP,-1322.57,-1766.44
bb,EICHERMOT,2024-07-12,SHORT,2024-07-12T11:00:00,4823.70,4837.59,4802.86,62,13.89,2024-07-12T11:10:00,4837.59,STOP,-861.39,-1310.64
bb,EICHERMOT,2024-07-18,LONG,2024-07-18T14:00:00,4896.45,4880.32,4920.65,61,16.13,2024-07-18T14:30:00,4920.65,TARGET,1476.30,1027.17
bb,EICHERMOT,2024-07-19,SHORT,2024-07-19T10:00:00,4860.70,4880.55,4830.92,61,19.85,2024-07-19T10:10:00,4830.92,TARGET,1816.39,1373.00
bb,EICHERMOT,2024-07-22,LONG,2024-07-22T13:30:00,4842.25,4829.74,4861.02,61,12.51,2024-07-22T14:30:00,4861.02,TARGET,1144.92,701.00
bb,EICHERMOT,2024-07-23,SHORT,2024-07-23T12:40:00,4824.00,4853.43,4779.86,62,29.43,2024-07-23T12:40:00,4853.43,STOP,-1824.36,-2274.36
bb,EICHERMOT,2024-07-25,SHORT,2024-07-25T10:00:00,4894.25,4908.05,4873.56,61,13.80,2024-07-25T10:00:00,4908.05,STOP,-841.54,-1289.99
bb,EICHERMOT,2024-08-01,LONG,2024-08-01T13:20:00,4955.95,4941.48,4977.66,60,14.47,2024-08-01T13:40:00,4941.48,STOP,-868.43,-1313.81
bb,EICHERMOT,2024-08-07,SHORT,2024-08-07T10:20:00,4619.20,4640.18,4587.73,64,20.98,2024-08-07T10:30:00,4640.18,STOP,-1342.84,-1787.29
bb,EICHERMOT,2024-08-08,LONG,2024-08-08T12:40:00,4640.00,4619.93,4670.10,64,20.07,2024-08-08T12:50:00,4619.93,STOP,-1284.25,-1728.73
bb,EICHERMOT,2024-08-13,LONG,2024-08-13T11:30:00,4825.60,4812.93,4844.61,62,12.67,2024-08-13T11:50:00,4812.93,STOP,-785.62,-1233.81
bb,EICHERMOT,2024-08-16,LONG,2024-08-16T13:20:00,4794.75,4782.44,4813.21,62,12.31,2024-08-16T14:20:00,4813.21,TARGET,1144.52,697.75
bb,EICHERMOT,2024-08-19,SHORT,2024-08-19T10:40:00,4782.25,4796.81,4760.41,62,14.56,2024-08-19T10:50:00,4796.81,STOP,-902.76,-1348.19
bb,EICHERMOT,2024-08-23,SHORT,2024-08-23T13:40:00,4908.05,4920.43,4889.48,61,12.38,2024-08-23T15:20:00,4889.48,TARGET,1133.05,684.81
bb,EICHERMOT,2024-08-29,SHORT,2024-08-29T11:20:00,4928.00,4944.48,4903.27,60,16.48,2024-08-29T11:40:00,4903.27,TARGET,1483.59,1041.18
bb,EICHERMOT,2024-09-02,SHORT,2024-09-02T11:50:00,4918.15,4935.13,4892.69,60,16.98,2024-09-02T12:00:00,4892.69,TARGET,1527.87,1086.38
bb,EICHERMOT,2024-09-03,LONG,2024-09-03T10:40:00,4938.65,4925.13,4958.93,60,13.52,2024-09-03T10:40:00,4925.13,STOP,-811.03,-1254.90
bb,EICHERMOT,2024-09-10,SHORT,2024-09-10T10:10:00,4734.95,4747.20,4716.57,63,12.25,2024-09-10T10:20:00,4716.57,TARGET,1157.74,711.15
bb,EICHERMOT,2024-09-11,LONG,2024-09-11T11:00:00,4746.00,4730.38,4769.44,63,15.62,2024-09-11T11:10:00,4769.44,TARGET,1476.54,1026.94
bb,EICHERMOT,2024-09-12,LONG,2024-09-12T12:20:00,4746.60,4730.59,4770.61,63,16.01,2024-09-12T14:00:00,4770.61,TARGET,1512.73,1063.04
bb,EICHERMOT,2024-09-18,LONG,2024-09-18T10:00:00,4865.90,4854.24,4883.39,61,11.66,2024-09-18T10:10:00,4854.24,STOP,-711.21,-1155.90
bb,EICHERMOT,2024-09-19,SHORT,2024-09-19T13:40:00,4865.75,4880.51,4843.61,61,14.76,2024-09-19T15:20:00,4871.50,EOD,-350.75,-796.23
bb,EICHERMOT,2024-09-25,SHORT,2024-09-25T10:20:00,4867.45,4883.67,4843.12,61,16.22,2024-09-25T11:00:00,4883.67,STOP,-989.28,-1435.40
bb,EICHERMOT,2024-09-30,SHORT,2024-09-30T11:00:00,5004.05,5025.93,4971.23,59,21.88,2024-09-30T12:00:00,5025.93,STOP,-1291.10,-1734.92
bb,EICHERMOT,2024-10-08,LONG,2024-10-08T13:10:00,4678.00,4658.98,4706.53,64,19.02,2024-10-08T13:30:00,4706.53,TARGET,1825.72,1375.26
bb,EICHERMOT,2024-10-11,LONG,2024-10-11T10:10:00,4751.75,4732.58,4780.51,63,19.17,2024-10-11T10:10:00,4780.51,TARGET,1811.97,1361.57
bb,EICHERMOT,2024-10-22,SHORT,2024-10-22T10:00:00,4796.65,4814.74,4769.51,62,18.09,2024-10-22T10:10:00,4769.51,TARGET,1682.43,1237.61
bb,EICHERMOT,2024-10-28,LONG,2024-10-28T12:20:00,4682.50,4660.32,4715.78,64,22.18,2024-10-28T12:30:00,4715.78,TARGET,2129.72,1678.60
bb,EICHERMOT,2024-10-31,LONG,2024-10-31T11:20:00,4894.85,4874.62,4925.19,61,20.23,2024-10-31T11:20:00,4874.62,STOP,-1233.73,-1680.69
bb,EICHERMOT,2024-11-04,SHORT,2024-11-04T10:30:00,4861.85,4888.24,4822.26,61,26.39,2024-11-04T10:40:00,4822.26,TARGET,2415.07,1972.02
bb,EICHERMOT,2024-11-07,LONG,2024-11-07T13:50:00,4879.20,4863.93,4902.11,61,15.27,2024-11-07T15:20:00,4876.75,EOD,-149.45,-595.78
bb,EICHERMOT,2024-11-11,LONG,2024-11-11T11:30:00,4810.00,4794.45,4833.33,62,15.55,2024-11-11T13:20:00,4812.90,TIME_STOP,179.80,-267.66
bb,EICHERMOT,2024-11-22,LONG,2024-11-22T10:20:00,4921.00,4902.24,4949.14,60,18.76,2024-11-22T10:30:00,4902.24,STOP,-1125.80,-1567.84
bb,EICHERMOT,2024-11-29,LONG,2024-11-29T10:10:00,4848.25,4829.14,4876.91,61,19.11,2024-11-29T10:10:00,4831.40,REVERSE,-1027.85,-1470.69
bb,EICHERMOT,2024-12-05,LONG,2024-12-05T13:40:00,4806.75,4792.15,4828.66,62,14.60,2024-12-05T14:00:00,4828.66,TARGET,1358.13,910.08
bb,EICHERMOT,2024-12-10,SHORT,2024-12-10T10:50:00,4830.00,4840.55,4814.17,62,10.55,2024-12-10T11:20:00,4840.55,STOP,-654.30,-1103.98
bb,EICHERMOT,2024-12-11,LONG,2024-12-11T11:50:00,4824.10,4814.56,4838.41,62,9.54,2024-12-11T12:00:00,4816.20,REVERSE,-489.80,-938.07
bb,EICHERMOT,2024-12-13,LONG,2024-12-13T13:00:00,4806.15,4792.45,4826.69,62,13.70,2024-12-13T13:40:00,4826.69,TARGET,1273.75,825.82
bb,EICHERMOT,2024-12-16,SHORT,2024-12-16T11:10:00,4805.85,4818.88,4786.31,62,13.03,2024-12-16T11:40:00,4818.88,STOP,-807.73,-1255.28
bb,EICHERMOT,2024-12-17,SHORT,2024-12-17T10:30:00,4798.40,4813.96,4775.06,62,15.56,2024-12-17T11:00:00,4813.96,STOP,-964.81,-1411.78
bb,EICHERMOT,2024-12-18,LONG,2024-12-18T10:50:00,4794.40,4778.89,4817.67,62,15.51,2024-12-18T11:00:00,4778.89,STOP,-961.70,-1406.85
bb,EICHERMOT,2024-12-19,LONG,2024-12-19T12:30:00,4749.30,4733.10,4773.60,63,16.20,2024-12-19T13:20:00,4733.10,STOP,-1020.63,-1468.67
bb,EICHERMOT,2024-12-23,LONG,2024-12-23T11:20:00,4757.95,4742.65,4780.90,63,15.30,2024-12-23T12:00:00,4742.65,STOP,-963.96,-1412.87
bb,EICHERMOT,2024-12-30,LONG,2024-12-30T10:00:00,4882.95,4864.26,4910.98,61,18.69,2024-12-30T10:10:00,4864.26,STOP,-1139.86,-1585.79
bb,EICHERMOT,2025-01-01,LONG,2025-01-01T12:40:00,4836.15,4818.69,4862.34,62,17.46,2025-01-01T13:00:00,4818.69,STOP,-1082.37,-1531.32
bb,EICHERMOT,2025-01-08,LONG,2025-01-08T13:50:00,5177.90,5161.72,5202.18,57,16.18,2025-01-08T14:10:00,5161.72,STOP,-922.52,-1364.54
bb,EICHERMOT,2025-01-14,LONG,2025-01-14T14:10:00,5023.30,5007.54,5046.93,59,15.76,2025-01-14T14:40:00,5007.54,STOP,-929.55,-1373.41
bb,EICHERMOT,2025-01-16,SHORT,2025-01-16T12:40:00,5048.95,5065.50,5024.12,59,16.55,2025-01-16T14:00:00,5065.50,STOP,-976.62,-1424.18
bb,EICHERMOT,2025-01-20,LONG,2025-01-20T12:20:00,5015.45,4998.36,5041.08,59,17.09,2025-01-20T14:10:00,5019.50,TIME_STOP,238.95,-205.10
bb,EICHERMOT,2025-01-27,SHORT,2025-01-27T10:30:00,5156.00,5175.23,5127.15,58,19.23,2025-01-27T10:30:00,5127.15,TARGET,1673.19,1225.87
bb,EICHERMOT,2025-01-28,SHORT,2025-01-28T13:20:00,5154.10,5170.30,5129.79,58,16.20,2025-01-28T13:30:00,5170.30,STOP,-939.81,-1388.92
bb,EICHERMOT,2025-01-30,SHORT,2025-01-30T14:00:00,5182.35,5200.60,5154.98,57,18.25,2025-01-30T14:00:00,5154.98,TARGET,1560.17,1118.25
bb,EICHERMOT,2025-01-31,LONG,2025-01-31T10:40:00,5240.00,5214.20,5278.70,57,25.80,2025-01-31T10:40:00,5214.20,STOP,-1470.45,-1917.36
bb,EICHERMOT,2025-02-01,LONG,2025-02-01T11:40:00,5204.95,5185.93,5233.49,57,19.02,2025-02-01T11:50:00,5185.93,STOP,-1084.42,-1528.63
bb,EICHERMOT,2025-02-04,SHORT,2025-02-04T11:00:00,5460.55,5486.22,5422.04,54,25.67,2025-02-04T11:20:00,5486.22,STOP,-1386.41,-1829.76
bb,EICHERMOT,2025-02-05,LONG,2025-02-05T13:40:00,5431.90,5417.79,5453.07,55,14.11,2025-02-05T14:10:00,5417.79,STOP,-776.05,-1223.60
bb,EICHERMOT,2025-02-10,SHORT,2025-02-10T12:50:00,5359.90,5384.37,5323.20,55,24.47,2025-02-10T14:00:00,5323.20,TARGET,2018.75,1578.07
bb,EICHERMOT,2025-02-25,SHORT,2025-02-25T12:30:00,5012.05,5026.49,4990.39,59,14.44,2025-02-25T14:10:00,4990.39,TARGET,1277.98,835.37
bb,EICHERMOT,2025-03-12,LONG,2025-03-12T11:20:00,4999.75,4981.62,5026.94,60,18.13,2025-03-12T11:40:00,4981.62,STOP,-1087.50,-1536.67
bb,EICHERMOT,2025-03-13,LONG,2025-03-13T10:10:00,5029.00,5009.50,5058.25,59,19.50,2025-03-13T11:00:00,5009.50,STOP,-1150.37,-1594.57
bb,EICHERMOT,2025-03-28,LONG,2025-03-28T11:10:00,5390.25,5369.95,5420.69,55,20.30,2025-03-28T12:30:00,5369.95,STOP,-1116.29,-1560.15
bb,EICHERMOT,2025-04-01,SHORT,2025-04-01T11:20:00,5308.10,5339.94,5260.34,56,31.84,2025-04-01T13:10:00,5289.20,TIME_STOP,1058.40,613.31
bb,EICHERMOT,2025-04-02,SHORT,2025-04-02T13:20:00,5327.60,5344.45,5302.32,56,16.85,2025-04-02T14:40:00,5344.45,STOP,-943.64,-1391.87
bb,EICHERMOT,2025-04-09,SHORT,2025-04-09T10:40:00,5199.15,5220.78,5166.70,57,21.63,2025-04-09T10:50:00,5220.78,STOP,-1233.07,-1678.52
bb,EICHERMOT,2025-04-22,SHORT,2025-04-22T13:00:00,5816.00,5832.76,5790.86,51,16.76,2025-04-22T13:20:00,5832.76,STOP,-854.74,-1300.31
bb,EICHERMOT,2025-04-24,SHORT,2025-04-24T11:10:00,5712.00,5733.46,5679.80,52,21.46,2025-04-24T12:30:00,5679.80,TARGET,1674.24,1229.96
bb,EICHERMOT,2025-04-29,SHORT,2025-04-29T10:20:00,5587.50,5608.39,5556.16,53,20.89,2025-04-29T10:30:00,5556.16,TARGET,1661.05,1218.09
bb,EICHERMOT,2025-04-30,LONG,2025-04-30T10:00:00,5578.50,5554.39,5614.67,53,24.11,2025-04-30T10:00:00,5561.00,REVERSE,-927.50,-1370.30
bb,EICHERMOT,2025-05-07,LONG,2025-05-07T10:50:00,5553.00,5527.27,5591.59,54,25.73,2025-05-07T11:20:00,5527.27,STOP,-1389.41,-1838.16
bb,EICHERMOT,2025-05-15,LONG,2025-05-15T13:30:00,5457.50,5432.41,5495.13,54,25.09,2025-05-15T13:40:00,5495.13,TARGET,2032.19,1588.61
bb,EICHERMOT,2025-05-16,SHORT,2025-05-16T13:10:00,5496.00,5514.51,5468.23,54,18.51,2025-05-16T13:10:00,5514.51,STOP,-999.69,-1445.61
bb,EICHERMOT,2025-05-26,SHORT,2025-05-26T14:10:00,5421.50,5434.56,5401.91,55,13.06,2025-05-26T15:20:00,5425.00,EOD,-192.50,-639.92
bb,EICHERMOT,2025-05-27,LONG,2025-05-27T11:50:00,5433.50,5419.29,5454.82,55,14.21,2025-05-27T12:30:00,5419.29,STOP,-781.81,-1229.49
bb,EICHERMOT,2025-05-30,LONG,2025-05-30T10:00:00,5382.50,5366.84,5405.99,55,15.66,2025-05-30T10:20:00,5366.84,STOP,-861.30,-1304.71
bb,EICHERMOT,2025-06-02,SHORT,2025-06-02T13:40:00,5344.00,5355.98,5326.03,56,11.98,2025-06-02T13:40:00,5355.00,REVERSE,-616.00,-1065.36
bb,EICHERMOT,2025-06-03,SHORT,2025-06-03T10:10:00,5335.00,5351.35,5310.47,56,16.35,2025-06-03T10:20:00,5351.35,STOP,-915.66,-1364.49
bb,EICHERMOT,2025-06-04,SHORT,2025-06-04T11:40:00,5328.50,5341.81,5308.54,56,13.31,2025-06-04T12:00:00,5308.54,TARGET,1117.83,671.08
bb,EICHERMOT,2025-06-05,LONG,2025-06-05T13:10:00,5323.50,5311.10,5342.10,56,12.40,2025-06-05T13:30:00,5311.10,STOP,-694.25,-1140.90
bb,EICHERMOT,2025-06-10,SHORT,2025-06-10T14:00:00,5396.50,5404.35,5384.73,55,7.85,2025-06-10T14:40:00,5384.73,TARGET,647.34,202.61
bb,EICHERMOT,2025-06-11,LONG,2025-06-11T10:10:00,5399.00,5386.32,5418.02,55,12.68,2025-06-11T10:20:00,5386.32,STOP,-697.40,-1142.29
bb,EICHERMOT,2025-06-13,LONG,2025-06-13T13:30:00,5294.00,5280.32,5314.51,56,13.68,2025-06-13T13:30:00,5280.32,STOP,-765.83,-1209.95
bb,EICHERMOT,2025-06-23,LONG,2025-06-23T11:10:00,5517.00,5503.39,5537.41,54,13.61,2025-06-23T11:10:00,5503.39,STOP,-734.87,-1181.19
bb,EICHERMOT,2025-06-25,SHORT,2025-06-25T10:40:00,5596.50,5613.83,5570.51,53,17.33,2025-06-25T12:30:00,5587.50,TIME_STOP,477.00,32.44
bb,EICHERMOT,2025-06-26,LONG,2025-06-26T13:50:00,5580.00,5564.20,5603.69,53,15.80,2025-06-26T14:10:00,5603.69,TARGET,1255.80,811.25
bb,EICHERMOT,2025-07-03,SHORT,2025-07-03T13:10:00,5727.50,5738.11,5711.58,52,10.61,2025-07-03T13:40:00,5738.11,STOP,-551.97,-999.13
bb,EICHERMOT,2025-07-07,LONG,2025-07-07T10:00:00,5681.50,5666.37,5704.20,52,15.13,2025-07-07T11:50:00,5687.50,TIME_STOP,312.00,-131.39
bb,EICHERMOT,2025-07-09,SHORT,2025-07-09T13:30:00,5689.50,5699.94,5673.84,52,10.44,2025-07-09T14:50:00,5673.84,TARGET,814.46,371.29
bb,EICHERMOT,2025-07-11,LONG,2025-07-11T10:00:00,5677.00,5662.78,5698.34,52,14.22,2025-07-11T10:10:00,5662.78,STOP,-739.64,-1181.89
bb,EICHERMOT,2025-07-15,SHORT,2025-07-15T14:10:00,5585.50,5597.50,5567.50,53,12.00,2025-07-15T15:20:00,5593.00,EOD,-397.50,-841.85
bb,EICHERMOT,2025-07-18,SHORT,2025-07-18T10:40:00,5631.00,5641.63,5615.05,53,10.63,2025-07-18T10:40:00,5641.63,STOP,-563.50,-1011.58
bb,EICHERMOT,2025-07-28,SHORT,2025-07-28T11:00:00,5395.50,5412.03,5370.70,55,16.53,2025-07-28T11:40:00,5412.03,STOP,-909.22,-1355.03
bb,EICHERMOT,2025-07-29,LONG,2025-07-29T11:10:00,5397.50,5383.14,5419.05,55,14.36,2025-07-29T11:20:00,5392.50,REVERSE,-275.00,-720.09
bb,EICHERMOT,2025-07-31,LONG,2025-07-31T13:40:00,5492.00,5475.01,5517.49,54,16.99,2025-07-31T14:30:00,5475.01,STOP,-917.48,-1361.64
bb,EICHERMOT,2025-08-06,SHORT,2025-08-06T14:10:00,5667.50,5677.45,5652.57,52,9.95,2025-08-06T14:40:00,5652.57,TARGET,776.22,334.73
bb,EICHERMOT,2025-08-11,SHORT,2025-08-11T11:40:00,5668.00,5679.78,5650.33,52,11.78,2025-08-11T12:20:00,5679.78,STOP,-612.42,-1054.98
bb,EICHERMOT,2025-08-12,LONG,2025-08-12T12:40:00,5672.50,5660.15,5691.03,52,12.35,2025-08-12T12:50:00,5691.03,TARGET,963.49,520.31
bb,EICHERMOT,2025-08-13,LONG,2025-08-13T10:00:00,5707.50,5693.14,5729.05,52,14.36,2025-08-13T10:00:00,5729.05,TARGET,1120.43,674.41
bb,EICHERMOT,2025-08-21,LONG,2025-08-21T14:10:00,5945.50,5934.18,5962.48,50,11.32,2025-08-21T14:10:00,5962.48,TARGET,848.86,402.31
bb,EICHERMOT,2025-08-22,SHORT,2025-08-22T13:00:00,5940.00,5950.25,5924.63,50,10.25,2025-08-22T13:10:00,5950.25,STOP,-512.42,-958.31
bb,EICHERMOT,2025-08-28,SHORT,2025-08-28T14:10:00,6154.50,6170.73,6130.15,48,16.23,2025-08-28T15:20:00,6130.15,TARGET,1168.80,726.55
bb,EICHERMOT,2025-09-15,SHORT,2025-09-15T10:20:00,6848.00,6862.20,6826.71,43,14.20,2025-09-15T11:00:00,6826.71,TARGET,915.65,474.64
bb,EICHERMOT,2025-09-17,SHORT,2025-09-17T13:50:00,6895.00,6907.71,6875.94,43,12.71,2025-09-17T15:20:00,6889.00,EOD,258.00,-186.53
bb,EICHERMOT,2025-09-22,SHORT,2025-09-22T10:10:00,6951.00,6969.38,6923.43,43,18.38,2025-09-22T10:10:00,6969.38,STOP,-790.29,-1239.22
bb,EICHERMOT,2025-09-23,SHORT,2025-09-23T13:40:00,7001.50,7018.68,6975.72,42,17.18,2025-09-23T15:20:00,6987.50,EOD,588.00,147.35
bb,EICHERMOT,2025-09-24,LONG,2025-09-24T10:20:00,7044.00,7023.85,7074.23,42,20.15,2025-09-24T10:30:00,7023.85,STOP,-846.47,-1289.60
bb,EICHERMOT,2025-09-25,LONG,2025-09-25T11:50:00,7018.00,7001.20,7043.20,42,16.80,2025-09-25T12:50:00,7010.00,REVERSE,-336.00,-777.88
bb,EICHERMOT,2025-09-29,LONG,2025-09-29T10:10:00,7019.50,6999.92,7048.87,42,19.58,2025-09-29T11:30:00,6999.92,STOP,-822.25,-1263.87
bb,EICHERMOT,2025-09-30,LONG,2025-09-30T12:40:00,7008.50,6992.26,7032.86,42,16.24,2025-09-30T14:30:00,7021.00,TIME_STOP,525.00,83.07
bb,EICHERMOT,2025-10-01,SHORT,2025-10-01T10:30:00,7002.00,7020.74,6973.89,42,18.74,2025-10-01T10:30:00,7020.74,STOP,-786.98,-1228.70
bb,EICHERMOT,2025-10-03,LONG,2025-10-03T13:10:00,6971.50,6948.36,7006.21,43,23.14,2025-10-03T13:40:00,6948.36,STOP,-995.11,-1444.03
bb,EICHERMOT,2025-10-07,LONG,2025-10-07T10:00:00,6924.50,6907.36,6950.22,43,17.14,2025-10-07T10:10:00,6950.22,TARGET,1105.77,658.31
bb,EICHERMOT,2025-10-08,SHORT,2025-10-08T14:10:00,6963.50,6976.19,6944.47,43,12.69,2025-10-08T14:20:00,6944.47,TARGET,818.29,369.76
bb,EICHERMOT,2025-10-09,LONG,2025-10-09T11:50:00,6923.00,6899.67,6958.00,43,23.33,2025-10-09T13:10:00,6901.00,REVERSE,-946.00,-1391.82
bb,EICHERMOT,2025-10-13,SHORT,2025-10-13T11:30:00,6948.00,6965.84,6921.23,43,17.84,2025-10-13T11:30:00,6965.84,STOP,-767.27,-1215.99
bb,EICHERMOT,2025-10-15,SHORT,2025-10-15T13:50:00,6886.50,6900.93,6864.85,43,14.43,2025-10-15T14:30:00,6900.93,STOP,-620.67,-1065.32
bb,EICHERMOT,2025-10-21,SHORT,2025-10-21T14:00:00,7032.50,7050.15,7006.02,42,17.65,2025-10-21T14:40:00,7006.02,TARGET,1112.24,670.02
bb,EICHERMOT,2025-10-27,LONG,2025-10-27T10:00:00,6852.00,6837.06,6874.41,43,14.94,2025-10-27T10:20:00,6874.41,TARGET,963.46,520.78
bb,EICHERMOT,2025-11-03,SHORT,2025-11-03T12:00:00,7009.00,7027.47,6981.30,42,18.47,2025-11-03T13:50:00,7008.00,TIME_STOP,42.00,-399.54
bb,EICHERMOT,2025-11-07,LONG,2025-11-07T12:50:00,6832.50,6813.55,6860.93,43,18.95,2025-11-07T12:50:00,6813.55,STOP,-815.06,-1255.14
bb,EICHERMOT,2025-11-10,SHORT,2025-11-10T14:00:00,6827.50,6841.84,6805.98,43,14.34,2025-11-10T14:10:00,6841.84,STOP,-616.83,-1057.67
bb,EICHERMOT,2025-11-11,LONG,2025-11-11T13:10:00,6828.50,6811.54,6853.94,43,16.96,2025-11-11T13:40:00,6853.94,TARGET,1093.75,652.49
bb,EICHERMOT,2025-11-17,LONG,2025-11-17T10:20:00,6737.50,6718.17,6766.49,44,19.33,2025-11-17T11:10:00,6766.49,TARGET,1275.77,830.14
bb,EICHERMOT,2025-11-18,SHORT,2025-11-18T10:40:00,6761.50,6777.85,6736.97,44,16.35,2025-11-18T11:00:00,6777.85,STOP,-719.57,-1166.36
bb,EICHERMOT,2025-11-19,SHORT,2025-11-19T11:50:00,6808.50,6822.93,6786.85,44,14.43,2025-11-19T12:10:00,6822.93,STOP,-635.12,-1084.95
bb,EICHERMOT,2025-11-26,LONG,2025-11-26T10:10:00,7251.00,7230.19,7282.22,41,20.81,2025-11-26T10:20:00,7230.19,STOP,-853.36,-1298.66
bb,EICHERMOT,2025-11-28,LONG,2025-11-28T11:50:00,7048.50,7028.65,7078.27,42,19.85,2025-11-28T12:30:00,7028.65,STOP,-833.53,-1276.96
bb,EICHERMOT,2025-12-02,SHORT,2025-12-02T11:00:00,7123.00,7152.51,7078.74,42,29.51,2025-12-02T11:10:00,7144.50,REVERSE,-903.00,-1352.43
bb,EICHERMOT,2025-12-04,SHORT,2025-12-04T12:10:00,7079.00,7096.34,7053.00,42,17.34,2025-12-04T12:30:00,7096.34,STOP,-728.12,-1174.65
bb,EICHERMOT,2025-12-08,SHORT,2025-12-08T13:10:00,7152.50,7168.31,7128.78,41,15.81,2025-12-08T13:20:00,7128.78,TARGET,972.49,533.34
bb,EICHERMOT,2025-12-09,LONG,2025-12-09T12:00:00,7160.00,7138.27,7192.59,41,21.73,2025-12-09T12:40:00,7192.59,TARGET,1336.12,894.78
bb,EICHERMOT,2025-12-11,SHORT,2025-12-11T14:10:00,7249.50,7266.00,7224.75,41,16.50,2025-12-11T14:20:00,7266.00,STOP,-676.52,-1122.87
bb,EICHERMOT,2025-12-18,LONG,2025-12-18T13:30:00,7104.00,7089.14,7126.29,42,14.86,2025-12-18T13:50:00,7089.14,STOP,-624.20,-1071.28
bb,EICHERMOT,2025-12-26,SHORT,2025-12-26T11:30:00,7295.50,7310.53,7272.95,41,15.03,2025-12-26T11:50:00,7310.53,STOP,-616.40,-1065.54
bb,EICHERMOT,2025-12-29,SHORT,2025-12-29T10:30:00,7310.00,7329.69,7280.47,41,19.69,2025-12-29T11:10:00,7280.47,TARGET,1210.83,762.17
bb,EICHERMOT,2025-12-30,LONG,2025-12-30T10:50:00,7299.00,7273.73,7336.90,41,25.27,2025-12-30T10:50:00,7273.73,STOP,-1036.02,-1484.13
bb,EICHERMOT,2026-01-07,LONG,2026-01-07T10:40:00,7535.00,7516.73,7562.41,39,18.27,2026-01-07T11:00:00,7562.41,TARGET,1069.08,627.48
bb,EICHERMOT,2026-01-09,SHORT,2026-01-09T12:40:00,7521.00,7539.34,7493.50,39,18.34,2026-01-09T14:30:00,7509.50,TIME_STOP,448.50,8.86
bb,EICHERMOT,2026-01-13,SHORT,2026-01-13T12:50:00,7403.50,7426.25,7369.37,40,22.75,2026-01-13T14:00:00,7369.37,TARGET,1365.22,922.03
bb,EICHERMOT,2026-01-19,LONG,2026-01-19T13:00:00,7324.00,7307.42,7348.87,40,16.58,2026-01-19T14:40:00,7348.87,TARGET,994.87,554.68
bb,EICHERMOT,2026-01-20,SHORT,2026-01-20T10:10:00,7312.00,7333.35,7279.98,41,21.35,2026-01-20T10:40:00,7333.35,STOP,-875.16,-1325.51
bb,EICHERMOT,2026-01-22,SHORT,2026-01-22T11:50:00,7113.00,7144.64,7065.55,42,31.64,2026-01-22T13:40:00,7065.55,TARGET,1993.06,1546.43
bb,EICHERMOT,2026-01-27,LONG,2026-01-27T11:30:00,7036.50,7008.33,7078.75,42,28.17,2026-01-27T11:50:00,7078.75,TARGET,1774.49,1329.86
bb,EICHERMOT,2026-01-28,SHORT,2026-01-28T10:00:00,6964.50,6997.84,6914.49,43,33.34,2026-01-28T10:10:00,6914.49,TARGET,2150.53,1702.93
bb,EICHERMOT,2026-01-29,SHORT,2026-01-29T12:20:00,7019.00,7047.43,6976.35,42,28.43,2026-01-29T12:30:00,7035.50,REVERSE,-693.00,-1135.72
bb,EICHERMOT,2026-01-30,SHORT,2026-01-30T10:10:00,7015.00,7040.97,6976.05,42,25.97,2026-01-30T10:30:00,7040.97,STOP,-1090.58,-1533.35
bb,EICHERMOT,2026-02-16,SHORT,2026-02-16T11:30:00,8032.50,8053.07,8001.65,37,20.57,2026-02-16T11:30:00,8001.65,TARGET,1141.47,696.53
bb,EICHERMOT,2026-02-18,LONG,2026-02-18T14:00:00,7990.00,7977.82,8008.27,37,12.18,2026-02-18T15:00:00,8008.27,TARGET,675.89,231.94
bb,EICHERMOT,2026-02-19,SHORT,2026-02-19T11:40:00,7988.00,8014.02,7948.98,37,26.02,2026-02-19T12:40:00,7948.98,TARGET,1443.87,1001.62
bb,EICHERMOT,2026-02-20,LONG,2026-02-20T11:40:00,7958.50,7935.84,7992.50,37,22.66,2026-02-20T12:10:00,7935.84,STOP,-838.60,-1279.67
bb,EICHERMOT,2026-02-24,SHORT,2026-02-24T10:20:00,7988.50,8014.46,7949.55,37,25.96,2026-02-24T11:20:00,7949.55,TARGET,1441.02,998.74
bb,EICHERMOT,2026-02-27,SHORT,2026-02-27T10:40:00,8077.00,8105.21,8034.68,37,28.21,2026-02-27T11:50:00,8105.21,STOP,-1043.86,-1492.91
bb,EICHERMOT,2026-03-06,SHORT,2026-03-06T10:10:00,7633.00,7661.75,7589.87,39,28.75,2026-03-06T10:10:00,7647.00,REVERSE,-546.00,-992.94
bb,EICHERMOT,2026-03-11,SHORT,2026-03-11T11:10:00,7466.50,7497.99,7419.27,40,31.49,2026-03-11T11:10:00,7419.27,TARGET,1889.17,1442.60
bb,TITAN,2024-03-19,LONG,2024-03-19T12:20:00,3584.45,3575.25,3598.25,83,9.20,2024-03-19T12:40:00,3575.25,STOP,-763.67,-1209.37
bb,TITAN,2024-03-20,LONG,2024-03-20T13:20:00,3582.60,3573.95,3595.58,83,8.65,2024-03-20T13:40:00,3573.95,STOP,-718.10,-1163.60
bb,TITAN,2024-03-26,SHORT,2024-03-26T13:50:00,3693.25,3702.99,3678.64,81,9.74,2024-03-26T14:20:00,3702.99,STOP,-788.81,-1238.13
bb,TITAN,2024-04-01,SHORT,2024-04-01T10:50:00,3776.40,3793.60,3750.60,79,17.20,2024-04-01T12:20:00,3750.60,TARGET,2038.41,1592.43
bb,TITAN,2024-04-02,LONG,2024-04-02T10:00:00,3769.00,3757.40,3786.39,79,11.60,2024-04-02T10:40:00,3757.40,STOP,-916.02,-1361.96
bb,TITAN,2024-04-04,LONG,2024-04-04T12:50:00,3734.75,3719.75,3757.25,80,15.00,2024-04-04T13:20:00,3757.25,TARGET,1799.72,1350.20
bb,TITAN,2024-04-05,SHORT,2024-04-05T12:10:00,3751.00,3763.97,3731.54,79,12.97,2024-04-05T12:20:00,3763.97,STOP,-1024.67,-1469.93
bb,TITAN,2024-04-10,LONG,2024-04-10T11:50:00,3707.80,3698.50,3721.74,80,9.30,2024-04-10T13:40:00,3707.30,TIME_STOP,-40.00,-484.91
bb,TITAN,2024-04-18,LONG,2024-04-18T10:10:00,3633.00,3618.85,3654.23,82,14.15,2024-04-18T10:10:00,3618.85,STOP,-1160.38,-1606.37
bb,TITAN,2024-04-19,LONG,2024-04-19T13:50:00,3544.80,3531.60,3564.59,84,13.20,2024-04-19T14:00:00,3564.59,TARGET,1662.58,1214.68
bb,TITAN,2024-04-26,LONG,2024-04-26T10:10:00,3579.80,3566.90,3599.15,83,12.90,2024-04-26T10:10:00,3571.75,REVERSE,-668.15,-1113.33
bb,TITAN,2024-05-08,SHORT,2024-05-08T10:40:00,3244.05,3257.68,3223.61,92,13.63,2024-05-08T11:20:00,3257.68,STOP,-1253.57,-1702.19
bb,TITAN,2024-05-09,SHORT,2024-05-09T13:00:00,3255.00,3266.58,3237.63,92,11.58,2024-05-09T13:40:00,3266.58,STOP,-1065.39,-1515.38
bb,TITAN,2024-05-13,LONG,2024-05-13T12:20:00,3261.95,3249.23,3281.03,91,12.72,2024-05-13T13:30:00,3249.23,STOP,-1157.72,-1602.11
bb,TITAN,2024-05-15,SHORT,2024-05-15T10:20:00,3276.80,3286.43,3262.36,91,9.63,2024-05-15T11:30:00,3262.36,TARGET,1313.99,867.69
bb,TITAN,2024-05-16,LONG,2024-05-16T12:30:00,3282.95,3272.58,3298.50,91,10.37,2024-05-16T12:30:00,3272.58,STOP,-943.48,-1390.89
bb,TITAN,2024-05-24,SHORT,2024-05-24T10:50:00,3426.25,3436.72,3410.54,87,10.47,2024-05-24T10:50:00,3433.95,REVERSE,-669.90,-1117.53
bb,TITAN,2024-05-27,LONG,2024-05-27T12:10:00,3432.50,3421.86,3448.46,87,10.64,2024-05-27T13:00:00,3421.86,STOP,-925.63,-1372.88
bb,TITAN,2024-05-29,LONG,2024-05-29T12:50:00,3406.95,3401.41,3415.25,88,5.54,2024-05-29T12:50:00,3415.25,TARGET,730.78,280.51
bb,TITAN,2024-05-31,LONG,2024-05-31T10:10:00,3308.10,3296.50,3325.51,90,11.60,2024-05-31T10:20:00,3325.51,TARGET,1566.61,1118.84
bb,TITAN,2024-06-06,SHORT,2024-06-06T13:10:00,3305.50,3320.86,3282.47,90,15.36,2024-06-06T13:40:00,3320.86,STOP,-1382.08,-1829.36
bb,TITAN,2024-06-24,LONG,2024-06-24T12:10:00,3412.50,3402.53,3427.46,87,9.97,2024-06-24T12:30:00,3427.46,TARGET,1301.12,854.81
bb,TITAN,2024-07-02,SHORT,2024-07-02T10:30:00,3410.35,3418.38,3398.30,87,8.03,2024-07-02T10:40:00,3418.38,STOP,-698.89,-1144.47
bb,TITAN,2024-07-12,SHORT,2024-07-12T13:10:00,3246.75,3255.18,3234.10,92,8.43,2024-07-12T15:00:00,3234.10,TARGET,1163.96,716.78
bb,TITAN,2024-07-18,LONG,2024-07-18T10:20:00,3248.00,3238.84,3261.74,92,9.16,2024-07-18T10:50:00,3238.84,STOP,-842.57,-1290.16
bb,TITAN,2024-07-22,LONG,2024-07-22T11:50:00,3269.55,3259.16,3285.14,91,10.39,2024-07-22T12:40:00,3259.16,STOP,-945.78,-1391.37
bb,TITAN,2024-07-23,LONG,2024-07-23T12:20:00,3378.05,3360.68,3404.11,88,17.37,2024-07-23T12:20:00,3360.68,STOP,-1528.90,-1973.65
bb,TITAN,2024-07-26,LONG,2024-07-26T10:40:00,3417.10,3406.49,3433.01,87,10.61,2024-07-26T10:50:00,3433.01,TARGET,1383.98,937.01
bb,TITAN,2024-07-31,SHORT,2024-07-31T12:50:00,3449.70,3462.55,3430.42,86,12.85,2024-07-31T13:10:00,3462.55,STOP,-1105.41,-1551.25
bb,TITAN,2024-08-01,SHORT,2024-08-01T12:20:00,3458.30,3467.98,3443.77,86,9.68,2024-08-01T13:00:00,3443.77,TARGET,1249.20,804.01
bb,TITAN,2024-08-09,LONG,2024-08-09T10:00:00,3326.85,3312.70,3348.08,90,14.15,2024-08-09T11:00:00,3312.70,STOP,-1273.63,-1721.80
bb,TITAN,2024-08-12,SHORT,2024-08-12T10:10:00,3301.30,3311.14,3286.54,90,9.84,2024-08-12T10:20:00,3311.14,STOP,-885.38,-1331.72
bb,TITAN,2024-08-13,LONG,2024-08-13T10:40:00,3337.65,3327.42,3352.99,89,10.23,2024-08-13T11:00:00,3352.99,TARGET,1365.47,918.87
bb,TITAN,2024-08-27,SHORT,2024-08-27T10:50:00,3604.10,3616.84,3584.99,83,12.74,2024-08-27T12:40:00,3592.00,TIME_STOP,1004.30,556.34
bb,TITAN,2024-08-29,LONG,2024-08-29T13:00:00,3548.80,3538.92,3563.62,84,9.88,2024-08-29T13:40:00,3538.92,STOP,-829.86,-1276.39
bb,TITAN,2024-09-03,SHORT,2024-09-03T10:00:00,3567.00,3575.94,3553.59,84,8.94,2024-09-03T10:30:00,3575.94,STOP,-750.97,-1200.97
bb,TITAN,2024-09-04,LONG,2024-09-04T13:30:00,3603.05,3594.97,3615.17,83,8.08,2024-09-04T15:20:00,3606.35,TIME_STOP,273.90,-174.89
bb,TITAN,2024-09-06,SHORT,2024-09-06T10:30:00,3684.00,3698.97,3661.55,81,14.97,2024-09-06T12:00:00,3698.97,STOP,-1212.44,-1660.96
bb,TITAN,2024-09-09,LONG,2024-09-09T10:00:00,3713.25,3697.26,3737.24,80,15.99,2024-09-09T10:10:00,3697.26,STOP,-1279.46,-1724.09
bb,TITAN,2024-09-10,SHORT,2024-09-10T10:20:00,3673.30,3684.90,3655.90,81,11.60,2024-09-10T10:20:00,3684.80,REVERSE,-931.50,-1378.50
bb,TITAN,2024-09-11,SHORT,2024-09-11T13:40:00,3722.90,3731.04,3710.69,80,8.14,2024-09-11T14:00:00,3710.69,TARGET,977.07,531.05
bb,TITAN,2024-09-12,LONG,2024-09-12T10:10:00,3748.70,3735.83,3768.01,80,12.87,2024-09-12T11:50:00,3735.83,STOP,-1029.96,-1479.03
bb,TITAN,2024-09-16,SHORT,2024-09-16T11:40:00,3753.70,3764.43,3737.61,79,10.73,2024-09-16T13:30:00,3748.80,TIME_STOP,387.10,-57.42
bb,TITAN,2024-09-17,LONG,2024-09-17T11:50:00,3748.95,3740.70,3761.32,80,8.25,2024-09-17T12:30:00,3761.32,TARGET,989.66,539.04
bb,TITAN,2024-09-18,SHORT,2024-09-18T11:50:00,3752.65,3760.92,3740.24,79,8.27,2024-09-18T12:00:00,3760.92,STOP,-653.62,-1098.80
bb,TITAN,2024-09-20,LONG,2024-09-20T10:10:00,3785.00,3770.10,3807.35,79,14.90,2024-09-20T10:20:00,3770.10,STOP,-1177.30,-1624.94
bb,TITAN,2024-09-30,SHORT,2024-09-30T13:50:00,3819.95,3829.10,3806.23,78,9.15,2024-09-30T14:00:00,3829.10,STOP,-713.47,-1160.94
bb,TITAN,2024-10-04,LONG,2024-10-04T11:00:00,3725.90,3703.69,3759.21,80,22.21,2024-10-04T12:40:00,3703.69,STOP,-1776.44,-2222.22
bb,TITAN,2024-10-11,LONG,2024-10-11T10:10:00,3475.05,3462.69,3493.59,86,12.36,2024-10-11T10:50:00,3462.69,STOP,-1062.75,-1510.23
bb,TITAN,2024-10-15,SHORT,2024-10-15T10:30:00,3494.20,3504.17,3479.24,85,9.97,2024-10-15T10:30:00,3479.24,TARGET,1271.49,826.93
bb,TITAN,2024-10-16,SHORT,2024-10-16T10:10:00,3485.20,3494.39,3471.41,86,9.19,2024-10-16T10:30:00,3471.41,TARGET,1185.72,737.01
bb,TITAN,2024-10-22,SHORT,2024-10-22T10:20:00,3347.10,3364.62,3320.82,89,17.52,2024-10-22T12:10:00,3339.00,TIME_STOP,720.90,274.60
bb,TITAN,2024-10-24,LONG,2024-10-24T10:50:00,3319.50,3307.97,3336.79,90,11.53,2024-10-24T12:40:00,3318.60,TIME_STOP,-81.00,-529.07
bb,TITAN,2024-11-05,SHORT,2024-11-05T11:40:00,3210.35,3224.48,3189.15,93,14.13,2024-11-05T13:20:00,3189.15,TARGET,1971.70,1525.33
bb,TITAN,2024-11-06,LONG,2024-11-06T13:20:00,3187.40,3171.62,3211.08,94,15.78,2024-11-06T14:50:00,3171.62,STOP,-1483.67,-1931.98
bb,TITAN,2024-11-08,LONG,2024-11-08T10:10:00,3142.50,3131.64,3158.79,95,10.86,2024-11-08T11:40:00,3131.64,STOP,-1031.58,-1478.62
bb,TITAN,2024-11-11,SHORT,2024-11-11T14:10:00,3185.40,3195.61,3170.08,94,10.21,2024-11-11T14:30:00,3195.61,STOP,-960.01,-1409.87
bb,TITAN,2024-11-12,SHORT,2024-11-12T12:30:00,3205.15,3214.84,3190.62,93,9.69,2024-11-12T14:20:00,3203.35,TIME_STOP,167.40,-279.59
bb,TITAN,2024-11-27,LONG,2024-11-27T14:00:00,3308.25,3299.64,3321.16,90,8.61,2024-11-27T14:00:00,3299.64,STOP,-774.52,-1220.55
bb,TITAN,2024-11-29,LONG,2024-11-29T10:50:00,3242.00,3228.82,3261.77,92,13.18,2024-11-29T12:40:00,3249.80,TIME_STOP,717.60,269.67
bb,TITAN,2024-12-09,SHORT,2024-12-09T10:20:00,3453.90,3465.54,3436.45,86,11.64,2024-12-09T10:20:00,3465.54,STOP,-1000.62,-1446.92
bb,TITAN,2024-12-10,SHORT,2024-12-10T14:00:00,3480.15,3487.88,3468.56,86,7.73,2024-12-10T14:40:00,3468.56,TARGET,997.16,548.96
bb,TITAN,2024-12-13,LONG,2024-12-13T12:40:00,3459.85,3445.65,3481.15,86,14.20,2024-12-13T13:10:00,3481.15,TARGET,1832.21,1384.51
bb,TITAN,2024-12-16,SHORT,2024-12-16T11:00:00,3458.20,3470.04,3440.43,86,11.84,2024-12-16T12:00:00,3440.43,TARGET,1527.98,1083.02
bb,TITAN,2024-12-18,LONG,2024-12-18T12:30:00,3412.45,3403.71,3425.55,87,8.74,2024-12-18T12:40:00,3403.71,STOP,-759.98,-1204.73
bb,TITAN,2024-12-23,LONG,2024-12-23T11:10:00,3393.20,3379.90,3413.15,88,13.30,2024-12-23T13:00:00,3399.20,TIME_STOP,528.00,79.70
bb,TITAN,2024-12-24,SHORT,2024-12-24T12:00:00,3388.60,3398.57,3373.65,88,9.97,2024-12-24T12:20:00,3373.65,TARGET,1315.69,869.38
bb,TITAN,2024-12-27,LONG,2024-12-27T11:10:00,3338.00,3329.47,3350.80,89,8.53,2024-12-27T12:10:00,3329.47,STOP,-759.30,-1204.35
bb,TITAN,2024-12-31,LONG,2024-12-31T14:10:00,3270.60,3261.73,3283.91,91,8.87,2024-12-31T14:20:00,3261.73,STOP,-807.57,-1253.40
bb,TITAN,2025-01-01,LONG,2025-01-01T11:30:00,3267.95,3258.90,3281.53,91,9.05,2025-01-01T11:30:00,3258.90,STOP,-823.92,-1269.37
bb,TITAN,2025-01-07,SHORT,2025-01-07T13:30:00,3502.40,3515.22,3483.17,85,12.82,2025-01-07T14:10:00,3515.22,STOP,-1089.60,-1536.97
bb,TITAN,2025-01-16,SHORT,2025-01-16T10:20:00,3300.95,3312.46,3283.68,90,11.51,2025-01-16T10:30:00,3283.68,TARGET,1554.33,1109.87
bb,TITAN,2025-01-23,LONG,2025-01-23T10:30:00,3382.60,3369.97,3401.55,88,12.63,2025-01-23T10:50:00,3401.55,TARGET,1667.54,1219.78
bb,TITAN,2025-01-24,SHORT,2025-01-24T10:10:00,3382.00,3394.23,3363.65,88,12.23,2025-01-24T10:10:00,3394.23,STOP,-1076.44,-1523.67
bb,TITAN,2025-01-28,LONG,2025-01-28T12:20:00,3348.65,3334.97,3369.17,89,13.68,2025-01-28T12:40:00,3334.97,STOP,-1217.25,-1663.39
bb,TITAN,2025-02-01,LONG,2025-02-01T12:30:00,3570.40,3543.26,3611.11,84,27.14,2025-02-01T12:30:00,3543.26,STOP,-2279.80,-2727.96
bb,TITAN,2025-02-03,SHORT,2025-02-03T14:00:00,3564.85,3582.52,3538.34,84,17.67,2025-02-03T14:10:00,3582.52,STOP,-1484.30,-1934.58
bb,TITAN,2025-02-04,SHORT,2025-02-04T10:20:00,3551.85,3572.56,3520.78,84,20.71,2025-02-04T12:10:00,3531.50,TIME_STOP,1709.40,1263.15
bb,TITAN,2025-02-05,SHORT,2025-02-05T10:00:00,3501.55,3532.07,3455.78,81,30.52,2025-02-05T11:50:00,3494.30,TIME_STOP,587.25,162.25
bb,TITAN,2025-02-11,LONG,2025-02-11T12:20:00,3342.80,3330.44,3361.34,89,12.36,2025-02-11T13:00:00,3330.44,STOP,-1100.24,-1545.67
bb,TITAN,2025-02-12,LONG,2025-02-12T12:10:00,3307.20,3288.87,3334.69,90,18.33,2025-02-12T12:20:00,3288.87,STOP,-1649.35,-2094.58
bb,TITAN,2025-02-18,SHORT,2025-02-18T10:30:00,3200.30,3212.88,3181.44,93,12.58,2025-02-18T10:40:00,3212.88,STOP,-1169.62,-1616.94
bb,TITAN,2025-02-19,SHORT,2025-02-19T12:20:00,3220.25,3229.06,3207.03,93,8.81,2025-02-19T13:40:00,3207.03,TARGET,1229.47,781.16
bb,TITAN,2025-02-24,LONG,2025-02-24T12:00:00,3185.60,3177.28,3198.08,94,8.32,2025-02-24T12:00:00,3177.28,STOP,-782.10,-1230.68
bb,TITAN,2025-02-25,LONG,2025-02-25T10:20:00,3180.70,3171.04,3195.19,94,9.66,2025-02-25T11:00:00,3195.19,TARGET,1361.81,912.31
bb,TITAN,2025-02-27,SHORT,2025-02-27T10:10:00,3179.15,3189.72,3163.30,94,10.57,2025-02-27T10:30:00,3189.72,STOP,-993.48,-1442.49
bb,TITAN,2025-03-06,LONG,2025-03-06T12:30:00,3081.75,3071.56,3097.03,97,10.19,2025-03-06T12:40:00,3075.50,REVERSE,-606.25,-1054.19
bb,TITAN,2025-03-13,SHORT,2025-03-13T12:10:00,3017.25,3028.14,3000.91,99,10.89,2025-03-13T13:20:00,3000.91,TARGET,1617.30,1170.46
bb,TITAN,2025-03-17,LONG,2025-03-17T10:00:00,3018.90,3008.61,3034.33,99,10.29,2025-03-17T10:20:00,3008.61,STOP,-1018.28,-1465.82
bb,TITAN,2025-03-21,SHORT,2025-03-21T13:20:00,3171.05,3178.10,3160.47,94,7.05,2025-03-21T13:50:00,3160.47,TARGET,994.31,547.94
bb,TITAN,2025-03-27,SHORT,2025-03-27T13:40:00,3072.00,3078.97,3061.54,97,6.97,2025-03-27T13:50:00,3074.60,REVERSE,-252.20,-699.37
bb,TITAN,2025-03-28,SHORT,2025-03-28T12:40:00,3068.75,3078.15,3054.66,97,9.40,2025-03-28T12:50:00,3078.15,STOP,-911.43,-1358.61
bb,TITAN,2025-04-02,LONG,2025-04-02T11:10:00,3017.95,3008.07,3032.77,99,9.88,2025-04-02T11:10:00,3032.77,TARGET,1467.65,1018.39
bb,TITAN,2025-04-04,SHORT,2025-04-04T13:10:00,3068.50,3078.11,3054.08,97,9.61,2025-04-04T14:20:00,3054.08,TARGET,1398.36,952.94
bb,TITAN,2025-04-09,LONG,2025-04-09T10:40:00,3134.00,3118.10,3157.85,95,15.90,2025-04-09T11:40:00,3157.85,TARGET,2265.63,1817.34
bb,TITAN,2025-04-16,SHORT,2025-04-16T10:50:00,3257.70,3266.10,3245.10,92,8.40,2025-04-16T12:30:00,3266.10,STOP,-772.92,-1223.06
bb,TITAN,2025-04-17,LONG,2025-04-17T10:50:00,3269.80,3256.91,3289.13,91,12.89,2025-04-17T11:00:00,3256.91,STOP,-1172.71,-1618.16
bb,TITAN,2025-04-22,SHORT,2025-04-22T10:30:00,3323.80,3334.92,3307.12,90,11.12,2025-04-22T10:30:00,3334.92,STOP,-1000.78,-1450.24
bb,TITAN,2025-04-23,SHORT,2025-04-23T11:00:00,3319.30,3330.23,3302.91,90,10.93,2025-04-23T11:10:00,3330.23,STOP,-983.37,-1432.22
bb,TITAN,2025-04-25,SHORT,2025-04-25T10:40:00,3349.00,3362.25,3329.12,89,13.25,2025-04-25T11:10:00,3329.12,TARGET,1769.16,1323.40
bb,TITAN,2025-04-29,SHORT,2025-04-29T10:50:00,3358.20,3368.84,3342.24,89,10.64,2025-04-29T11:00:00,3368.84,STOP,-947.24,-1396.27
bb,TITAN,2025-05-07,LONG,2025-05-07T10:20:00,3307.50,3293.34,3328.74,90,14.16,2025-05-07T11:00:00,3328.74,TARGET,1911.43,1463.48
bb,TITAN,2025-05-15,LONG,2025-05-15T11:10:00,3606.30,3593.24,3625.89,83,13.06,2025-05-15T11:10:00,3593.24,STOP,-1084.03,-1532.20
bb,TITAN,2025-05-19,SHORT,2025-05-19T12:00:00,3631.00,3638.57,3619.64,82,7.57,2025-05-19T13:50:00,3629.00,TIME_STOP,164.00,-282.49
bb,TITAN,2025-05-26,SHORT,2025-05-26T13:30:00,3594.30,3605.05,3578.17,83,10.75,2025-05-26T13:30:00,3605.05,STOP,-892.28,-1340.44
bb,TITAN,2025-05-27,LONG,2025-05-27T11:40:00,3629.20,3612.87,3653.69,82,16.33,2025-05-27T11:40:00,3612.87,STOP,-1338.69,-1784.08
bb,TITAN,2025-05-28,LONG,2025-05-28T13:30:00,3578.40,3569.82,3591.27,83,8.58,2025-05-28T13:50:00,3591.27,TARGET,1068.01,621.70
bb,TITAN,2025-05-30,SHORT,2025-05-30T11:20:00,3571.00,3580.19,3557.21,84,9.19,2025-05-30T13:10:00,3573.00,TIME_STOP,-168.00,-618.07
bb,TITAN,2025-06-03,SHORT,2025-06-03T13:10:00,3520.50,3536.02,3497.22,85,15.52,2025-06-03T15:00:00,3518.40,TIME_STOP,178.50,-270.23
bb,TITAN,2025-06-05,SHORT,2025-06-05T13:40:00,3493.40,3503.61,3478.08,85,10.21,2025-06-05T14:40:00,3503.61,STOP,-868.06,-1314.12
bb,TITAN,2025-06-11,LONG,2025-06-11T12:20:00,3532.80,3525.83,3543.25,84,6.97,2025-06-11T12:40:00,3525.83,STOP,-585.40,-1030.09
bb,TITAN,2025-06-12,SHORT,2025-06-12T10:50:00,3514.10,3524.27,3498.84,85,10.17,2025-06-12T11:20:00,3498.84,TARGET,1296.97,849.90
bb,TITAN,2025-06-16,LONG,2025-06-16T12:40:00,3435.20,3426.50,3448.25,87,8.70,2025-06-16T13:00:00,3426.50,STOP,-756.75,-1204.48
bb,TITAN,2025-06-18,SHORT,2025-06-18T11:40:00,3402.00,3410.52,3389.21,88,8.52,2025-06-18T11:50:00,3410.52,STOP,-750.08,-1199.71
bb,TITAN,2025-06-23,LONG,2025-06-23T13:30:00,3524.90,3515.96,3538.32,85,8.94,2025-06-23T14:00:00,3515.96,STOP,-760.30,-1209.15
bb,TITAN,2025-06-24,SHORT,2025-06-24T13:50:00,3516.50,3530.04,3496.19,85,13.54,2025-06-24T14:40:00,3530.04,STOP,-1151.16,-1600.38
bb,TITAN,2025-06-27,SHORT,2025-06-27T11:40:00,3668.30,3677.62,3654.32,81,9.32,2025-06-27T12:40:00,3677.62,STOP,-754.70,-1200.96
bb,TITAN,2025-07-02,SHORT,2025-07-02T10:20:00,3693.40,3699.92,3683.62,81,6.52,2025-07-02T10:30:00,3699.92,STOP,-528.39,-977.53
bb,TITAN,2025-07-03,LONG,2025-07-03T10:20:00,3708.40,3700.53,3720.20,80,7.87,2025-07-03T11:10:00,3700.53,STOP,-629.25,-1073.79
bb,TITAN,2025-07-04,LONG,2025-07-04T13:40:00,3673.70,3665.65,3685.77,81,8.05,2025-07-04T14:40:00,3685.77,TARGET,977.86,530.77
bb,TITAN,2025-07-07,SHORT,2025-07-07T10:50:00,3667.00,3675.96,3653.57,81,8.96,2025-07-07T12:40:00,3653.57,TARGET,1088.12,643.39
bb,TITAN,2025-07-14,LONG,2025-07-14T12:10:00,3387.30,3378.80,3400.05,88,8.50,2025-07-14T12:30:00,3378.80,STOP,-747.91,-1194.47
bb,TITAN,2025-07-21,LONG,2025-07-21T12:40:00,3405.70,3398.89,3415.91,88,6.81,2025-07-21T13:00:00,3415.91,TARGET,898.63,448.40
bb,TITAN,2025-07-23,LONG,2025-07-23T11:30:00,3471.80,3463.64,3484.04,86,8.16,2025-07-23T13:20:00,3475.80,TIME_STOP,344.00,-104.12
bb,TITAN,2025-07-25,LONG,2025-07-25T11:30:00,3471.50,3464.69,3481.71,86,6.81,2025-07-25T12:00:00,3464.69,STOP,-585.32,-1032.70
bb,TITAN,2025-07-30,SHORT,2025-07-30T10:00:00,3363.80,3371.62,3352.06,89,7.82,2025-07-30T11:20:00,3371.62,STOP,-696.29,-1145.88
bb,TITAN,2025-07-31,LONG,2025-07-31T13:50:00,3358.60,3350.65,3370.52,89,7.95,2025-07-31T15:00:00,3350.65,STOP,-707.11,-1154.95
bb,TITAN,2025-08-04,LONG,2025-08-04T13:20:00,3350.90,3343.85,3361.47,89,7.05,2025-08-04T14:20:00,3361.47,TARGET,940.64,492.59
bb,TITAN,2025-08-11,LONG,2025-08-11T11:50:00,3460.00,3448.37,3477.44,86,11.63,2025-08-11T13:30:00,3477.44,TARGET,1499.97,1052.51
bb,TITAN,2025-08-14,LONG,2025-08-14T12:20:00,3483.00,3475.62,3494.07,86,7.38,2025-08-14T13:00:00,3494.07,TARGET,951.88,501.86
bb,TITAN,2025-08-26,SHORT,2025-08-26T11:50:00,3615.30,3623.59,3602.87,82,8.29,2025-08-26T12:20:00,3623.59,STOP,-679.66,-1124.85
bb,TITAN,2025-08-28,LONG,2025-08-28T11:20:00,3633.20,3623.72,3647.42,82,9.48,2025-08-28T11:20:00,3647.42,TARGET,1165.73,717.97
bb,TITAN,2025-09-01,SHORT,2025-09-01T13:10:00,3621.40,3627.73,3611.90,82,6.33,2025-09-01T13:20:00,3627.73,STOP,-519.12,-964.94
bb,TITAN,2025-09-03,LONG,2025-09-03T10:10:00,3639.00,3631.06,3650.90,82,7.94,2025-09-03T10:10:00,3631.06,STOP,-650.71,-1097.82
bb,TITAN,2025-09-05,LONG,2025-09-05T10:20:00,3691.90,3682.59,3705.87,81,9.31,2025-09-05T11:30:00,3686.80,REVERSE,-413.10,-861.36
bb,TITAN,2025-09-08,LONG,2025-09-08T11:20:00,3675.00,3666.43,3687.85,81,8.57,2025-09-08T11:40:00,3666.43,STOP,-694.08,-1140.07
bb,TITAN,2025-09-12,LONG,2025-09-12T12:00:00,3592.50,3585.42,3603.12,83,7.08,2025-09-12T12:10:00,3585.42,STOP,-587.42,-1034.25
bb,TITAN,2025-09-16,LONG,2025-09-16T13:00:00,3543.10,3536.50,3553.00,84,6.60,2025-09-16T13:10:00,3536.50,STOP,-554.54,-1000.56
bb,TITAN,2025-09-17,SHORT,2025-09-17T10:40:00,3534.50,3543.88,3520.43,84,9.38,2025-09-17T11:30:00,3520.43,TARGET,1181.55,737.09
bb,TITAN,2025-09-23,LONG,2025-09-23T13:30:00,3443.00,3435.98,3453.53,87,7.02,2025-09-23T13:40:00,3453.53,TARGET,915.70,465.70
bb,TITAN,2025-09-29,LONG,2025-09-29T13:00:00,3382.00,3373.48,3394.78,88,8.52,2025-09-29T14:30:00,3394.78,TARGET,1124.95,677.68
bb,TITAN,2025-09-30,SHORT,2025-09-30T12:50:00,3390.40,3399.85,3376.23,88,9.45,2025-09-30T13:00:00,3376.23,TARGET,1247.33,800.73
bb,TITAN,2025-10-01,LONG,2025-10-01T12:00:00,3389.00,3379.51,3403.23,88,9.49,2025-10-01T12:50:00,3379.51,STOP,-834.83,-1281.56
bb,TITAN,2025-10-06,SHORT,2025-10-06T11:00:00,3406.60,3416.41,3391.89,88,9.81,2025-10-06T12:00:00,3416.41,STOP,-863.14,-1313.46
bb,TITAN,2025-10-09,SHORT,2025-10-09T11:00:00,3538.90,3549.27,3523.35,84,10.37,2025-10-09T12:50:00,3545.00,TIME_STOP,-512.40,-958.69
bb,TITAN,2025-10-10,SHORT,2025-10-10T13:40:00,3551.30,3558.90,3539.91,84,7.60,2025-10-10T13:50:00,3539.91,TARGET,957.10,510.35
bb,TITAN,2025-10-15,SHORT,2025-10-15T13:40:00,3529.00,3537.53,3516.20,85,8.53,2025-10-15T13:50:00,3537.53,STOP,-725.11,-1175.60
bb,TITAN,2025-10-21,LONG,2025-10-21T14:00:00,3742.80,3729.36,3762.96,80,13.44,2025-10-21T14:20:00,3729.36,STOP,-1075.19,-1523.52
bb,TITAN,2025-10-27,LONG,2025-10-27T10:20:00,3734.40,3726.28,3746.58,80,8.12,2025-10-27T10:20:00,3726.28,STOP,-649.45,-1097.09
bb,TITAN,2025-10-29,LONG,2025-10-29T11:00:00,3737.20,3726.67,3753.00,80,10.53,2025-10-29T12:50:00,3753.00,TARGET,1264.15,814.74
bb,TITAN,2025-10-30,LONG,2025-10-30T11:10:00,3759.60,3750.57,3773.15,79,9.03,2025-10-30T11:20:00,3773.15,TARGET,1070.14,623.83
bb,TITAN,2025-10-31,SHORT,2025-10-31T13:00:00,3753.30,3760.80,3742.05,79,7.50,2025-10-31T13:10:00,3760.80,STOP,-592.32,-1037.53
bb,TITAN,2025-11-03,LONG,2025-11-03T13:10:00,3736.00,3723.49,3754.77,80,12.51,2025-11-03T13:50:00,3754.77,TARGET,1501.60,1052.15
bb,TITAN,2025-11-06,SHORT,2025-11-06T10:30:00,3786.50,3801.42,3764.12,79,14.92,2025-11-06T12:20:00,3780.40,TIME_STOP,481.90,33.56
bb,TITAN,2025-11-07,LONG,2025-11-07T13:40:00,3780.20,3771.63,3793.05,79,8.57,2025-11-07T14:00:00,3771.63,STOP,-676.71,-1124.16
bb,TITAN,2025-11-11,SHORT,2025-11-11T10:10:00,3790.20,3797.94,3778.59,79,7.74,2025-11-11T10:20:00,3778.59,TARGET,916.83,468.38
bb,TITAN,2025-11-18,SHORT,2025-11-18T10:00:00,3847.40,3854.84,3836.24,77,7.44,2025-11-18T10:20:00,3854.84,STOP,-572.75,-1017.56
bb,TITAN,2025-11-20,SHORT,2025-11-20T13:10:00,3918.50,3925.03,3908.71,76,6.53,2025-11-20T13:10:00,3925.03,STOP,-496.18,-943.26
bb,TITAN,2025-11-24,LONG,2025-11-24T10:20:00,3933.50,3924.08,3947.63,76,9.42,2025-11-24T10:30:00,3924.08,STOP,-716.16,-1164.04
bb,TITAN,2025-11-25,LONG,2025-11-25T10:20:00,3906.00,3896.40,3920.40,76,9.60,2025-11-25T11:00:00,3896.40,STOP,-729.84,-1174.58
bb,TITAN,2025-11-26,LONG,2025-11-26T10:10:00,3894.70,3883.14,3912.03,77,11.56,2025-11-26T11:00:00,3912.03,TARGET,1334.69,883.85
bb,TITAN,2025-11-27,SHORT,2025-11-27T13:30:00,3894.20,3902.29,3882.07,77,8.09,2025-11-27T13:30:00,3902.29,STOP,-622.62,-1072.87
bb,TITAN,2025-11-28,SHORT,2025-11-28T13:00:00,3909.20,3916.67,3898.00,76,7.47,2025-11-28T14:50:00,3906.60,TIME_STOP,197.60,-247.90
bb,TITAN,2025-12-02,LONG,2025-12-02T11:40:00,3887.40,3878.87,3900.19,77,8.53,2025-12-02T13:30:00,3887.50,TIME_STOP,7.70,-441.30
bb,TITAN,2025-12-04,LONG,2025-12-04T11:40:00,3826.20,3817.08,3839.88,78,9.12,2025-12-04T12:10:00,3817.08,STOP,-711.26,-1158.39
bb,TITAN,2025-12-05,LONG,2025-12-05T10:10:00,3815.30,3806.16,3829.00,78,9.14,2025-12-05T12:00:00,3813.50,TIME_STOP,-140.40,-586.68
bb,TITAN,2025-12-09,LONG,2025-12-09T10:50:00,3809.00,3797.73,3825.91,78,11.27,2025-12-09T11:20:00,3825.91,TARGET,1318.84,872.19
bb,TITAN,2025-12-10,SHORT,2025-12-10T10:20:00,3838.80,3848.51,3824.23,78,9.71,2025-12-10T10:20:00,3839.40,REVERSE,-46.80,-495.97
bb,TITAN,2025-12-11,LONG,2025-12-11T12:50:00,3832.70,3823.31,3846.79,78,9.39,2025-12-11T14:20:00,3846.79,TARGET,1098.65,649.40
bb,TITAN,2025-12-17,SHORT,2025-12-17T11:50:00,3909.00,3917.13,3896.80,76,8.13,2025-12-17T12:20:00,3896.80,TARGET,926.95,482.02
bb,TITAN,2025-12-18,LONG,2025-12-18T11:00:00,3909.00,3901.19,3920.71,76,7.81,2025-12-18T11:10:00,3901.19,STOP,-593.20,-1038.38
bb,TITAN,2025-12-22,LONG,2025-12-22T10:00:00,3944.50,3936.78,3956.08,76,7.72,2025-12-22T11:00:00,3936.78,STOP,-586.79,-1036.02
bb,TITAN,2025-12-29,SHORT,2025-12-29T13:50:00,3998.50,4005.77,3987.59,75,7.27,2025-12-29T15:00:00,3987.59,TARGET,818.27,369.05
bb,TITAN,2025-12-30,LONG,2025-12-30T13:50:00,3991.40,3985.08,4000.87,75,6.32,2025-12-30T14:00:00,3985.08,STOP,-473.68,-922.35
bb,TITAN,2026-01-02,LONG,2026-01-02T11:30:00,4048.10,4036.63,4065.30,74,11.47,2026-01-02T13:20:00,4045.30,TIME_STOP,-207.20,-656.38
bb,TITAN,2026-01-09,SHORT,2026-01-09T10:10:00,4253.70,4267.25,4233.38,70,13.55,2026-01-09T10:30:00,4267.25,STOP,-948.45,-1395.80
bb,TITAN,2026-01-12,LONG,2026-01-12T14:00:00,4216.70,4204.70,4234.71,71,12.00,2026-01-12T14:20:00,4234.71,TARGET,1278.40,828.36
bb,TITAN,2026-01-14,LONG,2026-01-14T10:10:00,4238.00,4227.47,4253.79,70,10.53,2026-01-14T10:10:00,4227.47,STOP,-736.87,-1181.30
bb,TITAN,2026-01-21,LONG,2026-01-21T13:10:00,4093.00,4079.96,4112.56,73,13.04,2026-01-21T13:20:00,4079.96,STOP,-951.98,-1399.45
bb,TITAN,2026-01-22,SHORT,2026-01-22T11:20:00,4071.20,4083.63,4052.56,73,12.43,2026-01-22T11:40:00,4052.56,TARGET,1360.93,916.16
bb,TITAN,2026-01-23,LONG,2026-01-23T10:50:00,4046.00,4031.41,4067.89,74,14.59,2026-01-23T12:40:00,4056.00,TIME_STOP,740.00,290.34
bb,TITAN,2026-01-29,LONG,2026-01-29T13:50:00,3935.90,3922.36,3956.21,76,13.54,2026-01-29T15:20:00,3934.90,EOD,-76.00,-524.64
bb,TITAN,2026-02-02,SHORT,2026-02-02T10:00:00,3949.30,3965.76,3924.61,75,16.46,2026-02-02T10:00:00,3924.61,TARGET,1851.69,1408.78
bb,TITAN,2026-02-06,SHORT,2026-02-06T10:10:00,4071.70,4085.40,4051.15,73,13.70,2026-02-06T10:20:00,4085.40,STOP,-999.95,-1446.55
bb,TITAN,2026-02-11,SHORT,2026-02-11T11:40:00,4243.30,4269.23,4204.40,70,25.93,2026-02-11T13:30:00,4218.50,TIME_STOP,1736.00,1291.76
bb,TITAN,2026-02-12,LONG,2026-02-12T13:30:00,4268.90,4254.34,4290.73,70,14.56,2026-02-12T13:50:00,4254.34,STOP,-1018.95,-1466.42
bb,TITAN,2026-02-13,SHORT,2026-02-13T10:40:00,4244.00,4257.05,4224.42,70,13.05,2026-02-13T11:50:00,4224.42,TARGET,1370.44,925.85
bb,TITAN,2026-02-19,SHORT,2026-02-19T11:20:00,4235.80,4244.50,4222.75,70,8.70,2026-02-19T12:30:00,4244.50,STOP,-608.87,-1054.08
bb,TITAN,2026-02-20,LONG,2026-02-20T10:20:00,4235.00,4220.65,4256.53,70,14.35,2026-02-20T12:10:00,4241.80,TIME_STOP,476.00,30.97
bb,TITAN,2026-02-24,LONG,2026-02-24T11:10:00,4271.80,4262.64,4285.54,70,9.16,2026-02-24T11:30:00,4262.64,STOP,-641.21,-1089.26
bb,TITAN,2026-02-27,SHORT,2026-02-27T10:10:00,4318.10,4327.43,4304.11,69,9.33,2026-02-27T10:30:00,4327.43,STOP,-643.49,-1090.89
bb,TITAN,2026-03-04,LONG,2026-03-04T13:40:00,4197.90,4182.24,4221.39,71,15.66,2026-03-04T14:40:00,4221.39,TARGET,1667.73,1219.41
bb,TITAN,2026-03-11,SHORT,2026-03-11T10:50:00,4184.70,4198.35,4164.22,71,13.65,2026-03-11T11:30:00,4164.22,TARGET,1453.89,1009.31
bb,TITAN,2026-03-12,LONG,2026-03-12T12:40:00,4134.20,4118.19,4158.22,72,16.01,2026-03-12T13:20:00,4158.22,TARGET,1729.61,1281.82
bb,ASIANPAINT,2024-03-18,LONG,2024-03-18T13:50:00,2838.00,2829.77,2850.34,105,8.23,2024-03-18T15:20:00,2850.34,TARGET,1295.93,847.97
bb,ASIANPAINT,2024-03-20,LONG,2024-03-20T11:40:00,2819.60,2813.02,2829.47,106,6.58,2024-03-20T12:10:00,2813.02,STOP,-697.78,-1145.58
bb,ASIANPAINT,2024-03-22,LONG,2024-03-22T12:00:00,2829.95,2822.90,2840.53,106,7.05,2024-03-22T13:50:00,2833.05,TIME_STOP,328.60,-121.61
bb,ASIANPAINT,2024-03-26,SHORT,2024-03-26T10:10:00,2825.85,2834.72,2812.55,106,8.87,2024-03-26T11:40:00,2812.55,TARGET,1409.92,961.66
bb,ASIANPAINT,2024-03-27,LONG,2024-03-27T10:10:00,2828.60,2822.51,2837.73,106,6.09,2024-03-27T12:00:00,2828.45,TIME_STOP,-15.90,-465.64
bb,ASIANPAINT,2024-03-28,LONG,2024-03-28T10:20:00,2837.55,2831.26,2846.98,105,6.29,2024-03-28T10:30:00,2831.26,STOP,-660.35,-1106.76
bb,ASIANPAINT,2024-04-03,LONG,2024-04-03T12:50:00,2869.00,2863.51,2877.23,104,5.49,2024-04-03T13:30:00,2877.23,TARGET,856.40,408.19
bb,ASIANPAINT,2024-04-04,SHORT,2024-04-04T10:00:00,2860.50,2868.42,2848.62,104,7.92,2024-04-04T11:50:00,2868.42,STOP,-823.74,-1270.60
bb,ASIANPAINT,2024-04-05,SHORT,2024-04-05T12:30:00,2901.50,2908.77,2890.60,103,7.27,2024-04-05T14:20:00,2895.95,TIME_STOP,571.65,123.80
bb,ASIANPAINT,2024-04-09,LONG,2024-04-09T10:00:00,2911.75,2904.66,2922.39,103,7.09,2024-04-09T10:10:00,2904.66,STOP,-730.34,-1179.66
bb,ASIANPAINT,2024-04-10,LONG,2024-04-10T11:10:00,2871.20,2864.30,2881.55,104,6.90,2024-04-10T12:00:00,2881.55,TARGET,1075.90,627.18
bb,ASIANPAINT,2024-04-18,LONG,2024-04-18T11:30:00,2851.20,2842.25,2864.63,105,8.95,2024-04-18T13:20:00,2850.40,TIME_STOP,-84.00,-533.00
bb,ASIANPAINT,2024-04-19,LONG,2024-04-19T13:50:00,2800.80,2793.55,2811.68,107,7.25,2024-04-19T13:50:00,2811.68,TARGET,1164.40,714.00
bb,ASIANPAINT,2024-04-25,LONG,2024-04-25T13:50:00,2854.05,2848.02,2863.10,105,6.03,2024-04-25T14:10:00,2863.10,TARGET,950.26,500.04
bb,ASIANPAINT,2024-04-26,SHORT,2024-04-26T12:50:00,2854.45,2861.70,2843.57,105,7.25,2024-04-26T12:50:00,2861.70,STOP,-761.27,-1211.41
bb,ASIANPAINT,2024-05-03,SHORT,2024-05-03T13:00:00,2919.70,2932.80,2900.05,102,13.10,2024-05-03T14:30:00,2932.80,STOP,-1336.21,-1783.93
bb,ASIANPAINT,2024-05-06,LONG,2024-05-06T10:40:00,2939.50,2926.34,2959.25,102,13.16,2024-05-06T12:30:00,2934.25,TIME_STOP,-535.50,-984.84
bb,ASIANPAINT,2024-05-07,SHORT,2024-05-07T11:30:00,2926.25,2936.75,2910.50,102,10.50,2024-05-07T12:10:00,2910.50,TARGET,1606.67,1160.16
bb,ASIANPAINT,2024-05-13,LONG,2024-05-13T10:40:00,2805.40,2786.18,2834.23,106,19.22,2024-05-13T11:00:00,2834.23,TARGET,3055.66,2607.31
bb,ASIANPAINT,2024-05-14,SHORT,2024-05-14T10:30:00,2848.55,2860.33,2830.88,105,11.78,2024-05-14T10:30:00,2860.33,STOP,-1237.04,-1686.61
bb,ASIANPAINT,2024-05-23,SHORT,2024-05-23T12:20:00,2885.25,2893.83,2872.37,103,8.58,2024-05-23T12:20:00,2890.55,REVERSE,-545.90,-992.08
bb,ASIANPAINT,2024-05-24,SHORT,2024-05-24T10:10:00,2882.95,2892.04,2869.32,104,9.09,2024-05-24T10:20:00,2892.04,STOP,-945.17,-1395.62
bb,ASIANPAINT,2024-05-27,LONG,2024-05-27T11:10:00,2882.65,2873.54,2896.32,104,9.11,2024-05-27T11:20:00,2873.54,STOP,-947.46,-1396.44
bb,ASIANPAINT,2024-05-28,LONG,2024-05-28T11:20:00,2880.90,2874.02,2891.22,104,6.88,2024-05-28T11:20:00,2876.50,REVERSE,-457.60,-906.68
bb,ASIANPAINT,2024-05-30,LONG,2024-05-30T12:50:00,2902.00,2894.61,2913.09,103,7.39,2024-05-30T13:20:00,2894.61,STOP,-761.55,-1209.34
bb,ASIANPAINT,2024-05-31,LONG,2024-05-31T12:30:00,2899.65,2889.43,2914.97,103,10.22,2024-05-31T13:40:00,2889.43,STOP,-1052.30,-1499.50
bb,ASIANPAINT,2024-06-07,LONG,2024-06-07T11:00:00,2925.25,2914.93,2940.73,102,10.32,2024-06-07T11:30:00,2914.93,STOP,-1052.85,-1499.62
bb,ASIANPAINT,2024-06-12,LONG,2024-06-12T13:50:00,2906.30,2897.54,2919.44,103,8.76,2024-06-12T14:20:00,2897.54,STOP,-902.48,-1350.83
bb,ASIANPAINT,2024-06-20,LONG,2024-06-20T13:10:00,2915.95,2909.14,2926.16,102,6.81,2024-06-20T15:00:00,2914.20,TIME_STOP,-178.50,-624.51
bb,ASIANPAINT,2024-06-21,LONG,2024-06-21T14:10:00,2907.00,2900.74,2916.39,103,6.26,2024-06-21T14:20:00,2900.74,STOP,-644.67,-1093.32
bb,ASIANPAINT,2024-06-24,LONG,2024-06-24T12:10:00,2898.50,2892.15,2908.02,103,6.35,2024-06-24T12:30:00,2892.15,STOP,-653.97,-1101.30
bb,ASIANPAINT,2024-06-26,LONG,2024-06-26T12:30:00,2872.00,2866.80,2879.80,104,5.20,2024-06-26T12:40:00,2866.80,STOP,-540.74,-988.37
bb,ASIANPAINT,2024-07-02,LONG,2024-07-02T11:10:00,2930.60,2924.06,2940.41,102,6.54,2024-07-02T11:40:00,2924.06,STOP,-666.81,-1114.69
bb,ASIANPAINT,2024-07-04,LONG,2024-07-04T10:10:00,2947.00,2939.89,2957.67,101,7.11,2024-07-04T10:20:00,2939.89,STOP,-718.21,-1164.14
bb,ASIANPAINT,2024-07-09,LONG,2024-07-09T12:10:00,2910.00,2903.72,2919.42,103,6.28,2024-07-09T14:00:00,2905.00,TIME_STOP,-515.00,-964.21
bb,ASIANPAINT,2024-07-12,SHORT,2024-07-12T10:30:00,2981.20,2992.01,2964.99,100,10.81,2024-07-12T10:50:00,2992.01,STOP,-1080.50,-1528.49
bb,ASIANPAINT,2024-07-16,LONG,2024-07-16T11:10:00,2975.80,2967.90,2987.65,100,7.90,2024-07-16T12:10:00,2987.65,TARGET,1185.20,737.94
bb,ASIANPAINT,2024-07-19,SHORT,2024-07-19T12:40:00,2932.40,2944.27,2914.59,102,11.87,2024-07-19T13:10:00,2944.27,STOP,-1210.83,-1660.40
bb,ASIANPAINT,2024-07-22,LONG,2024-07-22T10:20:00,2960.00,2946.70,2979.95,101,13.30,2024-07-22T10:50:00,2946.70,STOP,-1343.04,-1790.48
bb,ASIANPAINT,2024-07-24,LONG,2024-07-24T11:20:00,2925.00,2914.08,2941.38,102,10.92,2024-07-24T12:20:00,2914.08,STOP,-1113.54,-1560.23
bb,ASIANPAINT,2024-08-01,SHORT,2024-08-01T13:30:00,3077.40,3085.55,3065.18,97,8.15,2024-08-01T13:50:00,3085.55,STOP,-790.37,-1238.72
bb,ASIANPAINT,2024-08-05,LONG,2024-08-05T10:10:00,3141.00,3127.19,3161.72,95,13.81,2024-08-05T10:10:00,3127.19,STOP,-1312.15,-1758.76
bb,ASIANPAINT,2024-08-16,LONG,2024-08-16T12:20:00,3036.30,3026.65,3050.77,98,9.65,2024-08-16T13:00:00,3026.65,STOP,-945.68,-1391.30
bb,ASIANPAINT,2024-08-26,LONG,2024-08-26T10:40:00,3163.70,3155.19,3176.47,94,8.51,2024-08-26T12:00:00,3155.19,STOP,-800.14,-1245.62
bb,ASIANPAINT,2024-08-27,LONG,2024-08-27T10:20:00,3174.15,3166.31,3185.90,94,7.84,2024-08-27T10:40:00,3185.90,TARGET,1104.88,656.49
bb,ASIANPAINT,2024-09-09,SHORT,2024-09-09T12:00:00,3266.95,3276.42,3252.75,91,9.47,2024-09-09T12:30:00,3276.42,STOP,-861.44,-1308.03
bb,ASIANPAINT,2024-09-12,SHORT,2024-09-12T11:30:00,3355.25,3365.76,3339.48,89,10.51,2024-09-12T12:20:00,3365.76,STOP,-935.74,-1384.37
bb,ASIANPAINT,2024-09-13,LONG,2024-09-13T13:40:00,3355.30,3347.61,3366.84,89,7.69,2024-09-13T15:20:00,3362.95,EOD,680.85,232.41
bb,ASIANPAINT,2024-09-16,SHORT,2024-09-16T10:10:00,3350.50,3360.74,3335.15,89,10.24,2024-09-16T10:10:00,3360.74,STOP,-911.03,-1359.00
bb,ASIANPAINT,2024-09-19,SHORT,2024-09-19T13:10:00,3277.60,3287.57,3262.64,91,9.97,2024-09-19T13:20:00,3287.57,STOP,-907.49,-1355.56
bb,ASIANPAINT,2024-09-20,LONG,2024-09-20T10:40:00,3298.05,3286.86,3314.83,90,11.19,2024-09-20T10:40:00,3314.83,TARGET,1510.29,1063.92
bb,ASIANPAINT,2024-10-11,LONG,2024-10-11T12:30:00,3056.75,3048.71,3068.80,98,8.04,2024-10-11T12:40:00,3048.71,STOP,-787.58,-1236.34
bb,ASIANPAINT,2024-10-14,LONG,2024-10-14T11:50:00,3040.50,3032.58,3052.38,98,7.92,2024-10-14T13:10:00,3052.38,TARGET,1164.50,716.68
bb,ASIANPAINT,2024-10-16,SHORT,2024-10-16T12:10:00,3075.00,3083.67,3062.00,97,8.67,2024-10-16T12:40:00,3080.20,REVERSE,-504.40,-952.19
bb,ASIANPAINT,2024-10-21,LONG,2024-10-21T12:40:00,3030.00,3021.52,3042.73,99,8.48,2024-10-21T14:10:00,3042.73,TARGET,1259.96,809.06
bb,ASIANPAINT,2024-10-22,SHORT,2024-10-22T11:00:00,3030.75,3041.23,3015.03,98,10.48,2024-10-22T11:30:00,3015.03,TARGET,1540.35,1095.98
bb,ASIANPAINT,2024-10-23,LONG,2024-10-23T12:00:00,3019.20,3008.53,3035.20,99,10.67,2024-10-23T13:50:00,3020.00,TIME_STOP,79.20,-369.21
bb,ASIANPAINT,2024-10-28,LONG,2024-10-28T10:00:00,2985.00,2974.39,3000.92,100,10.61,2024-10-28T10:20:00,3000.92,TARGET,1592.10,1143.16
bb,ASIANPAINT,2024-10-30,SHORT,2024-10-30T10:20:00,2976.30,2985.99,2961.77,100,9.69,2024-10-30T10:20:00,2985.99,STOP,-968.83,-1416.00
bb,ASIANPAINT,2024-11-06,LONG,2024-11-06T13:50:00,2896.00,2887.15,2909.28,103,8.85,2024-11-06T15:20:00,2898.00,EOD,206.00,-241.59
bb,ASIANPAINT,2024-11-07,SHORT,2024-11-07T10:00:00,2864.50,2874.97,2848.80,104,10.47,2024-11-07T10:20:00,2874.97,STOP,-1088.70,-1536.38
bb,ASIANPAINT,2024-11-22,LONG,2024-11-22T10:20:00,2453.00,2445.59,2464.11,122,7.41,2024-11-22T10:40:00,2445.59,STOP,-903.70,-1351.92
bb,ASIANPAINT,2024-11-25,SHORT,2024-11-25T13:10:00,2464.20,2470.77,2454.34,121,6.57,2024-11-25T13:30:00,2470.77,STOP,-795.49,-1243.34
bb,ASIANPAINT,2024-11-28,SHORT,2024-11-28T10:50:00,2477.45,2484.59,2466.74,121,7.14,2024-11-28T11:20:00,2466.74,TARGET,1295.50,846.82
bb,ASIANPAINT,2024-11-29,LONG,2024-11-29T10:00:00,2477.75,2471.40,2487.27,121,6.35,2024-11-29T10:10:00,2471.40,STOP,-768.20,-1217.33
bb,ASIANPAINT,2024-12-02,LONG,2024-12-02T12:40:00,2483.50,2477.87,2491.95,120,5.63,2024-12-02T12:40:00,2477.87,STOP,-675.64,-1122.16
bb,ASIANPAINT,2024-12-03,SHORT,2024-12-03T10:00:00,2472.95,2478.12,2465.19,121,5.17,2024-12-03T10:20:00,2478.12,STOP,-625.58,-1074.89
bb,ASIANPAINT,2024-12-06,SHORT,2024-12-06T10:30:00,2442.55,2450.17,2431.12,122,7.62,2024-12-06T12:20:00,2436.20,TIME_STOP,774.70,328.29
bb,ASIANPAINT,2024-12-13,LONG,2024-12-13T13:50:00,2397.95,2390.32,2409.39,125,7.63,2024-12-13T15:00:00,2409.39,TARGET,1429.74,979.06
bb,ASIANPAINT,2024-12-16,SHORT,2024-12-16T10:40:00,2390.20,2397.26,2379.62,125,7.06,2024-12-16T12:30:00,2393.70,TIME_STOP,-437.50,-885.99
bb,ASIANPAINT,2024-12-18,LONG,2024-12-18T12:10:00,2370.20,2364.81,2378.28,126,5.39,2024-12-18T12:30:00,2364.81,STOP,-678.85,-1126.31
bb,ASIANPAINT,2024-12-23,LONG,2024-12-23T12:00:00,2295.45,2289.73,2304.03,130,5.72,2024-12-23T12:00:00,2289.73,STOP,-744.02,-1191.07
bb,ASIANPAINT,2024-12-24,LONG,2024-12-24T10:20:00,2284.70,2278.97,2293.29,131,5.73,2024-12-24T10:30:00,2293.29,TARGET,1125.53,675.74
bb,ASIANPAINT,2024-12-27,LONG,2024-12-27T10:10:00,2280.55,2275.37,2288.32,131,5.18,2024-12-27T11:20:00,2288.32,TARGET,1018.40,569.50
bb,ASIANPAINT,2024-12-30,LONG,2024-12-30T11:30:00,2275.50,2270.35,2283.22,131,5.15,2024-12-30T11:30:00,2270.35,STOP,-674.18,-1120.81
bb,ASIANPAINT,2025-01-02,LONG,2025-01-02T11:20:00,2314.50,2308.88,2322.92,129,5.62,2025-01-02T12:30:00,2322.92,TARGET,1086.51,637.84
bb,ASIANPAINT,2025-01-07,LONG,2025-01-07T10:00:00,2296.40,2288.57,2308.15,130,7.83,2025-01-07T10:50:00,2308.15,TARGET,1527.41,1078.46
bb,ASIANPAINT,2025-01-08,LONG,2025-01-08T10:50:00,2300.85,2294.04,2311.07,130,6.81,2025-01-08T10:50:00,2294.04,STOP,-885.84,-1333.84
bb,ASIANPAINT,2025-01-24,LONG,2025-01-24T12:00:00,2289.90,2283.11,2300.08,131,6.79,2025-01-24T12:00:00,2283.11,STOP,-889.45,-1338.75
bb,ASIANPAINT,2025-01-27,LONG,2025-01-27T11:40:00,2273.55,2265.13,2286.18,131,8.42,2025-01-27T12:30:00,2265.13,STOP,-1103.27,-1549.19
bb,ASIANPAINT,2025-01-28,LONG,2025-01-28T11:50:00,2263.50,2255.60,2275.35,132,7.90,2025-01-28T12:30:00,2255.60,STOP,-1042.93,-1490.33
bb,ASIANPAINT,2025-01-30,LONG,2025-01-30T12:10:00,2252.20,2245.53,2262.20,133,6.67,2025-01-30T13:50:00,2245.53,STOP,-886.51,-1335.16
bb,ASIANPAINT,2025-01-31,SHORT,2025-01-31T10:30:00,2243.50,2251.88,2230.92,133,8.38,2025-01-31T10:40:00,2251.88,STOP,-1115.08,-1563.49
bb,ASIANPAINT,2025-02-03,SHORT,2025-02-03T10:20:00,2331.70,2344.75,2312.12,128,13.05,2025-02-03T12:00:00,2312.12,TARGET,2505.68,2059.88
bb,ASIANPAINT,2025-02-04,LONG,2025-02-04T11:50:00,2300.20,2289.21,2316.69,130,10.99,2025-02-04T12:20:00,2316.69,TARGET,2143.88,1693.73
bb,ASIANPAINT,2025-02-10,SHORT,2025-02-10T12:10:00,2260.05,2267.35,2249.10,132,7.30,2025-02-10T13:50:00,2267.35,STOP,-963.59,-1411.80
bb,ASIANPAINT,2025-02-11,SHORT,2025-02-11T10:20:00,2253.45,2260.67,2242.61,133,7.22,2025-02-11T10:50:00,2242.61,TARGET,1441.25,992.76
bb,ASIANPAINT,2025-02-12,LONG,2025-02-12T12:40:00,2231.55,2222.27,2245.47,134,9.28,2025-02-12T14:10:00,2222.27,STOP,-1243.34,-1690.95
bb,ASIANPAINT,2025-02-19,SHORT,2025-02-19T13:10:00,2235.70,2240.82,2228.03,134,5.12,2025-02-19T13:30:00,2240.82,STOP,-685.48,-1135.37
bb,ASIANPAINT,2025-02-20,LONG,2025-02-20T10:20:00,2247.60,2241.84,2256.24,133,5.76,2025-02-20T11:20:00,2256.24,TARGET,1149.33,700.07
bb,ASIANPAINT,2025-02-21,SHORT,2025-02-21T10:00:00,2241.95,2247.03,2234.33,133,5.08,2025-02-21T11:00:00,2247.03,STOP,-675.95,-1123.72
bb,ASIANPAINT,2025-02-24,LONG,2025-02-24T10:50:00,2256.70,2250.48,2266.03,132,6.22,2025-02-24T12:10:00,2250.48,STOP,-821.18,-1267.39
bb,ASIANPAINT,2025-02-25,LONG,2025-02-25T10:00:00,2255.35,2250.48,2262.65,133,4.87,2025-02-25T10:30:00,2250.48,STOP,-647.65,-1097.10
bb,ASIANPAINT,2025-03-05,LONG,2025-03-05T11:00:00,2147.65,2140.52,2158.35,139,7.13,2025-03-05T11:10:00,2158.35,TARGET,1487.37,1038.47
bb,ASIANPAINT,2025-03-07,SHORT,2025-03-07T13:40:00,2255.70,2260.40,2248.65,132,4.70,2025-03-07T13:40:00,2260.40,STOP,-620.73,-1067.82
bb,ASIANPAINT,2025-03-12,SHORT,2025-03-12T10:00:00,2272.00,2277.05,2264.43,132,5.05,2025-03-12T10:00:00,2264.43,TARGET,999.59,550.49
bb,ASIANPAINT,2025-03-20,SHORT,2025-03-20T14:10:00,2279.95,2285.84,2271.12,131,5.89,2025-03-20T14:30:00,2285.84,STOP,-771.56,-1220.15
bb,ASIANPAINT,2025-03-21,LONG,2025-03-21T10:40:00,2295.25,2288.85,2304.85,130,6.40,2025-03-21T10:40:00,2304.85,TARGET,1247.81,799.30
bb,ASIANPAINT,2025-03-27,LONG,2025-03-27T11:20:00,2321.55,2313.86,2333.09,129,7.69,2025-03-27T13:00:00,2333.09,TARGET,1488.61,1038.28
bb,ASIANPAINT,2025-03-28,SHORT,2025-03-28T13:00:00,2339.00,2345.61,2329.08,128,6.61,2025-03-28T13:50:00,2329.08,TARGET,1269.28,821.15
bb,ASIANPAINT,2025-04-01,SHORT,2025-04-01T10:40:00,2327.35,2336.63,2313.43,128,9.28,2025-04-01T12:30:00,2330.00,TIME_STOP,-339.20,-786.31
bb,ASIANPAINT,2025-04-07,SHORT,2025-04-07T10:00:00,2329.85,2349.28,2300.70,128,19.43,2025-04-07T10:50:00,2343.15,REVERSE,-1702.40,-2151.01
bb,ASIANPAINT,2025-04-15,LONG,2025-04-15T13:10:00,2412.00,2406.43,2420.35,124,5.57,2025-04-15T15:00:00,2412.80,TIME_STOP,99.20,-349.51
bb,ASIANPAINT,2025-04-21,LONG,2025-04-21T12:40:00,2465.20,2459.40,2473.89,121,5.80,2025-04-21T13:00:00,2459.40,STOP,-701.21,-1148.12
bb,ASIANPAINT,2025-04-23,SHORT,2025-04-23T11:00:00,2430.40,2437.93,2419.11,123,7.53,2025-04-23T12:40:00,2437.93,STOP,-925.64,-1374.74
bb,ASIANPAINT,2025-04-24,SHORT,2025-04-24T12:40:00,2448.00,2455.39,2436.91,122,7.39,2025-04-24T12:50:00,2455.39,STOP,-901.84,-1350.50
bb,ASIANPAINT,2025-04-28,LONG,2025-04-28T10:20:00,2445.70,2435.81,2460.53,122,9.89,2025-04-28T10:30:00,2435.81,STOP,-1206.13,-1652.79
bb,ASIANPAINT,2025-04-30,LONG,2025-04-30T12:20:00,2457.50,2452.27,2465.35,122,5.23,2025-04-30T12:20:00,2452.27,STOP,-638.56,-1087.80
bb,ASIANPAINT,2025-05-06,SHORT,2025-05-06T10:30:00,2407.20,2417.18,2392.23,124,9.98,2025-05-06T12:20:00,2398.10,TIME_STOP,1128.40,681.51
bb,ASIANPAINT,2025-05-07,LONG,2025-05-07T13:10:00,2397.50,2389.06,2410.16,125,8.44,2025-05-07T13:20:00,2389.06,STOP,-1054.61,-1503.35
bb,ASIANPAINT,2025-05-09,LONG,2025-05-09T12:10:00,2321.30,2309.18,2339.48,129,12.12,2025-05-09T12:10:00,2309.18,STOP,-1563.78,-2011.78
bb,ASIANPAINT,2025-05-15,LONG,2025-05-15T11:20:00,2293.00,2286.39,2302.91,130,6.61,2025-05-15T12:20:00,2302.91,TARGET,1288.46,840.36
bb,ASIANPAINT,2025-05-19,SHORT,2025-05-19T12:10:00,2340.10,2345.91,2331.38,128,5.81,2025-05-19T12:20:00,2345.91,STOP,-743.80,-1193.66
bb,ASIANPAINT,2025-05-26,SHORT,2025-05-26T12:00:00,2316.00,2322.18,2306.73,129,6.18,2025-05-26T12:20:00,2306.73,TARGET,1195.48,748.23
bb,ASIANPAINT,2025-06-02,LONG,2025-06-02T13:20:00,2268.60,2264.62,2274.57,132,3.98,2025-06-02T14:30:00,2264.62,STOP,-525.65,-974.44
bb,ASIANPAINT,2025-06-03,SHORT,2025-06-03T10:20:00,2264.90,2270.24,2256.89,132,5.34,2025-06-03T10:20:00,2270.24,STOP,-704.83,-1153.81
bb,ASIANPAINT,2025-06-04,LONG,2025-06-04T14:10:00,2255.60,2252.54,2260.19,133,3.06,2025-06-04T14:30:00,2252.54,STOP,-406.55,-856.23
bb,ASIANPAINT,2025-06-05,SHORT,2025-06-05T10:50:00,2245.90,2250.35,2239.23,133,4.45,2025-06-05T12:20:00,2250.35,STOP,-591.71,-1040.21
bb,ASIANPAINT,2025-06-09,LONG,2025-06-09T10:30:00,2248.00,2242.59,2256.11,133,5.41,2025-06-09T12:20:00,2245.70,TIME_STOP,-305.90,-754.15
bb,ASIANPAINT,2025-06-11,LONG,2025-06-11T12:10:00,2222.50,2218.47,2228.55,134,4.03,2025-06-11T12:30:00,2218.47,STOP,-540.53,-986.85
bb,ASIANPAINT,2025-06-12,SHORT,2025-06-12T13:30:00,2224.50,2231.35,2214.22,134,6.85,2025-06-12T13:40:00,2214.22,TARGET,1377.84,931.74
bb,ASIANPAINT,2025-06-18,SHORT,2025-06-18T12:20:00,2264.00,2269.07,2256.40,132,5.07,2025-06-18T13:00:00,2267.40,REVERSE,-448.80,-897.41
bb,ASIANPAINT,2025-06-19,SHORT,2025-06-19T13:30:00,2271.70,2275.63,2265.80,132,3.93,2025-06-19T13:40:00,2275.63,STOP,-518.90,-969.08
bb,ASIANPAINT,2025-06-20,LONG,2025-06-20T12:00:00,2278.10,2273.36,2285.21,131,4.74,2025-06-20T12:40:00,2273.36,STOP,-621.34,-1068.52
bb,ASIANPAINT,2025-06-24,SHORT,2025-06-24T13:50:00,2270.90,2276.91,2261.89,132,6.01,2025-06-24T14:30:00,2276.91,STOP,-792.73,-1242.96
bb,ASIANPAINT,2025-06-25,LONG,2025-06-25T10:00:00,2282.50,2276.25,2291.88,131,6.25,2025-06-25T11:50:00,2282.50,TIME_STOP,0.00,-448.51
bb,ASIANPAINT,2025-07-01,SHORT,2025-07-01T13:30:00,2352.80,2357.96,2345.07,127,5.16,2025-07-01T14:00:00,2357.96,STOP,-654.81,-1103.50
bb,ASIANPAINT,2025-07-02,LONG,2025-07-02T11:00:00,2369.00,2361.34,2380.49,126,7.66,2025-07-02T12:10:00,2380.49,TARGET,1447.54,998.72
bb,ASIANPAINT,2025-07-07,SHORT,2025-07-07T13:40:00,2436.90,2442.85,2427.97,123,5.95,2025-07-07T14:30:00,2442.85,STOP,-732.12,-1182.28
bb,ASIANPAINT,2025-07-10,SHORT,2025-07-10T10:00:00,2488.40,2495.27,2478.09,120,6.87,2025-07-10T10:00:00,2478.09,TARGET,1237.18,790.20
bb,ASIANPAINT,2025-07-23,LONG,2025-07-23T14:10:00,2363.20,2358.94,2369.60,126,4.26,2025-07-23T15:00:00,2369.60,TARGET,806.02,358.77
bb,ASIANPAINT,2025-07-28,LONG,2025-07-28T10:20:00,2344.80,2338.29,2354.56,127,6.51,2025-07-28T10:20:00,2354.56,TARGET,1239.69,792.07
bb,ASIANPAINT,2025-07-29,SHORT,2025-07-29T10:40:00,2343.00,2350.57,2331.65,128,7.57,2025-07-29T12:30:00,2343.50,TIME_STOP,-64.00,-513.90
bb,ASIANPAINT,2025-07-31,SHORT,2025-07-31T10:10:00,2405.70,2413.43,2394.11,124,7.73,2025-07-31T11:50:00,2394.11,TARGET,1437.12,990.74
bb,ASIANPAINT,2025-08-07,SHORT,2025-08-07T11:00:00,2475.30,2482.44,2464.59,121,7.14,2025-08-07T12:00:00,2482.44,STOP,-863.67,-1313.59
bb,ASIANPAINT,2025-08-08,SHORT,2025-08-08T10:40:00,2485.40,2492.47,2474.80,120,7.07,2025-08-08T11:10:00,2492.47,STOP,-848.17,-1296.18
bb,ASIANPAINT,2025-08-11,LONG,2025-08-11T13:10:00,2489.50,2483.44,2498.59,120,6.06,2025-08-11T13:40:00,2498.59,TARGET,1091.34,642.41
bb,ASIANPAINT,2025-08-12,SHORT,2025-08-12T11:20:00,2485.90,2492.41,2476.14,120,6.51,2025-08-12T11:20:00,2492.41,STOP,-780.92,-1228.97
bb,ASIANPAINT,2025-08-13,LONG,2025-08-13T10:30:00,2489.40,2483.64,2498.04,120,5.76,2025-08-13T12:20:00,2492.60,TIME_STOP,384.00,-64.38
bb,ASIANPAINT,2025-08-19,SHORT,2025-08-19T10:40:00,2566.50,2573.27,2556.34,116,6.77,2025-08-19T11:00:00,2573.27,STOP,-785.36,-1232.52
bb,ASIANPAINT,2025-08-21,LONG,2025-08-21T13:20:00,2573.80,2570.12,2579.32,116,3.68,2025-08-21T13:30:00,2570.12,STOP,-427.09,-874.61
bb,ASIANPAINT,2025-08-26,LONG,2025-08-26T12:40:00,2511.50,2505.62,2520.32,119,5.88,2025-08-26T13:00:00,2520.32,TARGET,1050.08,600.99
bb,ASIANPAINT,2025-08-28,LONG,2025-08-28T10:10:00,2519.50,2508.15,2536.52,119,11.35,2025-08-28T11:00:00,2508.15,STOP,-1350.48,-1799.20
bb,ASIANPAINT,2025-08-29,SHORT,2025-08-29T10:20:00,2497.30,2506.58,2483.38,120,9.28,2025-08-29T10:20:00,2506.58,STOP,-1113.89,-1564.24
bb,ASIANPAINT,2025-09-05,SHORT,2025-09-05T12:00:00,2571.00,2577.98,2560.53,116,6.98,2025-09-05T13:10:00,2577.98,STOP,-809.50,-1257.46
bb,ASIANPAINT,2025-09-12,SHORT,2025-09-12T12:40:00,2546.00,2550.28,2539.58,117,4.28,2025-09-12T12:40:00,2539.58,TARGET,750.82,304.56
bb,ASIANPAINT,2025-09-19,LONG,2025-09-19T10:20:00,2496.70,2491.01,2505.23,120,5.69,2025-09-19T10:20:00,2491.01,STOP,-682.64,-1131.54
bb,ASIANPAINT,2025-09-22,LONG,2025-09-22T11:50:00,2501.00,2495.19,2509.72,119,5.81,2025-09-22T11:50:00,2495.19,STOP,-691.68,-1137.59
bb,ASIANPAINT,2025-09-24,LONG,2025-09-24T10:10:00,2464.80,2458.44,2474.33,121,6.36,2025-09-24T10:10:00,2458.44,STOP,-769.01,-1215.79
bb,ASIANPAINT,2025-09-30,SHORT,2025-09-30T10:40:00,2347.70,2355.83,2335.51,127,8.13,2025-09-30T12:30:00,2348.60,TIME_STOP,-114.30,-561.62
bb,ASIANPAINT,2025-10-06,SHORT,2025-10-06T11:50:00,2340.70,2345.48,2333.52,128,4.78,2025-10-06T13:00:00,2345.48,STOP,-612.35,-1062.23
bb,ASIANPAINT,2025-10-09,LONG,2025-10-09T13:30:00,2336.40,2332.20,2342.70,128,4.20,2025-10-09T14:30:00,2332.20,STOP,-537.17,-985.36
bb,ASIANPAINT,2025-10-13,SHORT,2025-10-13T11:50:00,2342.10,2347.72,2333.67,128,5.62,2025-10-13T13:20:00,2347.72,STOP,-718.94,-1169.16
bb,ASIANPAINT,2025-10-23,SHORT,2025-10-23T14:00:00,2519.70,2525.33,2511.25,119,5.63,2025-10-23T14:30:00,2511.25,TARGET,1005.07,556.05
bb,ASIANPAINT,2025-10-30,LONG,2025-10-30T13:30:00,2527.60,2522.86,2534.70,118,4.74,2025-10-30T13:30:00,2522.86,STOP,-558.91,-1005.88
bb,ASIANPAINT,2025-10-31,SHORT,2025-10-31T10:10:00,2522.00,2526.97,2514.55,118,4.97,2025-10-31T10:20:00,2514.55,TARGET,879.13,433.40
bb,ASIANPAINT,2025-11-04,SHORT,2025-11-04T12:50:00,2500.00,2505.46,2491.81,120,5.46,2025-11-04T13:30:00,2491.81,TARGET,982.40,533.13
bb,ASIANPAINT,2025-11-07,SHORT,2025-11-07T10:50:00,2589.70,2596.55,2579.42,115,6.85,2025-11-07T11:00:00,2596.55,STOP,-788.15,-1235.46
bb,ASIANPAINT,2025-11-11,LONG,2025-11-11T14:00:00,2645.50,2641.44,2651.58,113,4.06,2025-11-11T14:30:00,2651.58,TARGET,687.56,238.63
bb,ASIANPAINT,2025-11-18,LONG,2025-11-18T11:20:00,2896.80,2890.11,2906.84,103,6.69,2025-11-18T11:50:00,2906.84,TARGET,1033.87,585.54
bb,ASIANPAINT,2025-11-19,SHORT,2025-11-19T10:30:00,2899.90,2906.81,2889.53,103,6.91,2025-11-19T11:30:00,2906.81,STOP,-712.14,-1160.71
bb,ASIANPAINT,2025-11-24,LONG,2025-11-24T10:00:00,2879.10,2872.66,2888.76,104,6.44,2025-11-24T10:10:00,2888.76,TARGET,1004.63,554.74
bb,ASIANPAINT,2025-11-25,SHORT,2025-11-25T13:30:00,2884.90,2890.80,2876.04,103,5.90,2025-11-25T15:00:00,2876.04,TARGET,912.17,467.14
bb,ASIANPAINT,2025-11-26,LONG,2025-11-26T10:20:00,2889.00,2882.55,2898.67,103,6.45,2025-11-26T10:30:00,2882.55,STOP,-664.11,-1109.96
bb,ASIANPAINT,2025-11-27,SHORT,2025-11-27T12:30:00,2877.00,2883.89,2866.67,104,6.89,2025-11-27T14:20:00,2881.00,TIME_STOP,-416.00,-865.12
bb,ASIANPAINT,2025-11-28,LONG,2025-11-28T12:20:00,2880.00,2874.48,2888.28,104,5.52,2025-11-28T12:20:00,2874.48,STOP,-574.11,-1022.96
bb,ASIANPAINT,2025-12-04,SHORT,2025-12-04T13:00:00,2952.90,2959.47,2943.05,101,6.57,2025-12-04T13:20:00,2959.47,STOP,-663.50,-1111.36
bb,ASIANPAINT,2025-12-05,LONG,2025-12-05T13:00:00,2959.40,2955.02,2965.96,101,4.38,2025-12-05T14:20:00,2965.96,TARGET,663.06,214.21
bb,ASIANPAINT,2025-12-12,LONG,2025-12-12T10:00:00,2790.70,2783.88,2800.92,107,6.82,2025-12-12T10:00:00,2783.88,STOP,-729.33,-1176.69
bb,ASIANPAINT,2025-12-17,SHORT,2025-12-17T11:50:00,2785.80,2791.78,2776.82,107,5.98,2025-12-17T12:20:00,2776.82,TARGET,960.58,514.17
bb,ASIANPAINT,2025-12-22,SHORT,2025-12-22T12:40:00,2793.00,2799.53,2783.20,107,6.53,2025-12-22T14:10:00,2799.53,STOP,-698.79,-1147.59
bb,ASIANPAINT,2025-12-24,SHORT,2025-12-24T11:30:00,2799.10,2805.91,2788.88,107,6.81,2025-12-24T13:20:00,2788.88,TARGET,1093.46,645.03
bb,ASIANPAINT,2025-12-29,LONG,2025-12-29T10:50:00,2760.50,2754.68,2769.24,108,5.82,2025-12-29T10:50:00,2754.68,STOP,-628.93,-1075.66
bb,ASIANPAINT,2025-12-30,SHORT,2025-12-30T14:10:00,2760.00,2766.94,2749.59,108,6.94,2025-12-30T15:00:00,2766.94,STOP,-749.25,-1196.93
bb,ASIANPAINT,2026-01-01,LONG,2026-01-01T10:30:00,2779.00,2770.65,2791.52,107,8.35,2026-01-01T12:20:00,2778.20,TIME_STOP,-85.60,-531.57
bb,ASIANPAINT,2026-01-02,SHORT,2026-01-02T12:00:00,2766.40,2773.42,2755.87,108,7.02,2026-01-02T13:50:00,2765.00,TIME_STOP,151.20,-296.84
bb,ASIANPAINT,2026-01-07,SHORT,2026-01-07T12:00:00,2825.70,2832.25,2815.87,106,6.55,2026-01-07T12:40:00,2815.87,TARGET,1042.10,593.60
bb,ASIANPAINT,2026-01-09,LONG,2026-01-09T10:30:00,2833.40,2823.63,2848.06,105,9.77,2026-01-09T11:00:00,2823.63,STOP,-1026.30,-1471.79
bb,ASIANPAINT,2026-01-13,SHORT,2026-01-13T12:30:00,2872.80,2880.87,2860.69,104,8.07,2026-01-13T12:30:00,2880.87,STOP,-839.53,-1288.32
bb,ASIANPAINT,2026-01-30,LONG,2026-01-30T12:40:00,2431.10,2422.21,2444.43,123,8.89,2026-01-30T12:50:00,2444.43,TARGET,1639.71,1189.94
bb,ASIANPAINT,2026-02-03,SHORT,2026-02-03T11:30:00,2408.00,2423.23,2385.15,124,15.23,2026-02-03T11:30:00,2413.30,REVERSE,-657.20,-1105.58
bb,ASIANPAINT,2026-02-05,LONG,2026-02-05T14:10:00,2430.10,2424.95,2437.82,123,5.15,2026-02-05T14:40:00,2437.82,TARGET,949.54,500.48
bb,ASIANPAINT,2026-02-10,SHORT,2026-02-10T11:30:00,2395.30,2400.84,2386.99,125,5.54,2026-02-10T12:10:00,2400.84,STOP,-692.51,-1142.15
bb,ASIANPAINT,2026-02-12,SHORT,2026-02-12T10:00:00,2381.10,2388.82,2369.52,125,7.72,2026-02-12T10:40:00,2388.82,STOP,-965.04,-1412.22
bb,ASIANPAINT,2026-02-13,SHORT,2026-02-13T10:30:00,2397.60,2403.59,2388.61,125,5.99,2026-02-13T10:40:00,2403.59,STOP,-749.22,-1199.34
bb,ASIANPAINT,2026-02-16,LONG,2026-02-16T12:20:00,2380.90,2374.96,2389.81,126,5.94,2026-02-16T12:20:00,2389.81,TARGET,1122.47,671.63
bb,ASIANPAINT,2026-02-20,LONG,2026-02-20T10:50:00,2413.70,2405.90,2425.40,124,7.80,2026-02-20T11:40:00,2425.40,TARGET,1451.36,1001.33
bb,ASIANPAINT,2026-02-24,SHORT,2026-02-24T10:40:00,2423.00,2430.39,2411.91,123,7.39,2026-02-24T11:20:00,2411.91,TARGET,1363.65,917.63
bb,ASIANPAINT,2026-02-27,LONG,2026-02-27T13:50:00,2380.00,2374.47,2388.29,126,5.53,2026-02-27T14:00:00,2388.29,TARGET,1044.33,593.73
bb,ASIANPAINT,2026-03-06,SHORT,2026-03-06T10:00:00,2272.70,2280.79,2260.57,132,8.09,2026-03-06T10:20:00,2279.50,REVERSE,-897.60,-1348.27
bb,ASIANPAINT,2026-03-11,SHORT,2026-03-11T11:50:00,2268.90,2277.05,2256.68,132,8.15,2026-03-11T12:30:00,2256.68,TARGET,1612.74,1164.71
bb,ASIANPAINT,2026-03-12,LONG,2026-03-12T11:50:00,2247.70,2239.57,2259.89,133,8.13,2026-03-12T11:50:00,2239.57,STOP,-1080.78,-1528.38
bb,JSWSTEEL,2024-03-19,SHORT,2024-03-19T11:10:00,796.90,800.84,790.98,376,3.94,2024-03-19T12:00:00,800.84,STOP,-1483.04,-1933.60
bb,JSWSTEEL,2024-03-26,SHORT,2024-03-26T10:30:00,821.15,824.99,815.39,365,3.84,2024-03-26T12:20:00,823.20,TIME_STOP,-748.25,-1198.39
bb,JSWSTEEL,2024-03-27,LONG,2024-03-27T12:00:00,824.00,821.76,827.36,364,2.24,2024-03-27T13:10:00,827.36,TARGET,1222.02,771.20
bb,JSWSTEEL,2024-03-28,LONG,2024-03-28T10:20:00,828.35,825.10,833.22,362,3.25,2024-03-28T11:10:00,833.22,TARGET,1764.55,1313.43
bb,JSWSTEEL,2024-04-02,SHORT,2024-04-02T10:40:00,865.65,869.14,860.42,346,3.49,2024-04-02T11:40:00,869.14,STOP,-1207.43,-1657.61
bb,JSWSTEEL,2024-04-03,SHORT,2024-04-03T11:00:00,868.50,872.24,862.89,345,3.74,2024-04-03T11:10:00,872.24,STOP,-1289.40,-1739.82
bb,JSWSTEEL,2024-04-05,LONG,2024-04-05T13:00:00,862.50,859.31,867.29,347,3.19,2024-04-05T13:50:00,859.31,STOP,-1108.26,-1556.36
bb,JSWSTEEL,2024-04-10,SHORT,2024-04-10T12:00:00,878.85,882.35,873.61,341,3.50,2024-04-10T12:00:00,880.00,REVERSE,-392.15,-841.98
bb,JSWSTEEL,2024-04-15,LONG,2024-04-15T10:50:00,880.70,876.18,887.48,340,4.52,2024-04-15T10:50:00,876.18,STOP,-1537.50,-1985.50
bb,JSWSTEEL,2024-04-19,LONG,2024-04-19T13:10:00,852.10,848.55,857.43,352,3.55,2024-04-19T14:00:00,857.43,TARGET,1876.67,1425.35
bb,JSWSTEEL,2024-04-22,SHORT,2024-04-22T13:30:00,856.40,858.71,852.93,350,2.31,2024-04-22T13:50:00,858.71,STOP,-810.18,-1260.40
bb,JSWSTEEL,2024-04-23,LONG,2024-04-23T10:30:00,864.05,861.08,868.50,347,2.97,2024-04-23T10:30:00,861.08,STOP,-1029.87,-1478.84
bb,JSWSTEEL,2024-04-26,SHORT,2024-04-26T14:00:00,891.45,895.01,886.12,336,3.56,2024-04-26T15:00:00,886.12,TARGET,1792.08,1344.14
bb,JSWSTEEL,2024-04-29,LONG,2024-04-29T10:30:00,898.50,894.31,904.79,333,4.19,2024-04-29T11:00:00,894.31,STOP,-1396.38,-1844.13
bb,JSWSTEEL,2024-04-30,SHORT,2024-04-30T10:10:00,891.40,894.71,886.44,336,3.31,2024-04-30T11:10:00,886.44,TARGET,1666.09,1218.07
bb,JSWSTEEL,2024-05-03,SHORT,2024-05-03T11:30:00,884.50,888.42,878.62,339,3.92,2024-05-03T11:50:00,878.62,TARGET,1992.50,1544.23
bb,JSWSTEEL,2024-05-08,LONG,2024-05-08T10:10:00,864.70,860.79,870.56,346,3.91,2024-05-08T10:30:00,860.79,STOP,-1352.42,-1800.19
bb,JSWSTEEL,2024-05-13,LONG,2024-05-13T11:40:00,847.00,842.55,853.67,354,4.45,2024-05-13T13:10:00,853.67,TARGET,2361.65,1910.12
bb,JSWSTEEL,2024-05-15,SHORT,2024-05-15T10:20:00,868.60,872.43,862.85,345,3.83,2024-05-15T11:00:00,872.43,STOP,-1321.61,-1772.11
bb,JSWSTEEL,2024-05-16,LONG,2024-05-16T12:20:00,875.75,872.44,880.72,342,3.31,2024-05-16T12:30:00,872.44,STOP,-1132.38,-1580.79
bb,JSWSTEEL,2024-05-22,SHORT,2024-05-22T10:00:00,911.80,917.02,903.98,329,5.22,2024-05-22T10:30:00,917.02,STOP,-1715.96,-2167.22
bb,JSWSTEEL,2024-05-23,LONG,2024-05-23T13:00:00,914.70,910.76,920.61,327,3.94,2024-05-23T13:20:00,910.76,STOP,-1289.26,-1736.95
bb,JSWSTEEL,2024-05-28,LONG,2024-05-28T13:20:00,908.15,905.58,912.01,330,2.57,2024-05-28T13:30:00,912.01,TARGET,1273.72,823.23
bb,JSWSTEEL,2024-05-29,LONG,2024-05-29T13:00:00,908.90,906.25,912.87,330,2.65,2024-05-29T14:00:00,906.25,STOP,-873.35,-1322.60
bb,JSWSTEEL,2024-05-31,SHORT,2024-05-31T11:00:00,883.15,886.76,877.74,339,3.61,2024-05-31T11:10:00,886.76,STOP,-1223.72,-1673.72
bb,JSWSTEEL,2024-06-04,LONG,2024-06-04T10:00:00,900.85,893.92,911.24,333,6.93,2024-06-04T10:20:00,893.92,STOP,-2306.66,-2754.90
bb,JSWSTEEL,2024-06-05,LONG,2024-06-05T12:10:00,857.35,848.66,870.38,287,8.69,2024-06-05T12:50:00,848.66,STOP,-2493.33,-2860.54
bb,JSWSTEEL,2024-06-13,LONG,2024-06-13T13:00:00,918.25,915.61,922.22,326,2.64,2024-06-13T13:50:00,915.61,STOP,-861.90,-1310.28
bb,JSWSTEEL,2024-06-14,LONG,2024-06-14T12:10:00,915.80,913.47,919.30,327,2.33,2024-06-14T12:20:00,919.30,TARGET,1145.09,695.03
bb,JSWSTEEL,2024-06-18,SHORT,2024-06-18T11:00:00,917.10,920.30,912.30,327,3.20,2024-06-18T11:10:00,920.30,STOP,-1045.68,-1496.30
bb,JSWSTEEL,2024-06-20,LONG,2024-06-20T10:50:00,924.30,921.25,928.87,324,3.05,2024-06-20T12:00:00,928.87,TARGET,1481.96,1031.64
bb,JSWSTEEL,2024-06-21,SHORT,2024-06-21T12:30:00,931.05,934.05,926.55,322,3.00,2024-06-21T12:40:00,926.55,TARGET,1449.98,1001.37
bb,JSWSTEEL,2024-06-24,LONG,2024-06-24T11:40:00,935.90,932.37,941.19,320,3.53,2024-06-24T12:10:00,941.19,TARGET,1692.17,1241.67
bb,JSWSTEEL,2024-06-25,LONG,2024-06-25T14:10:00,935.15,932.95,938.45,320,2.20,2024-06-25T14:10:00,932.95,STOP,-703.52,-1151.87
bb,JSWSTEEL,2024-07-02,SHORT,2024-07-02T13:10:00,942.00,944.75,937.88,318,2.75,2024-07-02T14:30:00,937.88,TARGET,1310.50,862.15
bb,JSWSTEEL,2024-07-03,LONG,2024-07-03T10:20:00,943.65,941.05,947.54,317,2.60,2024-07-03T12:10:00,943.40,TIME_STOP,-79.25,-527.90
bb,JSWSTEEL,2024-07-04,SHORT,2024-07-04T13:30:00,948.20,950.33,945.00,316,2.13,2024-07-04T13:50:00,945.00,TARGET,1010.24,561.55
bb,JSWSTEEL,2024-07-11,SHORT,2024-07-11T10:30:00,923.15,926.50,918.13,324,3.35,2024-07-11T12:00:00,918.13,TARGET,1627.72,1180.29
bb,JSWSTEEL,2024-07-15,SHORT,2024-07-15T12:00:00,932.15,935.05,927.80,321,2.90,2024-07-15T13:50:00,930.00,TIME_STOP,690.15,241.84
bb,JSWSTEEL,2024-07-16,SHORT,2024-07-16T13:50:00,932.25,934.34,929.12,321,2.09,2024-07-16T14:20:00,934.34,STOP,-670.08,-1119.46
bb,JSWSTEEL,2024-07-24,SHORT,2024-07-24T10:40:00,885.05,888.86,879.33,338,3.81,2024-07-24T11:40:00,888.86,STOP,-1289.44,-1739.12
bb,JSWSTEEL,2024-07-25,LONG,2024-07-25T14:00:00,876.80,874.33,880.51,342,2.47,2024-07-25T14:30:00,874.33,STOP,-845.77,-1294.94
bb,JSWSTEEL,2024-08-01,SHORT,2024-08-01T13:30:00,928.85,932.64,923.16,322,3.79,2024-08-01T14:00:00,932.64,STOP,-1220.41,-1669.96
bb,JSWSTEEL,2024-08-08,LONG,2024-08-08T12:50:00,902.70,899.36,907.70,332,3.34,2024-08-08T13:00:00,899.36,STOP,-1107.30,-1556.02
bb,JSWSTEEL,2024-08-09,LONG,2024-08-09T11:00:00,896.45,893.04,901.56,334,3.41,2024-08-09T11:20:00,901.56,TARGET,1708.20,1257.80
bb,JSWSTEEL,2024-08-13,SHORT,2024-08-13T10:00:00,917.25,920.76,911.99,327,3.51,2024-08-13T10:00:00,919.50,REVERSE,-735.75,-1186.21
bb,JSWSTEEL,2024-08-27,SHORT,2024-08-27T12:00:00,948.45,951.64,943.66,316,3.19,2024-08-27T13:00:00,951.64,STOP,-1008.98,-1459.30
bb,JSWSTEEL,2024-08-28,LONG,2024-08-28T12:30:00,946.90,943.71,951.68,316,3.19,2024-08-28T14:20:00,949.80,TIME_STOP,916.40,466.88
bb,JSWSTEEL,2024-08-29,SHORT,2024-08-29T11:00:00,942.35,945.33,937.88,318,2.98,2024-08-29T12:10:00,937.88,TARGET,1422.62,974.18
bb,JSWSTEEL,2024-09-02,SHORT,2024-09-02T13:30:00,941.40,944.01,937.48,318,2.61,2024-09-02T14:00:00,937.48,TARGET,1245.70,797.58
bb,JSWSTEEL,2024-09-04,LONG,2024-09-04T13:40:00,928.05,924.95,932.70,323,3.10,2024-09-04T15:00:00,932.70,TARGET,1503.56,1052.79
bb,JSWSTEEL,2024-09-05,SHORT,2024-09-05T12:50:00,932.95,935.58,929.00,321,2.63,2024-09-05T13:00:00,929.00,TARGET,1268.21,819.95
bb,JSWSTEEL,2024-09-06,LONG,2024-09-06T12:10:00,930.70,927.16,936.01,322,3.54,2024-09-06T12:30:00,936.01,TARGET,1710.97,1260.16
bb,JSWSTEEL,2024-09-09,SHORT,2024-09-09T10:40:00,926.35,930.54,920.06,323,4.19,2024-09-09T10:40:00,930.54,STOP,-1354.65,-1804.49
bb,JSWSTEEL,2024-09-11,LONG,2024-09-11T12:20:00,938.85,936.08,943.00,319,2.77,2024-09-11T12:50:00,936.08,STOP,-882.26,-1330.84
bb,JSWSTEEL,2024-09-12,LONG,2024-09-12T10:10:00,936.25,931.85,942.85,320,4.40,2024-09-12T10:20:00,931.85,STOP,-1408.82,-1857.16
bb,JSWSTEEL,2024-09-17,SHORT,2024-09-17T10:20:00,963.40,966.57,958.65,311,3.17,2024-09-17T10:50:00,966.57,STOP,-985.54,-1435.71
bb,JSWSTEEL,2024-09-18,LONG,2024-09-18T10:20:00,967.90,965.22,971.92,309,2.68,2024-09-18T10:30:00,965.22,STOP,-828.99,-1276.99
bb,JSWSTEEL,2024-09-26,LONG,2024-09-26T10:10:00,982.90,979.87,987.45,305,3.03,2024-09-26T10:10:00,987.45,TARGET,1386.38,935.66
bb,JSWSTEEL,2024-09-27,SHORT,2024-09-27T13:10:00,1001.45,1004.81,996.41,299,3.36,2024-09-27T13:30:00,1004.81,STOP,-1003.82,-1453.72
bb,JSWSTEEL,2024-10-04,LONG,2024-10-04T10:20:00,1043.30,1037.64,1051.79,287,5.66,2024-10-04T11:10:00,1051.79,TARGET,2436.95,1985.98
bb,JSWSTEEL,2024-10-10,SHORT,2024-10-10T11:50:00,998.10,1001.47,993.04,300,3.37,2024-10-10T13:00:00,1001.47,STOP,-1012.24,-1462.15
bb,JSWSTEEL,2024-10-11,SHORT,2024-10-11T13:50:00,1009.05,1011.71,1005.06,297,2.66,2024-10-11T14:40:00,1011.71,STOP,-789.75,-1239.87
bb,JSWSTEEL,2024-10-14,SHORT,2024-10-14T13:10:00,1012.95,1016.37,1007.82,296,3.42,2024-10-14T15:00:00,1012.15,TIME_STOP,236.80,-212.77
bb,JSWSTEEL,2024-10-18,LONG,2024-10-18T11:50:00,992.20,988.31,998.03,302,3.89,2024-10-18T12:30:00,998.03,TARGET,1760.85,1310.06
bb,JSWSTEEL,2024-10-21,SHORT,2024-10-21T10:00:00,986.85,991.07,980.53,303,4.22,2024-10-21T10:10:00,991.07,STOP,-1277.29,-1726.78
bb,JSWSTEEL,2024-10-24,LONG,2024-10-24T13:20:00,960.25,957.40,964.52,312,2.85,2024-10-24T14:00:00,957.40,STOP,-887.95,-1336.68
bb,JSWSTEEL,2024-10-28,LONG,2024-10-28T10:50:00,967.25,960.65,977.15,310,6.60,2024-10-28T12:40:00,968.65,TIME_STOP,434.00,-16.10
bb,JSWSTEEL,2024-10-31,LONG,2024-10-31T11:10:00,963.75,960.67,968.38,311,3.08,2024-10-31T11:40:00,960.67,STOP,-959.32,-1408.19
bb,JSWSTEEL,2024-11-04,SHORT,2024-11-04T10:10:00,957.10,961.03,951.21,313,3.93,2024-11-04T10:30:00,951.21,TARGET,1843.86,1395.89
bb,JSWSTEEL,2024-11-07,SHORT,2024-11-07T11:20:00,998.20,1002.86,991.20,300,4.66,2024-11-07T12:00:00,991.20,TARGET,2098.52,1650.90
bb,JSWSTEEL,2024-11-11,SHORT,2024-11-11T10:30:00,986.90,991.87,979.45,303,4.97,2024-11-11T10:30:00,991.87,STOP,-1504.58,-1954.26
bb,JSWSTEEL,2024-11-14,LONG,2024-11-14T10:10:00,947.15,942.32,954.39,316,4.83,2024-11-14T10:50:00,942.32,STOP,-1524.79,-1972.60
bb,JSWSTEEL,2024-11-21,LONG,2024-11-21T13:10:00,949.45,945.91,954.76,315,3.54,2024-11-21T13:20:00,945.91,STOP,-1115.52,-1563.30
bb,JSWSTEEL,2024-11-25,SHORT,2024-11-25T10:20:00,955.10,961.04,946.19,314,5.94,2024-11-25T11:10:00,961.04,STOP,-1865.45,-2316.71
bb,JSWSTEEL,2024-11-28,SHORT,2024-11-28T11:40:00,962.70,965.96,957.81,311,3.26,2024-11-28T12:00:00,965.96,STOP,-1013.03,-1462.89
bb,JSWSTEEL,2024-11-29,LONG,2024-11-29T10:50:00,963.70,959.49,970.01,311,4.21,2024-11-29T11:30:00,970.01,TARGET,1961.97,1510.93
bb,JSWSTEEL,2024-12-05,LONG,2024-12-05T12:50:00,992.55,988.82,998.15,302,3.73,2024-12-05T13:30:00,998.15,TARGET,1690.65,1239.76
bb,JSWSTEEL,2024-12-09,SHORT,2024-12-09T10:10:00,999.20,1002.82,993.77,300,3.62,2024-12-09T12:00:00,997.05,TIME_STOP,645.00,195.84
bb,JSWSTEEL,2024-12-10,SHORT,2024-12-10T13:00:00,1011.10,1014.29,1006.31,296,3.19,2024-12-10T14:50:00,1011.35,TIME_STOP,-74.00,-522.98
bb,JSWSTEEL,2024-12-11,SHORT,2024-12-11T11:40:00,1010.50,1013.82,1005.52,296,3.32,2024-12-11T11:50:00,1013.82,STOP,-983.66,-1433.06
bb,JSWSTEEL,2024-12-13,LONG,2024-12-13T13:40:00,994.80,990.58,1001.13,301,4.22,2024-12-13T15:00:00,1001.13,TARGET,1906.50,1455.92
bb,JSWSTEEL,2024-12-16,SHORT,2024-12-16T10:00:00,989.15,993.81,982.16,303,4.66,2024-12-16T11:50:00,987.10,TIME_STOP,621.15,172.05
bb,JSWSTEEL,2024-12-23,LONG,2024-12-23T10:00:00,937.20,932.50,944.25,320,4.70,2024-12-23T10:40:00,944.25,TARGET,2256.21,1804.66
bb,JSWSTEEL,2024-12-27,LONG,2024-12-27T10:20:00,923.80,921.19,927.72,324,2.61,2024-12-27T10:50:00,921.19,STOP,-845.95,-1294.28
bb,JSWSTEEL,2024-12-31,LONG,2024-12-31T14:00:00,903.20,900.93,906.61,332,2.27,2024-12-31T14:30:00,900.93,STOP,-754.70,-1203.93
bb,JSWSTEEL,2025-01-01,LONG,2025-01-01T11:10:00,908.00,904.68,912.98,330,3.32,2025-01-01T11:30:00,904.68,STOP,-1095.63,-1544.27
bb,JSWSTEEL,2025-01-02,SHORT,2025-01-02T10:20:00,902.60,905.46,898.30,332,2.86,2025-01-02T11:00:00,905.46,STOP,-950.96,-1401.17
bb,JSWSTEEL,2025-01-07,LONG,2025-01-07T10:00:00,907.05,902.87,913.32,330,4.18,2025-01-07T11:50:00,910.90,TIME_STOP,1270.50,820.56
bb,JSWSTEEL,2025-01-09,SHORT,2025-01-09T10:10:00,900.20,903.57,895.15,333,3.37,2025-01-09T11:00:00,895.15,TARGET,1681.44,1233.06
bb,JSWSTEEL,2025-01-10,LONG,2025-01-10T11:40:00,897.65,894.01,903.12,334,3.64,2025-01-10T13:30:00,903.12,TARGET,1825.50,1374.41
bb,JSWSTEEL,2025-01-15,SHORT,2025-01-15T13:30:00,905.10,907.61,901.34,331,2.51,2025-01-15T13:50:00,907.61,STOP,-829.53,-1279.53
bb,JSWSTEEL,2025-01-16,SHORT,2025-01-16T10:50:00,903.10,905.98,898.78,332,2.88,2025-01-16T11:30:00,905.98,STOP,-956.17,-1406.63
bb,JSWSTEEL,2025-01-20,LONG,2025-01-20T10:50:00,913.00,910.17,917.24,328,2.83,2025-01-20T11:00:00,917.24,TARGET,1390.10,939.86
bb,JSWSTEEL,2025-01-22,SHORT,2025-01-22T12:00:00,918.60,921.73,913.90,326,3.13,2025-01-22T12:00:00,913.90,TARGET,1532.60,1084.55
bb,JSWSTEEL,2025-01-24,SHORT,2025-01-24T14:10:00,936.50,940.45,930.57,320,3.95,2025-01-24T14:20:00,930.57,TARGET,1897.63,1449.54
bb,JSWSTEEL,2025-01-28,LONG,2025-01-28T12:20:00,916.75,913.39,921.79,327,3.36,2025-01-28T12:40:00,913.39,STOP,-1099.01,-1547.85
bb,JSWSTEEL,2025-01-31,SHORT,2025-01-31T14:10:00,945.90,949.11,941.09,317,3.21,2025-01-31T14:10:00,941.09,TARGET,1525.70,1077.07
bb,JSWSTEEL,2025-02-01,LONG,2025-02-01T10:50:00,951.40,947.78,956.83,315,3.62,2025-02-01T10:50:00,947.78,STOP,-1139.59,-1588.27
bb,JSWSTEEL,2025-02-11,SHORT,2025-02-11T13:10:00,956.40,959.90,951.15,313,3.50,2025-02-11T14:00:00,951.15,TARGET,1644.74,1196.94
bb,JSWSTEEL,2025-02-12,LONG,2025-02-12T12:20:00,958.65,953.69,966.09,312,4.96,2025-02-12T13:50:00,953.69,STOP,-1546.77,-1994.26
bb,JSWSTEEL,2025-02-19,SHORT,2025-02-19T12:50:00,974.00,976.73,969.91,308,2.73,2025-02-19T13:40:00,976.73,STOP,-839.34,-1289.96
bb,JSWSTEEL,2025-02-21,SHORT,2025-02-21T10:20:00,977.40,980.58,972.63,306,3.18,2025-02-21T10:30:00,980.58,STOP,-973.19,-1422.55
bb,JSWSTEEL,2025-02-25,LONG,2025-02-25T10:50:00,967.55,964.04,972.81,310,3.51,2025-02-25T10:50:00,966.10,REVERSE,-449.50,-899.07
bb,JSWSTEEL,2025-02-27,SHORT,2025-02-27T12:50:00,962.50,965.33,958.25,311,2.83,2025-02-27T12:50:00,965.33,STOP,-880.75,-1330.42
bb,JSWSTEEL,2025-03-04,SHORT,2025-03-04T13:00:00,969.45,972.30,965.17,309,2.85,2025-03-04T13:10:00,972.30,STOP,-881.94,-1331.94
bb,JSWSTEEL,2025-03-07,SHORT,2025-03-07T13:00:00,1010.30,1013.15,1006.02,296,2.85,2025-03-07T14:30:00,1013.15,STOP,-844.44,-1293.65
bb,JSWSTEEL,2025-03-11,LONG,2025-03-11T10:40:00,1013.15,1009.56,1018.53,296,3.59,2025-03-11T12:30:00,1014.95,TIME_STOP,532.80,82.56
bb,JSWSTEEL,2025-03-12,SHORT,2025-03-12T10:00:00,1009.05,1012.22,1004.30,297,3.17,2025-03-12T10:50:00,1004.30,TARGET,1410.94,962.47
bb,JSWSTEEL,2025-03-13,SHORT,2025-03-13T11:50:00,1004.40,1007.45,999.83,298,3.05,2025-03-13T13:40:00,1004.65,TIME_STOP,-74.50,-523.52
bb,JSWSTEEL,2025-03-17,SHORT,2025-03-17T11:00:00,1003.45,1006.26,999.24,298,2.81,2025-03-17T11:40:00,1006.26,STOP,-836.89,-1286.06
bb,JSWSTEEL,2025-03-24,SHORT,2025-03-24T12:20:00,1059.80,1063.41,1054.39,283,3.61,2025-03-24T13:20:00,1063.41,STOP,-1021.32,-1471.97
bb,JSWSTEEL,2025-03-25,LONG,2025-03-25T10:00:00,1065.90,1062.02,1071.73,281,3.88,2025-03-25T10:40:00,1062.02,STOP,-1091.25,-1539.71
bb,JSWSTEEL,2025-03-27,LONG,2025-03-27T13:00:00,1065.60,1062.56,1070.16,281,3.04,2025-03-27T13:30:00,1062.56,STOP,-853.75,-1302.26
bb,JSWSTEEL,2025-03-28,LONG,2025-03-28T11:20:00,1062.60,1059.60,1067.10,282,3.00,2025-03-28T12:10:00,1067.10,TARGET,1268.91,818.48
bb,JSWSTEEL,2025-04-01,SHORT,2025-04-01T11:30:00,1060.70,1064.21,1055.44,282,3.51,2025-04-01T13:20:00,1059.90,TIME_STOP,225.60,-222.91
bb,JSWSTEEL,2025-04-09,SHORT,2025-04-09T10:10:00,946.90,951.45,940.07,316,4.55,2025-04-09T11:40:00,951.45,STOP,-1439.35,-1889.26
bb,JSWSTEEL,2025-04-16,SHORT,2025-04-16T10:40:00,995.30,998.51,990.48,301,3.21,2025-04-16T12:20:00,998.51,STOP,-967.48,-1417.59
bb,JSWSTEEL,2025-04-17,LONG,2025-04-17T12:20:00,1001.50,997.22,1007.92,299,4.28,2025-04-17T14:10:00,1003.00,TIME_STOP,448.50,-1.01
bb,JSWSTEEL,2025-04-23,SHORT,2025-04-23T10:00:00,1041.40,1045.45,1035.33,288,4.05,2025-04-23T10:10:00,1035.33,TARGET,1749.58,1301.01
bb,JSWSTEEL,2025-04-24,LONG,2025-04-24T12:40:00,1039.50,1036.59,1043.86,288,2.91,2025-04-24T14:00:00,1043.86,TARGET,1255.67,805.67
bb,JSWSTEEL,2025-04-25,SHORT,2025-04-25T10:20:00,1030.60,1035.25,1023.63,291,4.65,2025-04-25T10:50:00,1023.63,TARGET,2029.51,1581.18
bb,JSWSTEEL,2025-04-28,LONG,2025-04-28T10:00:00,1036.80,1032.04,1043.94,289,4.76,2025-04-28T10:10:00,1043.94,TARGET,2064.87,1613.87
bb,JSWSTEEL,2025-04-29,SHORT,2025-04-29T12:10:00,1045.50,1049.70,1039.19,286,4.20,2025-04-29T12:20:00,1039.19,TARGET,1803.40,1356.23
bb,JSWSTEEL,2025-05-09,LONG,2025-05-09T12:20:00,958.30,954.03,964.70,313,4.27,2025-05-09T12:20:00,954.03,STOP,-1336.26,-1785.18
bb,JSWSTEEL,2025-05-14,SHORT,2025-05-14T12:10:00,995.70,999.03,990.70,301,3.33,2025-05-14T12:50:00,990.70,TARGET,1505.01,1056.58
bb,JSWSTEEL,2025-05-16,SHORT,2025-05-16T12:00:00,1025.70,1029.29,1020.32,292,3.59,2025-05-16T13:50:00,1023.40,TIME_STOP,671.60,222.85
bb,JSWSTEEL,2025-05-19,LONG,2025-05-19T10:00:00,1026.70,1023.34,1031.73,292,3.36,2025-05-19T10:30:00,1023.34,STOP,-980.05,-1429.01
bb,JSWSTEEL,2025-05-20,SHORT,2025-05-20T13:00:00,1020.90,1023.90,1016.41,293,3.00,2025-05-20T14:20:00,1016.41,TARGET,1316.69,869.00
bb,JSWSTEEL,2025-05-26,SHORT,2025-05-26T10:00:00,1006.40,1010.87,999.69,298,4.47,2025-05-26T10:00:00,1010.87,STOP,-1332.25,-1783.11
bb,JSWSTEEL,2025-05-27,SHORT,2025-05-27T13:00:00,1019.90,1023.24,1014.90,294,3.34,2025-05-27T14:00:00,1014.90,TARGET,1471.04,1022.36
bb,JSWSTEEL,2025-06-03,LONG,2025-06-03T11:40:00,980.00,976.64,985.05,306,3.36,2025-06-03T11:40:00,976.64,STOP,-1029.68,-1478.72
bb,JSWSTEEL,2025-06-04,LONG,2025-06-04T10:50:00,978.00,974.64,983.05,306,3.36,2025-06-04T10:50:00,974.64,STOP,-1029.26,-1477.39
bb,JSWSTEEL,2025-06-05,SHORT,2025-06-05T11:20:00,967.15,970.20,962.58,310,3.05,2025-06-05T12:00:00,970.20,STOP,-944.65,-1395.09
bb,JSWSTEEL,2025-06-10,SHORT,2025-06-10T12:10:00,1006.30,1009.39,1001.66,298,3.09,2025-06-10T12:20:00,1001.66,TARGET,1383.06,934.28
bb,JSWSTEEL,2025-06-11,SHORT,2025-06-11T13:50:00,1008.50,1010.42,1005.62,297,1.92,2025-06-11T15:20:00,1006.50,EOD,594.00,145.16
bb,JSWSTEEL,2025-06-16,LONG,2025-06-16T10:40:00,993.45,989.93,998.73,301,3.52,2025-06-16T11:30:00,998.73,TARGET,1590.10,1140.37
bb,JSWSTEEL,2025-06-17,SHORT,2025-06-17T13:10:00,998.95,1001.25,995.50,300,2.30,2025-06-17T14:00:00,1001.25,STOP,-690.76,-1140.81
bb,JSWSTEEL,2025-06-19,LONG,2025-06-19T10:10:00,992.00,989.22,996.18,302,2.78,2025-06-19T12:00:00,992.70,TIME_STOP,211.40,-238.13
bb,JSWSTEEL,2025-06-23,LONG,2025-06-23T13:00:00,1000.25,997.07,1005.01,299,3.18,2025-06-23T14:50:00,999.30,TIME_STOP,-284.05,-732.45
bb,JSWSTEEL,2025-06-25,LONG,2025-06-25T10:10:00,1015.00,1011.55,1020.17,295,3.45,2025-06-25T12:00:00,1015.80,TIME_STOP,236.00,-213.31
bb,JSWSTEEL,2025-06-26,SHORT,2025-06-26T11:40:00,1020.00,1023.87,1014.20,294,3.87,2025-06-26T12:50:00,1023.87,STOP,-1137.74,-1588.42
bb,JSWSTEEL,2025-06-27,SHORT,2025-06-27T12:00:00,1026.00,1029.07,1021.39,292,3.07,2025-06-27T12:20:00,1029.07,STOP,-896.75,-1346.81
bb,JSWSTEEL,2025-07-01,LONG,2025-07-01T12:50:00,1027.40,1024.36,1031.96,291,3.04,2025-07-01T14:40:00,1028.00,TIME_STOP,174.60,-273.99
bb,JSWSTEEL,2025-07-03,SHORT,2025-07-03T13:10:00,1053.30,1055.93,1049.36,284,2.63,2025-07-03T13:50:00,1049.36,TARGET,1119.79,671.92
bb,JSWSTEEL,2025-07-07,SHORT,2025-07-07T13:20:00,1039.60,1041.79,1036.31,288,2.19,2025-07-07T13:30:00,1041.79,STOP,-631.17,-1080.75
bb,JSWSTEEL,2025-07-09,LONG,2025-07-09T11:00:00,1044.20,1040.93,1049.10,287,3.27,2025-07-09T12:00:00,1040.93,STOP,-937.41,-1386.24
bb,JSWSTEEL,2025-07-10,SHORT,2025-07-10T10:30:00,1038.00,1041.08,1033.38,289,3.08,2025-07-10T11:30:00,1041.08,STOP,-890.18,-1340.82
bb,JSWSTEEL,2025-07-11,SHORT,2025-07-11T11:30:00,1040.20,1043.36,1035.47,288,3.16,2025-07-11T11:50:00,1043.36,STOP,-909.05,-1359.10
bb,JSWSTEEL,2025-07-14,LONG,2025-07-14T10:10:00,1041.70,1039.23,1045.41,287,2.47,2025-07-14T11:20:00,1039.23,STOP,-709.06,-1156.98
bb,JSWSTEEL,2025-07-15,LONG,2025-07-15T11:50:00,1038.80,1035.80,1043.30,288,3.00,2025-07-15T13:10:00,1035.80,STOP,-863.43,-1311.54
bb,JSWSTEEL,2025-07-17,LONG,2025-07-17T13:30:00,1033.70,1030.52,1038.47,290,3.18,2025-07-17T13:30:00,1038.47,TARGET,1383.97,933.27
bb,JSWSTEEL,2025-07-18,SHORT,2025-07-18T11:00:00,1032.60,1036.16,1027.26,290,3.56,2025-07-18T12:20:00,1027.26,TARGET,1547.80,1099.78
bb,JSWSTEEL,2025-07-21,LONG,2025-07-21T13:50:00,1033.60,1030.38,1038.44,290,3.22,2025-07-21T15:20:00,1036.10,EOD,725.00,274.84
bb,JSWSTEEL,2025-07-22,SHORT,2025-07-22T13:50:00,1033.00,1035.06,1029.91,290,2.06,2025-07-22T15:00:00,1029.91,TARGET,895.03,446.35
bb,JSWSTEEL,2025-07-25,SHORT,2025-07-25T10:30:00,1026.40,1029.33,1022.01,292,2.93,2025-07-25T11:20:00,1022.01,TARGET,1281.42,832.82
bb,JSWSTEEL,2025-07-28,SHORT,2025-07-28T11:00:00,1021.90,1025.24,1016.90,293,3.34,2025-07-28T12:40:00,1025.24,STOP,-977.23,-1427.09
bb,JSWSTEEL,2025-07-30,SHORT,2025-07-30T10:40:00,1035.10,1039.12,1029.07,289,4.02,2025-07-30T10:50:00,1039.12,STOP,-1161.41,-1611.00
bb,JSWSTEEL,2025-08-04,LONG,2025-08-04T12:50:00,1053.80,1048.82,1061.28,284,4.98,2025-08-04T13:30:00,1048.82,STOP,-1415.32,-1863.18
bb,JSWSTEEL,2025-08-05,SHORT,2025-08-05T12:10:00,1050.40,1053.32,1046.01,285,2.92,2025-08-05T12:10:00,1053.32,STOP,-833.55,-1283.23
bb,JSWSTEEL,2025-08-06,SHORT,2025-08-06T11:00:00,1047.40,1050.81,1042.29,286,3.41,2025-08-06T12:00:00,1050.81,STOP,-974.59,-1424.65
bb,JSWSTEEL,2025-08-07,LONG,2025-08-07T12:20:00,1053.20,1050.38,1057.43,284,2.82,2025-08-07T13:00:00,1057.43,TARGET,1200.97,751.41
bb,JSWSTEEL,2025-08-08,SHORT,2025-08-08T11:50:00,1054.20,1057.78,1048.83,284,3.58,2025-08-08T12:20:00,1048.83,TARGET,1525.03,1077.09
bb,JSWSTEEL,2025-08-11,LONG,2025-08-11T10:40:00,1050.80,1046.72,1056.92,285,4.08,2025-08-11T11:30:00,1056.92,TARGET,1742.93,1292.40
bb,JSWSTEEL,2025-08-12,SHORT,2025-08-12T10:30:00,1054.60,1057.95,1049.57,284,3.35,2025-08-12T12:00:00,1057.20,REVERSE,-738.40,-1188.21
bb,JSWSTEEL,2025-08-13,LONG,2025-08-13T10:00:00,1057.60,1054.87,1061.70,283,2.73,2025-08-13T10:10:00,1054.87,STOP,-772.92,-1221.29
bb,JSWSTEEL,2025-08-19,SHORT,2025-08-19T13:00:00,1071.90,1074.71,1067.69,279,2.81,2025-08-19T14:30:00,1074.71,STOP,-783.51,-1232.68
bb,JSWSTEEL,2025-08-20,LONG,2025-08-20T10:30:00,1075.30,1072.53,1079.46,278,2.77,2025-08-20T10:40:00,1079.46,TARGET,1156.59,707.32
bb,JSWSTEEL,2025-08-21,SHORT,2025-08-21T11:30:00,1081.40,1083.84,1077.74,277,2.44,2025-08-21T11:30:00,1083.84,STOP,-675.54,-1125.37
bb,JSWSTEEL,2025-08-28,LONG,2025-08-28T11:50:00,1054.10,1050.94,1058.83,284,3.16,2025-08-28T12:00:00,1050.94,STOP,-896.38,-1344.75
bb,JSWSTEEL,2025-09-01,LONG,2025-09-01T10:00:00,1032.90,1029.84,1037.49,290,3.06,2025-09-01T10:20:00,1029.84,STOP,-886.69,-1335.33
bb,JSWSTEEL,2025-09-05,LONG,2025-09-05T14:00:00,1071.90,1069.67,1075.24,279,2.23,2025-09-05T15:20:00,1073.60,EOD,474.30,25.35
bb,JSWSTEEL,2025-09-09,SHORT,2025-09-09T10:30:00,1098.30,1101.60,1093.35,273,3.30,2025-09-09T11:10:00,1101.60,STOP,-901.26,-1351.69
bb,JSWSTEEL,2025-09-12,LONG,2025-09-12T14:10:00,1101.30,1099.17,1104.50,272,2.13,2025-09-12T14:20:00,1099.17,STOP,-580.31,-1029.20
bb,JSWSTEEL,2025-09-15,LONG,2025-09-15T11:00:00,1100.00,1097.28,1104.08,272,2.72,2025-09-15T12:50:00,1101.40,TIME_STOP,380.80,-68.29
bb,JSWSTEEL,2025-09-17,SHORT,2025-09-17T12:30:00,1112.50,1114.74,1109.15,269,2.24,2025-09-17T13:10:00,1114.74,STOP,-601.57,-1050.91
bb,JSWSTEEL,2025-09-22,SHORT,2025-09-22T11:20:00,1119.70,1122.23,1115.91,267,2.53,2025-09-22T11:40:00,1122.23,STOP,-675.33,-1124.28
bb,JSWSTEEL,2025-09-23,LONG,2025-09-23T10:20:00,1123.10,1119.62,1128.32,267,3.48,2025-09-23T11:20:00,1119.62,STOP,-928.75,-1377.86
bb,JSWSTEEL,2025-09-25,SHORT,2025-09-25T11:40:00,1146.40,1149.86,1141.22,261,3.46,2025-09-25T13:00:00,1149.86,STOP,-902.13,-1351.63
bb,JSWSTEEL,2025-09-30,LONG,2025-09-30T10:20:00,1139.90,1136.03,1145.71,263,3.87,2025-09-30T11:40:00,1145.71,TARGET,1527.11,1076.28
bb,JSWSTEEL,2025-10-01,SHORT,2025-10-01T10:30:00,1138.50,1142.11,1133.08,263,3.61,2025-10-01T10:50:00,1133.08,TARGET,1424.63,976.56
bb,JSWSTEEL,2025-10-06,LONG,2025-10-06T13:50:00,1158.50,1155.53,1162.96,258,2.97,2025-10-06T13:50:00,1155.53,STOP,-766.39,-1214.16
bb,JSWSTEEL,2025-10-10,LONG,2025-10-10T14:00:00,1167.10,1164.02,1171.72,257,3.08,2025-10-10T15:20:00,1168.30,EOD,308.40,-141.75
bb,JSWSTEEL,2025-10-14,SHORT,2025-10-14T11:10:00,1155.80,1158.71,1151.44,259,2.91,2025-10-14T11:20:00,1151.44,TARGET,1129.41,681.23
bb,JSWSTEEL,2025-10-17,SHORT,2025-10-17T12:50:00,1167.20,1169.78,1163.33,257,2.58,2025-10-17T12:50:00,1169.78,STOP,-663.38,-1113.83
bb,JSWSTEEL,2025-10-30,SHORT,2025-10-30T12:00:00,1202.50,1206.12,1197.07,249,3.62,2025-10-30T12:10:00,1206.12,STOP,-901.23,-1351.04
bb,JSWSTEEL,2025-11-07,LONG,2025-11-07T12:10:00,1164.90,1161.38,1170.18,257,3.52,2025-11-07T12:20:00,1162.00,REVERSE,-745.30,-1193.81
bb,JSWSTEEL,2025-11-11,SHORT,2025-11-11T10:00:00,1174.60,1178.23,1169.15,255,3.63,2025-11-11T10:40:00,1169.15,TARGET,1390.26,942.01
bb,JSWSTEEL,2025-11-12,SHORT,2025-11-12T11:10:00,1182.90,1186.84,1176.98,253,3.94,2025-11-12T13:00:00,1186.84,STOP,-998.04,-1447.70
bb,JSWSTEEL,2025-11-17,SHORT,2025-11-17T12:10:00,1168.50,1171.57,1163.90,256,3.07,2025-11-17T12:50:00,1171.57,STOP,-785.76,-1235.05
bb,JSWSTEEL,2025-11-18,LONG,2025-11-18T13:50:00,1167.20,1164.69,1170.97,257,2.51,2025-11-18T14:30:00,1164.69,STOP,-646.13,-1095.60
bb,JSWSTEEL,2025-11-19,LONG,2025-11-19T12:40:00,1170.00,1166.98,1174.53,256,3.02,2025-11-19T13:40:00,1166.98,STOP,-773.29,-1221.99
bb,JSWSTEEL,2025-11-20,SHORT,2025-11-20T10:10:00,1163.30,1166.63,1158.31,257,3.33,2025-11-20T10:10:00,1166.63,STOP,-854.63,-1303.72
bb,JSWSTEEL,2025-11-25,LONG,2025-11-25T12:20:00,1119.60,1116.20,1124.70,267,3.40,2025-11-25T13:20:00,1116.60,REVERSE,-801.00,-1248.80
bb,JSWSTEEL,2025-11-27,SHORT,2025-11-27T11:20:00,1147.80,1151.19,1142.72,261,3.39,2025-11-27T12:30:00,1142.72,TARGET,1325.74,877.37
bb,JSWSTEEL,2025-12-01,SHORT,2025-12-01T11:30:00,1161.00,1165.31,1154.53,258,4.31,2025-12-01T13:20:00,1160.90,TIME_STOP,25.80,-423.49
bb,JSWSTEEL,2025-12-02,SHORT,2025-12-02T10:20:00,1163.50,1167.24,1157.90,257,3.74,2025-12-02T10:20:00,1165.10,REVERSE,-411.20,-860.04
bb,JSWSTEEL,2025-12-03,LONG,2025-12-03T13:20:00,1162.40,1158.84,1167.73,258,3.56,2025-12-03T13:30:00,1167.73,TARGET,1375.93,925.05
bb,JSWSTEEL,2025-12-04,LONG,2025-12-04T11:20:00,1152.10,1145.23,1162.41,260,6.87,2025-12-04T11:30:00,1147.20,REVERSE,-1274.00,-1722.36
bb,JSWSTEEL,2025-12-05,LONG,2025-12-05T11:50:00,1156.30,1152.66,1161.77,259,3.64,2025-12-05T12:40:00,1161.77,TARGET,1415.62,965.33
bb,JSWSTEEL,2025-12-08,SHORT,2025-12-08T10:20:00,1144.00,1148.17,1137.74,262,4.17,2025-12-08T10:30:00,1148.17,STOP,-1093.77,-1544.18
bb,JSWSTEEL,2025-12-11,LONG,2025-12-11T10:40:00,1107.80,1103.66,1114.01,270,4.14,2025-12-11T12:00:00,1103.66,STOP,-1116.96,-1564.78
bb,JSWSTEEL,2025-12-18,LONG,2025-12-18T11:20:00,1087.00,1083.26,1092.61,275,3.74,2025-12-18T13:10:00,1088.30,TIME_STOP,357.50,-91.16
bb,JSWSTEEL,2025-12-19,LONG,2025-12-19T10:20:00,1085.30,1081.73,1090.66,276,3.57,2025-12-19T10:20:00,1083.40,REVERSE,-524.40,-973.32
bb,JSWSTEEL,2025-12-24,SHORT,2025-12-24T11:00:00,1091.20,1093.62,1087.57,274,2.42,2025-12-24T11:10:00,1093.62,STOP,-663.26,-1112.24
bb,JSWSTEEL,2025-12-26,LONG,2025-12-26T12:20:00,1097.40,1094.07,1102.39,273,3.33,2025-12-26T12:30:00,1094.07,STOP,-909.06,-1357.76
bb,JSWSTEEL,2025-12-29,SHORT,2025-12-29T13:20:00,1094.80,1098.50,1089.25,274,3.70,2025-12-29T15:10:00,1093.20,TIME_STOP,438.40,-11.23
bb,JSWSTEEL,2025-12-30,LONG,2025-12-30T10:30:00,1100.00,1096.94,1104.60,272,3.06,2025-12-30T11:00:00,1096.94,STOP,-833.34,-1281.52
bb,JSWSTEEL,2026-01-06,SHORT,2026-01-06T12:20:00,1185.80,1188.72,1181.41,252,2.92,2026-01-06T14:00:00,1181.41,TARGET,1105.07,657.66
bb,JSWSTEEL,2026-01-07,LONG,2026-01-07T11:10:00,1184.20,1180.52,1189.73,253,3.68,2026-01-07T11:20:00,1180.52,STOP,-932.27,-1380.97
bb,JSWSTEEL,2026-01-12,LONG,2026-01-12T12:40:00,1170.90,1166.44,1177.59,256,4.46,2026-01-12T13:40:00,1177.59,TARGET,1713.78,1262.87
bb,JSWSTEEL,2026-01-13,SHORT,2026-01-13T12:40:00,1177.00,1180.89,1171.16,254,3.89,2026-01-13T12:50:00,1180.89,STOP,-988.80,-1437.98
bb,JSWSTEEL,2026-01-14,SHORT,2026-01-14T14:00:00,1184.10,1187.80,1178.55,253,3.70,2026-01-14T15:20:00,1181.80,EOD,581.90,132.97
bb,JSWSTEEL,2026-01-19,SHORT,2026-01-19T12:10:00,1184.50,1188.14,1179.04,253,3.64,2026-01-19T12:40:00,1179.04,TARGET,1380.26,931.78
bb,JSWSTEEL,2026-01-21,LONG,2026-01-21T12:20:00,1174.00,1169.87,1180.19,255,4.13,2026-01-21T13:20:00,1169.87,STOP,-1052.61,-1500.88
bb,JSWSTEEL,2026-01-22,SHORT,2026-01-22T14:10:00,1178.40,1182.04,1172.94,254,3.64,2026-01-22T14:30:00,1182.04,STOP,-924.25,-1373.92
bb,JSWSTEEL,2026-01-23,SHORT,2026-01-23T11:30:00,1177.70,1181.65,1171.77,254,3.95,2026-01-23T11:40:00,1171.77,TARGET,1506.36,1058.79
bb,JSWSTEEL,2026-02-04,SHORT,2026-02-04T11:50:00,1230.10,1234.02,1224.23,243,3.92,2026-02-04T13:40:00,1226.20,TIME_STOP,947.70,500.04
bb,JSWSTEEL,2026-02-05,LONG,2026-02-05T12:10:00,1229.50,1225.41,1235.64,244,4.09,2026-02-05T12:30:00,1225.41,STOP,-998.58,-1447.82
bb,JSWSTEEL,2026-02-06,SHORT,2026-02-06T10:40:00,1225.60,1229.11,1220.33,244,3.51,2026-02-06T11:10:00,1229.11,STOP,-857.27,-1306.48
bb,JSWSTEEL,2026-02-10,SHORT,2026-02-10T14:10:00,1243.50,1246.19,1239.47,241,2.69,2026-02-10T15:20:00,1243.30,EOD,48.20,-401.29
bb,JSWSTEEL,2026-02-11,SHORT,2026-02-11T10:10:00,1239.10,1242.51,1233.99,242,3.41,2026-02-11T10:20:00,1242.51,STOP,-825.18,-1275.59
bb,JSWSTEEL,2026-02-12,SHORT,2026-02-12T10:40:00,1245.20,1248.61,1240.08,240,3.41,2026-02-12T11:30:00,1248.61,STOP,-819.36,-1268.25
bb,JSWSTEEL,2026-02-13,LONG,2026-02-13T13:10:00,1239.50,1236.17,1244.49,242,3.33,2026-02-13T13:50:00,1236.17,STOP,-805.38,-1254.72
bb,JSWSTEEL,2026-02-16,LONG,2026-02-16T13:00:00,1240.80,1237.77,1245.34,241,3.03,2026-02-16T14:40:00,1245.34,TARGET,1093.84,644.47
bb,JSWSTEEL,2026-02-20,LONG,2026-02-20T11:00:00,1240.50,1236.58,1246.38,241,3.92,2026-02-20T11:30:00,1246.38,TARGET,1417.13,967.63
bb,JSWSTEEL,2026-02-23,LONG,2026-02-23T10:20:00,1244.50,1240.26,1250.86,241,4.24,2026-02-23T11:00:00,1240.26,STOP,-1021.77,-1470.89
bb,JSWSTEEL,2026-02-27,SHORT,2026-02-27T10:10:00,1266.40,1270.45,1260.33,236,4.05,2026-02-27T12:00:00,1270.45,STOP,-955.50,-1404.52
bb,JSWSTEEL,2026-03-10,LONG,2026-03-10T10:00:00,1201.60,1195.06,1211.41,249,6.54,2026-03-10T11:50:00,1206.40,TIME_STOP,1195.20,745.51
bb,JSWSTEEL,2026-03-11,SHORT,2026-03-11T10:20:00,1195.30,1201.21,1186.43,250,5.91,2026-03-11T11:10:00,1201.21,STOP,-1478.15,-1927.50
bb,JSWSTEEL,2026-03-12,LONG,2026-03-12T14:00:00,1177.50,1172.44,1185.08,254,5.06,2026-03-12T14:10:00,1172.44,STOP,-1284.01,-1731.67
bb,HINDALCO,2024-03-19,SHORT,2024-03-19T11:00:00,530.75,533.26,526.99,565,2.51,2024-03-19T11:10:00,533.26,STOP,-1416.71,-1867.58
bb,HINDALCO,2024-03-28,LONG,2024-03-28T13:20:00,561.65,559.99,564.14,534,1.66,2024-03-28T13:50:00,564.14,TARGET,1330.55,879.68
bb,HINDALCO,2024-04-02,SHORT,2024-04-02T10:00:00,563.85,566.04,560.56,532,2.19,2024-04-02T10:20:00,566.04,STOP,-1167.68,-1618.51
bb,HINDALCO,2024-04-04,SHORT,2024-04-04T11:30:00,575.80,578.45,571.83,521,2.65,2024-04-04T12:20:00,571.83,TARGET,2068.69,1620.25
bb,HINDALCO,2024-04-12,SHORT,2024-04-12T12:30:00,597.20,599.31,594.03,502,2.11,2024-04-12T13:40:00,599.31,STOP,-1060.16,-1510.65
bb,HINDALCO,2024-04-18,LONG,2024-04-18T10:20:00,616.25,613.40,620.52,486,2.85,2024-04-18T10:40:00,620.52,TARGET,2074.79,1623.99
bb,HINDALCO,2024-04-19,LONG,2024-04-19T14:00:00,614.45,611.79,618.43,488,2.66,2024-04-19T14:40:00,611.79,STOP,-1296.10,-1744.90
bb,HINDALCO,2024-04-29,SHORT,2024-04-29T10:20:00,641.70,644.61,637.33,467,2.91,2024-04-29T10:20:00,644.61,STOP,-1359.25,-1809.78
bb,HINDALCO,2024-04-30,SHORT,2024-04-30T11:20:00,644.50,646.60,641.34,465,2.10,2024-04-30T12:20:00,646.60,STOP,-978.57,-1428.85
bb,HINDALCO,2024-05-03,LONG,2024-05-03T10:10:00,648.15,645.16,652.63,462,2.99,2024-05-03T11:30:00,645.16,STOP,-1379.15,-1827.28
bb,HINDALCO,2024-05-07,SHORT,2024-05-07T10:40:00,632.65,635.65,628.14,474,3.00,2024-05-07T11:00:00,628.14,TARGET,2136.23,1688.02
bb,HINDALCO,2024-05-08,LONG,2024-05-08T10:10:00,625.35,622.15,630.15,479,3.20,2024-05-08T10:30:00,622.15,STOP,-1531.85,-1980.01
bb,HINDALCO,2024-05-09,SHORT,2024-05-09T11:30:00,627.25,630.10,622.98,478,2.85,2024-05-09T11:40:00,630.10,STOP,-1360.49,-1811.25
bb,HINDALCO,2024-05-13,LONG,2024-05-13T12:20:00,622.90,620.40,626.65,481,2.50,2024-05-13T13:40:00,626.65,TARGET,1805.57,1354.79
bb,HINDALCO,2024-05-16,SHORT,2024-05-16T11:20:00,649.70,652.65,645.27,461,2.95,2024-05-16T12:50:00,652.65,STOP,-1361.47,-1811.75
bb,HINDALCO,2024-05-22,SHORT,2024-05-22T10:40:00,682.35,686.05,676.80,439,3.70,2024-05-22T10:50:00,686.05,STOP,-1625.75,-2076.29
bb,HINDALCO,2024-05-24,SHORT,2024-05-24T13:30:00,676.55,678.96,672.94,443,2.41,2024-05-24T13:50:00,678.96,STOP,-1065.86,-1516.23
bb,HINDALCO,2024-05-27,LONG,2024-05-27T14:10:00,684.00,681.52,687.71,438,2.48,2024-05-27T14:20:00,681.52,STOP,-1084.70,-1533.28
bb,HINDALCO,2024-05-28,SHORT,2024-05-28T12:50:00,679.75,682.56,675.54,441,2.81,2024-05-28T13:00:00,682.56,STOP,-1239.18,-1689.76
bb,HINDALCO,2024-05-30,SHORT,2024-05-30T14:10:00,703.05,705.41,699.50,426,2.36,2024-05-30T14:10:00,699.50,TARGET,1510.20,1062.08
bb,HINDALCO,2024-05-31,LONG,2024-05-31T13:30:00,699.95,697.02,704.34,428,2.93,2024-05-31T14:30:00,697.02,STOP,-1252.14,-1700.57
bb,HINDALCO,2024-06-05,LONG,2024-06-05T11:40:00,653.55,644.63,666.93,280,8.92,2024-06-05T13:10:00,666.93,TARGET,3747.19,3469.89
bb,HINDALCO,2024-06-06,SHORT,2024-06-06T13:30:00,676.00,680.14,669.79,443,4.14,2024-06-06T13:30:00,680.14,STOP,-1834.33,-2284.90
bb,HINDALCO,2024-06-07,SHORT,2024-06-07T12:20:00,678.60,681.37,674.45,442,2.77,2024-06-07T12:30:00,681.37,STOP,-1222.38,-1673.20
bb,HINDALCO,2024-06-10,LONG,2024-06-10T10:30:00,682.95,679.75,687.76,439,3.20,2024-06-10T10:40:00,679.75,STOP,-1406.90,-1855.57
bb,HINDALCO,2024-06-12,SHORT,2024-06-12T10:40:00,674.75,677.56,670.54,444,2.81,2024-06-12T11:00:00,677.56,STOP,-1246.30,-1696.62
bb,HINDALCO,2024-06-18,SHORT,2024-06-18T10:30:00,681.05,683.09,677.99,440,2.04,2024-06-18T10:30:00,683.09,STOP,-896.96,-1347.12
bb,HINDALCO,2024-06-20,LONG,2024-06-20T12:20:00,681.25,678.41,685.52,440,2.84,2024-06-20T14:00:00,678.41,STOP,-1251.71,-1700.39
bb,HINDALCO,2024-06-24,LONG,2024-06-24T10:50:00,687.20,684.29,691.56,436,2.91,2024-06-24T11:40:00,684.29,STOP,-1267.57,-1716.05
bb,HINDALCO,2024-06-25,SHORT,2024-06-25T12:50:00,683.80,685.99,680.52,438,2.19,2024-06-25T13:20:00,685.99,STOP,-959.16,-1409.14
bb,HINDALCO,2024-07-01,SHORT,2024-07-01T13:40:00,692.20,693.57,690.15,433,1.37,2024-07-01T14:40:00,690.15,TARGET,888.76,439.84
bb,HINDALCO,2024-07-02,LONG,2024-07-02T10:30:00,693.05,691.15,695.90,432,1.90,2024-07-02T10:50:00,695.90,TARGET,1231.61,781.59
bb,HINDALCO,2024-07-03,SHORT,2024-07-03T10:10:00,693.45,695.73,690.02,432,2.28,2024-07-03T10:30:00,690.02,TARGET,1479.91,1031.66
bb,HINDALCO,2024-07-08,SHORT,2024-07-08T11:50:00,693.75,696.48,689.65,432,2.73,2024-07-08T13:40:00,694.30,TIME_STOP,-237.60,-687.33
bb,HINDALCO,2024-07-10,SHORT,2024-07-10T10:30:00,693.80,696.98,689.04,432,3.18,2024-07-10T10:40:00,689.04,TARGET,2057.63,1609.59
bb,HINDALCO,2024-07-12,SHORT,2024-07-12T10:40:00,694.35,697.04,690.31,432,2.69,2024-07-12T11:30:00,690.31,TARGET,1744.70,1296.07
bb,HINDALCO,2024-07-16,SHORT,2024-07-16T11:30:00,695.95,697.74,693.26,431,1.79,2024-07-16T11:40:00,697.74,STOP,-773.56,-1224.08
bb,HINDALCO,2024-07-18,LONG,2024-07-18T13:00:00,692.80,690.50,696.25,433,2.30,2024-07-18T14:20:00,691.30,REVERSE,-649.50,-1098.99
bb,HINDALCO,2024-07-22,LONG,2024-07-22T10:50:00,670.05,667.31,674.16,447,2.74,2024-07-22T12:40:00,667.31,STOP,-1223.36,-1671.71
bb,HINDALCO,2024-07-23,SHORT,2024-07-23T10:00:00,665.50,668.25,661.38,450,2.75,2024-07-23T11:20:00,661.38,TARGET,1853.48,1405.66
bb,HINDALCO,2024-07-24,LONG,2024-07-24T12:00:00,654.30,651.48,658.53,458,2.82,2024-07-24T12:30:00,651.48,STOP,-1291.34,-1739.87
bb,HINDALCO,2024-07-30,SHORT,2024-07-30T10:00:00,657.75,660.32,653.90,456,2.57,2024-07-30T11:50:00,656.20,TIME_STOP,706.80,257.43
bb,HINDALCO,2024-08-01,SHORT,2024-08-01T12:50:00,671.45,673.67,668.12,446,2.22,2024-08-01T13:40:00,668.12,TARGET,1487.21,1039.13
bb,HINDALCO,2024-08-07,LONG,2024-08-07T10:10:00,626.15,622.62,631.45,479,3.53,2024-08-07T11:20:00,622.62,STOP,-1691.22,-2139.84
bb,HINDALCO,2024-08-08,SHORT,2024-08-08T10:20:00,619.95,623.24,615.02,483,3.29,2024-08-08T11:30:00,615.02,TARGET,2381.28,1933.91
bb,HINDALCO,2024-08-09,SHORT,2024-08-09T13:20:00,616.05,617.90,613.27,486,1.85,2024-08-09T13:20:00,617.90,STOP,-899.65,-1349.43
bb,HINDALCO,2024-08-13,SHORT,2024-08-13T10:50:00,626.25,628.91,622.27,479,2.66,2024-08-13T12:00:00,628.91,STOP,-1272.18,-1723.09
bb,HINDALCO,2024-08-23,SHORT,2024-08-23T12:50:00,683.00,685.32,679.52,439,2.32,2024-08-23T13:00:00,679.52,TARGET,1526.44,1077.83
bb,HINDALCO,2024-08-27,SHORT,2024-08-27T13:00:00,705.00,706.81,702.29,425,1.81,2024-08-27T13:40:00,706.81,STOP,-767.15,-1217.17
bb,HINDALCO,2024-08-28,LONG,2024-08-28T11:40:00,707.35,705.45,710.20,424,1.90,2024-08-28T13:00:00,710.20,TARGET,1208.55,757.77
bb,HINDALCO,2024-09-05,LONG,2024-09-05T10:00:00,668.85,666.68,672.10,448,2.17,2024-09-05T11:00:00,672.10,TARGET,1457.29,1006.73
bb,HINDALCO,2024-09-06,SHORT,2024-09-06T10:40:00,667.10,669.80,663.05,449,2.70,2024-09-06T10:40:00,669.80,STOP,-1213.11,-1663.31
bb,HINDALCO,2024-09-10,SHORT,2024-09-10T11:00:00,655.80,657.92,652.62,457,2.12,2024-09-10T12:00:00,657.92,STOP,-968.30,-1418.58
bb,HINDALCO,2024-09-13,SHORT,2024-09-13T14:00:00,671.60,673.76,668.36,446,2.16,2024-09-13T14:40:00,673.76,STOP,-962.80,-1412.83
bb,HINDALCO,2024-09-19,SHORT,2024-09-19T10:50:00,678.00,681.07,673.40,442,3.07,2024-09-19T11:10:00,673.40,TARGET,2033.53,1585.55
bb,HINDALCO,2024-09-26,LONG,2024-09-26T11:00:00,721.75,718.90,726.02,415,2.85,2024-09-26T11:30:00,726.02,TARGET,1771.78,1321.16
bb,HINDALCO,2024-10-03,SHORT,2024-10-03T10:20:00,754.10,758.16,748.01,397,4.06,2024-10-03T10:30:00,758.16,STOP,-1611.06,-2061.33
bb,HINDALCO,2024-10-04,LONG,2024-10-04T12:00:00,752.35,749.01,757.35,398,3.34,2024-10-04T12:40:00,749.01,STOP,-1327.56,-1775.71
bb,HINDALCO,2024-10-08,LONG,2024-10-08T11:40:00,730.60,726.40,736.90,410,4.20,2024-10-08T11:40:00,726.40,STOP,-1721.36,-2169.39
bb,HINDALCO,2024-10-14,SHORT,2024-10-14T11:00:00,742.00,744.99,737.51,404,2.99,2024-10-14T11:40:00,744.99,STOP,-1209.71,-1660.27
bb,HINDALCO,2024-10-16,SHORT,2024-10-16T12:10:00,728.85,731.34,725.12,411,2.49,2024-10-16T13:00:00,731.34,STOP,-1023.16,-1473.26
bb,HINDALCO,2024-10-18,LONG,2024-10-18T10:30:00,735.70,732.72,740.17,407,2.98,2024-10-18T11:30:00,740.17,TARGET,1819.92,1369.41
bb,HINDALCO,2024-10-21,SHORT,2024-10-21T11:00:00,745.50,749.01,740.24,402,3.51,2024-10-21T12:20:00,740.24,TARGET,2116.00,1668.05
bb,HINDALCO,2024-10-23,LONG,2024-10-23T11:30:00,728.95,724.52,735.60,411,4.43,2024-10-23T12:20:00,724.52,STOP,-1821.94,-2269.97
bb,HINDALCO,2024-10-28,LONG,2024-10-28T10:50:00,695.85,692.14,701.41,431,3.71,2024-10-28T12:40:00,692.80,TIME_STOP,-1314.55,-1763.43
bb,HINDALCO,2024-10-30,SHORT,2024-10-30T14:00:00,690.20,692.47,686.80,434,2.27,2024-10-30T15:20:00,687.70,EOD,1085.00,636.49
bb,HINDALCO,2024-11-08,LONG,2024-11-08T11:00:00,657.75,654.75,662.26,456,3.00,2024-11-08T11:20:00,654.75,STOP,-1370.12,-1818.99
bb,HINDALCO,2024-11-11,LONG,2024-11-11T12:50:00,653.45,650.83,657.38,459,2.62,2024-11-11T13:50:00,650.83,STOP,-1203.09,-1652.09
bb,HINDALCO,2024-11-12,SHORT,2024-11-12T13:30:00,654.75,657.20,651.07,458,2.45,2024-11-12T15:10:00,651.07,TARGET,1684.58,1236.03
bb,HINDALCO,2024-11-14,LONG,2024-11-14T10:20:00,633.00,629.89,637.67,473,3.11,2024-11-14T11:10:00,629.89,STOP,-1471.19,-1919.20
bb,HINDALCO,2024-11-21,LONG,2024-11-21T11:00:00,649.95,646.44,655.22,461,3.51,2024-11-21T12:50:00,649.15,TIME_STOP,-368.80,-817.96
bb,HINDALCO,2024-11-29,LONG,2024-11-29T13:40:00,656.40,654.38,659.42,457,2.02,2024-11-29T14:10:00,654.38,STOP,-920.91,-1370.18
bb,HINDALCO,2024-12-03,SHORT,2024-12-03T10:10:00,657.75,659.52,655.09,456,1.77,2024-12-03T10:20:00,659.52,STOP,-808.28,-1258.78
bb,HINDALCO,2024-12-05,SHORT,2024-12-05T10:20:00,660.75,662.76,657.74,454,2.01,2024-12-05T10:50:00,662.76,STOP,-910.79,-1361.44
bb,HINDALCO,2024-12-06,SHORT,2024-12-06T12:20:00,668.85,670.98,665.65,448,2.13,2024-12-06T12:30:00,670.50,REVERSE,-739.20,-1189.22
bb,HINDALCO,2024-12-09,LONG,2024-12-09T14:00:00,668.55,665.85,672.60,448,2.70,2024-12-09T14:10:00,665.85,STOP,-1209.94,-1658.30
bb,HINDALCO,2024-12-10,SHORT,2024-12-10T13:20:00,666.05,668.29,662.69,450,2.24,2024-12-10T15:00:00,668.29,STOP,-1008.14,-1458.48
bb,HINDALCO,2024-12-11,SHORT,2024-12-11T14:10:00,671.10,672.76,668.60,447,1.66,2024-12-11T14:20:00,672.76,STOP,-744.00,-1194.53
bb,HINDALCO,2024-12-13,LONG,2024-12-13T13:40:00,663.85,661.52,667.35,451,2.33,2024-12-13T14:40:00,661.52,STOP,-1051.57,-1499.88
bb,HINDALCO,2024-12-19,LONG,2024-12-19T12:10:00,631.00,628.52,634.72,475,2.48,2024-12-19T12:50:00,628.52,STOP,-1179.38,-1628.09
bb,HINDALCO,2024-12-24,SHORT,2024-12-24T11:30:00,629.95,631.82,627.14,476,1.87,2024-12-24T13:20:00,630.20,TIME_STOP,-119.00,-568.87
bb,HINDALCO,2024-12-27,LONG,2024-12-27T10:20:00,631.50,629.52,634.46,475,1.98,2024-12-27T10:30:00,629.52,STOP,-938.18,-1387.42
bb,HINDALCO,2024-12-31,LONG,2024-12-31T14:00:00,604.55,603.00,606.88,496,1.55,2024-12-31T14:30:00,603.00,STOP,-769.88,-1219.09
bb,HINDALCO,2025-01-02,LONG,2025-01-02T13:30:00,595.70,593.76,598.62,503,1.94,2025-01-02T14:20:00,598.62,TARGET,1466.72,1016.16
bb,HINDALCO,2025-01-03,SHORT,2025-01-03T10:20:00,591.20,593.58,587.63,507,2.38,2025-01-03T10:30:00,593.58,STOP,-1208.24,-1658.75
bb,HINDALCO,2025-01-07,LONG,2025-01-07T10:00:00,580.35,577.45,584.70,516,2.90,2025-01-07T10:20:00,584.70,TARGET,2243.90,1793.02
bb,HINDALCO,2025-01-08,LONG,2025-01-08T13:50:00,583.20,581.56,585.67,514,1.64,2025-01-08T14:10:00,585.67,TARGET,1267.82,817.22
bb,HINDALCO,2025-01-09,SHORT,2025-01-09T13:10:00,586.15,588.48,582.66,511,2.33,2025-01-09T14:30:00,588.48,STOP,-1188.71,-1638.89
bb,HINDALCO,2025-01-23,SHORT,2025-01-23T13:50:00,611.70,613.22,609.42,490,1.52,2025-01-23T14:10:00,613.22,STOP,-745.58,-1195.74
bb,HINDALCO,2025-01-24,LONG,2025-01-24T12:10:00,614.00,611.70,617.45,488,2.30,2025-01-24T12:40:00,611.70,STOP,-1123.87,-1572.48
bb,HINDALCO,2025-01-28,LONG,2025-01-28T13:30:00,583.90,581.33,587.76,513,2.57,2025-01-28T14:50:00,581.33,STOP,-1318.44,-1766.76
bb,HINDALCO,2025-01-30,SHORT,2025-01-30T13:10:00,586.55,588.80,583.18,511,2.25,2025-01-30T13:50:00,583.18,TARGET,1724.03,1275.73
bb,HINDALCO,2025-01-31,LONG,2025-01-31T10:10:00,588.75,586.38,592.31,509,2.37,2025-01-31T10:10:00,586.38,STOP,-1208.12,-1656.72
bb,HINDALCO,2025-02-01,SHORT,2025-02-01T12:40:00,586.15,588.77,582.22,511,2.62,2025-02-01T13:20:00,582.22,TARGET,2008.49,1560.71
bb,HINDALCO,2025-02-07,SHORT,2025-02-07T10:40:00,597.30,599.79,593.57,502,2.49,2025-02-07T10:40:00,599.79,STOP,-1249.55,-1700.25
bb,HINDALCO,2025-02-11,SHORT,2025-02-11T12:40:00,597.80,600.09,594.37,501,2.29,2025-02-11T13:00:00,594.37,TARGET,1720.00,1272.04
bb,HINDALCO,2025-02-12,LONG,2025-02-12T11:50:00,600.10,596.88,604.93,499,3.22,2025-02-12T12:40:00,604.93,TARGET,2410.41,1959.43
bb,HINDALCO,2025-02-13,LONG,2025-02-13T10:00:00,603.15,600.05,607.80,497,3.10,2025-02-13T11:50:00,606.40,TIME_STOP,1615.25,1164.39
bb,HINDALCO,2025-02-17,SHORT,2025-02-17T10:00:00,599.70,602.59,595.37,500,2.89,2025-02-17T10:00:00,602.59,STOP,-1444.43,-1895.29
bb,HINDALCO,2025-02-18,SHORT,2025-02-18T11:50:00,605.00,607.36,601.46,495,2.36,2025-02-18T13:40:00,607.36,STOP,-1169.18,-1619.27
bb,HINDALCO,2025-02-27,SHORT,2025-02-27T11:30:00,621.45,624.00,617.62,482,2.55,2025-02-27T12:30:00,624.00,STOP,-1229.85,-1680.08
bb,HINDALCO,2025-02-28,SHORT,2025-02-28T10:10:00,620.00,622.85,615.72,483,2.85,2025-02-28T10:20:00,622.85,STOP,-1376.72,-1826.94
bb,HINDALCO,2025-03-03,SHORT,2025-03-03T10:20:00,624.65,627.86,619.83,480,3.21,2025-03-03T10:30:00,627.86,STOP,-1542.06,-1992.96
bb,HINDALCO,2025-03-11,SHORT,2025-03-11T13:40:00,686.40,688.62,683.08,437,2.22,2025-03-11T13:40:00,688.62,STOP,-968.31,-1418.98
bb,HINDALCO,2025-03-12,SHORT,2025-03-12T11:40:00,689.50,692.39,685.17,435,2.89,2025-03-12T12:20:00,685.17,TARGET,1884.35,1435.86
bb,HINDALCO,2025-03-17,SHORT,2025-03-17T12:40:00,678.45,680.43,675.47,442,1.98,2025-03-17T13:20:00,680.43,STOP,-877.17,-1327.64
bb,HINDALCO,2025-03-21,SHORT,2025-03-21T10:50:00,703.45,705.48,700.40,426,2.03,2025-03-21T11:10:00,700.40,TARGET,1298.99,850.46
bb,HINDALCO,2025-03-24,LONG,2025-03-24T11:40:00,700.05,697.86,703.33,428,2.19,2025-03-24T12:10:00,698.50,REVERSE,-663.40,-1112.33
bb,HINDALCO,2025-03-27,SHORT,2025-03-27T11:40:00,691.85,694.08,688.50,433,2.23,2025-03-27T11:50:00,694.08,STOP,-967.16,-1417.24
bb,HINDALCO,2025-04-08,LONG,2025-04-08T13:10:00,565.15,562.01,569.86,530,3.14,2025-04-08T15:00:00,566.85,TIME_STOP,901.00,451.03
bb,HINDALCO,2025-04-09,LONG,2025-04-09T13:00:00,565.35,562.71,569.30,530,2.64,2025-04-09T13:40:00,562.71,STOP,-1396.59,-1845.00
bb,HINDALCO,2025-04-16,SHORT,2025-04-16T10:50:00,606.50,608.83,603.01,494,2.33,2025-04-16T12:40:00,607.90,TIME_STOP,-691.60,-1141.54
bb,HINDALCO,2025-04-17,LONG,2025-04-17T11:00:00,609.20,606.50,613.25,492,2.70,2025-04-17T11:00:00,606.50,STOP,-1329.31,-1777.90
bb,HINDALCO,2025-04-24,SHORT,2025-04-24T11:50:00,627.75,629.44,625.21,477,1.69,2025-04-24T12:50:00,629.44,STOP,-806.82,-1256.58
bb,HINDALCO,2025-04-25,SHORT,2025-04-25T10:00:00,625.95,627.92,623.00,479,1.97,2025-04-25T10:00:00,623.00,TARGET,1415.01,966.33
bb,HINDALCO,2025-04-29,SHORT,2025-04-29T10:30:00,626.00,627.97,623.04,479,1.97,2025-04-29T10:40:00,623.04,TARGET,1415.65,966.93
bb,HINDALCO,2025-04-30,SHORT,2025-04-30T13:40:00,626.50,628.18,623.97,478,1.68,2025-04-30T13:40:00,628.18,STOP,-805.15,-1254.95
bb,HINDALCO,2025-05-02,SHORT,2025-05-02T12:00:00,625.95,629.55,620.56,479,3.60,2025-05-02T12:20:00,629.55,STOP,-1722.15,-2173.19
bb,HINDALCO,2025-05-06,SHORT,2025-05-06T11:40:00,628.30,631.18,623.99,477,2.88,2025-05-06T12:00:00,631.18,STOP,-1372.15,-1822.73
bb,HINDALCO,2025-05-07,LONG,2025-05-07T10:40:00,635.55,632.88,639.56,472,2.67,2025-05-07T11:00:00,632.88,STOP,-1260.41,-1709.43
bb,HINDALCO,2025-05-09,LONG,2025-05-09T13:00:00,624.90,621.82,629.52,480,3.08,2025-05-09T14:50:00,629.52,TARGET,2219.97,1768.38
bb,HINDALCO,2025-05-16,SHORT,2025-05-16T11:10:00,657.45,659.64,654.16,456,2.19,2025-05-16T13:00:00,657.20,TIME_STOP,114.00,-335.61
bb,HINDALCO,2025-05-19,LONG,2025-05-19T10:40:00,658.55,656.64,661.42,455,1.91,2025-05-19T12:00:00,656.64,STOP,-871.13,-1319.94
bb,HINDALCO,2025-05-20,SHORT,2025-05-20T14:10:00,661.90,664.10,658.59,453,2.20,2025-05-20T14:20:00,664.10,STOP,-998.35,-1448.86
bb,HINDALCO,2025-05-23,LONG,2025-05-23T11:40:00,651.25,648.77,654.97,460,2.48,2025-05-23T11:50:00,648.77,STOP,-1140.49,-1588.99
bb,HINDALCO,2025-05-26,SHORT,2025-05-26T13:10:00,656.50,658.67,653.24,456,2.17,2025-05-26T13:10:00,658.67,STOP,-991.31,-1441.10
bb,HINDALCO,2025-05-27,SHORT,2025-05-27T13:50:00,660.50,662.28,657.83,454,1.78,2025-05-27T14:00:00,657.83,TARGET,1212.27,763.38
bb,HINDALCO,2025-06-02,LONG,2025-06-02T13:30:00,633.70,631.22,637.42,473,2.48,2025-06-02T14:10:00,631.22,STOP,-1174.25,-1622.98
bb,HINDALCO,2025-06-03,SHORT,2025-06-03T13:30:00,633.25,635.28,630.21,473,2.03,2025-06-03T15:20:00,632.25,TIME_STOP,473.00,24.06
bb,HINDALCO,2025-06-04,LONG,2025-06-04T10:20:00,638.30,635.89,641.91,469,2.41,2025-06-04T12:10:00,637.05,TIME_STOP,-586.25,-1034.85
bb,HINDALCO,2025-06-05,LONG,2025-06-05T12:10:00,638.05,636.74,640.02,470,1.31,2025-06-05T12:10:00,640.02,TARGET,926.86,476.34
bb,HINDALCO,2025-06-11,SHORT,2025-06-11T10:10:00,657.45,659.28,654.71,456,1.83,2025-06-11T11:50:00,659.28,STOP,-834.04,-1284.36
bb,HINDALCO,2025-06-12,LONG,2025-06-12T10:40:00,660.00,657.75,663.38,454,2.25,2025-06-12T10:50:00,657.75,STOP,-1022.69,-1471.38
bb,HINDALCO,2025-06-16,LONG,2025-06-16T11:30:00,644.60,642.56,647.66,465,2.04,2025-06-16T12:30:00,647.66,TARGET,1422.85,972.17
bb,HINDALCO,2025-06-17,SHORT,2025-06-17T12:20:00,644.45,646.09,641.99,465,1.64,2025-06-17T12:40:00,641.99,TARGET,1143.22,694.58
bb,HINDALCO,2025-06-18,LONG,2025-06-18T10:00:00,646.20,644.36,648.96,464,1.84,2025-06-18T10:10:00,644.36,STOP,-854.90,-1304.01
bb,HINDALCO,2025-06-23,LONG,2025-06-23T12:00:00,652.20,649.53,656.21,459,2.67,2025-06-23T12:00:00,656.21,TARGET,1839.60,1389.18
bb,HINDALCO,2025-07-01,LONG,2025-07-01T12:40:00,696.35,693.64,700.42,430,2.71,2025-07-01T13:30:00,693.64,STOP,-1166.38,-1614.65
bb,HINDALCO,2025-07-02,SHORT,2025-07-02T14:10:00,695.65,698.08,692.00,431,2.43,2025-07-02T15:00:00,698.08,STOP,-1048.28,-1498.81
bb,HINDALCO,2025-07-03,SHORT,2025-07-03T12:40:00,699.95,701.87,697.08,428,1.92,2025-07-03T14:10:00,697.08,TARGET,1230.36,781.92
bb,HINDALCO,2025-07-07,SHORT,2025-07-07T10:00:00,691.35,693.56,688.04,433,2.21,2025-07-07T11:50:00,690.00,TIME_STOP,584.55,135.96
bb,HINDALCO,2025-07-11,LONG,2025-07-11T13:30:00,673.10,670.97,676.30,445,2.13,2025-07-11T15:10:00,670.97,STOP,-950.02,-1398.60
bb,HINDALCO,2025-07-14,SHORT,2025-07-14T11:30:00,668.60,671.23,664.65,448,2.63,2025-07-14T13:20:00,668.90,TIME_STOP,-134.40,-583.80
bb,HINDALCO,2025-07-15,LONG,2025-07-15T11:20:00,670.85,668.73,674.03,447,2.12,2025-07-15T13:10:00,673.10,TIME_STOP,1005.75,555.19
bb,HINDALCO,2025-07-18,SHORT,2025-07-18T13:00:00,673.85,675.33,671.63,445,1.48,2025-07-18T13:00:00,675.33,STOP,-660.00,-1110.29
bb,HINDALCO,2025-07-23,SHORT,2025-07-23T14:00:00,690.70,691.91,688.88,434,1.21,2025-07-23T14:40:00,691.91,STOP,-525.52,-975.56
bb,HINDALCO,2025-07-25,SHORT,2025-07-25T12:00:00,691.55,693.58,688.51,433,2.03,2025-07-25T12:30:00,688.51,TARGET,1315.49,867.32
bb,HINDALCO,2025-07-29,LONG,2025-07-29T10:10:00,689.65,687.57,692.77,435,2.08,2025-07-29T10:20:00,687.57,STOP,-905.92,-1355.24
bb,HINDALCO,2025-07-30,SHORT,2025-07-30T10:40:00,686.65,689.08,683.01,436,2.43,2025-07-30T10:50:00,689.08,STOP,-1058.81,-1508.67
bb,HINDALCO,2025-07-31,LONG,2025-07-31T12:20:00,687.20,684.25,691.63,436,2.95,2025-07-31T12:50:00,684.25,STOP,-1288.03,-1736.50
bb,HINDALCO,2025-08-04,LONG,2025-08-04T11:30:00,685.90,683.60,689.34,437,2.30,2025-08-04T12:00:00,683.60,STOP,-1003.05,-1451.90
bb,HINDALCO,2025-08-05,SHORT,2025-08-05T12:40:00,685.20,687.08,682.38,437,1.88,2025-08-05T13:20:00,682.38,TARGET,1231.82,783.59
bb,HINDALCO,2025-08-08,SHORT,2025-08-08T10:10:00,677.00,679.75,672.88,443,2.75,2025-08-08T12:00:00,672.88,TARGET,1824.53,1376.03
bb,HINDALCO,2025-08-11,LONG,2025-08-11T10:50:00,675.40,673.23,678.66,444,2.17,2025-08-11T11:30:00,673.80,REVERSE,-710.40,-1159.68
bb,HINDALCO,2025-08-14,SHORT,2025-08-14T10:00:00,693.50,695.89,689.92,432,2.39,2025-08-14T10:40:00,689.92,TARGET,1548.31,1100.08
bb,HINDALCO,2025-08-19,SHORT,2025-08-19T10:10:00,709.20,711.63,705.55,423,2.43,2025-08-19T10:30:00,711.63,STOP,-1029.57,-1480.33
bb,HINDALCO,2025-08-22,SHORT,2025-08-22T10:30:00,704.20,705.67,702.00,426,1.47,2025-08-22T10:40:00,705.67,STOP,-626.06,-1076.52
bb,HINDALCO,2025-08-26,LONG,2025-08-26T10:10:00,707.80,705.83,710.76,423,1.97,2025-08-26T10:50:00,705.83,STOP,-834.20,-1282.68
bb,HINDALCO,2025-08-28,LONG,2025-08-28T12:00:00,706.00,704.34,708.49,424,1.66,2025-08-28T13:00:00,704.34,STOP,-703.21,-1151.70
bb,HINDALCO,2025-08-29,LONG,2025-08-29T11:20:00,705.60,703.37,708.94,425,2.23,2025-08-29T13:10:00,705.80,TIME_STOP,85.00,-364.88
bb,HINDALCO,2025-09-08,SHORT,2025-09-08T13:50:00,743.00,744.54,740.69,403,1.54,2025-09-08T14:10:00,740.69,TARGET,931.41,482.96
bb,HINDALCO,2025-09-09,LONG,2025-09-09T13:10:00,742.55,741.21,744.56,404,1.34,2025-09-09T15:00:00,742.70,TIME_STOP,60.60,-389.43
bb,HINDALCO,2025-09-11,SHORT,2025-09-11T11:50:00,739.85,741.41,737.52,405,1.56,2025-09-11T12:30:00,741.41,STOP,-629.99,-1079.92
bb,HINDALCO,2025-09-15,SHORT,2025-09-15T14:00:00,754.70,756.27,752.34,397,1.57,2025-09-15T15:20:00,753.45,EOD,496.25,47.20
bb,HINDALCO,2025-09-16,LONG,2025-09-16T12:50:00,754.55,752.83,757.13,397,1.72,2025-09-16T13:00:00,757.13,TARGET,1024.64,574.54
bb,HINDALCO,2025-09-17,SHORT,2025-09-17T10:00:00,752.20,754.00,749.50,398,1.80,2025-09-17T10:00:00,754.00,STOP,-716.52,-1166.12
bb,HINDALCO,2025-09-23,LONG,2025-09-23T13:00:00,747.25,745.35,750.10,401,1.90,2025-09-23T13:00:00,750.10,TARGET,1143.42,693.09
bb,HINDALCO,2025-09-24,LONG,2025-09-24T14:00:00,746.15,744.48,748.65,402,1.67,2025-09-24T14:00:00,745.55,REVERSE,-241.20,-690.95
bb,HINDALCO,2025-09-25,SHORT,2025-09-25T13:20:00,747.00,749.06,743.92,401,2.06,2025-09-25T13:50:00,749.06,STOP,-824.50,-1274.44
bb,HINDALCO,2025-10-01,LONG,2025-10-01T13:00:00,761.80,759.39,765.41,393,2.41,2025-10-01T13:40:00,765.41,TARGET,1419.61,969.46
bb,HINDALCO,2025-10-06,SHORT,2025-10-06T10:10:00,779.45,782.12,775.45,384,2.67,2025-10-06T10:10:00,782.12,STOP,-1023.49,-1473.22
bb,HINDALCO,2025-10-07,LONG,2025-10-07T10:40:00,777.75,774.81,782.15,385,2.94,2025-10-07T10:50:00,774.81,STOP,-1130.61,-1578.92
bb,HINDALCO,2025-10-08,SHORT,2025-10-08T12:30:00,771.75,774.56,767.54,388,2.81,2025-10-08T13:50:00,774.56,STOP,-1088.62,-1538.59
bb,HINDALCO,2025-10-10,LONG,2025-10-10T13:30:00,772.80,770.67,776.00,388,2.13,2025-10-10T15:20:00,774.05,TIME_STOP,485.00,34.87
bb,HINDALCO,2025-10-13,SHORT,2025-10-13T10:30:00,770.80,773.06,767.40,389,2.26,2025-10-13T11:20:00,767.40,TARGET,1320.83,872.06
bb,HINDALCO,2025-10-14,SHORT,2025-10-14T11:20:00,764.80,767.19,761.21,392,2.39,2025-10-14T11:30:00,761.21,TARGET,1408.14,959.49
bb,HINDALCO,2025-10-17,SHORT,2025-10-17T11:20:00,775.85,777.69,773.09,386,1.84,2025-10-17T12:40:00,773.09,TARGET,1066.15,617.73
bb,HINDALCO,2025-10-21,LONG,2025-10-21T14:00:00,786.35,783.16,791.14,381,3.19,2025-10-21T14:40:00,783.16,STOP,-1216.59,-1665.08
bb,HINDALCO,2025-10-30,SHORT,2025-10-30T10:10:00,851.45,854.32,847.15,352,2.87,2025-10-30T10:10:00,854.32,STOP,-1008.73,-1459.05
bb,HINDALCO,2025-10-31,SHORT,2025-10-31T10:10:00,852.70,855.69,848.22,351,2.99,2025-10-31T11:20:00,848.22,TARGET,1571.61,1123.84
bb,HINDALCO,2025-11-03,LONG,2025-11-03T10:30:00,850.60,847.49,855.26,352,3.11,2025-11-03T10:50:00,848.80,REVERSE,-633.60,-1082.24
bb,HINDALCO,2025-11-07,LONG,2025-11-07T10:50:00,790.65,787.61,795.21,379,3.04,2025-11-07T11:50:00,795.21,TARGET,1729.95,1279.17
bb,HINDALCO,2025-11-10,SHORT,2025-11-10T12:20:00,791.60,794.33,787.51,378,2.73,2025-11-10T13:30:00,794.33,STOP,-1030.32,-1479.93
bb,HINDALCO,2025-11-11,LONG,2025-11-11T14:00:00,788.10,785.87,791.45,380,2.23,2025-11-11T14:10:00,791.45,TARGET,1271.22,821.05
bb,HINDALCO,2025-11-14,SHORT,2025-11-14T13:10:00,799.50,801.86,795.96,375,2.36,2025-11-14T13:20:00,801.86,STOP,-885.89,-1336.27
bb,HINDALCO,2025-11-17,SHORT,2025-11-17T11:20:00,802.00,804.20,798.70,374,2.20,2025-11-17T12:30:00,804.20,STOP,-823.99,-1274.53
bb,HINDALCO,2025-11-19,LONG,2025-11-19T13:30:00,796.10,794.22,798.92,376,1.88,2025-11-19T13:30:00,794.30,REVERSE,-676.80,-1125.29
bb,HINDALCO,2025-11-25,LONG,2025-11-25T10:00:00,787.50,784.71,791.68,380,2.79,2025-11-25T10:00:00,784.71,STOP,-1058.73,-1506.81
bb,HINDALCO,2025-12-03,SHORT,2025-12-03T10:10:00,805.05,807.33,801.63,372,2.28,2025-12-03T10:40:00,807.33,STOP,-847.40,-1297.25
bb,HINDALCO,2025-12-04,SHORT,2025-12-04T13:10:00,814.60,816.55,811.68,368,1.95,2025-12-04T13:40:00,811.68,TARGET,1074.99,626.14
bb,HINDALCO,2025-12-05,LONG,2025-12-05T11:00:00,818.25,815.73,822.03,366,2.52,2025-12-05T11:10:00,822.03,TARGET,1382.56,932.30
bb,HINDALCO,2025-12-08,SHORT,2025-12-08T12:10:00,823.55,825.76,820.23,364,2.21,2025-12-08T13:20:00,820.23,TARGET,1208.33,759.57
bb,HINDALCO,2025-12-11,SHORT,2025-12-11T12:00:00,824.00,826.15,820.77,364,2.15,2025-12-11T13:50:00,825.25,REVERSE,-455.00,-905.25
bb,HINDALCO,2025-12-16,SHORT,2025-12-16T10:00:00,841.85,844.88,837.31,356,3.03,2025-12-16T11:00:00,837.31,TARGET,1615.64,1167.30
bb,HINDALCO,2025-12-19,SHORT,2025-12-19T11:10:00,848.45,851.33,844.13,353,2.88,2025-12-19T11:30:00,851.33,STOP,-1017.26,-1467.27
bb,HINDALCO,2025-12-24,SHORT,2025-12-24T14:00:00,867.20,869.57,863.64,345,2.37,2025-12-24T14:20:00,863.64,TARGET,1228.25,780.39
bb,HINDALCO,2025-12-26,LONG,2025-12-26T12:20:00,870.35,867.93,873.99,344,2.42,2025-12-26T12:30:00,867.93,STOP,-834.13,-1282.60
bb,HINDALCO,2025-12-29,SHORT,2025-12-29T12:20:00,869.50,872.35,865.23,345,2.85,2025-12-29T12:30:00,865.23,TARGET,1472.57,1023.71
bb,HINDALCO,2025-12-30,LONG,2025-12-30T10:00:00,871.20,868.59,875.11,344,2.61,2025-12-30T10:10:00,875.11,TARGET,1346.21,895.66
bb,HINDALCO,2026-01-06,SHORT,2026-01-06T14:00:00,945.75,949.38,940.31,317,3.63,2026-01-06T15:10:00,940.31,TARGET,1726.03,1277.62
bb,HINDALCO,2026-01-12,LONG,2026-01-12T10:30:00,904.90,900.60,911.36,331,4.30,2026-01-12T11:20:00,900.60,STOP,-1424.54,-1872.76
bb,HINDALCO,2026-01-20,LONG,2026-01-20T11:40:00,944.80,941.26,950.12,317,3.54,2026-01-20T11:50:00,941.26,STOP,-1123.73,-1572.14
bb,HINDALCO,2026-01-21,LONG,2026-01-21T12:40:00,936.80,933.45,941.82,320,3.35,2026-01-21T13:00:00,941.82,TARGET,1608.00,1157.13
bb,HINDALCO,2026-01-22,SHORT,2026-01-22T11:20:00,936.50,940.12,931.07,320,3.62,2026-01-22T11:30:00,940.12,STOP,-1157.94,-1608.33
bb,HINDALCO,2026-01-23,SHORT,2026-01-23T13:50:00,950.00,952.78,945.83,315,2.78,2026-01-23T14:40:00,952.78,STOP,-875.10,-1324.64
bb,HINDALCO,2026-01-27,SHORT,2026-01-27T14:00:00,953.10,956.92,947.37,314,3.82,2026-01-27T14:30:00,956.92,STOP,-1200.15,-1649.96
bb,HINDALCO,2026-02-04,SHORT,2026-02-04T12:10:00,958.15,962.04,952.31,313,3.89,2026-02-04T12:30:00,962.04,STOP,-1217.94,-1668.70
bb,HINDALCO,2026-02-06,LONG,2026-02-06T11:50:00,938.35,934.95,943.44,319,3.40,2026-02-06T12:40:00,934.95,STOP,-1083.11,-1531.29
bb,HINDALCO,2026-02-11,LONG,2026-02-11T13:30:00,963.00,960.09,967.37,311,2.91,2026-02-11T13:40:00,967.37,TARGET,1358.36,908.11
bb,HINDALCO,2026-02-12,SHORT,2026-02-12T10:00:00,960.75,965.13,954.18,312,4.38,2026-02-12T10:20:00,954.18,TARGET,2051.39,1603.30
bb,HINDALCO,2026-02-23,SHORT,2026-02-23T11:20:00,924.90,928.43,919.61,324,3.53,2026-02-23T11:20:00,919.61,TARGET,1715.15,1266.94
bb,HINDALCO,2026-02-24,LONG,2026-02-24T10:30:00,918.15,914.63,923.42,326,3.52,2026-02-24T12:00:00,915.25,REVERSE,-945.40,-1393.67
bb,HINDALCO,2026-02-27,SHORT,2026-02-27T10:10:00,931.55,934.67,926.87,322,3.12,2026-02-27T11:00:00,934.67,STOP,-1005.36,-1456.05
bb,HINDALCO,2026-03-02,SHORT,2026-03-02T10:50:00,926.60,932.05,918.43,323,5.45,2026-03-02T12:40:00,923.35,TIME_STOP,1049.75,601.60
bb,HINDALCO,2026-03-04,SHORT,2026-03-04T10:10:00,918.35,924.35,909.34,326,6.00,2026-03-04T10:30:00,924.35,STOP,-1957.35,-2407.89
bb,HINDALCO,2026-03-10,LONG,2026-03-10T11:40:00,944.85,940.68,951.11,317,4.17,2026-03-10T13:30:00,948.15,TIME_STOP,1046.10,596.04
bb,HINDALCO,2026-03-11,SHORT,2026-03-11T13:40:00,958.30,961.91,952.88,313,3.61,2026-03-11T15:20:00,959.60,EOD,-406.90,-857.13
bb,HINDALCO,2026-03-12,LONG,2026-03-12T13:20:00,953.65,949.84,959.36,314,3.81,2026-03-12T13:30:00,959.36,TARGET,1793.54,1343.03
bb,JINDALSTEL,2024-03-19,SHORT,2024-03-19T11:20:00,795.95,800.96,788.43,376,5.01,2024-03-19T12:30:00,800.96,STOP,-1884.16,-2334.49
bb,JINDALSTEL,2024-03-27,LONG,2024-03-27T13:10:00,839.15,836.47,843.17,357,2.68,2024-03-27T14:20:00,836.47,STOP,-955.90,-1404.55
bb,JINDALSTEL,2024-04-02,SHORT,2024-04-02T10:30:00,858.95,862.70,853.32,349,3.75,2024-04-02T11:00:00,862.70,STOP,-1310.31,-1760.95
bb,JINDALSTEL,2024-04-04,SHORT,2024-04-04T12:00:00,901.85,906.06,895.53,332,4.21,2024-04-04T12:50:00,906.06,STOP,-1398.89,-1849.06
bb,JINDALSTEL,2024-04-05,LONG,2024-04-05T11:50:00,905.80,901.88,911.69,331,3.92,2024-04-05T11:50:00,911.69,TARGET,1948.23,1497.04
bb,JINDALSTEL,2024-04-09,SHORT,2024-04-09T13:50:00,911.25,915.03,905.58,329,3.78,2024-04-09T14:10:00,905.58,TARGET,1864.30,1416.00
bb,JINDALSTEL,2024-04-10,LONG,2024-04-10T13:20:00,907.05,902.42,914.00,330,4.63,2024-04-10T14:00:00,902.42,STOP,-1529.26,-1977.10
bb,JINDALSTEL,2024-04-12,LONG,2024-04-12T11:10:00,904.00,900.16,909.77,331,3.84,2024-04-12T12:40:00,900.16,STOP,-1272.34,-1720.22
bb,JINDALSTEL,2024-04-15,LONG,2024-04-15T10:50:00,910.95,904.99,919.90,329,5.96,2024-04-15T11:00:00,904.99,STOP,-1962.03,-2410.11
bb,JINDALSTEL,2024-04-19,LONG,2024-04-19T12:50:00,920.90,914.52,930.46,325,6.38,2024-04-19T13:30:00,930.46,TARGET,3108.39,2657.12
bb,JINDALSTEL,2024-04-22,SHORT,2024-04-22T11:10:00,920.15,926.00,911.37,326,5.85,2024-04-22T13:00:00,920.45,TIME_STOP,-97.80,-547.83
bb,JINDALSTEL,2024-04-26,SHORT,2024-04-26T11:10:00,930.95,935.17,924.63,322,4.22,2024-04-26T11:20:00,935.17,STOP,-1357.45,-1808.11
bb,JINDALSTEL,2024-04-30,SHORT,2024-04-30T10:20:00,932.50,936.63,926.31,321,4.13,2024-04-30T10:40:00,936.63,STOP,-1324.62,-1774.62
bb,JINDALSTEL,2024-05-03,SHORT,2024-05-03T12:10:00,937.50,942.10,930.60,320,4.60,2024-05-03T13:40:00,930.60,TARGET,2208.56,1760.22
bb,JINDALSTEL,2024-05-06,LONG,2024-05-06T11:00:00,937.20,931.19,946.22,320,6.01,2024-05-06T12:50:00,936.55,TIME_STOP,-208.00,-657.70
bb,JINDALSTEL,2024-05-09,SHORT,2024-05-09T11:20:00,934.85,939.17,928.37,320,4.32,2024-05-09T12:00:00,939.17,STOP,-1383.27,-1833.03
bb,JINDALSTEL,2024-05-13,LONG,2024-05-13T12:10:00,930.00,925.25,937.12,322,4.75,2024-05-13T12:50:00,925.25,STOP,-1527.98,-1976.03
bb,JINDALSTEL,2024-05-30,LONG,2024-05-30T13:50:00,1037.90,1034.35,1043.23,289,3.55,2024-05-30T13:50:00,1034.35,STOP,-1027.17,-1476.33
bb,JINDALSTEL,2024-05-31,SHORT,2024-05-31T12:20:00,1031.95,1035.95,1025.95,290,4.00,2024-05-31T14:10:00,1033.80,TIME_STOP,-536.50,-985.80
bb,JINDALSTEL,2024-06-05,LONG,2024-06-05T12:40:00,961.20,950.39,977.42,231,10.81,2024-06-05T13:10:00,977.42,TARGET,3746.60,3410.74
bb,JINDALSTEL,2024-06-07,SHORT,2024-06-07T12:20:00,1023.95,1028.84,1016.61,292,4.89,2024-06-07T12:50:00,1028.84,STOP,-1428.01,-1877.57
bb,JINDALSTEL,2024-06-12,LONG,2024-06-12T10:00:00,1024.70,1019.74,1032.15,292,4.96,2024-06-12T11:50:00,1032.00,TIME_STOP,2131.60,1681.18
bb,JINDALSTEL,2024-06-21,LONG,2024-06-21T10:10:00,1067.85,1062.17,1076.37,280,5.68,2024-06-21T10:50:00,1062.17,STOP,-1589.48,-2036.78
bb,JINDALSTEL,2024-06-24,LONG,2024-06-24T12:00:00,1070.20,1064.69,1078.46,280,5.51,2024-06-24T12:50:00,1064.69,STOP,-1541.91,-1990.24
bb,JINDALSTEL,2024-06-25,SHORT,2024-06-25T10:20:00,1063.00,1067.71,1055.93,282,4.71,2024-06-25T10:30:00,1055.93,TARGET,1994.18,1546.03
bb,JINDALSTEL,2024-06-28,SHORT,2024-06-28T12:20:00,1048.75,1051.92,1044.00,286,3.17,2024-06-28T13:40:00,1050.75,REVERSE,-572.00,-1022.34
bb,JINDALSTEL,2024-07-01,SHORT,2024-07-01T12:40:00,1044.95,1048.66,1039.38,287,3.71,2024-07-01T14:30:00,1044.70,TIME_STOP,71.75,-378.05
bb,JINDALSTEL,2024-07-02,SHORT,2024-07-02T12:40:00,1045.55,1050.24,1038.52,286,4.69,2024-07-02T13:10:00,1038.52,TARGET,2010.89,1563.85
bb,JINDALSTEL,2024-07-03,LONG,2024-07-03T10:20:00,1048.05,1044.44,1053.46,286,3.61,2024-07-03T10:20:00,1053.46,TARGET,1548.25,1097.48
bb,JINDALSTEL,2024-07-12,SHORT,2024-07-12T10:00:00,1012.05,1016.71,1005.06,296,4.66,2024-07-12T11:00:00,1016.71,STOP,-1379.93,-1830.32
bb,JINDALSTEL,2024-07-15,LONG,2024-07-15T10:40:00,1014.65,1010.68,1020.60,295,3.97,2024-07-15T11:30:00,1010.68,STOP,-1171.10,-1619.21
bb,JINDALSTEL,2024-07-22,LONG,2024-07-22T13:40:00,956.70,952.73,962.66,313,3.97,2024-07-22T14:00:00,952.73,STOP,-1244.02,-1692.26
bb,JINDALSTEL,2024-07-23,LONG,2024-07-23T14:10:00,950.30,944.70,958.70,315,5.60,2024-07-23T14:50:00,958.70,TARGET,2644.74,2193.74
bb,JINDALSTEL,2024-07-30,SHORT,2024-07-30T13:40:00,968.15,971.31,963.41,309,3.16,2024-07-30T13:50:00,971.31,STOP,-976.04,-1425.51
bb,JINDALSTEL,2024-08-01,SHORT,2024-08-01T12:00:00,985.00,989.04,978.93,304,4.04,2024-08-01T13:40:00,978.93,TARGET,1844.50,1396.73
bb,JINDALSTEL,2024-08-09,LONG,2024-08-09T12:40:00,924.65,921.32,929.65,324,3.33,2024-08-09T13:00:00,921.32,STOP,-1079.76,-1528.33
bb,JINDALSTEL,2024-08-12,LONG,2024-08-12T14:00:00,918.55,915.38,923.30,326,3.17,2024-08-12T14:40:00,915.38,STOP,-1033.18,-1481.58
bb,JINDALSTEL,2024-08-13,SHORT,2024-08-13T13:10:00,915.10,918.25,910.38,327,3.15,2024-08-13T13:40:00,910.38,TARGET,1544.81,1097.12
bb,JINDALSTEL,2024-08-20,SHORT,2024-08-20T11:10:00,939.60,942.89,934.66,319,3.29,2024-08-20T12:20:00,942.89,STOP,-1049.59,-1499.97
bb,JINDALSTEL,2024-08-26,LONG,2024-08-26T10:00:00,966.00,962.81,970.78,310,3.19,2024-08-26T11:10:00,962.81,STOP,-988.64,-1437.09
bb,JINDALSTEL,2024-08-27,SHORT,2024-08-27T12:30:00,975.00,978.03,970.45,307,3.03,2024-08-27T12:30:00,978.03,STOP,-930.99,-1380.68
bb,JINDALSTEL,2024-08-28,LONG,2024-08-28T12:10:00,974.00,970.98,978.53,308,3.02,2024-08-28T14:00:00,974.00,TIME_STOP,0.00,-449.99
bb,JINDALSTEL,2024-09-02,SHORT,2024-09-02T13:10:00,959.35,962.58,954.50,312,3.23,2024-09-02T13:10:00,962.58,STOP,-1008.97,-1458.70
bb,JINDALSTEL,2024-09-05,SHORT,2024-09-05T10:40:00,943.55,946.98,938.41,317,3.43,2024-09-05T11:10:00,946.98,STOP,-1085.99,-1535.46
bb,JINDALSTEL,2024-09-06,LONG,2024-09-06T11:40:00,951.90,948.69,956.72,315,3.21,2024-09-06T11:50:00,956.72,TARGET,1518.22,1067.31
bb,JINDALSTEL,2024-09-11,LONG,2024-09-11T11:20:00,966.00,962.52,971.22,310,3.48,2024-09-11T13:10:00,969.80,TIME_STOP,1178.00,727.93
bb,JINDALSTEL,2024-09-20,LONG,2024-09-20T10:50:00,1019.00,1011.40,1030.39,294,7.60,2024-09-20T11:40:00,1011.40,STOP,-2233.01,-2680.72
bb,JINDALSTEL,2024-09-25,SHORT,2024-09-25T10:30:00,1038.20,1043.48,1030.28,288,5.28,2024-09-25T10:30:00,1030.28,TARGET,2279.66,1832.87
bb,JINDALSTEL,2024-09-26,LONG,2024-09-26T13:10:00,1025.70,1021.86,1031.47,292,3.84,2024-09-26T14:20:00,1031.47,TARGET,1683.69,1233.17
bb,JINDALSTEL,2024-09-27,SHORT,2024-09-27T12:10:00,1025.75,1030.20,1019.08,292,4.45,2024-09-27T12:50:00,1019.08,TARGET,1947.13,1499.31
bb,JINDALSTEL,2024-10-10,SHORT,2024-10-10T14:00:00,995.75,999.63,989.92,301,3.88,2024-10-10T14:20:00,989.92,TARGET,1753.40,1305.13
bb,JINDALSTEL,2024-10-11,LONG,2024-10-11T10:00:00,1001.95,997.80,1008.18,299,4.15,2024-10-11T10:50:00,1008.18,TARGET,1861.58,1410.81
bb,JINDALSTEL,2024-10-18,LONG,2024-10-18T12:00:00,964.80,959.36,972.96,310,5.44,2024-10-18T13:20:00,972.96,TARGET,2528.88,2078.35
bb,JINDALSTEL,2024-10-21,SHORT,2024-10-21T11:00:00,959.20,964.02,951.96,312,4.82,2024-10-21T12:50:00,951.96,TARGET,2257.99,1810.77
bb,JINDALSTEL,2024-10-23,LONG,2024-10-23T13:40:00,923.05,918.80,929.43,325,4.25,2024-10-23T14:10:00,918.80,STOP,-1381.78,-1830.73
bb,JINDALSTEL,2024-10-24,LONG,2024-10-24T10:10:00,928.80,923.79,936.32,322,5.01,2024-10-24T10:20:00,923.79,STOP,-1614.27,-2061.67
bb,JINDALSTEL,2024-10-31,LONG,2024-10-31T10:20:00,925.95,922.10,931.72,323,3.85,2024-10-31T12:10:00,925.30,TIME_STOP,-209.95,-658.42
bb,JINDALSTEL,2024-11-07,SHORT,2024-11-07T12:30:00,948.25,953.49,940.39,316,5.24,2024-11-07T13:10:00,940.39,TARGET,2482.49,2034.88
bb,JINDALSTEL,2024-11-08,SHORT,2024-11-08T10:50:00,940.35,945.51,932.62,319,5.16,2024-11-08T11:30:00,932.62,TARGET,2467.34,2019.23
bb,JINDALSTEL,2024-11-14,LONG,2024-11-14T10:00:00,869.20,864.14,876.79,345,5.06,2024-11-14T10:00:00,876.79,TARGET,2618.22,2166.45
bb,JINDALSTEL,2024-11-19,SHORT,2024-11-19T11:20:00,876.90,881.02,870.71,342,4.12,2024-11-19T13:10:00,881.02,STOP,-1410.36,-1861.27
bb,JINDALSTEL,2024-11-21,LONG,2024-11-21T11:50:00,878.70,874.31,885.29,341,4.39,2024-11-21T12:10:00,874.31,STOP,-1498.41,-1946.74
bb,JINDALSTEL,2024-11-22,LONG,2024-11-22T12:00:00,874.70,870.88,880.43,342,3.82,2024-11-22T13:20:00,880.43,TARGET,1961.28,1511.09
bb,JINDALSTEL,2024-11-25,SHORT,2024-11-25T13:00:00,880.60,883.95,875.57,340,3.35,2024-11-25T13:40:00,883.95,STOP,-1140.05,-1590.01
bb,JINDALSTEL,2024-11-27,LONG,2024-11-27T10:00:00,888.50,883.20,896.45,337,5.30,2024-11-27T11:50:00,885.60,TIME_STOP,-977.30,-1425.70
bb,JINDALSTEL,2024-11-29,SHORT,2024-11-29T10:20:00,893.85,897.73,888.03,335,3.88,2024-11-29T10:30:00,897.73,STOP,-1299.93,-1750.07
bb,JINDALSTEL,2024-12-13,LONG,2024-12-13T13:10:00,994.45,990.17,1000.88,301,4.28,2024-12-13T15:00:00,999.00,TIME_STOP,1369.55,919.53
bb,JINDALSTEL,2024-12-17,SHORT,2024-12-17T11:40:00,975.60,978.45,971.32,307,2.85,2024-12-17T12:00:00,971.32,TARGET,1314.58,866.30
bb,JINDALSTEL,2024-12-26,SHORT,2024-12-26T10:10:00,936.00,939.47,930.80,320,3.47,2024-12-26T10:50:00,930.80,TARGET,1663.38,1215.34
bb,JINDALSTEL,2024-12-27,SHORT,2024-12-27T11:30:00,932.40,935.90,927.15,321,3.50,2024-12-27T12:30:00,927.15,TARGET,1686.01,1238.32
bb,JINDALSTEL,2025-01-01,LONG,2025-01-01T10:50:00,930.55,927.02,935.84,322,3.53,2025-01-01T12:40:00,934.00,TIME_STOP,1110.90,660.61
bb,JINDALSTEL,2025-01-07,SHORT,2025-01-07T14:10:00,943.75,947.66,937.89,317,3.91,2025-01-07T14:20:00,946.80,REVERSE,-966.85,-1416.33
bb,JINDALSTEL,2025-01-10,LONG,2025-01-10T13:30:00,925.90,922.04,931.68,324,3.86,2025-01-10T14:00:00,922.04,STOP,-1249.09,-1698.14
bb,JINDALSTEL,2025-01-14,LONG,2025-01-14T12:10:00,920.00,914.90,927.64,326,5.10,2025-01-14T12:10:00,914.90,STOP,-1661.38,-2110.02
bb,JINDALSTEL,2025-01-15,LONG,2025-01-15T11:20:00,917.50,913.68,923.23,326,3.82,2025-01-15T11:30:00,913.68,STOP,-1246.28,-1694.00
bb,JINDALSTEL,2025-01-17,LONG,2025-01-17T10:10:00,926.10,922.53,931.46,323,3.57,2025-01-17T10:20:00,922.53,STOP,-1153.52,-1601.35
bb,JINDALSTEL,2025-01-20,LONG,2025-01-20T11:20:00,928.35,924.72,933.80,323,3.63,2025-01-20T13:10:00,933.80,TARGET,1760.30,1309.19
bb,JINDALSTEL,2025-01-23,SHORT,2025-01-23T11:40:00,895.20,899.45,888.83,335,4.25,2025-01-23T12:30:00,898.45,REVERSE,-1088.75,-1539.40
bb,JINDALSTEL,2025-01-24,SHORT,2025-01-24T10:00:00,892.40,896.58,886.13,336,4.18,2025-01-24T10:20:00,886.13,TARGET,2108.32,1660.13
bb,JINDALSTEL,2025-01-28,LONG,2025-01-28T12:30:00,849.30,844.07,857.14,353,5.23,2025-01-28T13:10:00,857.14,TARGET,2769.06,2317.27
bb,JINDALSTEL,2025-01-30,SHORT,2025-01-30T13:40:00,850.35,853.84,845.12,352,3.49,2025-01-30T14:50:00,853.84,STOP,-1228.13,-1678.03
bb,JINDALSTEL,2025-02-01,SHORT,2025-02-01T12:30:00,786.45,793.30,776.18,365,6.85,2025-02-01T12:30:00,776.18,TARGET,3749.61,3321.84
bb,JINDALSTEL,2025-02-03,LONG,2025-02-03T10:30:00,791.95,782.48,806.16,263,9.47,2025-02-03T12:20:00,791.60,TIME_STOP,-92.05,-404.41
bb,JINDALSTEL,2025-02-10,LONG,2025-02-10T12:30:00,835.70,832.18,840.98,358,3.52,2025-02-10T14:20:00,836.15,TIME_STOP,161.10,-287.79
bb,JINDALSTEL,2025-02-11,SHORT,2025-02-11T13:10:00,835.50,839.09,830.12,359,3.59,2025-02-11T13:30:00,830.12,TARGET,1931.48,1483.01
bb,JINDALSTEL,2025-02-12,LONG,2025-02-12T13:20:00,825.00,819.30,833.55,363,5.70,2025-02-12T14:00:00,819.30,STOP,-2068.64,-2516.30
bb,JINDALSTEL,2025-02-18,LONG,2025-02-18T10:10:00,839.20,834.56,846.16,357,4.64,2025-02-18T10:20:00,834.56,STOP,-1656.25,-2104.40
bb,JINDALSTEL,2025-02-21,SHORT,2025-02-21T10:20:00,864.90,868.73,859.16,346,3.83,2025-02-21T10:30:00,868.73,STOP,-1324.42,-1774.30
bb,JINDALSTEL,2025-02-24,SHORT,2025-02-24T11:40:00,872.60,876.68,866.48,343,4.08,2025-02-24T11:40:00,876.68,STOP,-1398.39,-1848.39
bb,JINDALSTEL,2025-02-25,LONG,2025-02-25T11:10:00,869.35,865.05,875.81,345,4.30,2025-02-25T11:20:00,865.05,STOP,-1485.00,-1933.77
bb,JINDALSTEL,2025-02-27,SHORT,2025-02-27T10:40:00,856.30,860.58,849.87,350,4.28,2025-02-27T12:00:00,849.87,TARGET,2248.91,1801.04
bb,JINDALSTEL,2025-02-28,SHORT,2025-02-28T12:10:00,852.60,857.63,845.05,351,5.03,2025-02-28T13:00:00,845.05,TARGET,2649.85,2202.94
bb,JINDALSTEL,2025-03-03,SHORT,2025-03-03T11:20:00,850.35,856.12,841.70,352,5.77,2025-03-03T12:30:00,856.12,STOP,-2030.50,-2481.01
bb,JINDALSTEL,2025-03-12,SHORT,2025-03-12T10:20:00,899.15,902.80,893.67,333,3.65,2025-03-12T11:00:00,893.67,TARGET,1824.74,1376.98
bb,JINDALSTEL,2025-03-13,SHORT,2025-03-13T12:00:00,895.40,898.97,890.04,335,3.57,2025-03-13T12:20:00,898.97,STOP,-1197.52,-1648.36
bb,JINDALSTEL,2025-03-17,LONG,2025-03-17T10:00:00,902.00,898.38,907.43,332,3.62,2025-03-17T10:30:00,898.38,STOP,-1201.68,-1649.98
bb,JINDALSTEL,2025-03-20,LONG,2025-03-20T12:40:00,927.75,924.32,932.90,323,3.43,2025-03-20T14:30:00,926.75,TIME_STOP,-323.00,-772.25
bb,JINDALSTEL,2025-03-24,LONG,2025-03-24T10:10:00,922.00,918.14,927.79,325,3.86,2025-03-24T12:00:00,923.50,TIME_STOP,487.50,37.66
bb,JINDALSTEL,2025-03-28,SHORT,2025-03-28T14:00:00,907.85,911.04,903.07,330,3.19,2025-03-28T14:30:00,911.04,STOP,-1052.67,-1502.84
bb,JINDALSTEL,2025-04-02,LONG,2025-04-02T10:20:00,906.50,902.92,911.86,330,3.58,2025-04-02T12:00:00,902.92,STOP,-1179.76,-1627.59
bb,JINDALSTEL,2025-04-08,LONG,2025-04-08T12:50:00,800.05,794.86,807.84,374,5.19,2025-04-08T14:40:00,799.35,TIME_STOP,-261.80,-710.43
bb,JINDALSTEL,2025-04-23,SHORT,2025-04-23T10:10:00,908.05,912.00,902.12,330,3.95,2025-04-23T10:10:00,902.12,TARGET,1955.54,1507.53
bb,JINDALSTEL,2025-04-24,SHORT,2025-04-24T11:30:00,910.65,914.81,904.41,329,4.16,2025-04-24T13:20:00,908.10,TIME_STOP,838.95,390.17
bb,JINDALSTEL,2025-04-29,SHORT,2025-04-29T11:00:00,903.75,907.30,898.42,331,3.55,2025-04-29T11:00:00,907.30,STOP,-1175.34,-1624.94
bb,JINDALSTEL,2025-04-30,LONG,2025-04-30T12:30:00,903.20,899.80,908.30,332,3.40,2025-04-30T14:10:00,899.80,STOP,-1128.03,-1576.97
bb,JINDALSTEL,2025-05-02,LONG,2025-05-02T13:30:00,903.00,896.47,912.79,332,6.53,2025-05-02T14:30:00,896.47,STOP,-2167.95,-2616.02
bb,JINDALSTEL,2025-05-06,SHORT,2025-05-06T10:00:00,883.20,889.86,873.21,339,6.66,2025-05-06T10:50:00,889.86,STOP,-2258.86,-2709.66
bb,JINDALSTEL,2025-05-07,LONG,2025-05-07T12:20:00,879.75,875.48,886.16,341,4.27,2025-05-07T14:10:00,881.45,TIME_STOP,579.70,129.27
bb,JINDALSTEL,2025-05-19,SHORT,2025-05-19T10:00:00,969.55,973.62,963.45,309,4.07,2025-05-19T10:10:00,973.62,STOP,-1257.07,-1707.40
bb,JINDALSTEL,2025-05-20,SHORT,2025-05-20T11:00:00,967.00,972.04,959.44,310,5.04,2025-05-20T12:30:00,972.04,STOP,-1562.79,-2013.62
bb,JINDALSTEL,2025-05-22,LONG,2025-05-22T10:00:00,972.45,967.79,979.44,308,4.66,2025-05-22T10:30:00,967.79,STOP,-1435.24,-1883.43
bb,JINDALSTEL,2025-05-26,SHORT,2025-05-26T14:10:00,958.10,961.28,953.33,313,3.18,2025-05-26T15:20:00,953.33,TARGET,1493.56,1044.85
bb,JINDALSTEL,2025-05-30,SHORT,2025-05-30T14:00:00,954.80,957.70,950.45,314,2.90,2025-05-30T15:00:00,950.45,TARGET,1366.31,917.62
bb,JINDALSTEL,2025-06-02,LONG,2025-06-02T13:30:00,946.70,942.68,952.74,316,4.02,2025-06-02T14:10:00,942.68,STOP,-1271.70,-1719.49
bb,JINDALSTEL,2025-06-03,LONG,2025-06-03T10:20:00,946.05,942.17,951.87,317,3.88,2025-06-03T10:40:00,942.17,STOP,-1230.92,-1679.84
bb,JINDALSTEL,2025-06-04,LONG,2025-06-04T12:30:00,947.50,944.67,951.74,316,2.83,2025-06-04T13:50:00,951.74,TARGET,1339.55,889.43
bb,JINDALSTEL,2025-06-05,SHORT,2025-06-05T14:00:00,951.65,954.06,948.03,315,2.41,2025-06-05T14:20:00,948.03,TARGET,1139.60,690.80
bb,JINDALSTEL,2025-06-10,SHORT,2025-06-10T13:20:00,975.20,977.62,971.58,307,2.42,2025-06-10T13:50:00,971.58,TARGET,1112.47,664.23
bb,JINDALSTEL,2025-06-11,LONG,2025-06-11T13:20:00,973.55,971.47,976.68,308,2.08,2025-06-11T13:20:00,971.47,STOP,-641.83,-1091.13
bb,JINDALSTEL,2025-06-16,LONG,2025-06-16T12:00:00,923.45,920.45,927.95,324,3.00,2025-06-16T12:40:00,927.95,TARGET,1457.47,1007.58
bb,JINDALSTEL,2025-06-20,LONG,2025-06-20T10:40:00,894.00,890.08,899.88,335,3.92,2025-06-20T11:20:00,899.88,TARGET,1970.72,1520.00
bb,JINDALSTEL,2025-06-25,SHORT,2025-06-25T14:10:00,925.90,928.17,922.49,324,2.27,2025-06-25T14:50:00,928.17,STOP,-736.67,-1187.21
bb,JINDALSTEL,2025-06-26,LONG,2025-06-26T10:30:00,928.85,925.49,933.89,322,3.36,2025-06-26T10:40:00,925.49,STOP,-1080.98,-1528.80
bb,JINDALSTEL,2025-06-27,SHORT,2025-06-27T13:30:00,946.20,949.89,940.67,317,3.69,2025-06-27T14:40:00,940.67,TARGET,1754.12,1305.52
bb,JINDALSTEL,2025-07-01,LONG,2025-07-01T12:30:00,950.45,946.98,955.65,315,3.47,2025-07-01T13:50:00,946.98,STOP,-1091.80,-1540.07
bb,JINDALSTEL,2025-07-03,SHORT,2025-07-03T13:10:00,969.40,972.29,965.06,309,2.89,2025-07-03T13:20:00,965.06,TARGET,1340.54,892.23
bb,JINDALSTEL,2025-07-07,LONG,2025-07-07T11:50:00,953.05,949.57,958.26,314,3.48,2025-07-07T11:50:00,949.57,STOP,-1091.25,-1539.31
bb,JINDALSTEL,2025-07-10,SHORT,2025-07-10T13:40:00,943.40,946.29,939.06,317,2.89,2025-07-10T14:10:00,946.29,STOP,-917.31,-1366.58
bb,JINDALSTEL,2025-07-14,SHORT,2025-07-14T11:50:00,932.30,936.00,926.74,321,3.70,2025-07-14T13:40:00,928.60,TIME_STOP,1187.70,739.69
bb,JINDALSTEL,2025-07-17,LONG,2025-07-17T13:00:00,943.45,940.38,948.06,317,3.07,2025-07-17T13:20:00,948.06,TARGET,1460.69,1010.98
bb,JINDALSTEL,2025-07-21,SHORT,2025-07-21T13:00:00,959.80,962.69,955.47,312,2.89,2025-07-21T14:50:00,959.50,TIME_STOP,93.60,-355.52
bb,JINDALSTEL,2025-07-23,LONG,2025-07-23T10:00:00,967.25,964.70,971.07,310,2.55,2025-07-23T10:00:00,965.55,REVERSE,-527.00,-976.38
bb,JINDALSTEL,2025-07-28,SHORT,2025-07-28T10:10:00,987.95,991.56,982.54,303,3.61,2025-07-28T12:00:00,983.30,TIME_STOP,1408.95,960.98
bb,JINDALSTEL,2025-07-29,LONG,2025-07-29T10:10:00,987.15,983.28,992.95,303,3.87,2025-07-29T10:10:00,983.28,STOP,-1171.60,-1619.38
bb,JINDALSTEL,2025-07-30,SHORT,2025-07-30T12:50:00,981.75,984.79,977.19,305,3.04,2025-07-30T13:20:00,984.79,STOP,-928.19,-1378.04
bb,JINDALSTEL,2025-08-04,LONG,2025-08-04T10:10:00,974.00,969.72,980.42,308,4.28,2025-08-04T12:00:00,976.15,TIME_STOP,662.20,211.72
bb,JINDALSTEL,2025-08-06,SHORT,2025-08-06T11:30:00,987.35,990.88,982.06,303,3.53,2025-08-06T13:00:00,990.88,STOP,-1068.95,-1518.50
bb,JINDALSTEL,2025-08-07,SHORT,2025-08-07T11:00:00,988.15,992.50,981.62,303,4.35,2025-08-07T12:50:00,985.05,TIME_STOP,939.30,490.89
bb,JINDALSTEL,2025-08-08,SHORT,2025-08-08T10:30:00,984.15,988.44,977.72,304,4.29,2025-08-08T11:40:00,977.72,TARGET,1954.81,1507.50
bb,JINDALSTEL,2025-08-12,SHORT,2025-08-12T10:50:00,986.10,990.14,980.05,304,4.04,2025-08-12T11:00:00,990.14,STOP,-1226.77,-1677.35
bb,JINDALSTEL,2025-08-13,SHORT,2025-08-13T13:10:00,1000.55,1004.91,994.01,299,4.36,2025-08-13T13:40:00,1004.91,STOP,-1304.08,-1753.80
bb,JINDALSTEL,2025-08-21,SHORT,2025-08-21T12:20:00,1013.40,1016.03,1009.45,296,2.63,2025-08-21T12:20:00,1009.45,TARGET,1168.16,719.08
bb,JINDALSTEL,2025-09-01,LONG,2025-09-01T11:30:00,956.00,952.60,961.09,313,3.40,2025-09-01T13:10:00,961.09,TARGET,1594.72,1144.68
bb,JINDALSTEL,2025-09-05,SHORT,2025-09-05T12:30:00,1028.50,1031.61,1023.84,291,3.11,2025-09-05T13:10:00,1031.61,STOP,-904.70,-1354.32
bb,JINDALSTEL,2025-09-11,SHORT,2025-09-11T13:30:00,1035.00,1037.71,1030.94,289,2.71,2025-09-11T14:20:00,1037.71,STOP,-782.71,-1231.97
bb,JINDALSTEL,2025-09-12,SHORT,2025-09-12T10:40:00,1034.00,1036.66,1030.00,290,2.66,2025-09-12T11:00:00,1030.00,TARGET,1159.22,710.30
bb,JINDALSTEL,2025-09-16,SHORT,2025-09-16T10:50:00,1039.55,1042.36,1035.34,288,2.81,2025-09-16T11:40:00,1042.36,STOP,-808.79,-1258.48
bb,JINDALSTEL,2025-09-17,SHORT,2025-09-17T10:20:00,1045.80,1049.04,1040.94,286,3.24,2025-09-17T12:10:00,1043.70,TIME_STOP,600.60,152.40
bb,JINDALSTEL,2025-09-19,LONG,2025-09-19T10:10:00,1043.25,1039.57,1048.76,287,3.68,2025-09-19T11:10:00,1039.57,STOP,-1054.81,-1503.14
bb,JINDALSTEL,2025-09-22,SHORT,2025-09-22T10:40:00,1040.00,1043.02,1035.48,288,3.02,2025-09-22T12:30:00,1039.90,TIME_STOP,28.80,-420.46
bb,JINDALSTEL,2025-09-23,LONG,2025-09-23T12:40:00,1039.75,1036.93,1043.99,288,2.82,2025-09-23T12:40:00,1043.99,TARGET,1219.78,769.70
bb,JINDALSTEL,2025-09-24,SHORT,2025-09-24T11:30:00,1048.00,1051.97,1042.04,286,3.97,2025-09-24T12:30:00,1051.97,STOP,-1135.47,-1585.91
bb,JINDALSTEL,2025-09-25,LONG,2025-09-25T10:40:00,1057.00,1053.13,1062.80,283,3.87,2025-09-25T10:50:00,1053.13,STOP,-1094.77,-1542.65
bb,JINDALSTEL,2025-10-01,SHORT,2025-10-01T10:40:00,1057.30,1061.34,1051.24,283,4.04,2025-10-01T11:30:00,1061.34,STOP,-1143.69,-1593.37
bb,JINDALSTEL,2025-10-03,LONG,2025-10-03T11:20:00,1068.50,1063.53,1075.96,280,4.97,2025-10-03T11:40:00,1075.96,TARGET,2089.38,1639.04
bb,JINDALSTEL,2025-10-14,SHORT,2025-10-14T10:30:00,1005.40,1008.51,1000.74,298,3.11,2025-10-14T11:10:00,1000.74,TARGET,1390.11,941.74
bb,JINDALSTEL,2025-10-15,LONG,2025-10-15T11:40:00,1000.80,997.70,1005.44,299,3.10,2025-10-15T11:40:00,997.70,STOP,-925.50,-1373.66
bb,JINDALSTEL,2025-10-17,SHORT,2025-10-17T12:50:00,1016.80,1019.45,1012.82,295,2.65,2025-10-17T12:50:00,1012.82,TARGET,1173.03,723.98
bb,JINDALSTEL,2025-10-24,LONG,2025-10-24T10:00:00,1018.70,1015.06,1024.17,294,3.64,2025-10-24T10:10:00,1024.17,TARGET,1606.93,1156.48
bb,JINDALSTEL,2025-10-31,SHORT,2025-10-31T10:50:00,1065.40,1069.28,1059.57,281,3.88,2025-10-31T11:40:00,1069.28,STOP,-1091.40,-1541.29
bb,JINDALSTEL,2025-11-04,LONG,2025-11-04T14:00:00,1077.00,1074.46,1080.81,278,2.54,2025-11-04T14:10:00,1074.46,STOP,-705.79,-1154.37
bb,JINDALSTEL,2025-11-06,SHORT,2025-11-06T10:00:00,1067.00,1071.76,1059.87,281,4.76,2025-11-06T11:00:00,1059.87,TARGET,2004.40,1556.17
bb,JINDALSTEL,2025-11-07,LONG,2025-11-07T11:30:00,1054.40,1048.50,1063.25,284,5.90,2025-11-07T12:50:00,1063.25,TARGET,2514.82,2063.76
bb,JINDALSTEL,2025-11-11,LONG,2025-11-11T12:40:00,1075.00,1071.62,1080.07,279,3.38,2025-11-11T13:00:00,1071.62,STOP,-942.34,-1391.52
bb,JINDALSTEL,2025-11-12,SHORT,2025-11-12T13:00:00,1076.80,1079.53,1072.70,278,2.73,2025-11-12T14:20:00,1072.70,TARGET,1139.27,691.10
bb,JINDALSTEL,2025-11-14,SHORT,2025-11-14T13:10:00,1081.40,1084.77,1076.34,277,3.37,2025-11-14T13:10:00,1084.77,STOP,-933.79,-1383.81
bb,JINDALSTEL,2025-11-19,LONG,2025-11-19T12:30:00,1075.10,1071.93,1079.86,279,3.17,2025-11-19T13:40:00,1071.93,STOP,-885.03,-1334.30
bb,JINDALSTEL,2025-11-20,LONG,2025-11-20T10:10:00,1073.00,1069.00,1079.00,279,4.00,2025-11-20T11:20:00,1069.00,STOP,-1115.51,-1563.72
bb,JINDALSTEL,2025-11-27,SHORT,2025-11-27T12:20:00,1039.30,1042.20,1034.96,288,2.90,2025-11-27T12:30:00,1034.96,TARGET,1250.85,802.81
bb,JINDALSTEL,2025-12-01,SHORT,2025-12-01T11:00:00,1042.00,1045.27,1037.09,287,3.27,2025-12-01T11:20:00,1045.27,STOP,-938.70,-1387.98
bb,JINDALSTEL,2025-12-02,SHORT,2025-12-02T11:10:00,1043.10,1046.09,1038.61,287,2.99,2025-12-02T12:50:00,1038.61,TARGET,1287.65,839.56
bb,JINDALSTEL,2025-12-05,LONG,2025-12-05T13:30:00,1006.40,1002.54,1012.19,298,3.86,2025-12-05T14:50:00,1002.54,STOP,-1151.05,-1600.05
bb,JINDALSTEL,2025-12-08,SHORT,2025-12-08T10:10:00,1001.80,1005.36,996.47,299,3.56,2025-12-08T10:40:00,1005.36,STOP,-1063.28,-1513.38
bb,JINDALSTEL,2025-12-09,LONG,2025-12-09T11:40:00,1000.10,995.68,1006.73,299,4.42,2025-12-09T13:30:00,1004.40,TIME_STOP,1285.70,836.19
bb,JINDALSTEL,2025-12-11,LONG,2025-12-11T10:40:00,1011.00,1007.34,1016.50,296,3.66,2025-12-11T11:00:00,1007.34,STOP,-1084.59,-1532.66
bb,JINDALSTEL,2025-12-16,SHORT,2025-12-16T10:00:00,1016.20,1019.42,1011.38,295,3.22,2025-12-16T10:30:00,1011.38,TARGET,1422.94,974.34
bb,JINDALSTEL,2025-12-19,SHORT,2025-12-19T11:10:00,982.80,986.42,977.37,305,3.62,2025-12-19T11:20:00,986.42,STOP,-1103.26,-1553.71
bb,JINDALSTEL,2025-12-22,SHORT,2025-12-22T13:40:00,999.50,1002.02,995.72,300,2.52,2025-12-22T14:00:00,1002.02,STOP,-756.55,-1206.89
bb,JINDALSTEL,2025-12-24,SHORT,2025-12-24T11:40:00,1001.20,1003.80,997.30,299,2.60,2025-12-24T12:10:00,1003.80,STOP,-777.51,-1227.13
bb,JINDALSTEL,2025-12-29,SHORT,2025-12-29T13:20:00,992.90,996.49,987.52,302,3.59,2025-12-29T15:10:00,990.60,TIME_STOP,694.60,245.34
bb,JINDALSTEL,2025-12-30,LONG,2025-12-30T10:30:00,1006.90,1003.16,1012.50,297,3.74,2025-12-30T10:30:00,1003.16,STOP,-1109.37,-1557.12
bb,JINDALSTEL,2026-01-05,SHORT,2026-01-05T14:10:00,1077.20,1080.07,1072.90,278,2.87,2026-01-05T14:30:00,1080.07,STOP,-797.86,-1247.65
bb,JINDALSTEL,2026-01-12,LONG,2026-01-12T12:40:00,1023.60,1018.66,1031.02,293,4.94,2026-01-12T13:50:00,1018.66,STOP,-1448.60,-1897.39
bb,JINDALSTEL,2026-01-13,SHORT,2026-01-13T12:40:00,1021.90,1025.72,1016.17,293,3.82,2026-01-13T13:00:00,1016.17,TARGET,1678.05,1230.19
bb,JINDALSTEL,2026-01-14,LONG,2026-01-14T10:20:00,1021.90,1018.05,1027.67,293,3.85,2026-01-14T10:20:00,1027.67,TARGET,1690.65,1240.25
bb,JINDALSTEL,2026-01-20,SHORT,2026-01-20T10:30:00,1048.50,1053.17,1041.49,286,4.67,2026-01-20T10:40:00,1053.17,STOP,-1336.36,-1787.17
bb,JINDALSTEL,2026-01-23,SHORT,2026-01-23T11:40:00,1063.60,1069.36,1054.96,282,5.76,2026-01-23T12:10:00,1069.36,STOP,-1623.49,-2074.61
bb,JINDALSTEL,2026-01-27,LONG,2026-01-27T13:20:00,1074.60,1070.56,1080.66,279,4.04,2026-01-27T13:40:00,1070.56,STOP,-1126.66,-1575.53
bb,JINDALSTEL,2026-02-05,LONG,2026-02-05T11:30:00,1175.30,1170.86,1181.96,255,4.44,2026-02-05T11:40:00,1181.96,TARGET,1697.43,1246.61
bb,JINDALSTEL,2026-02-06,SHORT,2026-02-06T10:20:00,1167.30,1171.68,1160.72,257,4.38,2026-02-06T11:00:00,1171.68,STOP,-1126.84,-1577.68
bb,JINDALSTEL,2026-02-11,LONG,2026-02-11T10:00:00,1193.50,1189.61,1199.33,251,3.89,2026-02-11T10:00:00,1189.61,STOP,-975.72,-1424.34
bb,JINDALSTEL,2026-02-12,LONG,2026-02-12T11:20:00,1194.70,1191.01,1200.23,251,3.69,2026-02-12T12:40:00,1200.23,TARGET,1389.10,938.25
bb,JINDALSTEL,2026-02-19,SHORT,2026-02-19T10:20:00,1215.20,1219.46,1208.81,246,4.26,2026-02-19T12:10:00,1214.80,TIME_STOP,98.40,-349.93
bb,JINDALSTEL,2026-02-20,LONG,2026-02-20T10:40:00,1224.10,1218.79,1232.07,245,5.31,2026-02-20T12:30:00,1226.30,TIME_STOP,539.00,88.74
bb,JINDALSTEL,2026-02-24,SHORT,2026-02-24T13:10:00,1217.70,1220.70,1213.20,246,3.00,2026-02-24T13:30:00,1213.20,TARGET,1107.65,659.15
bb,JINDALSTEL,2026-02-27,SHORT,2026-02-27T10:20:00,1250.70,1255.36,1243.71,239,4.66,2026-02-27T12:00:00,1255.36,STOP,-1114.51,-1563.72
bb,JINDALSTEL,2026-03-06,LONG,2026-03-06T10:20:00,1188.20,1182.50,1196.76,252,5.70,2026-03-06T12:10:00,1185.60,TIME_STOP,-655.20,-1103.85
bb,JINDALSTEL,2026-03-12,LONG,2026-03-12T11:10:00,1194.80,1189.38,1202.93,251,5.42,2026-03-12T11:30:00,1202.93,TARGET,2041.22,1589.85
bb,LT,2024-03-18,LONG,2024-03-18T12:40:00,3564.35,3549.49,3586.63,84,14.86,2024-03-18T14:30:00,3570.60,TIME_STOP,525.00,75.50
bb,LT,2024-03-20,SHORT,2024-03-20T10:20:00,3501.10,3511.21,3485.93,85,10.11,2024-03-20T11:00:00,3511.21,STOP,-859.65,-1306.69
bb,LT,2024-04-02,SHORT,2024-04-02T11:10:00,3805.10,3818.42,3785.12,78,13.32,2024-04-02T11:40:00,3785.12,TARGET,1558.80,1114.77
bb,LT,2024-04-04,LONG,2024-04-04T13:10:00,3784.15,3771.11,3803.72,79,13.04,2024-04-04T13:20:00,3803.72,TARGET,1545.80,1096.22
bb,LT,2024-04-18,LONG,2024-04-18T12:20:00,3610.00,3597.81,3628.29,83,12.19,2024-04-18T12:40:00,3597.81,STOP,-1012.18,-1460.86
bb,LT,2024-04-23,SHORT,2024-04-23T13:50:00,3594.00,3601.17,3583.25,83,7.17,2024-04-23T14:30:00,3601.17,STOP,-594.76,-1042.66
bb,LT,2024-04-26,SHORT,2024-04-26T10:10:00,3626.00,3638.49,3607.27,82,12.49,2024-04-26T12:00:00,3621.40,TIME_STOP,377.20,-68.52
bb,LT,2024-04-29,SHORT,2024-04-29T14:00:00,3618.05,3627.18,3604.35,82,9.13,2024-04-29T14:00:00,3627.18,STOP,-748.84,-1194.43
bb,LT,2024-04-30,SHORT,2024-04-30T13:10:00,3633.15,3639.71,3623.32,82,6.56,2024-04-30T13:30:00,3639.71,STOP,-537.61,-984.89
bb,LT,2024-05-07,LONG,2024-05-07T12:30:00,3486.65,3474.47,3504.92,86,12.18,2024-05-07T12:40:00,3474.47,STOP,-1047.46,-1496.45
bb,LT,2024-05-08,LONG,2024-05-08T12:10:00,3451.05,3433.68,3477.11,86,17.37,2024-05-08T14:00:00,3469.85,TIME_STOP,1616.80,1170.40
bb,LT,2024-05-13,LONG,2024-05-13T12:30:00,3294.10,3281.41,3313.14,91,12.69,2024-05-13T13:00:00,3313.14,TARGET,1732.66,1281.72
bb,LT,2024-05-16,SHORT,2024-05-16T13:50:00,3391.00,3402.63,3373.55,88,11.63,2024-05-16T14:00:00,3402.63,STOP,-1023.77,-1472.15
bb,LT,2024-05-22,LONG,2024-05-22T10:20:00,3463.00,3453.05,3477.92,86,9.95,2024-05-22T11:50:00,3453.05,STOP,-855.53,-1301.62
bb,LT,2024-05-27,SHORT,2024-05-27T10:30:00,3617.75,3630.63,3598.43,82,12.88,2024-05-27T10:30:00,3630.63,STOP,-1056.26,-1502.03
bb,LT,2024-05-28,SHORT,2024-05-28T11:30:00,3654.60,3665.18,3638.74,82,10.58,2024-05-28T13:00:00,3665.18,STOP,-867.21,-1317.38
bb,LT,2024-05-29,LONG,2024-05-29T13:50:00,3646.55,3637.65,3659.90,82,8.90,2024-05-29T14:50:00,3637.65,STOP,-729.86,-1177.84
bb,LT,2024-05-30,LONG,2024-05-30T13:10:00,3642.80,3633.97,3656.05,82,8.83,2024-05-30T13:20:00,3633.97,STOP,-724.39,-1171.91
bb,LT,2024-06-04,SHORT,2024-06-04T11:10:00,3571.95,3611.42,3512.74,63,39.47,2024-06-04T11:10:00,3512.74,TARGET,3729.96,3395.21
bb,LT,2024-06-05,LONG,2024-06-05T14:10:00,3376.30,3344.58,3423.88,78,31.72,2024-06-05T15:10:00,3423.88,TARGET,3711.25,3313.44
bb,LT,2024-06-14,SHORT,2024-06-14T12:30:00,3686.70,3694.90,3674.39,81,8.20,2024-06-14T14:20:00,3681.50,TIME_STOP,421.20,-26.42
bb,LT,2024-06-18,SHORT,2024-06-18T14:00:00,3690.90,3698.01,3680.23,81,7.11,2024-06-18T15:20:00,3691.45,EOD,-44.55,-493.03
bb,LT,2024-06-24,LONG,2024-06-24T11:30:00,3553.80,3540.15,3574.28,84,13.65,2024-06-24T12:50:00,3540.15,STOP,-1146.98,-1593.90
bb,LT,2024-06-25,LONG,2024-06-25T11:50:00,3552.05,3541.49,3567.89,84,10.56,2024-06-25T12:00:00,3567.89,TARGET,1330.80,882.24
bb,LT,2024-07-04,SHORT,2024-07-04T11:10:00,3617.15,3626.13,3603.68,82,8.98,2024-07-04T12:10:00,3626.13,STOP,-736.21,-1181.67
bb,LT,2024-07-08,LONG,2024-07-08T10:20:00,3617.00,3604.68,3635.48,82,12.32,2024-07-08T10:50:00,3604.68,STOP,-1010.06,-1454.19
bb,LT,2024-07-10,SHORT,2024-07-10T10:10:00,3660.00,3669.87,3645.19,81,9.87,2024-07-10T10:10:00,3645.19,TARGET,1199.57,755.78
bb,LT,2024-07-11,SHORT,2024-07-11T12:10:00,3641.55,3652.63,3624.94,82,11.08,2024-07-11T12:30:00,3624.94,TARGET,1362.42,915.53
bb,LT,2024-07-12,LONG,2024-07-12T11:10:00,3657.75,3644.73,3677.27,82,13.02,2024-07-12T11:20:00,3644.73,STOP,-1067.32,-1516.42
bb,LT,2024-07-18,LONG,2024-07-18T12:40:00,3650.50,3641.02,3664.72,82,9.48,2024-07-18T13:10:00,3664.72,TARGET,1166.41,716.53
bb,LT,2024-07-19,SHORT,2024-07-19T10:10:00,3632.15,3643.07,3615.77,82,10.92,2024-07-19T11:30:00,3643.07,STOP,-895.62,-1343.04
bb,LT,2024-07-22,LONG,2024-07-22T11:10:00,3637.80,3624.41,3657.88,82,13.39,2024-07-22T12:30:00,3624.41,STOP,-1097.65,-1544.28
bb,LT,2024-07-23,SHORT,2024-07-23T12:10:00,3555.65,3580.23,3518.79,84,24.58,2024-07-23T12:20:00,3518.79,TARGET,3096.45,2650.76
bb,LT,2024-08-01,SHORT,2024-08-01T12:10:00,3792.00,3801.49,3777.76,79,9.49,2024-08-01T12:40:00,3777.76,TARGET,1124.58,676.07
bb,LT,2024-08-09,LONG,2024-08-09T10:10:00,3595.00,3582.12,3614.32,83,12.88,2024-08-09T11:40:00,3582.12,STOP,-1069.07,-1515.85
bb,LT,2024-08-12,LONG,2024-08-12T11:10:00,3596.80,3587.08,3611.38,83,9.72,2024-08-12T11:40:00,3587.08,STOP,-806.69,-1253.88
bb,LT,2024-08-13,SHORT,2024-08-13T12:40:00,3581.00,3587.56,3571.16,83,6.56,2024-08-13T13:00:00,3571.16,TARGET,817.10,371.88
bb,LT,2024-08-16,LONG,2024-08-16T13:10:00,3563.95,3554.84,3577.62,84,9.11,2024-08-16T13:50:00,3577.62,TARGET,1148.41,698.49
bb,LT,2024-08-19,SHORT,2024-08-19T10:40:00,3560.90,3569.03,3548.71,84,8.13,2024-08-19T10:50:00,3548.71,TARGET,1024.37,576.47
bb,LT,2024-08-20,LONG,2024-08-20T10:00:00,3564.95,3557.68,3575.85,84,7.27,2024-08-20T10:20:00,3575.85,TARGET,915.46,465.59
bb,LT,2024-08-23,SHORT,2024-08-23T12:40:00,3599.35,3605.30,3590.43,83,5.95,2024-08-23T13:20:00,3590.43,TARGET,740.61,293.05
bb,LT,2024-08-28,SHORT,2024-08-28T10:30:00,3693.95,3703.56,3679.53,81,9.61,2024-08-28T11:40:00,3703.56,STOP,-778.71,-1228.11
bb,LT,2024-08-29,LONG,2024-08-29T10:30:00,3704.05,3695.06,3717.54,80,8.99,2024-08-29T11:50:00,3695.06,STOP,-719.49,-1163.44
bb,LT,2024-09-02,SHORT,2024-09-02T12:40:00,3683.65,3694.08,3668.00,81,10.43,2024-09-02T13:00:00,3668.00,TARGET,1267.61,820.99
bb,LT,2024-09-03,LONG,2024-09-03T12:30:00,3683.75,3677.55,3693.05,81,6.20,2024-09-03T12:30:00,3693.05,TARGET,752.98,304.84
bb,LT,2024-09-09,LONG,2024-09-09T10:10:00,3581.45,3570.05,3598.55,83,11.40,2024-09-09T10:20:00,3570.05,STOP,-946.05,-1391.23
bb,LT,2024-09-19,SHORT,2024-09-19T10:40:00,3712.30,3723.36,3695.71,80,11.06,2024-09-19T11:10:00,3695.71,TARGET,1327.34,882.86
bb,LT,2024-10-04,LONG,2024-10-04T12:20:00,3552.80,3538.51,3574.23,84,14.29,2024-10-04T12:20:00,3538.51,STOP,-1199.97,-1646.72
bb,LT,2024-10-10,SHORT,2024-10-10T11:30:00,3507.60,3518.43,3491.36,85,10.83,2024-10-10T12:40:00,3491.36,TARGET,1380.68,934.50
bb,LT,2024-10-11,LONG,2024-10-11T12:20:00,3488.15,3479.50,3501.12,86,8.65,2024-10-11T12:30:00,3479.50,STOP,-743.82,-1193.24
bb,LT,2024-10-15,SHORT,2024-10-15T10:10:00,3534.10,3543.41,3520.14,84,9.31,2024-10-15T10:40:00,3543.41,STOP,-781.65,-1227.53
bb,LT,2024-10-16,SHORT,2024-10-16T11:20:00,3539.65,3549.79,3524.44,84,10.14,2024-10-16T11:40:00,3524.44,TARGET,1278.05,833.01
bb,LT,2024-11-04,SHORT,2024-11-04T10:10:00,3587.50,3603.65,3563.28,83,16.15,2024-11-04T11:00:00,3563.28,TARGET,2010.55,1565.42
bb,LT,2024-11-05,LONG,2024-11-05T14:10:00,3565.00,3555.21,3579.68,84,9.79,2024-11-05T14:30:00,3579.68,TARGET,1233.17,783.06
bb,LT,2024-11-11,LONG,2024-11-11T11:30:00,3660.10,3651.20,3673.45,81,8.90,2024-11-11T12:00:00,3651.20,STOP,-720.98,-1165.14
bb,LT,2024-11-12,LONG,2024-11-12T12:00:00,3635.55,3624.29,3652.45,82,11.26,2024-11-12T12:50:00,3624.29,STOP,-923.67,-1370.15
bb,LT,2024-11-22,SHORT,2024-11-22T10:00:00,3484.60,3498.56,3463.66,86,13.96,2024-11-22T10:00:00,3498.56,STOP,-1200.58,-1650.99
bb,LT,2024-11-27,SHORT,2024-11-27T10:00:00,3703.35,3717.12,3682.69,81,13.77,2024-11-27T11:50:00,3695.90,TIME_STOP,603.45,153.95
bb,LT,2024-12-10,SHORT,2024-12-10T10:50:00,3926.40,3937.12,3910.32,76,10.72,2024-12-10T11:00:00,3937.12,STOP,-814.65,-1262.87
bb,LT,2024-12-11,LONG,2024-12-11T10:40:00,3931.05,3920.07,3947.52,76,10.98,2024-12-11T12:20:00,3920.07,STOP,-834.34,-1281.85
bb,LT,2024-12-13,LONG,2024-12-13T13:40:00,3875.95,3859.72,3900.30,77,16.23,2024-12-13T15:20:00,3894.95,EOD,1463.00,1014.23
bb,LT,2024-12-16,SHORT,2024-12-16T11:40:00,3869.65,3882.44,3850.46,77,12.79,2024-12-16T13:30:00,3875.00,TIME_STOP,-411.95,-859.20
bb,LT,2024-12-24,LONG,2024-12-24T10:20:00,3664.10,3652.72,3681.17,81,11.38,2024-12-24T11:10:00,3652.72,STOP,-922.03,-1366.53
bb,LT,2024-12-31,LONG,2024-12-31T12:10:00,3595.70,3583.18,3614.48,83,12.52,2024-12-31T14:00:00,3614.48,TARGET,1558.98,1110.15
bb,LT,2025-01-03,SHORT,2025-01-03T10:20:00,3683.30,3694.63,3666.31,81,11.33,2025-01-03T11:00:00,3694.63,STOP,-917.67,-1365.88
bb,LT,2025-01-07,LONG,2025-01-07T13:40:00,3630.90,3620.55,3646.43,82,10.35,2025-01-07T15:20:00,3646.43,TARGET,1273.25,825.69
bb,LT,2025-01-08,SHORT,2025-01-08T10:50:00,3608.00,3620.02,3589.98,83,12.02,2025-01-08T12:40:00,3613.00,TIME_STOP,-415.00,-864.51
bb,LT,2025-01-10,LONG,2025-01-10T12:00:00,3532.60,3518.76,3553.36,84,13.84,2025-01-10T13:50:00,3530.40,TIME_STOP,-184.80,-629.77
bb,LT,2025-01-16,SHORT,2025-01-16T10:30:00,3486.10,3496.66,3470.26,86,10.56,2025-01-16T10:40:00,3496.66,STOP,-908.38,-1358.76
bb,LT,2025-01-23,LONG,2025-01-23T12:30:00,3524.85,3513.63,3541.68,85,11.22,2025-01-23T13:30:00,3513.63,STOP,-953.98,-1402.68
bb,LT,2025-01-24,LONG,2025-01-24T12:10:00,3503.85,3493.81,3518.92,85,10.04,2025-01-24T12:30:00,3493.81,STOP,-853.82,-1299.92
bb,LT,2025-01-28,SHORT,2025-01-28T10:10:00,3440.10,3454.69,3418.21,87,14.59,2025-01-28T10:10:00,3418.21,TARGET,1904.50,1456.99
bb,LT,2025-01-30,SHORT,2025-01-30T12:30:00,3420.80,3438.97,3393.54,87,18.17,2025-01-30T14:20:00,3425.05,TIME_STOP,-369.75,-816.44
bb,LT,2025-02-01,SHORT,2025-02-01T12:10:00,3522.05,3548.03,3483.09,85,25.98,2025-02-01T12:20:00,3483.09,TARGET,3311.98,2865.40
bb,LT,2025-02-05,SHORT,2025-02-05T12:50:00,3419.70,3430.18,3403.98,87,10.48,2025-02-05T14:10:00,3403.98,TARGET,1367.64,922.40
bb,LT,2025-02-11,SHORT,2025-02-11T10:00:00,3305.00,3316.34,3288.00,90,11.34,2025-02-11T11:50:00,3300.00,TIME_STOP,450.00,4.16
bb,LT,2025-02-12,LONG,2025-02-12T11:50:00,3278.95,3265.80,3298.68,91,13.15,2025-02-12T13:30:00,3298.68,TARGET,1795.22,1346.29
bb,LT,2025-02-18,LONG,2025-02-18T12:50:00,3219.05,3211.27,3230.72,93,7.78,2025-02-18T13:40:00,3230.72,TARGET,1085.07,635.20
bb,LT,2025-02-24,SHORT,2025-02-24T11:40:00,3302.00,3311.02,3288.47,90,9.02,2025-02-24T12:00:00,3288.47,TARGET,1217.91,773.06
bb,LT,2025-03-03,SHORT,2025-03-03T11:50:00,3168.95,3180.43,3151.73,94,11.48,2025-03-03T12:10:00,3180.43,STOP,-1079.16,-1526.79
bb,LT,2025-03-04,SHORT,2025-03-04T11:00:00,3194.85,3204.10,3180.97,93,9.25,2025-03-04T11:00:00,3199.95,REVERSE,-474.30,-920.34
bb,LT,2025-03-07,SHORT,2025-03-07T12:30:00,3246.50,3255.08,3233.62,92,8.58,2025-03-07T12:30:00,3255.08,STOP,-789.68,-1238.29
bb,LT,2025-03-17,SHORT,2025-03-17T11:10:00,3194.50,3204.21,3179.94,93,9.71,2025-03-17T12:20:00,3179.94,TARGET,1354.39,909.77
bb,LT,2025-03-20,SHORT,2025-03-20T11:00:00,3301.25,3311.05,3286.55,90,9.80,2025-03-20T11:00:00,3303.05,REVERSE,-162.00,-607.79
bb,LT,2025-03-25,SHORT,2025-03-25T11:30:00,3468.75,3479.65,3452.40,86,10.90,2025-03-25T11:50:00,3452.40,TARGET,1405.86,959.45
bb,LT,2025-04-02,LONG,2025-04-02T11:20:00,3451.70,3440.44,3468.59,86,11.26,2025-04-02T11:30:00,3440.44,STOP,-968.26,-1412.80
bb,LT,2025-04-09,SHORT,2025-04-09T10:00:00,3122.50,3142.46,3092.56,96,19.96,2025-04-09T11:50:00,3117.35,TIME_STOP,494.40,45.13
bb,LT,2025-04-16,SHORT,2025-04-16T13:40:00,3235.90,3243.36,3224.71,92,7.46,2025-04-16T15:10:00,3224.71,TARGET,1029.83,584.04
bb,LT,2025-04-17,LONG,2025-04-17T13:20:00,3220.50,3209.34,3237.24,93,11.16,2025-04-17T13:50:00,3237.24,TARGET,1556.64,1106.21
bb,LT,2025-04-22,SHORT,2025-04-22T10:40:00,3269.60,3277.78,3257.33,91,8.18,2025-04-22T11:30:00,3257.33,TARGET,1116.64,671.18
bb,LT,2025-04-24,SHORT,2025-04-24T11:50:00,3285.00,3292.47,3273.79,91,7.47,2025-04-24T12:30:00,3292.47,STOP,-679.95,-1128.86
bb,LT,2025-04-25,SHORT,2025-04-25T10:10:00,3260.80,3272.92,3242.62,92,12.12,2025-04-25T10:10:00,3272.92,STOP,-1114.87,-1565.69
bb,LT,2025-04-29,SHORT,2025-04-29T13:20:00,3333.00,3341.46,3320.31,90,8.46,2025-04-29T14:10:00,3320.31,TARGET,1142.26,693.16
bb,LT,2025-04-30,LONG,2025-04-30T10:00:00,3351.20,3341.20,3366.20,89,10.00,2025-04-30T10:00:00,3341.20,STOP,-889.71,-1336.43
bb,LT,2025-05-02,SHORT,2025-05-02T11:50:00,3336.10,3347.00,3319.76,89,10.90,2025-05-02T12:20:00,3347.00,STOP,-969.71,-1415.81
bb,LT,2025-05-06,LONG,2025-05-06T12:50:00,3334.00,3325.34,3346.99,89,8.66,2025-05-06T13:00:00,3346.99,TARGET,1156.37,710.41
bb,LT,2025-05-07,LONG,2025-05-07T12:50:00,3335.90,3325.78,3351.09,89,10.12,2025-05-07T13:00:00,3325.78,STOP,-901.03,-1345.70
bb,LT,2025-05-14,SHORT,2025-05-14T14:10:00,3577.50,3585.96,3564.81,83,8.46,2025-05-14T15:20:00,3580.90,EOD,-282.20,-727.81
bb,LT,2025-05-15,LONG,2025-05-15T13:20:00,3600.80,3588.23,3619.65,83,12.57,2025-05-15T13:40:00,3619.65,TARGET,1564.40,1114.93
bb,LT,2025-05-16,SHORT,2025-05-16T12:20:00,3605.90,3615.58,3591.38,83,9.68,2025-05-16T12:30:00,3610.10,REVERSE,-348.60,-797.80
bb,LT,2025-05-19,SHORT,2025-05-19T11:30:00,3600.80,3608.91,3588.63,83,8.11,2025-05-19T11:50:00,3608.91,STOP,-673.23,-1122.03
bb,LT,2025-05-20,SHORT,2025-05-20T12:00:00,3596.30,3605.30,3582.80,83,9.00,2025-05-20T12:40:00,3605.30,STOP,-746.87,-1195.17
bb,LT,2025-05-27,LONG,2025-05-27T11:50:00,3653.00,3639.81,3672.79,82,13.19,2025-05-27T12:20:00,3639.81,STOP,-1081.89,-1530.40
bb,LT,2025-06-02,LONG,2025-06-02T12:40:00,3678.70,3669.13,3693.06,81,9.57,2025-06-02T13:40:00,3693.06,TARGET,1163.02,715.19
bb,LT,2025-06-04,SHORT,2025-06-04T11:00:00,3633.20,3643.05,3618.43,82,9.85,2025-06-04T12:50:00,3622.00,TIME_STOP,918.40,472.21
bb,LT,2025-06-05,LONG,2025-06-05T11:30:00,3640.10,3632.41,3651.64,82,7.69,2025-06-05T11:50:00,3651.64,TARGET,946.35,497.91
bb,LT,2025-06-11,LONG,2025-06-11T11:00:00,3687.10,3679.70,3698.20,81,7.40,2025-06-11T11:00:00,3679.70,STOP,-599.35,-1046.88
bb,LT,2025-06-12,SHORT,2025-06-12T10:10:00,3668.00,3676.19,3655.71,81,8.19,2025-06-12T10:30:00,3676.19,STOP,-663.50,-1109.66
bb,LT,2025-06-18,SHORT,2025-06-18T11:10:00,3610.00,3617.02,3599.46,83,7.02,2025-06-18T11:30:00,3599.46,TARGET,874.51,425.72
bb,LT,2025-06-24,SHORT,2025-06-24T13:50:00,3613.30,3626.98,3592.78,83,13.68,2025-06-24T15:20:00,3613.40,EOD,-8.30,-458.16
bb,LT,2025-06-25,LONG,2025-06-25T13:50:00,3633.80,3625.14,3646.79,82,8.66,2025-06-25T13:50:00,3625.14,STOP,-710.09,-1156.51
bb,LT,2025-07-03,LONG,2025-07-03T11:00:00,3621.00,3613.69,3631.97,82,7.31,2025-07-03T11:10:00,3613.69,STOP,-599.58,-1044.51
bb,LT,2025-07-07,SHORT,2025-07-07T11:40:00,3589.20,3596.91,3577.64,83,7.71,2025-07-07T13:00:00,3592.50,REVERSE,-273.90,-720.96
bb,LT,2025-07-10,LONG,2025-07-10T10:40:00,3585.30,3579.78,3593.57,83,5.52,2025-07-10T10:40:00,3579.78,STOP,-457.87,-903.90
bb,LT,2025-07-15,LONG,2025-07-15T11:10:00,3514.80,3507.16,3526.26,85,7.64,2025-07-15T11:40:00,3507.16,STOP,-649.26,-1096.91
bb,LT,2025-07-17,SHORT,2025-07-17T11:00:00,3490.00,3496.89,3479.66,85,6.89,2025-07-17T11:10:00,3479.66,TARGET,878.94,434.62
bb,LT,2025-07-21,LONG,2025-07-21T10:20:00,3477.00,3469.24,3488.64,86,7.76,2025-07-21T10:30:00,3488.64,TARGET,1000.94,551.66
bb,LT,2025-07-22,SHORT,2025-07-22T10:10:00,3484.40,3491.62,3473.57,86,7.22,2025-07-22T10:40:00,3473.57,TARGET,931.50,482.71
bb,LT,2025-07-23,SHORT,2025-07-23T10:40:00,3463.20,3469.66,3453.51,86,6.46,2025-07-23T12:30:00,3463.00,TIME_STOP,17.20,-429.54
bb,LT,2025-07-25,SHORT,2025-07-25T10:20:00,3456.50,3463.15,3446.52,86,6.65,2025-07-25T11:20:00,3463.15,STOP,-572.08,-1018.39
bb,LT,2025-07-29,LONG,2025-07-29T11:20:00,3441.50,3431.01,3457.24,87,10.49,2025-07-29T11:40:00,3457.24,TARGET,1369.29,919.14
bb,LT,2025-08-05,SHORT,2025-08-05T10:00:00,3614.40,3622.78,3601.84,83,8.38,2025-08-05T10:20:00,3622.78,STOP,-695.26,-1145.78
bb,LT,2025-08-06,SHORT,2025-08-06T11:40:00,3629.90,3637.55,3618.43,82,7.65,2025-08-06T11:40:00,3637.55,STOP,-626.95,-1073.90
bb,LT,2025-08-08,SHORT,2025-08-08T13:20:00,3629.20,3636.20,3618.70,82,7.00,2025-08-08T14:10:00,3618.70,TARGET,860.89,415.14
bb,LT,2025-08-11,LONG,2025-08-11T10:40:00,3637.80,3628.71,3651.44,82,9.09,2025-08-11T11:40:00,3628.71,STOP,-745.65,-1192.54
bb,LT,2025-08-13,LONG,2025-08-13T10:00:00,3698.30,3688.79,3712.56,81,9.51,2025-08-13T11:00:00,3712.56,TARGET,1155.02,704.81
bb,LT,2025-08-14,LONG,2025-08-14T14:10:00,3682.00,3674.51,3693.24,81,7.49,2025-08-14T14:10:00,3674.51,STOP,-606.91,-1053.82
bb,LT,2025-08-21,LONG,2025-08-21T10:00:00,3628.40,3620.12,3640.82,82,8.28,2025-08-21T10:20:00,3640.82,TARGET,1018.32,571.26
bb,LT,2025-08-22,SHORT,2025-08-22T10:50:00,3614.50,3622.54,3602.44,82,8.04,2025-08-22T12:10:00,3602.44,TARGET,988.74,544.90
bb,LT,2025-08-28,LONG,2025-08-28T11:20:00,3570.10,3560.97,3583.80,84,9.13,2025-08-28T12:20:00,3560.97,STOP,-767.27,-1216.52
bb,LT,2025-09-01,SHORT,2025-09-01T10:30:00,3585.90,3594.98,3572.28,83,9.08,2025-09-01T10:50:00,3594.98,STOP,-753.66,-1200.67
bb,LT,2025-09-04,SHORT,2025-09-04T12:30:00,3581.10,3590.13,3567.55,83,9.03,2025-09-04T12:40:00,3590.13,STOP,-749.79,-1196.20
bb,LT,2025-09-05,SHORT,2025-09-05T10:20:00,3577.00,3586.97,3562.04,83,9.97,2025-09-05T12:10:00,3565.00,TIME_STOP,996.00,551.41
bb,LT,2025-09-11,SHORT,2025-09-11T12:50:00,3535.60,3541.15,3527.27,84,5.55,2025-09-11T13:30:00,3541.15,STOP,-466.57,-912.40
bb,LT,2025-09-19,SHORT,2025-09-19T12:30:00,3683.60,3689.91,3674.13,81,6.31,2025-09-19T14:20:00,3679.50,TIME_STOP,332.10,-115.21
bb,LT,2025-09-23,LONG,2025-09-23T13:10:00,3647.70,3641.41,3657.14,82,6.29,2025-09-23T13:40:00,3657.14,TARGET,774.26,325.01
bb,LT,2025-09-25,SHORT,2025-09-25T11:00:00,3677.00,3686.32,3663.02,81,9.32,2025-09-25T11:30:00,3686.32,STOP,-755.11,-1202.44
bb,LT,2025-10-01,LONG,2025-10-01T13:00:00,3658.40,3648.85,3672.72,82,9.55,2025-10-01T14:50:00,3672.72,TARGET,1174.49,723.63
bb,LT,2025-10-07,SHORT,2025-10-07T11:30:00,3730.40,3738.80,3717.80,80,8.40,2025-10-07T11:30:00,3738.80,STOP,-671.81,-1119.96
bb,LT,2025-10-08,LONG,2025-10-08T10:10:00,3752.90,3742.29,3768.82,79,10.61,2025-10-08T11:00:00,3742.29,STOP,-838.23,-1282.32
bb,LT,2025-10-14,SHORT,2025-10-14T10:10:00,3760.60,3769.81,3746.79,79,9.21,2025-10-14T10:20:00,3769.81,STOP,-727.57,-1173.75
bb,LT,2025-10-17,SHORT,2025-10-17T12:40:00,3854.90,3861.69,3844.72,77,6.79,2025-10-17T13:00:00,3844.72,TARGET,784.07,339.42
bb,LT,2025-10-21,LONG,2025-10-21T14:10:00,3890.50,3879.82,3906.52,77,10.68,2025-10-21T14:40:00,3885.00,EOD_FORCED,-423.50,-872.54
bb,LT,2025-10-29,SHORT,2025-10-29T13:00:00,3943.40,3957.00,3923.00,76,13.60,2025-10-29T13:10:00,3923.00,TARGET,1550.08,1101.69
bb,LT,2025-11-03,SHORT,2025-11-03T11:30:00,4022.20,4030.25,4010.12,74,8.05,2025-11-03T12:00:00,4010.12,TARGET,893.94,448.15
bb,LT,2025-11-07,LONG,2025-11-07T13:50:00,3889.00,3877.85,3905.72,77,11.15,2025-11-07T14:00:00,3877.85,STOP,-858.42,-1306.95
bb,LT,2025-11-11,SHORT,2025-11-11T10:20:00,3917.50,3926.26,3904.37,76,8.76,2025-11-11T10:40:00,3904.37,TARGET,998.25,552.40
bb,LT,2025-11-12,SHORT,2025-11-12T14:00:00,3945.20,3952.53,3934.20,76,7.33,2025-11-12T14:00:00,3949.90,REVERSE,-357.20,-807.22
bb,LT,2025-11-18,SHORT,2025-11-18T10:10:00,4005.60,4014.01,3992.98,74,8.41,2025-11-18T10:30:00,3992.98,TARGET,934.04,490.12
bb,LT,2025-11-19,LONG,2025-11-19T11:50:00,4014.00,4005.37,4026.94,74,8.63,2025-11-19T12:50:00,4005.37,STOP,-638.42,-1083.50
bb,LT,2025-11-24,SHORT,2025-11-24T10:00:00,4022.20,4030.89,4009.17,74,8.69,2025-11-24T11:40:00,4030.89,STOP,-642.71,-1089.66
bb,LT,2025-11-25,LONG,2025-11-25T10:20:00,4027.70,4019.39,4040.16,74,8.31,2025-11-25T10:50:00,4019.39,STOP,-614.83,-1061.44
bb,LT,2025-11-26,LONG,2025-11-26T10:20:00,4039.10,4026.71,4057.69,74,12.39,2025-11-26T10:50:00,4057.69,TARGET,1375.72,926.35
bb,LT,2025-11-28,LONG,2025-11-28T10:20:00,4098.90,4089.12,4113.57,73,9.78,2025-11-28T11:00:00,4089.12,STOP,-713.90,-1162.19
bb,LT,2025-12-01,SHORT,2025-12-01T11:20:00,4065.40,4074.84,4051.24,73,9.44,2025-12-01T11:30:00,4074.84,STOP,-689.13,-1134.80
bb,LT,2025-12-02,SHORT,2025-12-02T10:00:00,4061.60,4070.71,4047.94,73,9.11,2025-12-02T11:50:00,4048.90,TIME_STOP,927.10,483.05
bb,LT,2025-12-04,LONG,2025-12-04T10:00:00,3994.00,3984.17,4008.74,75,9.83,2025-12-04T10:40:00,4008.74,TARGET,1105.53,655.38
bb,LT,2025-12-05,LONG,2025-12-05T10:10:00,4006.70,3996.78,4021.58,74,9.92,2025-12-05T10:20:00,3996.78,STOP,-734.13,-1178.32
bb,LT,2025-12-08,SHORT,2025-12-08T10:10:00,4011.70,4020.52,3998.48,74,8.82,2025-12-08T12:00:00,4008.20,TIME_STOP,259.00,-186.10
bb,LT,2025-12-09,LONG,2025-12-09T11:50:00,4000.00,3989.32,4016.02,75,10.68,2025-12-09T12:10:00,4016.02,TARGET,1201.35,750.45
bb,LT,2025-12-10,SHORT,2025-12-10T14:10:00,3997.50,4005.70,3985.19,75,8.20,2025-12-10T14:50:00,3985.19,TARGET,922.88,473.85
bb,LT,2025-12-11,LONG,2025-12-11T12:10:00,4006.00,3997.65,4018.52,74,8.35,2025-12-11T12:30:00,3997.65,STOP,-617.55,-1061.75
bb,LT,2025-12-17,SHORT,2025-12-17T10:20:00,4056.50,4064.26,4044.86,73,7.76,2025-12-17T10:40:00,4044.86,TARGET,849.72,406.17
bb,LT,2025-12-18,LONG,2025-12-18T12:30:00,4049.90,4042.07,4061.65,74,7.83,2025-12-18T12:40:00,4061.65,TARGET,869.68,419.48
bb,LT,2025-12-22,SHORT,2025-12-22T11:30:00,4072.20,4078.71,4062.44,73,6.51,2025-12-22T11:30:00,4078.71,STOP,-474.87,-921.13
bb,LT,2025-12-29,SHORT,2025-12-29T13:20:00,4047.00,4051.98,4039.52,74,4.98,2025-12-29T13:40:00,4039.52,TARGET,553.16,104.36
bb,LT,2025-12-30,LONG,2025-12-30T11:40:00,4045.10,4038.14,4055.54,74,6.96,2025-12-30T12:30:00,4055.54,TARGET,772.61,323.02
bb,LT,2026-01-05,SHORT,2026-01-05T13:10:00,4165.20,4172.29,4154.56,72,7.09,2026-01-05T13:30:00,4154.56,TARGET,766.16,316.89
bb,LT,2026-01-06,LONG,2026-01-06T10:20:00,4182.00,4171.82,4197.27,71,10.18,2026-01-06T10:20:00,4171.82,STOP,-722.86,-1167.70
bb,LT,2026-01-07,LONG,2026-01-07T13:30:00,4143.30,4135.40,4155.14,72,7.90,2026-01-07T15:20:00,4155.14,TARGET,852.73,404.61
bb,LT,2026-01-12,LONG,2026-01-12T13:50:00,4002.80,3990.67,4021.00,74,12.13,2026-01-12T14:50:00,4021.00,TARGET,1346.84,901.52
bb,LT,2026-01-14,LONG,2026-01-14T12:10:00,3902.30,3889.61,3921.33,76,12.69,2026-01-14T12:10:00,3889.61,STOP,-964.18,-1408.32
bb,LT,2026-01-19,LONG,2026-01-19T13:50:00,3849.50,3839.23,3864.91,77,10.27,2026-01-19T14:10:00,3864.91,TARGET,1186.70,741.20
bb,LT,2026-01-20,SHORT,2026-01-20T10:50:00,3851.50,3862.14,3835.54,77,10.64,2026-01-20T11:10:00,3835.54,TARGET,1229.13,785.20
bb,LT,2026-01-22,SHORT,2026-01-22T11:10:00,3761.00,3772.78,3743.34,79,11.78,2026-01-22T11:30:00,3772.78,STOP,-930.29,-1376.67
bb,LT,2026-01-23,SHORT,2026-01-23T10:30:00,3772.00,3783.43,3754.85,79,11.43,2026-01-23T11:30:00,3754.85,TARGET,1354.82,908.85
bb,LT,2026-01-30,SHORT,2026-01-30T11:50:00,3916.90,3927.56,3900.91,76,10.66,2026-01-30T13:40:00,3916.80,TIME_STOP,7.60,-438.92
bb,LT,2026-02-02,LONG,2026-02-02T13:20:00,3917.80,3904.04,3938.43,76,13.76,2026-02-02T13:20:00,3904.04,STOP,-1045.45,-1491.29
bb,LT,2026-02-05,LONG,2026-02-05T13:10:00,4071.90,4063.22,4084.92,73,8.68,2026-02-05T14:10:00,4063.22,STOP,-633.50,-1078.90
bb,LT,2026-02-06,SHORT,2026-02-06T11:10:00,4062.50,4071.86,4048.46,73,9.36,2026-02-06T12:10:00,4048.46,TARGET,1024.89,580.82
bb,LT,2026-02-13,LONG,2026-02-13T11:40:00,4184.90,4174.27,4200.85,71,10.63,2026-02-13T13:30:00,4190.90,TIME_STOP,426.00,-20.01
bb,LT,2026-02-16,LONG,2026-02-16T13:30:00,4178.00,4170.83,4188.75,71,7.17,2026-02-16T14:10:00,4170.83,STOP,-508.80,-953.37
bb,LT,2026-02-19,SHORT,2026-02-19T12:10:00,4297.40,4307.55,4282.17,69,10.15,2026-02-19T13:10:00,4307.55,STOP,-700.37,-1145.68
bb,LT,2026-02-24,SHORT,2026-02-24T10:20:00,4385.10,4397.93,4365.86,68,12.83,2026-02-24T11:50:00,4365.86,TARGET,1308.53,862.23
bb,LT,2026-02-26,LONG,2026-02-26T10:10:00,4331.10,4316.32,4353.26,69,14.78,2026-02-26T11:00:00,4316.32,STOP,-1019.53,-1467.03
bb,LT,2026-02-27,LONG,2026-02-27T14:00:00,4292.70,4284.60,4304.85,69,8.10,2026-02-27T14:30:00,4284.60,STOP,-558.89,-1002.76
bb,LT,2026-03-11,SHORT,2026-03-11T11:40:00,3868.40,3879.55,3851.67,77,11.15,2026-03-11T13:10:00,3851.67,TARGET,1288.26,842.42
bb,ADANIPORTS,2024-03-19,SHORT,2024-03-19T10:40:00,1251.25,1258.40,1240.52,239,7.15,2024-03-19T11:40:00,1240.52,TARGET,2563.89,2117.24
bb,ADANIPORTS,2024-03-20,LONG,2024-03-20T13:10:00,1244.85,1239.53,1252.83,240,5.32,2024-03-20T15:00:00,1248.65,TIME_STOP,912.00,463.17
bb,ADANIPORTS,2024-03-28,LONG,2024-03-28T12:40:00,1332.85,1328.34,1339.62,225,4.51,2024-03-28T14:00:00,1339.62,TARGET,1523.32,1072.34
bb,ADANIPORTS,2024-04-03,SHORT,2024-04-03T11:00:00,1393.40,1398.54,1385.69,215,5.14,2024-04-03T12:10:00,1398.54,STOP,-1105.31,-1555.51
bb,ADANIPORTS,2024-04-04,SHORT,2024-04-04T10:00:00,1393.50,1398.35,1386.23,215,4.85,2024-04-04T10:50:00,1386.23,TARGET,1562.57,1114.34
bb,ADANIPORTS,2024-04-05,LONG,2024-04-05T12:40:00,1374.60,1370.41,1380.88,218,4.19,2024-04-05T14:00:00,1380.88,TARGET,1369.43,918.91
bb,ADANIPORTS,2024-04-10,LONG,2024-04-10T13:20:00,1354.95,1351.71,1359.82,221,3.24,2024-04-10T14:00:00,1351.71,STOP,-717.13,-1165.75
bb,ADANIPORTS,2024-04-12,LONG,2024-04-12T10:10:00,1355.20,1351.53,1360.71,221,3.67,2024-04-12T10:20:00,1351.53,STOP,-811.96,-1260.60
bb,ADANIPORTS,2024-04-18,LONG,2024-04-18T10:00:00,1330.35,1325.46,1337.69,225,4.89,2024-04-18T10:10:00,1325.46,STOP,-1100.58,-1548.75
bb,ADANIPORTS,2024-04-19,LONG,2024-04-19T13:10:00,1309.40,1303.71,1317.94,229,5.69,2024-04-19T13:20:00,1303.71,STOP,-1303.18,-1751.98
bb,ADANIPORTS,2024-04-25,LONG,2024-04-25T13:40:00,1326.00,1323.16,1330.26,226,2.84,2024-04-25T14:00:00,1330.26,TARGET,963.35,513.11
bb,ADANIPORTS,2024-04-26,SHORT,2024-04-26T13:10:00,1325.40,1328.72,1320.43,226,3.32,2024-04-26T13:10:00,1328.72,STOP,-749.56,-1199.43
bb,ADANIPORTS,2024-05-03,SHORT,2024-05-03T11:30:00,1322.00,1328.13,1312.80,226,6.13,2024-05-03T13:20:00,1318.95,TIME_STOP,689.30,241.66
bb,ADANIPORTS,2024-05-07,SHORT,2024-05-07T10:30:00,1283.20,1289.34,1273.99,233,6.14,2024-05-07T10:50:00,1273.99,TARGET,2147.08,1700.21
bb,ADANIPORTS,2024-05-08,SHORT,2024-05-08T11:10:00,1282.05,1287.83,1273.37,234,5.78,2024-05-08T11:20:00,1287.83,STOP,-1353.54,-1804.56
bb,ADANIPORTS,2024-05-13,LONG,2024-05-13T10:30:00,1266.75,1259.22,1278.05,236,7.53,2024-05-13T11:30:00,1278.05,TARGET,2667.30,2216.87
bb,ADANIPORTS,2024-05-16,SHORT,2024-05-16T11:40:00,1338.55,1345.14,1328.67,224,6.59,2024-05-16T11:40:00,1343.00,REVERSE,-996.80,-1447.30
bb,ADANIPORTS,2024-05-17,SHORT,2024-05-17T10:00:00,1328.85,1336.75,1317.00,225,7.90,2024-05-17T10:20:00,1336.75,STOP,-1777.13,-2226.95
bb,ADANIPORTS,2024-05-22,SHORT,2024-05-22T10:50:00,1373.30,1379.83,1363.50,218,6.53,2024-05-22T12:00:00,1379.83,STOP,-1423.75,-1873.89
bb,ADANIPORTS,2024-05-23,SHORT,2024-05-23T11:00:00,1373.90,1379.44,1365.59,218,5.54,2024-05-23T11:10:00,1379.44,STOP,-1207.62,-1657.79
bb,ADANIPORTS,2024-05-29,LONG,2024-05-29T12:10:00,1413.60,1407.79,1422.32,212,5.81,2024-05-29T13:10:00,1422.32,TARGET,1848.01,1397.10
bb,ADANIPORTS,2024-05-31,SHORT,2024-05-31T10:30:00,1394.80,1402.45,1383.33,215,7.65,2024-05-31T10:50:00,1402.45,STOP,-1644.44,-2095.49
bb,ADANIPORTS,2024-06-04,SHORT,2024-06-04T11:10:00,1346.35,1371.11,1309.20,100,24.76,2024-06-04T11:20:00,1309.20,TARGET,3714.62,3515.46
bb,ADANIPORTS,2024-06-05,LONG,2024-06-05T12:30:00,1287.05,1257.51,1331.36,84,29.54,2024-06-05T14:20:00,1313.00,TIME_STOP,2179.80,2016.00
bb,ADANIPORTS,2024-06-12,SHORT,2024-06-12T13:50:00,1398.55,1402.70,1392.32,214,4.15,2024-06-12T14:20:00,1392.32,TARGET,1332.20,884.26
bb,ADANIPORTS,2024-06-13,LONG,2024-06-13T10:00:00,1401.05,1395.68,1409.11,214,5.37,2024-06-13T11:00:00,1397.05,REVERSE,-856.00,-1305.10
bb,ADANIPORTS,2024-07-01,LONG,2024-07-01T10:10:00,1488.60,1482.64,1497.54,201,5.96,2024-07-01T10:10:00,1482.64,STOP,-1197.44,-1645.36
bb,ADANIPORTS,2024-07-02,LONG,2024-07-02T10:50:00,1488.00,1482.94,1495.60,201,5.06,2024-07-02T11:00:00,1482.94,STOP,-1017.96,-1465.83
bb,ADANIPORTS,2024-07-09,SHORT,2024-07-09T12:40:00,1481.15,1485.20,1475.07,202,4.05,2024-07-09T13:00:00,1485.20,STOP,-818.53,-1267.93
bb,ADANIPORTS,2024-07-10,SHORT,2024-07-10T10:30:00,1470.80,1475.81,1463.28,203,5.01,2024-07-10T10:40:00,1463.28,TARGET,1526.89,1080.18
bb,ADANIPORTS,2024-07-11,SHORT,2024-07-11T12:10:00,1478.30,1482.64,1471.79,202,4.34,2024-07-11T12:10:00,1482.64,STOP,-877.29,-1325.87
bb,ADANIPORTS,2024-07-16,SHORT,2024-07-16T13:00:00,1496.00,1499.20,1491.20,200,3.20,2024-07-16T14:10:00,1499.20,STOP,-640.62,-1089.90
bb,ADANIPORTS,2024-07-18,LONG,2024-07-18T13:40:00,1494.70,1490.18,1501.47,200,4.52,2024-07-18T14:20:00,1501.47,TARGET,1354.82,905.40
bb,ADANIPORTS,2024-07-19,SHORT,2024-07-19T10:20:00,1484.90,1490.71,1476.18,202,5.81,2024-07-19T10:20:00,1490.71,STOP,-1173.99,-1624.79
bb,ADANIPORTS,2024-07-23,SHORT,2024-07-23T12:40:00,1443.30,1454.71,1426.18,207,11.41,2024-07-23T12:40:00,1454.71,STOP,-2362.73,-2812.65
bb,ADANIPORTS,2024-07-24,SHORT,2024-07-24T11:40:00,1492.50,1499.59,1481.86,201,7.09,2024-07-24T13:30:00,1481.86,TARGET,2138.33,1689.94
bb,ADANIPORTS,2024-07-25,LONG,2024-07-25T10:50:00,1496.85,1490.48,1506.40,200,6.37,2024-07-25T11:20:00,1490.48,STOP,-1273.24,-1721.34
bb,ADANIPORTS,2024-08-01,SHORT,2024-08-01T12:40:00,1572.00,1577.56,1563.66,190,5.56,2024-08-01T12:50:00,1577.56,STOP,-1056.06,-1504.87
bb,ADANIPORTS,2024-08-02,LONG,2024-08-02T11:20:00,1588.95,1578.50,1604.62,188,10.45,2024-08-02T13:10:00,1594.35,TIME_STOP,1015.20,566.35
bb,ADANIPORTS,2024-08-07,LONG,2024-08-07T10:10:00,1529.00,1519.94,1542.60,196,9.06,2024-08-07T10:40:00,1542.60,TARGET,2664.72,2213.19
bb,ADANIPORTS,2024-08-08,SHORT,2024-08-08T13:30:00,1531.35,1537.81,1521.66,195,6.46,2024-08-08T15:00:00,1521.66,TARGET,1889.14,1442.63
bb,ADANIPORTS,2024-08-09,LONG,2024-08-09T13:30:00,1529.95,1525.82,1536.15,196,4.13,2024-08-09T14:10:00,1536.15,TARGET,1214.43,763.72
bb,ADANIPORTS,2024-08-16,LONG,2024-08-16T13:40:00,1480.30,1475.62,1487.32,202,4.68,2024-08-16T13:50:00,1487.32,TARGET,1417.79,968.19
bb,ADANIPORTS,2024-08-20,SHORT,2024-08-20T11:50:00,1490.20,1494.07,1484.39,201,3.87,2024-08-20T12:20:00,1494.07,STOP,-778.50,-1228.38
bb,ADANIPORTS,2024-08-27,LONG,2024-08-27T10:00:00,1491.75,1487.88,1497.56,201,3.87,2024-08-27T10:10:00,1487.88,STOP,-778.10,-1227.28
bb,ADANIPORTS,2024-08-28,LONG,2024-08-28T11:30:00,1485.30,1482.36,1489.71,201,2.94,2024-08-28T12:30:00,1482.36,STOP,-591.04,-1038.41
bb,ADANIPORTS,2024-08-29,LONG,2024-08-29T13:10:00,1475.95,1471.08,1483.26,203,4.87,2024-08-29T13:20:00,1471.08,STOP,-988.70,-1437.39
bb,ADANIPORTS,2024-09-03,SHORT,2024-09-03T11:10:00,1486.00,1489.24,1481.13,201,3.24,2024-09-03T13:00:00,1488.20,TIME_STOP,-442.20,-890.56
bb,ADANIPORTS,2024-09-05,LONG,2024-09-05T14:10:00,1468.65,1465.99,1472.64,204,2.66,2024-09-05T14:10:00,1468.35,REVERSE,-61.20,-510.56
bb,ADANIPORTS,2024-09-11,SHORT,2024-09-11T13:10:00,1447.35,1450.78,1442.20,207,3.43,2024-09-11T13:40:00,1442.20,TARGET,1066.11,617.51
bb,ADANIPORTS,2024-09-12,LONG,2024-09-12T10:00:00,1458.00,1451.63,1467.56,205,6.37,2024-09-12T10:10:00,1467.56,TARGET,1960.30,1510.50
bb,ADANIPORTS,2024-09-13,SHORT,2024-09-13T11:50:00,1453.00,1457.75,1445.87,206,4.75,2024-09-13T13:40:00,1453.95,TIME_STOP,-195.70,-644.82
bb,ADANIPORTS,2024-09-16,SHORT,2024-09-16T10:30:00,1452.70,1456.38,1447.18,206,3.68,2024-09-16T10:30:00,1456.38,STOP,-757.81,-1207.26
bb,ADANIPORTS,2024-09-18,SHORT,2024-09-18T12:00:00,1429.00,1432.87,1423.20,209,3.87,2024-09-18T12:50:00,1423.20,TARGET,1211.73,764.65
bb,ADANIPORTS,2024-09-19,SHORT,2024-09-19T10:20:00,1420.95,1425.90,1413.53,211,4.95,2024-09-19T11:10:00,1413.53,TARGET,1566.67,1118.11
bb,ADANIPORTS,2024-09-25,SHORT,2024-09-25T10:00:00,1446.50,1451.05,1439.68,207,4.55,2024-09-25T11:20:00,1451.05,STOP,-941.26,-1391.10
bb,ADANIPORTS,2024-09-27,SHORT,2024-09-27T14:10:00,1460.95,1464.84,1455.12,205,3.89,2024-09-27T14:10:00,1455.12,TARGET,1194.68,746.33
bb,ADANIPORTS,2024-09-30,LONG,2024-09-30T11:40:00,1461.75,1455.42,1471.24,205,6.33,2024-09-30T12:20:00,1455.42,STOP,-1296.84,-1745.36
bb,ADANIPORTS,2024-10-03,SHORT,2024-10-03T11:30:00,1445.30,1450.29,1437.81,207,4.99,2024-10-03T11:40:00,1437.81,TARGET,1550.14,1102.54
bb,ADANIPORTS,2024-10-04,LONG,2024-10-04T11:20:00,1431.40,1424.30,1442.04,209,7.10,2024-10-04T12:00:00,1442.04,TARGET,2224.35,1773.94
bb,ADANIPORTS,2024-10-08,LONG,2024-10-08T10:10:00,1382.70,1373.67,1396.25,216,9.03,2024-10-08T11:30:00,1396.25,TARGET,2926.61,2476.42
bb,ADANIPORTS,2024-10-11,SHORT,2024-10-11T11:30:00,1412.20,1416.89,1405.16,212,4.69,2024-10-11T13:20:00,1411.30,TIME_STOP,190.80,-258.14
bb,ADANIPORTS,2024-10-14,SHORT,2024-10-14T11:30:00,1410.00,1413.84,1404.24,212,3.84,2024-10-14T13:20:00,1409.00,TIME_STOP,212.00,-236.22
bb,ADANIPORTS,2024-10-18,LONG,2024-10-18T12:10:00,1402.15,1396.79,1410.18,213,5.36,2024-10-18T12:40:00,1410.18,TARGET,1711.19,1261.92
bb,ADANIPORTS,2024-10-24,LONG,2024-10-24T11:00:00,1349.15,1343.17,1358.11,222,5.98,2024-10-24T11:50:00,1358.11,TARGET,1989.89,1539.13
bb,ADANIPORTS,2024-10-28,LONG,2024-10-28T11:30:00,1352.20,1344.87,1363.20,221,7.33,2024-10-28T13:20:00,1362.15,TIME_STOP,2198.95,1749.05
bb,ADANIPORTS,2024-10-29,SHORT,2024-10-29T10:00:00,1336.60,1343.68,1325.98,224,7.08,2024-10-29T10:20:00,1343.68,STOP,-1585.93,-2036.22
bb,ADANIPORTS,2024-11-07,SHORT,2024-11-07T10:20:00,1355.80,1362.25,1346.12,221,6.45,2024-11-07T11:00:00,1362.25,STOP,-1425.53,-1876.04
bb,ADANIPORTS,2024-11-08,LONG,2024-11-08T13:20:00,1359.35,1355.20,1365.57,220,4.15,2024-11-08T13:30:00,1355.20,STOP,-912.78,-1360.68
bb,ADANIPORTS,2024-11-11,LONG,2024-11-11T11:30:00,1355.60,1350.53,1363.21,221,5.07,2024-11-11T12:00:00,1350.53,STOP,-1121.52,-1570.06
bb,ADANIPORTS,2024-11-12,LONG,2024-11-12T12:00:00,1349.85,1345.54,1356.31,222,4.31,2024-11-12T12:10:00,1345.54,STOP,-955.94,-1404.72
bb,ADANIPORTS,2024-11-22,LONG,2024-11-22T11:50:00,1131.60,1115.94,1155.09,159,15.66,2024-11-22T13:00:00,1155.09,TARGET,3735.15,3462.46
bb,ADANIPORTS,2024-11-27,LONG,2024-11-27T12:10:00,1164.20,1151.87,1182.69,202,12.33,2024-11-27T12:50:00,1182.69,TARGET,3734.59,3379.04
bb,ADANIPORTS,2024-11-28,SHORT,2024-11-28T12:20:00,1194.50,1204.53,1179.45,249,10.03,2024-11-28T12:40:00,1179.45,TARGET,3747.45,3304.12
bb,ADANIPORTS,2024-11-29,LONG,2024-11-29T12:50:00,1195.50,1188.24,1206.39,250,7.26,2024-11-29T12:50:00,1188.24,STOP,-1814.83,-2261.78
bb,ADANIPORTS,2024-12-05,SHORT,2024-12-05T10:10:00,1264.85,1272.74,1253.02,237,7.89,2024-12-05T12:00:00,1262.25,TIME_STOP,616.20,167.01
bb,ADANIPORTS,2024-12-06,SHORT,2024-12-06T11:10:00,1270.45,1276.41,1261.51,236,5.96,2024-12-06T13:00:00,1265.80,TIME_STOP,1097.40,648.48
bb,ADANIPORTS,2024-12-09,LONG,2024-12-09T12:00:00,1267.00,1262.95,1273.07,236,4.05,2024-12-09T12:10:00,1273.07,TARGET,1433.37,983.78
bb,ADANIPORTS,2024-12-13,SHORT,2024-12-13T10:50:00,1235.40,1240.58,1227.63,242,5.18,2024-12-13T11:10:00,1240.58,STOP,-1253.43,-1702.82
bb,ADANIPORTS,2024-12-16,SHORT,2024-12-16T10:30:00,1244.05,1248.44,1237.46,241,4.39,2024-12-16T10:40:00,1248.44,STOP,-1059.15,-1509.67
bb,ADANIPORTS,2024-12-17,LONG,2024-12-17T10:00:00,1246.90,1243.04,1252.70,240,3.86,2024-12-17T10:40:00,1252.70,TARGET,1391.18,941.25
bb,ADANIPORTS,2024-12-24,LONG,2024-12-24T10:10:00,1195.45,1190.70,1202.58,250,4.75,2024-12-24T10:40:00,1202.58,TARGET,1782.56,1332.93
bb,ADANIPORTS,2024-12-30,SHORT,2024-12-30T12:00:00,1238.55,1244.13,1230.18,242,5.58,2024-12-30T12:10:00,1244.13,STOP,-1350.70,-1801.30
bb,ADANIPORTS,2024-12-31,LONG,2024-12-31T13:00:00,1228.95,1223.76,1236.73,244,5.19,2024-12-31T13:00:00,1223.76,STOP,-1266.10,-1714.94
bb,ADANIPORTS,2025-01-01,SHORT,2025-01-01T10:00:00,1211.00,1216.63,1202.56,247,5.63,2025-01-01T10:40:00,1216.63,STOP,-1389.40,-1839.11
bb,ADANIPORTS,2025-01-02,LONG,2025-01-02T14:00:00,1221.60,1217.74,1227.39,245,3.86,2025-01-02T15:00:00,1227.39,TARGET,1419.16,969.15
bb,ADANIPORTS,2025-01-03,SHORT,2025-01-03T11:00:00,1216.15,1220.78,1209.20,246,4.63,2025-01-03T11:00:00,1220.78,STOP,-1139.62,-1589.23
bb,ADANIPORTS,2025-01-07,LONG,2025-01-07T10:50:00,1178.40,1172.48,1187.28,254,5.92,2025-01-07T10:50:00,1172.48,STOP,-1503.72,-1951.56
bb,ADANIPORTS,2025-01-14,LONG,2025-01-14T11:30:00,1125.05,1117.10,1136.97,266,7.95,2025-01-14T13:00:00,1117.10,STOP,-2114.35,-2561.66
bb,ADANIPORTS,2025-01-15,SHORT,2025-01-15T13:40:00,1121.40,1125.52,1115.22,267,4.12,2025-01-15T15:00:00,1125.52,STOP,-1100.61,-1550.55
bb,ADANIPORTS,2025-01-20,LONG,2025-01-20T11:50:00,1164.70,1160.19,1171.47,257,4.51,2025-01-20T12:00:00,1160.19,STOP,-1159.66,-1607.78
bb,ADANIPORTS,2025-01-23,LONG,2025-01-23T10:10:00,1105.15,1100.01,1112.86,271,5.14,2025-01-23T11:40:00,1112.86,TARGET,2089.49,1638.68
bb,ADANIPORTS,2025-01-24,SHORT,2025-01-24T10:00:00,1095.15,1099.49,1088.64,273,4.34,2025-01-24T10:20:00,1088.64,TARGET,1778.52,1331.39
bb,ADANIPORTS,2025-01-28,LONG,2025-01-28T12:20:00,1082.55,1076.96,1090.94,277,5.59,2025-01-28T12:30:00,1076.96,STOP,-1548.58,-1997.22
bb,ADANIPORTS,2025-01-30,SHORT,2025-01-30T13:40:00,1038.65,1050.57,1020.78,209,11.92,2025-01-30T13:40:00,1050.57,STOP,-2490.25,-2817.73
bb,ADANIPORTS,2025-01-31,LONG,2025-01-31T10:10:00,1091.25,1080.36,1107.58,229,10.89,2025-01-31T11:00:00,1107.58,TARGET,3739.36,3361.71
bb,ADANIPORTS,2025-02-01,SHORT,2025-02-01T12:20:00,1094.65,1103.03,1082.09,274,8.38,2025-02-01T12:20:00,1103.03,STOP,-2294.91,-2746.53
bb,ADANIPORTS,2025-02-03,LONG,2025-02-03T13:20:00,1085.30,1078.87,1094.94,276,6.43,2025-02-03T15:10:00,1085.05,TIME_STOP,-69.00,-518.26
bb,ADANIPORTS,2025-02-07,SHORT,2025-02-07T13:50:00,1149.55,1155.15,1141.15,260,5.60,2025-02-07T14:10:00,1141.15,TARGET,2182.70,1736.01
bb,ADANIPORTS,2025-02-11,SHORT,2025-02-11T11:50:00,1132.15,1139.10,1121.72,264,6.95,2025-02-11T13:10:00,1121.72,TARGET,2753.91,2307.64
bb,ADANIPORTS,2025-02-12,LONG,2025-02-12T12:10:00,1137.85,1129.36,1150.58,263,8.49,2025-02-12T14:00:00,1131.90,TIME_STOP,-1564.85,-2012.56
bb,ADANIPORTS,2025-02-13,SHORT,2025-02-13T13:50:00,1130.65,1136.18,1122.35,265,5.53,2025-02-13T14:10:00,1122.35,TARGET,2198.24,1750.46
bb,ADANIPORTS,2025-02-18,LONG,2025-02-18T13:40:00,1076.00,1071.35,1082.98,278,4.65,2025-02-18T14:30:00,1082.98,TARGET,1940.23,1490.08
bb,ADANIPORTS,2025-02-19,SHORT,2025-02-19T13:40:00,1082.65,1086.92,1076.25,277,4.27,2025-02-19T14:00:00,1084.80,REVERSE,-595.55,-1045.84
bb,ADANIPORTS,2025-02-21,SHORT,2025-02-21T10:20:00,1093.30,1099.18,1084.47,274,5.88,2025-02-21T11:00:00,1099.18,STOP,-1612.32,-2062.88
bb,ADANIPORTS,2025-02-27,LONG,2025-02-27T12:50:00,1080.40,1076.92,1085.62,277,3.48,2025-02-27T14:10:00,1076.92,STOP,-964.18,-1412.37
bb,ADANIPORTS,2025-02-28,LONG,2025-02-28T11:20:00,1076.80,1072.00,1084.00,278,4.80,2025-02-28T12:10:00,1074.35,REVERSE,-681.10,-1129.61
bb,ADANIPORTS,2025-03-04,LONG,2025-03-04T11:20:00,1058.90,1054.15,1066.02,283,4.75,2025-03-04T11:30:00,1054.15,STOP,-1344.18,-1792.67
bb,ADANIPORTS,2025-03-12,LONG,2025-03-12T10:00:00,1153.65,1148.87,1160.81,260,4.78,2025-03-12T10:00:00,1148.87,STOP,-1241.92,-1690.91
bb,ADANIPORTS,2025-03-13,LONG,2025-03-13T10:10:00,1130.00,1123.96,1139.06,265,6.04,2025-03-13T10:30:00,1139.06,TARGET,2401.52,1950.54
bb,ADANIPORTS,2025-03-17,SHORT,2025-03-17T12:50:00,1128.00,1132.53,1121.21,265,4.53,2025-03-17T13:20:00,1132.53,STOP,-1200.23,-1649.51
bb,ADANIPORTS,2025-03-20,SHORT,2025-03-20T10:10:00,1167.70,1172.02,1161.21,256,4.32,2025-03-20T10:20:00,1161.21,TARGET,1660.52,1213.37
bb,ADANIPORTS,2025-03-27,LONG,2025-03-27T13:00:00,1186.95,1183.30,1192.43,252,3.65,2025-03-27T14:10:00,1192.43,TARGET,1380.42,930.72
bb,ADANIPORTS,2025-03-28,SHORT,2025-03-28T12:40:00,1184.15,1189.59,1175.98,253,5.44,2025-03-28T14:00:00,1175.98,TARGET,2066.13,1618.30
bb,ADANIPORTS,2025-04-01,SHORT,2025-04-01T11:20:00,1178.95,1185.98,1168.40,254,7.03,2025-04-01T13:10:00,1176.15,TIME_STOP,711.20,262.55
bb,ADANIPORTS,2025-04-02,LONG,2025-04-02T10:50:00,1183.50,1177.42,1192.62,253,6.08,2025-04-02T12:20:00,1192.62,TARGET,2307.85,1856.98
bb,ADANIPORTS,2025-04-04,SHORT,2025-04-04T10:00:00,1172.40,1178.32,1163.52,255,5.92,2025-04-04T10:20:00,1163.52,TARGET,2265.42,1818.68
bb,ADANIPORTS,2025-04-09,SHORT,2025-04-09T10:00:00,1116.20,1123.72,1104.92,268,7.52,2025-04-09T11:20:00,1123.72,STOP,-2015.42,-2465.64
bb,ADANIPORTS,2025-04-21,LONG,2025-04-21T14:00:00,1246.20,1241.30,1253.55,240,4.90,2025-04-21T14:00:00,1241.30,STOP,-1175.69,-1623.44
bb,ADANIPORTS,2025-04-23,LONG,2025-04-23T13:00:00,1238.50,1234.37,1244.70,242,4.13,2025-04-23T14:50:00,1238.70,TIME_STOP,48.40,-401.21
bb,ADANIPORTS,2025-04-24,SHORT,2025-04-24T13:10:00,1239.40,1242.25,1235.13,242,2.85,2025-04-24T13:10:00,1235.13,TARGET,1033.89,584.76
bb,ADANIPORTS,2025-04-28,LONG,2025-04-28T10:50:00,1204.50,1198.68,1213.22,249,5.82,2025-04-28T11:10:00,1213.22,TARGET,2172.39,1720.88
bb,ADANIPORTS,2025-05-08,SHORT,2025-05-08T14:00:00,1343.90,1348.93,1336.36,223,5.03,2025-05-08T14:50:00,1336.36,TARGET,1681.72,1233.45
bb,ADANIPORTS,2025-05-22,SHORT,2025-05-22T10:20:00,1383.30,1389.59,1373.86,216,6.29,2025-05-22T11:10:00,1373.86,TARGET,2039.27,1592.61
bb,ADANIPORTS,2025-05-27,LONG,2025-05-27T11:30:00,1407.90,1403.21,1414.94,213,4.69,2025-05-27T11:30:00,1414.94,TARGET,1499.19,1048.25
bb,ADANIPORTS,2025-06-04,LONG,2025-06-04T13:00:00,1435.10,1431.25,1440.88,209,3.85,2025-06-04T13:00:00,1440.88,TARGET,1208.08,757.27
bb,ADANIPORTS,2025-06-12,LONG,2025-06-12T13:00:00,1461.30,1457.42,1467.13,205,3.88,2025-06-12T13:00:00,1457.42,STOP,-796.25,-1245.00
bb,ADANIPORTS,2025-06-17,SHORT,2025-06-17T11:40:00,1398.90,1402.70,1393.20,214,3.80,2025-06-17T12:00:00,1393.20,TARGET,1220.60,772.47
bb,ADANIPORTS,2025-06-20,LONG,2025-06-20T11:00:00,1347.50,1343.04,1354.19,222,4.46,2025-06-20T11:00:00,1354.19,TARGET,1485.46,1035.63
bb,ADANIPORTS,2025-07-01,SHORT,2025-07-01T14:10:00,1444.00,1447.45,1438.83,207,3.45,2025-07-01T14:40:00,1447.45,STOP,-713.92,-1162.82
bb,ADANIPORTS,2025-07-02,SHORT,2025-07-02T10:10:00,1445.50,1449.80,1439.05,207,4.30,2025-07-02T11:00:00,1449.80,STOP,-890.40,-1339.90
bb,ADANIPORTS,2025-07-03,LONG,2025-07-03T10:40:00,1448.40,1444.82,1453.78,207,3.58,2025-07-03T11:10:00,1444.82,STOP,-741.83,-1191.00
bb,ADANIPORTS,2025-07-07,LONG,2025-07-07T13:00:00,1432.20,1428.88,1437.18,209,3.32,2025-07-07T13:00:00,1428.88,STOP,-693.31,-1141.78
bb,ADANIPORTS,2025-07-10,SHORT,2025-07-10T11:10:00,1441.80,1444.83,1437.25,208,3.03,2025-07-10T11:40:00,1437.25,TARGET,945.41,496.27
bb,ADANIPORTS,2025-07-11,SHORT,2025-07-11T10:30:00,1437.80,1441.32,1432.53,208,3.52,2025-07-11T11:00:00,1432.53,TARGET,1097.08,649.31
bb,ADANIPORTS,2025-07-14,LONG,2025-07-14T10:50:00,1439.70,1435.30,1446.30,208,4.40,2025-07-14T11:20:00,1435.30,STOP,-914.86,-1363.36
bb,ADANIPORTS,2025-07-15,LONG,2025-07-15T10:50:00,1436.60,1432.91,1442.14,208,3.69,2025-07-15T11:10:00,1442.14,TARGET,1151.53,702.45
bb,ADANIPORTS,2025-07-18,SHORT,2025-07-18T10:00:00,1450.30,1454.26,1444.36,206,3.96,2025-07-18T10:10:00,1444.36,TARGET,1224.36,777.13
bb,ADANIPORTS,2025-07-21,LONG,2025-07-21T11:20:00,1442.20,1438.12,1448.32,208,4.08,2025-07-21T13:10:00,1446.10,TIME_STOP,811.20,360.63
bb,ADANIPORTS,2025-07-22,SHORT,2025-07-22T10:30:00,1441.60,1445.21,1436.19,208,3.61,2025-07-22T10:50:00,1445.21,STOP,-750.30,-1200.64
bb,ADANIPORTS,2025-07-29,LONG,2025-07-29T12:50:00,1384.00,1380.67,1389.00,216,3.33,2025-07-29T13:10:00,1389.00,TARGET,1080.04,630.82
bb,ADANIPORTS,2025-07-30,SHORT,2025-07-30T14:10:00,1394.00,1396.46,1390.31,215,2.46,2025-07-30T15:20:00,1396.30,EOD,-494.50,-944.44
bb,ADANIPORTS,2025-07-31,LONG,2025-07-31T13:10:00,1393.00,1389.12,1398.82,215,3.88,2025-07-31T13:50:00,1389.12,STOP,-834.30,-1282.92
bb,ADANIPORTS,2025-08-04,LONG,2025-08-04T13:40:00,1375.00,1370.91,1381.13,218,4.09,2025-08-04T13:50:00,1381.13,TARGET,1336.84,886.21
bb,ADANIPORTS,2025-08-05,SHORT,2025-08-05T10:10:00,1371.80,1377.59,1363.11,218,5.79,2025-08-05T11:20:00,1377.59,STOP,-1262.25,-1711.78
bb,ADANIPORTS,2025-08-06,LONG,2025-08-06T13:20:00,1370.50,1364.44,1379.59,218,6.06,2025-08-06T14:40:00,1364.44,STOP,-1320.72,-1767.88
bb,ADANIPORTS,2025-08-08,SHORT,2025-08-08T10:40:00,1327.50,1333.99,1317.76,225,6.49,2025-08-08T11:20:00,1333.99,STOP,-1460.52,-1909.64
bb,ADANIPORTS,2025-08-11,LONG,2025-08-11T11:10:00,1332.40,1327.12,1340.32,225,5.28,2025-08-11T11:40:00,1327.12,STOP,-1188.02,-1636.81
bb,ADANIPORTS,2025-08-12,SHORT,2025-08-12T11:50:00,1335.50,1339.92,1328.87,224,4.42,2025-08-12T12:20:00,1339.92,STOP,-989.46,-1438.93
bb,ADANIPORTS,2025-08-21,SHORT,2025-08-21T11:40:00,1366.80,1370.22,1361.67,219,3.42,2025-08-21T12:30:00,1361.67,TARGET,1123.95,675.80
bb,ADANIPORTS,2025-08-28,LONG,2025-08-28T10:40:00,1323.50,1318.89,1330.42,226,4.61,2025-08-28T11:00:00,1330.42,TARGET,1563.71,1113.87
bb,ADANIPORTS,2025-08-29,LONG,2025-08-29T12:00:00,1318.70,1314.43,1325.11,227,4.27,2025-08-29T13:50:00,1314.43,STOP,-970.19,-1418.48
bb,ADANIPORTS,2025-09-03,SHORT,2025-09-03T12:00:00,1332.70,1335.59,1328.37,225,2.89,2025-09-03T12:10:00,1335.59,STOP,-650.05,-1100.32
bb,ADANIPORTS,2025-09-04,SHORT,2025-09-04T11:30:00,1327.60,1332.18,1320.73,225,4.58,2025-09-04T12:00:00,1332.18,STOP,-1031.18,-1480.02
bb,ADANIPORTS,2025-09-11,SHORT,2025-09-11T13:40:00,1395.00,1399.67,1388.00,215,4.67,2025-09-11T15:20:00,1392.70,EOD,494.50,44.98
bb,ADANIPORTS,2025-09-12,LONG,2025-09-12T10:10:00,1398.50,1394.59,1404.37,214,3.91,2025-09-12T11:10:00,1404.37,TARGET,1255.14,805.28
bb,ADANIPORTS,2025-09-15,SHORT,2025-09-15T12:40:00,1398.00,1400.97,1393.55,214,2.97,2025-09-15T13:20:00,1400.97,STOP,-634.72,-1083.95
bb,ADANIPORTS,2025-09-17,LONG,2025-09-17T12:00:00,1405.60,1402.84,1409.75,213,2.76,2025-09-17T13:10:00,1409.75,TARGET,883.36,433.61
bb,ADANIPORTS,2025-09-23,LONG,2025-09-23T13:20:00,1445.60,1440.34,1453.50,207,5.26,2025-09-23T15:10:00,1442.90,TIME_STOP,-558.90,-1007.34
bb,ADANIPORTS,2025-09-24,LONG,2025-09-24T12:20:00,1450.50,1445.21,1458.43,206,5.29,2025-09-24T12:20:00,1445.21,STOP,-1088.95,-1536.34
bb,ADANIPORTS,2025-09-30,LONG,2025-09-30T10:00:00,1397.00,1392.43,1403.86,214,4.57,2025-09-30T11:50:00,1397.80,TIME_STOP,171.20,-277.37
bb,ADANIPORTS,2025-10-01,SHORT,2025-10-01T11:10:00,1394.70,1398.46,1389.06,215,3.76,2025-10-01T11:20:00,1398.46,STOP,-808.30,-1258.70
bb,ADANIPORTS,2025-10-07,SHORT,2025-10-07T12:00:00,1403.60,1407.38,1397.93,213,3.78,2025-10-07T12:10:00,1407.38,STOP,-804.66,-1253.71
bb,ADANIPORTS,2025-10-08,LONG,2025-10-08T13:50:00,1400.70,1396.65,1406.78,214,4.05,2025-10-08T14:10:00,1396.65,STOP,-867.08,-1316.06
bb,ADANIPORTS,2025-10-09,LONG,2025-10-09T13:40:00,1396.80,1393.87,1401.19,214,2.93,2025-10-09T14:10:00,1393.87,STOP,-626.11,-1074.01
bb,ADANIPORTS,2025-10-13,LONG,2025-10-13T10:30:00,1411.40,1407.04,1417.93,212,4.36,2025-10-13T10:50:00,1417.93,TARGET,1385.21,935.34
bb,ADANIPORTS,2025-10-14,SHORT,2025-10-14T11:30:00,1423.30,1427.54,1416.94,210,4.24,2025-10-14T11:50:00,1427.54,STOP,-890.90,-1339.91
bb,ADANIPORTS,2025-10-17,SHORT,2025-10-17T10:20:00,1474.60,1478.67,1468.50,203,4.07,2025-10-17T10:40:00,1478.67,STOP,-825.46,-1275.09
bb,ADANIPORTS,2025-10-23,SHORT,2025-10-23T10:00:00,1472.10,1476.77,1465.09,203,4.67,2025-10-23T10:00:00,1476.77,STOP,-948.67,-1397.63
bb,ADANIPORTS,2025-10-30,SHORT,2025-10-30T14:00:00,1454.40,1457.31,1450.04,206,2.91,2025-10-30T14:20:00,1457.31,STOP,-598.50,-1048.36
bb,ADANIPORTS,2025-10-31,LONG,2025-10-31T13:10:00,1456.30,1452.56,1461.90,206,3.74,2025-10-31T14:00:00,1452.56,STOP,-769.73,-1219.15
bb,ADANIPORTS,2025-11-03,LONG,2025-11-03T13:40:00,1452.80,1449.08,1458.38,206,3.72,2025-11-03T14:10:00,1449.08,STOP,-766.11,-1214.45
bb,ADANIPORTS,2025-11-04,LONG,2025-11-04T11:40:00,1447.00,1443.66,1452.01,207,3.34,2025-11-04T13:00:00,1452.01,TARGET,1037.06,586.99
bb,ADANIPORTS,2025-11-06,SHORT,2025-11-06T12:50:00,1448.00,1453.56,1439.65,207,5.56,2025-11-06T12:50:00,1452.90,REVERSE,-1014.30,-1464.66
bb,ADANIPORTS,2025-11-07,LONG,2025-11-07T11:20:00,1450.50,1444.72,1459.17,206,5.78,2025-11-07T11:20:00,1459.17,TARGET,1785.58,1336.04
bb,ADANIPORTS,2025-11-10,LONG,2025-11-10T10:30:00,1453.50,1448.76,1460.62,206,4.74,2025-11-10T12:20:00,1451.00,TIME_STOP,-515.00,-963.75
bb,ADANIPORTS,2025-11-11,LONG,2025-11-11T13:30:00,1447.10,1444.24,1451.39,207,2.86,2025-11-11T13:30:00,1451.39,TARGET,888.43,438.44
bb,ADANIPORTS,2025-11-14,SHORT,2025-11-14T14:10:00,1507.60,1511.66,1501.51,198,4.06,2025-11-14T15:00:00,1511.66,STOP,-804.50,-1252.86
bb,ADANIPORTS,2025-11-17,SHORT,2025-11-17T10:50:00,1506.50,1510.59,1500.36,199,4.09,2025-11-17T12:30:00,1510.59,STOP,-814.02,-1264.32
bb,ADANIPORTS,2025-11-18,SHORT,2025-11-18T10:10:00,1506.10,1509.70,1500.70,199,3.60,2025-11-18T10:30:00,1500.70,TARGET,1074.47,625.70
bb,ADANIPORTS,2025-11-25,SHORT,2025-11-25T11:10:00,1478.50,1482.01,1473.24,202,3.51,2025-11-25T13:00:00,1482.01,STOP,-708.31,-1156.83
bb,ADANIPORTS,2025-11-27,LONG,2025-11-27T11:10:00,1509.90,1506.59,1514.87,198,3.31,2025-11-27T11:50:00,1506.59,STOP,-655.59,-1103.54
bb,ADANIPORTS,2025-12-01,SHORT,2025-12-01T13:30:00,1529.00,1533.45,1522.33,196,4.45,2025-12-01T15:20:00,1533.45,STOP,-872.05,-1322.23
bb,ADANIPORTS,2025-12-04,LONG,2025-12-04T10:10:00,1504.90,1500.53,1511.45,199,4.37,2025-12-04T10:30:00,1500.53,STOP,-869.37,-1317.94
bb,ADANIPORTS,2025-12-05,SHORT,2025-12-05T10:00:00,1495.70,1499.83,1489.51,200,4.13,2025-12-05T10:00:00,1499.83,STOP,-825.01,-1274.34
bb,ADANIPORTS,2025-12-08,SHORT,2025-12-08T10:00:00,1500.10,1503.96,1494.32,199,3.86,2025-12-08T10:10:00,1494.32,TARGET,1151.05,704.14
bb,ADANIPORTS,2025-12-09,LONG,2025-12-09T12:00:00,1487.50,1482.76,1494.61,201,4.74,2025-12-09T12:20:00,1494.61,TARGET,1429.58,980.03
bb,ADANIPORTS,2025-12-11,LONG,2025-12-11T10:50:00,1506.90,1502.11,1514.09,199,4.79,2025-12-11T11:00:00,1502.11,STOP,-953.50,-1402.60
bb,ADANIPORTS,2025-12-18,LONG,2025-12-18T12:00:00,1490.20,1486.62,1495.57,201,3.58,2025-12-18T13:50:00,1491.40,TIME_STOP,241.20,-208.28
bb,ADANIPORTS,2025-12-24,LONG,2025-12-24T12:20:00,1506.90,1504.05,1511.18,199,2.85,2025-12-24T13:30:00,1504.05,STOP,-567.73,-1017.11
bb,ADANIPORTS,2025-12-30,LONG,2025-12-30T11:00:00,1466.70,1463.34,1471.74,204,3.36,2025-12-30T11:10:00,1463.34,STOP,-685.40,-1133.69
bb,ADANIPORTS,2026-01-05,LONG,2026-01-05T12:50:00,1488.90,1486.07,1493.15,201,2.83,2026-01-05T12:50:00,1493.15,TARGET,853.36,403.81
bb,ADANIPORTS,2026-01-12,LONG,2026-01-12T13:20:00,1435.60,1429.47,1444.80,208,6.13,2026-01-12T15:00:00,1444.80,TARGET,1913.90,1464.55
bb,ADANIPORTS,2026-01-13,SHORT,2026-01-13T12:10:00,1431.60,1436.49,1424.26,209,4.89,2026-01-13T14:00:00,1424.60,TIME_STOP,1463.00,1015.29
bb,ADANIPORTS,2026-01-14,LONG,2026-01-14T11:00:00,1434.80,1430.49,1441.26,209,4.31,2026-01-14T12:50:00,1435.90,TIME_STOP,229.90,-220.08
bb,ADANIPORTS,2026-01-21,LONG,2026-01-21T13:00:00,1389.40,1382.94,1399.10,215,6.46,2026-01-21T13:30:00,1382.94,STOP,-1389.95,-1836.99
bb,ADANIPORTS,2026-01-23,SHORT,2026-01-23T10:00:00,1393.00,1398.41,1384.89,215,5.41,2026-01-23T10:10:00,1398.41,STOP,-1162.60,-1612.71
bb,ADANIPORTS,2026-01-27,LONG,2026-01-27T10:40:00,1367.50,1355.91,1384.89,215,11.59,2026-01-27T10:40:00,1355.91,STOP,-2492.73,-2931.88
bb,ADANIPORTS,2026-02-02,LONG,2026-02-02T14:10:00,1393.60,1387.62,1402.58,215,5.98,2026-02-02T15:00:00,1402.58,TARGET,1929.67,1478.79
bb,ADANIPORTS,2026-02-06,SHORT,2026-02-06T10:20:00,1556.70,1562.65,1547.78,192,5.95,2026-02-06T10:50:00,1547.78,TARGET,1713.05,1266.00
bb,ADANIPORTS,2026-02-11,LONG,2026-02-11T13:50:00,1554.40,1550.81,1559.79,193,3.59,2026-02-11T14:40:00,1550.81,STOP,-693.01,-1142.49
bb,ADANIPORTS,2026-02-12,SHORT,2026-02-12T10:00:00,1545.50,1549.16,1540.01,194,3.66,2026-02-12T11:10:00,1540.01,TARGET,1065.71,616.76
bb,ADANIPORTS,2026-02-16,LONG,2026-02-16T12:10:00,1532.60,1526.76,1541.35,195,5.84,2026-02-16T12:10:00,1541.35,TARGET,1707.21,1257.65
bb,ADANIPORTS,2026-02-20,LONG,2026-02-20T12:50:00,1524.40,1519.71,1531.44,196,4.69,2026-02-20T13:10:00,1519.71,STOP,-920.16,-1367.64
bb,ADANIPORTS,2026-02-24,SHORT,2026-02-24T10:30:00,1540.60,1545.58,1533.13,194,4.98,2026-02-24T11:20:00,1545.58,STOP,-966.26,-1415.30
bb,ADANIPORTS,2026-02-26,LONG,2026-02-26T11:30:00,1548.40,1543.14,1556.30,193,5.26,2026-02-26T11:50:00,1543.14,STOP,-1016.09,-1463.59
bb,ADANIPORTS,2026-02-27,LONG,2026-02-27T14:10:00,1541.00,1537.66,1546.01,194,3.34,2026-02-27T14:30:00,1537.66,STOP,-648.44,-1096.38
bb,ADANIPORTS,2026-03-10,SHORT,2026-03-10T11:40:00,1423.20,1430.00,1413.00,210,6.80,2026-03-10T13:30:00,1425.60,TIME_STOP,-504.00,-952.69
bb,ADANIPORTS,2026-03-11,SHORT,2026-03-11T13:10:00,1427.40,1433.49,1418.26,210,6.09,2026-03-11T14:10:00,1418.26,TARGET,1918.43,1470.24
confluence,INDUSINDBK,2024-04-05,SHORT,2024-04-05T12:50:00,1534.85,1538.95,1528.70,195,4.10,2024-04-05T13:20:00,1536.20,REVERSE,-263.25,-712.39
confluence,INDUSINDBK,2024-04-22,SHORT,2024-04-22T13:00:00,1479.75,1485.17,1471.62,202,5.42,2024-04-22T14:00:00,1471.62,TARGET,1642.58,1195.45
confluence,INDUSINDBK,2024-04-23,SHORT,2024-04-23T14:00:00,1476.55,1479.97,1471.42,203,3.42,2024-04-23T15:20:00,1473.05,EOD,710.50,261.42
confluence,INDUSINDBK,2024-04-25,LONG,2024-04-25T10:10:00,1483.50,1479.48,1489.53,202,4.02,2024-04-25T10:20:00,1489.53,TARGET,1219.04,768.63
confluence,INDUSINDBK,2024-04-26,SHORT,2024-04-26T10:30:00,1478.00,1485.27,1467.10,202,7.27,2024-04-26T11:10:00,1467.10,TARGET,2202.04,1755.86
confluence,INDUSINDBK,2024-05-06,SHORT,2024-05-06T13:10:00,1493.00,1497.96,1485.55,200,4.96,2024-05-06T14:20:00,1497.96,STOP,-992.86,-1441.51
confluence,INDUSINDBK,2024-05-09,SHORT,2024-05-09T10:40:00,1433.80,1439.28,1425.58,209,5.48,2024-05-09T11:10:00,1425.58,TARGET,1717.03,1268.82
confluence,INDUSINDBK,2024-05-24,LONG,2024-05-24T11:40:00,1438.50,1433.50,1446.00,208,5.00,2024-05-24T13:30:00,1441.00,TIME_STOP,520.00,70.80
confluence,INDUSINDBK,2024-05-28,LONG,2024-05-28T10:30:00,1469.70,1463.43,1479.11,204,6.27,2024-05-28T11:30:00,1463.43,STOP,-1279.24,-1728.01
confluence,INDUSINDBK,2024-05-29,LONG,2024-05-29T13:00:00,1454.85,1450.42,1461.49,206,4.43,2024-05-29T14:30:00,1450.42,STOP,-912.08,-1360.95
confluence,INDUSINDBK,2024-05-30,LONG,2024-05-30T12:40:00,1465.25,1460.42,1472.49,204,4.83,2024-05-30T13:20:00,1460.42,STOP,-984.88,-1432.51
confluence,INDUSINDBK,2024-06-04,SHORT,2024-06-04T11:10:00,1399.35,1415.55,1375.04,154,16.20,2024-06-04T11:20:00,1415.55,STOP,-2495.40,-2820.52
confluence,INDUSINDBK,2024-06-07,LONG,2024-06-07T11:30:00,1486.25,1480.14,1495.42,201,6.11,2024-06-07T11:50:00,1495.42,TARGET,1843.44,1393.96
confluence,INDUSINDBK,2024-06-18,LONG,2024-06-18T10:10:00,1507.55,1502.02,1515.85,198,5.53,2024-06-18T10:20:00,1502.02,STOP,-1095.07,-1541.99
confluence,INDUSINDBK,2024-07-03,SHORT,2024-07-03T11:30:00,1432.35,1437.30,1424.93,209,4.95,2024-07-03T12:00:00,1437.30,STOP,-1033.78,-1483.60
confluence,INDUSINDBK,2024-07-04,SHORT,2024-07-04T10:30:00,1439.70,1444.31,1432.79,208,4.61,2024-07-04T12:20:00,1442.45,TIME_STOP,-572.00,-1021.62
confluence,INDUSINDBK,2024-07-09,SHORT,2024-07-09T10:10:00,1432.65,1437.43,1425.48,209,4.78,2024-07-09T12:00:00,1432.00,TIME_STOP,135.85,-313.18
confluence,INDUSINDBK,2024-07-23,SHORT,2024-07-23T10:10:00,1419.20,1423.43,1412.85,211,4.23,2024-07-23T10:20:00,1423.43,STOP,-892.55,-1342.40
confluence,INDUSINDBK,2024-07-31,LONG,2024-07-31T12:00:00,1426.50,1422.59,1432.36,210,3.91,2024-07-31T13:40:00,1422.59,STOP,-821.02,-1269.75
confluence,INDUSINDBK,2024-08-07,SHORT,2024-08-07T10:20:00,1372.00,1377.80,1363.30,218,5.80,2024-08-07T11:10:00,1363.30,TARGET,1897.51,1450.29
confluence,INDUSINDBK,2024-08-09,SHORT,2024-08-09T11:00:00,1346.05,1350.50,1339.38,222,4.45,2024-08-09T11:10:00,1348.35,REVERSE,-510.60,-959.22
confluence,INDUSINDBK,2024-08-21,LONG,2024-08-21T12:00:00,1380.50,1376.54,1386.44,217,3.96,2024-08-21T13:20:00,1376.54,STOP,-859.64,-1308.35
confluence,INDUSINDBK,2024-08-23,LONG,2024-08-23T11:30:00,1381.95,1378.02,1387.84,217,3.93,2024-08-23T12:20:00,1378.02,STOP,-852.48,-1301.67
confluence,INDUSINDBK,2024-09-04,LONG,2024-09-04T14:00:00,1436.30,1433.39,1440.66,208,2.91,2024-09-04T14:50:00,1433.39,STOP,-604.39,-1052.06
confluence,INDUSINDBK,2024-09-05,SHORT,2024-09-05T11:10:00,1432.50,1436.07,1427.14,209,3.57,2024-09-05T11:20:00,1436.07,STOP,-746.31,-1195.96
confluence,INDUSINDBK,2024-09-17,LONG,2024-09-17T11:10:00,1471.70,1467.94,1477.34,203,3.76,2024-09-17T13:00:00,1474.50,TIME_STOP,568.40,119.84
confluence,INDUSINDBK,2024-09-20,LONG,2024-09-20T11:00:00,1487.50,1482.37,1495.19,201,5.13,2024-09-20T12:50:00,1489.85,TIME_STOP,472.35,23.51
confluence,INDUSINDBK,2024-09-26,SHORT,2024-09-26T11:50:00,1438.45,1441.95,1433.19,208,3.50,2024-09-26T12:00:00,1441.95,STOP,-728.99,-1178.33
confluence,INDUSINDBK,2024-10-04,SHORT,2024-10-04T13:10:00,1389.30,1394.97,1380.80,215,5.67,2024-10-04T15:00:00,1382.00,TIME_STOP,1569.50,1122.63
confluence,INDUSINDBK,2024-10-08,SHORT,2024-10-08T14:10:00,1360.40,1365.62,1352.57,220,5.22,2024-10-08T14:10:00,1364.55,REVERSE,-913.00,-1362.62
confluence,INDUSINDBK,2024-10-11,SHORT,2024-10-11T11:20:00,1347.35,1351.77,1340.73,222,4.42,2024-10-11T12:50:00,1340.73,TARGET,1470.35,1022.79
confluence,INDUSINDBK,2024-10-31,SHORT,2024-10-31T12:30:00,1053.80,1057.62,1048.07,284,3.82,2024-10-31T12:40:00,1048.07,TARGET,1626.19,1178.49
confluence,INDUSINDBK,2024-11-13,SHORT,2024-11-13T10:20:00,1054.20,1058.64,1047.54,284,4.44,2024-11-13T11:20:00,1047.54,TARGET,1891.97,1444.30
confluence,INDUSINDBK,2024-11-28,SHORT,2024-11-28T11:10:00,1000.40,1003.97,995.05,299,3.57,2024-11-28T11:20:00,995.05,TARGET,1600.42,1152.95
confluence,INDUSINDBK,2024-12-05,LONG,2024-12-05T12:40:00,1001.40,998.63,1005.55,299,2.77,2024-12-05T12:40:00,998.63,STOP,-827.11,-1275.62
confluence,INDUSINDBK,2024-12-10,SHORT,2024-12-10T12:30:00,983.40,985.13,980.80,305,1.73,2024-12-10T12:40:00,980.80,TARGET,792.23,342.92
confluence,INDUSINDBK,2024-12-11,SHORT,2024-12-11T10:20:00,982.35,984.55,979.04,305,2.20,2024-12-11T11:30:00,984.55,STOP,-672.13,-1122.06
confluence,INDUSINDBK,2024-12-13,LONG,2024-12-13T13:10:00,986.20,982.11,992.34,304,4.09,2024-12-13T15:00:00,985.30,TIME_STOP,-273.60,-723.10
confluence,INDUSINDBK,2024-12-26,SHORT,2024-12-26T10:20:00,934.05,937.32,929.15,321,3.27,2024-12-26T10:50:00,929.15,TARGET,1573.27,1124.70
confluence,INDUSINDBK,2024-12-30,LONG,2024-12-30T10:20:00,958.00,954.65,963.02,313,3.35,2024-12-30T11:20:00,963.02,TARGET,1571.55,1120.59
confluence,INDUSINDBK,2025-01-09,SHORT,2025-01-09T10:50:00,978.40,982.57,972.15,306,4.17,2025-01-09T11:00:00,972.15,TARGET,1913.93,1466.28
confluence,INDUSINDBK,2025-01-14,SHORT,2025-01-14T13:30:00,960.10,963.58,954.87,312,3.48,2025-01-14T14:00:00,963.58,STOP,-1087.16,-1537.30
confluence,INDUSINDBK,2025-01-20,LONG,2025-01-20T11:10:00,971.55,966.49,979.14,308,5.06,2025-01-20T11:30:00,979.14,TARGET,2338.53,1887.92
confluence,INDUSINDBK,2025-02-03,LONG,2025-02-03T10:30:00,1016.20,1009.28,1026.58,295,6.92,2025-02-03T12:20:00,1015.25,TIME_STOP,-280.25,-729.71
confluence,INDUSINDBK,2025-02-12,SHORT,2025-02-12T14:10:00,1035.50,1040.50,1028.00,289,5.00,2025-02-12T15:10:00,1040.50,STOP,-1444.56,-1894.53
confluence,INDUSINDBK,2025-02-13,SHORT,2025-02-13T14:00:00,1041.10,1045.15,1035.03,288,4.05,2025-02-13T14:50:00,1045.15,STOP,-1166.02,-1616.65
confluence,INDUSINDBK,2025-02-19,LONG,2025-02-19T10:20:00,1037.35,1033.01,1043.86,289,4.34,2025-02-19T10:50:00,1033.01,STOP,-1254.06,-1702.81
confluence,INDUSINDBK,2025-02-25,SHORT,2025-02-25T13:40:00,1033.20,1035.88,1029.19,290,2.68,2025-02-25T14:00:00,1029.19,TARGET,1164.03,715.46
confluence,INDUSINDBK,2025-03-04,SHORT,2025-03-04T13:10:00,982.65,986.80,976.43,305,4.15,2025-03-04T13:50:00,986.80,STOP,-1264.66,-1715.18
confluence,INDUSINDBK,2025-03-05,SHORT,2025-03-05T10:30:00,982.20,985.93,976.61,305,3.73,2025-03-05T11:50:00,985.93,STOP,-1137.20,-1587.41
confluence,INDUSINDBK,2025-03-17,SHORT,2025-03-17T12:50:00,683.45,687.74,677.01,438,4.29,2025-03-17T14:40:00,680.50,TIME_STOP,1292.10,844.04
confluence,INDUSINDBK,2025-03-24,SHORT,2025-03-24T11:40:00,676.05,678.73,672.03,443,2.68,2025-03-24T13:10:00,672.03,TARGET,1779.37,1331.47
confluence,INDUSINDBK,2025-03-28,SHORT,2025-03-28T12:10:00,660.80,664.14,655.79,453,3.34,2025-03-28T12:20:00,655.79,TARGET,2271.01,1823.70
confluence,INDUSINDBK,2025-04-09,LONG,2025-04-09T12:30:00,681.75,678.38,686.81,440,3.37,2025-04-09T12:50:00,678.38,STOP,-1484.24,-1933.08
confluence,INDUSINDBK,2025-04-23,LONG,2025-04-23T13:10:00,799.60,795.99,805.02,375,3.61,2025-04-23T14:20:00,795.99,STOP,-1354.01,-1802.77
confluence,INDUSINDBK,2025-04-25,LONG,2025-04-25T13:10:00,822.60,818.21,829.19,364,4.39,2025-04-25T15:00:00,822.90,TIME_STOP,109.20,-340.02
confluence,INDUSINDBK,2025-04-30,LONG,2025-04-30T13:10:00,836.95,832.17,844.13,358,4.78,2025-04-30T13:20:00,832.17,STOP,-1712.54,-2160.69
confluence,INDUSINDBK,2025-05-08,SHORT,2025-05-08T10:50:00,827.10,831.62,820.32,362,4.52,2025-05-08T12:40:00,825.75,TIME_STOP,488.70,39.95
confluence,INDUSINDBK,2025-05-12,SHORT,2025-05-12T10:40:00,816.85,821.07,810.53,367,4.22,2025-05-12T11:30:00,810.53,TARGET,2321.10,1873.16
confluence,INDUSINDBK,2025-05-22,LONG,2025-05-22T10:30:00,793.00,785.15,804.78,318,7.85,2025-05-22T10:40:00,785.15,STOP,-2497.71,-2874.10
confluence,INDUSINDBK,2025-06-11,LONG,2025-06-11T11:20:00,845.85,843.39,849.54,354,2.46,2025-06-11T12:10:00,849.54,TARGET,1306.64,856.52
confluence,INDUSINDBK,2025-06-20,LONG,2025-06-20T11:00:00,842.75,839.98,846.91,355,2.77,2025-06-20T12:30:00,839.98,STOP,-983.72,-1431.74
confluence,INDUSINDBK,2025-06-23,LONG,2025-06-23T13:10:00,840.35,836.73,845.78,356,3.62,2025-06-23T15:00:00,840.60,TIME_STOP,89.00,-359.81
confluence,INDUSINDBK,2025-06-24,SHORT,2025-06-24T10:10:00,833.05,837.69,826.09,360,4.64,2025-06-24T11:40:00,837.69,STOP,-1669.48,-2120.58
confluence,INDUSINDBK,2025-06-25,SHORT,2025-06-25T12:20:00,831.20,833.94,827.09,360,2.74,2025-06-25T13:20:00,833.94,STOP,-985.98,-1435.57
confluence,INDUSINDBK,2025-06-26,LONG,2025-06-26T12:20:00,833.05,830.16,837.39,360,2.89,2025-06-26T12:50:00,830.16,STOP,-1041.83,-1490.90
confluence,INDUSINDBK,2025-07-03,SHORT,2025-07-03T12:10:00,859.10,861.94,854.85,349,2.84,2025-07-03T13:10:00,860.95,REVERSE,-645.65,-1095.87
confluence,INDUSINDBK,2025-07-18,SHORT,2025-07-18T13:40:00,867.65,870.26,863.74,345,2.61,2025-07-18T13:40:00,869.55,REVERSE,-655.50,-1105.00
confluence,INDUSINDBK,2025-07-22,SHORT,2025-07-22T11:00:00,848.65,854.29,840.19,353,5.64,2025-07-22T12:50:00,846.00,TIME_STOP,935.45,486.79
confluence,INDUSINDBK,2025-07-30,SHORT,2025-07-30T11:10:00,802.95,806.59,797.49,373,3.64,2025-07-30T13:00:00,797.49,TARGET,2036.72,1589.00
confluence,INDUSINDBK,2025-08-06,LONG,2025-08-06T13:50:00,811.25,808.01,816.10,369,3.24,2025-08-06T14:10:00,808.01,STOP,-1194.00,-1642.13
confluence,INDUSINDBK,2025-08-08,SHORT,2025-08-08T10:30:00,795.10,798.03,790.70,377,2.93,2025-08-08T12:20:00,793.40,TIME_STOP,640.90,191.75
confluence,INDUSINDBK,2025-08-14,SHORT,2025-08-14T11:20:00,773.05,775.13,769.93,388,2.08,2025-08-14T13:10:00,769.93,TARGET,1211.12,762.11
confluence,INDUSINDBK,2025-08-19,LONG,2025-08-19T11:50:00,788.80,786.65,792.03,380,2.15,2025-08-19T13:30:00,786.65,STOP,-817.87,-1266.87
confluence,INDUSINDBK,2025-08-22,SHORT,2025-08-22T11:30:00,769.30,771.20,766.45,389,1.90,2025-08-22T11:40:00,770.20,REVERSE,-350.10,-799.25
confluence,INDUSINDBK,2025-09-05,LONG,2025-09-05T14:10:00,758.05,756.03,761.08,395,2.02,2025-09-05T14:10:00,756.03,STOP,-799.06,-1247.61
confluence,INDUSINDBK,2025-09-08,SHORT,2025-09-08T10:40:00,753.50,755.79,750.06,398,2.29,2025-09-08T10:50:00,750.06,TARGET,1368.63,919.81
confluence,INDUSINDBK,2025-09-16,SHORT,2025-09-16T14:00:00,740.35,741.96,737.94,405,1.61,2025-09-16T14:20:00,741.96,STOP,-651.72,-1101.97
confluence,INDUSINDBK,2025-09-17,LONG,2025-09-17T10:10:00,743.70,741.87,746.44,403,1.83,2025-09-17T10:20:00,741.87,STOP,-736.25,-1185.26
confluence,INDUSINDBK,2025-10-01,SHORT,2025-10-01T10:50:00,727.05,730.05,722.55,412,3.00,2025-10-01T11:10:00,730.05,STOP,-1235.24,-1685.48
confluence,INDUSINDBK,2025-10-13,LONG,2025-10-13T13:10:00,763.25,761.08,766.50,393,2.17,2025-10-13T14:00:00,761.08,STOP,-851.76,-1301.05
confluence,INDUSINDBK,2025-10-31,LONG,2025-10-31T12:00:00,805.10,802.46,809.05,372,2.64,2025-10-31T12:20:00,802.46,STOP,-980.24,-1428.75
confluence,INDUSINDBK,2025-11-03,LONG,2025-11-03T11:00:00,798.70,795.51,803.48,375,3.19,2025-11-03T12:50:00,799.90,TIME_STOP,450.00,0.39
confluence,INDUSINDBK,2025-11-17,LONG,2025-11-17T12:10:00,852.80,849.04,858.44,351,3.76,2025-11-17T13:10:00,858.44,TARGET,1978.77,1528.29
confluence,INDUSINDBK,2025-11-18,LONG,2025-11-18T12:20:00,853.50,851.29,856.81,351,2.21,2025-11-18T12:50:00,851.29,STOP,-774.52,-1223.31
confluence,INDUSINDBK,2025-11-25,LONG,2025-11-25T14:10:00,840.00,837.62,843.56,357,2.38,2025-11-25T15:20:00,840.10,EOD,35.70,-414.15
confluence,INDUSINDBK,2025-11-27,LONG,2025-11-27T10:50:00,854.65,851.78,858.95,351,2.87,2025-11-27T11:00:00,851.78,STOP,-1006.21,-1455.43
confluence,INDUSINDBK,2025-12-01,LONG,2025-12-01T10:20:00,856.45,854.56,859.28,350,1.89,2025-12-01T10:30:00,856.05,REVERSE,-140.00,-589.53
confluence,INDUSINDBK,2025-12-03,SHORT,2025-12-03T10:10:00,844.30,847.39,839.66,355,3.09,2025-12-03T11:00:00,847.39,STOP,-1097.75,-1548.16
confluence,INDUSINDBK,2025-12-05,LONG,2025-12-05T12:50:00,865.00,861.57,870.15,346,3.43,2025-12-05T13:10:00,870.15,TARGET,1781.94,1331.67
confluence,INDUSINDBK,2025-12-10,SHORT,2025-12-10T11:00:00,840.25,843.43,835.48,357,3.18,2025-12-10T11:10:00,835.48,TARGET,1703.47,1254.79
confluence,INDUSINDBK,2025-12-11,LONG,2025-12-11T12:10:00,841.35,838.10,846.22,356,3.25,2025-12-11T13:10:00,838.10,STOP,-1156.79,-1605.20
confluence,INDUSINDBK,2025-12-18,SHORT,2025-12-18T14:10:00,833.60,835.64,830.54,359,2.04,2025-12-18T15:00:00,835.64,STOP,-732.55,-1181.99
confluence,INDUSINDBK,2025-12-26,LONG,2025-12-26T10:10:00,857.95,854.92,862.50,349,3.03,2025-12-26T10:10:00,854.92,STOP,-1058.29,-1506.63
confluence,INDUSINDBK,2026-01-06,LONG,2026-01-06T10:10:00,911.65,906.83,918.87,329,4.82,2026-01-06T10:50:00,918.87,TARGET,2377.01,1925.33
confluence,INDUSINDBK,2026-01-22,SHORT,2026-01-22T10:10:00,899.60,904.43,892.36,333,4.83,2026-01-22T10:20:00,904.43,STOP,-1608.32,-2058.88
confluence,INDUSINDBK,2026-01-23,SHORT,2026-01-23T13:20:00,903.15,906.37,898.32,332,3.22,2026-01-23T13:30:00,898.32,TARGET,1603.56,1155.00
confluence,INDUSINDBK,2026-01-30,LONG,2026-01-30T11:10:00,901.60,898.34,906.49,332,3.26,2026-01-30T11:20:00,898.34,STOP,-1082.94,-1531.12
confluence,INDUSINDBK,2026-02-16,SHORT,2026-02-16T10:10:00,918.05,922.02,912.09,326,3.97,2026-02-16T10:10:00,919.95,REVERSE,-619.40,-1068.79
confluence,INDUSINDBK,2026-02-24,SHORT,2026-02-24T13:40:00,919.50,922.57,914.89,326,3.07,2026-02-24T13:40:00,922.57,STOP,-1001.99,-1452.38
confluence,INDUSINDBK,2026-03-11,SHORT,2026-03-11T11:10:00,894.10,898.39,887.66,335,4.29,2026-03-11T11:20:00,887.66,TARGET,2156.32,1708.65
confluence,PNB,2024-03-19,SHORT,2024-03-19T10:30:00,114.58,115.27,113.54,2618,0.69,2024-03-19T10:30:00,115.27,STOP,-1811.79,-2263.11
confluence,PNB,2024-03-28,LONG,2024-03-28T11:00:00,120.51,120.04,121.22,2489,0.47,2024-03-28T12:20:00,120.04,STOP,-1170.80,-1619.85
confluence,PNB,2024-04-03,LONG,2024-04-03T12:30:00,122.89,122.51,123.46,2441,0.38,2024-04-03T12:30:00,123.46,TARGET,1390.21,939.21
confluence,PNB,2024-04-29,LONG,2024-04-29T12:40:00,132.56,132.06,133.31,2263,0.50,2024-04-29T12:50:00,133.31,TARGET,1687.11,1235.87
confluence,PNB,2024-04-30,LONG,2024-04-30T12:50:00,134.21,133.62,135.09,2235,0.59,2024-04-30T13:20:00,135.09,TARGET,1971.39,1519.97
confluence,PNB,2024-05-03,SHORT,2024-05-03T10:10:00,133.63,134.50,132.33,2245,0.87,2024-05-03T11:30:00,132.33,TARGET,2916.50,2468.69
confluence,PNB,2024-05-09,SHORT,2024-05-09T14:00:00,120.90,121.57,119.89,2481,0.67,2024-05-09T14:00:00,119.89,TARGET,2508.68,2060.63
confluence,PNB,2024-05-22,LONG,2024-05-22T14:10:00,122.99,122.60,123.57,2439,0.39,2024-05-22T14:20:00,122.60,STOP,-948.24,-1397.49
confluence,PNB,2024-05-24,LONG,2024-05-24T12:30:00,123.37,122.95,124.00,2431,0.42,2024-05-24T14:20:00,123.37,TIME_STOP,0.00,-449.87
confluence,PNB,2024-05-27,LONG,2024-05-27T10:30:00,123.62,123.06,124.45,2426,0.56,2024-05-27T11:40:00,124.45,TARGET,2023.88,1572.51
confluence,PNB,2024-05-30,LONG,2024-05-30T11:00:00,125.46,124.93,126.25,2391,0.53,2024-05-30T11:10:00,124.93,STOP,-1259.44,-1708.46
confluence,PNB,2024-06-14,LONG,2024-06-14T10:00:00,123.67,123.27,124.28,2425,0.40,2024-06-14T10:00:00,124.28,TARGET,1468.14,1017.19
confluence,PNB,2024-07-02,SHORT,2024-07-02T12:00:00,118.78,119.14,118.23,2525,0.36,2024-07-02T12:10:00,118.23,TARGET,1378.56,929.72
confluence,PNB,2024-07-08,SHORT,2024-07-08T12:30:00,118.52,118.94,117.89,2531,0.42,2024-07-08T14:20:00,117.89,TARGET,1596.71,1147.94
confluence,PNB,2024-07-24,SHORT,2024-07-24T11:20:00,113.62,114.30,112.59,2640,0.68,2024-07-24T12:20:00,112.59,TARGET,2710.65,2262.75
confluence,PNB,2024-08-08,SHORT,2024-08-08T11:00:00,111.37,111.85,110.65,2693,0.48,2024-08-08T11:10:00,111.85,STOP,-1286.48,-1737.33
confluence,PNB,2024-08-29,SHORT,2024-08-29T13:50:00,111.77,111.97,111.46,2684,0.20,2024-08-29T14:30:00,111.46,TARGET,823.52,374.15
confluence,PNB,2024-09-11,SHORT,2024-09-11T11:30:00,106.56,106.95,105.98,2815,0.39,2024-09-11T12:10:00,105.98,TARGET,1641.90,1193.19
confluence,PNB,2024-09-18,SHORT,2024-09-18T14:10:00,105.15,105.61,104.46,2853,0.46,2024-09-18T14:10:00,105.61,STOP,-1306.77,-1757.74
confluence,PNB,2024-09-19,SHORT,2024-09-19T10:00:00,105.28,105.81,104.48,2849,0.53,2024-09-19T11:20:00,104.48,TARGET,2281.82,1833.62
confluence,PNB,2024-09-20,SHORT,2024-09-20T13:50:00,104.62,105.00,104.06,2867,0.38,2024-09-20T13:50:00,105.00,STOP,-1077.28,-1528.01
confluence,PNB,2024-10-07,SHORT,2024-10-07T10:00:00,102.36,102.94,101.49,2930,0.58,2024-10-07T10:30:00,101.49,TARGET,2559.52,2111.56
confluence,PNB,2024-10-10,SHORT,2024-10-10T14:10:00,100.53,100.83,100.09,2984,0.30,2024-10-10T15:20:00,100.83,STOP,-884.74,-1335.38
confluence,PNB,2024-10-11,SHORT,2024-10-11T11:10:00,100.78,101.12,100.27,2976,0.34,2024-10-11T12:20:00,101.12,STOP,-1004.50,-1455.14
confluence,PNB,2024-10-15,LONG,2024-10-15T10:50:00,102.14,101.93,102.45,2937,0.21,2024-10-15T10:50:00,101.93,STOP,-610.65,-1060.16
confluence,PNB,2024-10-31,LONG,2024-10-31T10:00:00,97.31,96.95,97.85,3082,0.36,2024-10-31T10:10:00,97.07,REVERSE,-739.68,-1188.99
confluence,PNB,2024-11-12,SHORT,2024-11-12T10:00:00,101.56,101.98,100.93,2953,0.42,2024-11-12T10:00:00,101.98,STOP,-1231.28,-1682.07
confluence,PNB,2024-12-06,LONG,2024-12-06T10:30:00,106.64,105.98,107.63,2813,0.66,2024-12-06T10:30:00,105.98,STOP,-1850.17,-2298.75
confluence,PNB,2024-12-10,LONG,2024-12-10T10:10:00,106.27,105.93,106.79,2822,0.34,2024-12-10T10:30:00,105.93,STOP,-971.24,-1420.36
confluence,PNB,2024-12-17,SHORT,2024-12-17T10:20:00,104.83,105.11,104.42,2861,0.28,2024-12-17T10:50:00,105.11,STOP,-789.08,-1239.55
confluence,PNB,2024-12-24,SHORT,2024-12-24T10:50:00,98.90,99.21,98.43,3033,0.31,2024-12-24T11:30:00,98.43,TARGET,1414.26,965.38
confluence,PNB,2024-12-27,SHORT,2024-12-27T12:20:00,99.22,99.51,98.78,3023,0.29,2024-12-27T14:00:00,99.51,STOP,-879.94,-1330.51
confluence,PNB,2024-12-30,SHORT,2024-12-30T13:30:00,99.05,99.42,98.49,3028,0.37,2024-12-30T13:30:00,98.49,TARGET,1686.75,1238.13
confluence,PNB,2025-01-15,SHORT,2025-01-15T13:40:00,95.23,95.63,94.63,3150,0.40,2025-01-15T14:50:00,95.63,STOP,-1262.85,-1713.76
confluence,PNB,2025-01-24,SHORT,2025-01-24T14:10:00,94.34,94.82,93.62,3179,0.48,2025-01-24T14:10:00,94.82,STOP,-1523.01,-1974.02
confluence,PNB,2025-01-27,SHORT,2025-01-27T14:00:00,93.39,93.86,92.68,3212,0.47,2025-01-27T14:50:00,92.68,TARGET,2280.40,1832.15
confluence,PNB,2025-02-13,SHORT,2025-02-13T13:20:00,92.66,93.00,92.16,3237,0.34,2025-02-13T13:20:00,93.00,STOP,-1085.80,-1536.52
confluence,PNB,2025-03-04,SHORT,2025-03-04T12:30:00,84.85,85.23,84.28,3535,0.38,2025-03-04T14:20:00,85.23,STOP,-1344.14,-1795.06
confluence,PNB,2025-03-27,LONG,2025-03-27T10:20:00,92.31,91.87,92.96,3249,0.44,2025-03-27T12:00:00,91.87,STOP,-1416.45,-1865.26
confluence,PNB,2025-04-02,LONG,2025-04-02T11:10:00,93.98,93.52,94.66,3192,0.46,2025-04-02T13:00:00,94.12,TIME_STOP,446.88,-3.43
confluence,PNB,2025-04-09,LONG,2025-04-09T13:10:00,93.67,93.30,94.23,3202,0.37,2025-04-09T13:20:00,93.30,STOP,-1199.13,-1648.12
confluence,PNB,2025-05-02,SHORT,2025-05-02T11:30:00,97.80,98.15,97.28,3067,0.35,2025-05-02T11:30:00,97.28,TARGET,1590.21,1141.48
confluence,PNB,2025-05-07,SHORT,2025-05-07T12:50:00,91.77,92.37,90.87,3269,0.60,2025-05-07T12:50:00,92.37,STOP,-1955.17,-2406.63
confluence,PNB,2025-05-23,LONG,2025-05-23T11:50:00,97.63,97.31,98.11,3072,0.32,2025-05-23T13:40:00,97.64,TIME_STOP,30.72,-419.18
confluence,PNB,2025-05-27,LONG,2025-05-27T11:30:00,98.38,98.12,98.77,3049,0.26,2025-05-27T12:30:00,98.77,TARGET,1191.80,740.96
confluence,PNB,2025-05-30,LONG,2025-05-30T12:40:00,99.13,98.84,99.56,3026,0.29,2025-05-30T13:00:00,99.56,TARGET,1308.31,857.38
confluence,PNB,2025-06-17,SHORT,2025-06-17T12:30:00,103.70,104.00,103.26,2892,0.30,2025-06-17T12:50:00,103.26,TARGET,1285.77,836.89
confluence,PNB,2025-06-25,LONG,2025-06-25T10:30:00,106.09,105.82,106.50,2827,0.27,2025-06-25T11:50:00,105.82,STOP,-774.64,-1223.93
confluence,PNB,2025-07-14,SHORT,2025-07-14T12:40:00,110.46,110.80,109.96,2715,0.34,2025-07-14T14:30:00,110.55,TIME_STOP,-244.35,-694.38
confluence,PNB,2025-07-21,LONG,2025-07-21T13:20:00,113.19,112.91,113.61,2650,0.28,2025-07-21T13:50:00,112.91,STOP,-744.42,-1193.79
confluence,PNB,2025-07-25,SHORT,2025-07-25T11:30:00,109.35,109.70,108.82,2743,0.35,2025-07-25T11:50:00,108.82,TARGET,1453.41,1004.58
confluence,PNB,2025-07-28,SHORT,2025-07-28T10:50:00,108.75,109.11,108.21,2758,0.36,2025-07-28T12:40:00,108.32,TIME_STOP,1185.94,736.93
confluence,PNB,2025-08-05,SHORT,2025-08-05T10:30:00,104.20,104.50,103.74,2879,0.30,2025-08-05T10:40:00,104.50,STOP,-875.76,-1326.41
confluence,PNB,2025-08-07,SHORT,2025-08-07T11:30:00,103.62,103.94,103.13,2895,0.32,2025-08-07T13:10:00,103.13,TARGET,1408.09,959.18
confluence,PNB,2025-08-13,LONG,2025-08-13T14:00:00,106.94,106.70,107.29,2805,0.24,2025-08-13T14:20:00,106.70,STOP,-663.82,-1113.27
confluence,PNB,2025-08-19,LONG,2025-08-19T10:30:00,107.30,106.99,107.76,2795,0.31,2025-08-19T12:20:00,107.39,TIME_STOP,251.55,-198.49
confluence,PNB,2025-08-21,LONG,2025-08-21T10:20:00,107.54,107.36,107.80,2789,0.18,2025-08-21T10:30:00,107.80,TARGET,735.68,285.24
confluence,PNB,2025-09-05,LONG,2025-09-05T14:10:00,103.88,103.60,104.30,2887,0.28,2025-09-05T14:10:00,103.60,STOP,-809.16,-1258.41
confluence,PNB,2025-09-09,LONG,2025-09-09T11:40:00,104.52,104.25,104.92,2870,0.27,2025-09-09T11:50:00,104.25,STOP,-773.55,-1222.93
confluence,PNB,2025-09-17,LONG,2025-09-17T10:30:00,108.87,108.63,109.22,2755,0.24,2025-09-17T10:30:00,109.22,TARGET,977.29,526.65
confluence,PNB,2025-09-23,LONG,2025-09-23T12:40:00,113.90,113.56,114.42,2633,0.34,2025-09-23T13:10:00,113.56,STOP,-906.02,-1355.19
confluence,PNB,2025-09-24,LONG,2025-09-24T10:10:00,114.07,113.70,114.63,2629,0.37,2025-09-24T10:30:00,113.70,STOP,-977.31,-1426.41
confluence,PNB,2025-10-01,LONG,2025-10-01T14:10:00,112.49,112.10,113.07,2666,0.39,2025-10-01T15:20:00,112.61,EOD,319.92,-130.17
confluence,PNB,2025-10-07,LONG,2025-10-07T12:20:00,114.72,114.41,115.19,2615,0.31,2025-10-07T13:10:00,114.41,STOP,-819.01,-1268.39
confluence,PNB,2025-10-13,LONG,2025-10-13T13:20:00,116.94,116.64,117.39,2565,0.30,2025-10-13T14:30:00,117.39,TARGET,1160.22,709.42
confluence,PNB,2025-10-30,LONG,2025-10-30T11:10:00,121.17,120.77,121.77,2475,0.40,2025-10-30T11:20:00,121.77,TARGET,1487.79,1036.83
confluence,PNB,2025-11-04,LONG,2025-11-04T13:50:00,123.51,123.15,124.05,2428,0.36,2025-11-04T14:00:00,123.15,STOP,-870.38,-1319.55
confluence,PNB,2025-11-06,SHORT,2025-11-06T10:10:00,122.50,122.88,121.92,2448,0.38,2025-11-06T10:20:00,121.92,TARGET,1411.93,963.17
confluence,PNB,2025-11-10,SHORT,2025-11-10T11:10:00,121.77,122.12,121.25,2463,0.35,2025-11-10T11:20:00,121.99,REVERSE,-541.86,-992.15
confluence,PNB,2025-11-28,LONG,2025-11-28T11:20:00,124.80,124.46,125.31,2403,0.34,2025-11-28T12:10:00,124.46,STOP,-821.66,-1270.89
confluence,PNB,2025-12-08,SHORT,2025-12-08T10:10:00,119.77,120.18,119.16,2504,0.41,2025-12-08T10:50:00,119.16,TARGET,1533.07,1084.36
confluence,PNB,2025-12-10,SHORT,2025-12-10T11:50:00,117.37,117.72,116.85,2556,0.35,2025-12-10T12:10:00,117.72,STOP,-890.53,-1341.19
confluence,PNB,2025-12-12,SHORT,2025-12-12T10:50:00,117.10,117.41,116.63,2561,0.31,2025-12-12T11:50:00,117.41,STOP,-805.08,-1255.52
confluence,PNB,2025-12-18,LONG,2025-12-18T11:50:00,118.89,118.57,119.37,2523,0.32,2025-12-18T12:20:00,119.37,TARGET,1210.18,759.33
confluence,PNB,2025-12-29,LONG,2025-12-29T12:10:00,120.79,120.34,121.46,2483,0.45,2025-12-29T12:30:00,120.34,STOP,-1113.74,-1562.79
confluence,PNB,2025-12-30,LONG,2025-12-30T10:20:00,120.41,120.01,121.01,2491,0.40,2025-12-30T10:20:00,121.01,TARGET,1489.04,1038.01
confluence,PNB,2026-01-06,LONG,2026-01-06T12:00:00,125.71,125.30,126.32,2386,0.41,2026-01-06T13:50:00,125.48,TIME_STOP,-548.78,-998.28
confluence,PNB,2026-01-13,SHORT,2026-01-13T13:20:00,122.86,123.27,122.24,2441,0.41,2026-01-13T13:50:00,123.27,STOP,-1012.54,-1463.15
confluence,PNB,2026-01-19,SHORT,2026-01-19T14:10:00,125.57,126.75,123.80,2120,1.18,2026-01-19T14:10:00,126.75,STOP,-2499.42,-2900.61
confluence,PNB,2026-01-30,LONG,2026-01-30T10:00:00,125.12,124.56,125.96,2397,0.56,2026-01-30T10:00:00,124.60,REVERSE,-1246.44,-1695.37
confluence,PNB,2026-02-04,LONG,2026-02-04T14:10:00,123.81,123.50,124.28,2423,0.31,2026-02-04T14:20:00,124.28,TARGET,1141.15,690.30
confluence,PNB,2026-02-24,LONG,2026-02-24T10:20:00,131.32,130.84,132.04,2284,0.48,2026-02-24T11:30:00,132.04,TARGET,1645.66,1194.52
confluence,PNB,2026-03-11,SHORT,2026-03-11T12:00:00,116.57,116.96,115.98,2573,0.39,2026-03-11T12:20:00,116.96,STOP,-1008.41,-1459.07
confluence,BANKBARODA,2024-03-28,LONG,2024-03-28T10:00:00,245.15,244.08,246.76,1223,1.07,2024-03-28T10:50:00,246.76,TARGET,1965.21,1514.00
confluence,BANKBARODA,2024-04-03,LONG,2024-04-03T14:00:00,253.22,252.50,254.29,1184,0.72,2024-04-03T14:00:00,254.29,TARGET,1272.46,821.79
confluence,BANKBARODA,2024-04-05,LONG,2024-04-05T11:20:00,253.90,252.90,255.41,1181,1.00,2024-04-05T11:40:00,252.90,STOP,-1185.70,-1634.60
confluence,BANKBARODA,2024-04-09,LONG,2024-04-09T10:10:00,253.22,252.10,254.90,1184,1.12,2024-04-09T10:20:00,252.10,STOP,-1322.53,-1771.26
confluence,BANKBARODA,2024-04-18,SHORT,2024-04-18T13:50:00,245.15,246.20,243.57,1223,1.05,2024-04-18T14:40:00,243.57,TARGET,1927.46,1479.18
confluence,BANKBARODA,2024-04-25,LONG,2024-04-25T10:10:00,247.76,246.88,249.08,1210,0.88,2024-04-25T10:10:00,249.08,TARGET,1597.26,1146.38
confluence,BANKBARODA,2024-04-29,LONG,2024-04-29T11:50:00,253.66,252.67,255.14,1182,0.99,2024-04-29T12:40:00,255.14,TARGET,1750.72,1299.66
confluence,BANKBARODA,2024-05-14,SHORT,2024-05-14T10:10:00,242.64,244.29,240.16,1236,1.65,2024-05-14T12:00:00,242.88,TIME_STOP,-296.64,-746.72
confluence,BANKBARODA,2024-05-17,SHORT,2024-05-17T12:10:00,245.34,246.35,243.82,1222,1.01,2024-05-17T12:30:00,245.20,EOD_FORCED,171.08,-278.50
confluence,BANKBARODA,2024-05-21,LONG,2024-05-21T10:30:00,248.49,247.30,250.27,1207,1.19,2024-05-21T10:50:00,247.30,STOP,-1436.07,-1884.89
confluence,BANKBARODA,2024-05-27,LONG,2024-05-27T12:40:00,254.04,253.10,255.45,1180,0.94,2024-05-27T14:00:00,255.45,TARGET,1668.84,1217.94
confluence,BANKBARODA,2024-06-12,LONG,2024-06-12T10:10:00,260.62,259.52,262.27,1151,1.10,2024-06-12T10:30:00,262.27,TARGET,1903.64,1452.25
confluence,BANKBARODA,2024-06-14,LONG,2024-06-14T10:10:00,266.13,265.30,267.38,1127,0.83,2024-06-14T11:10:00,267.38,TARGET,1404.94,954.00
confluence,BANKBARODA,2024-06-20,LONG,2024-06-20T13:30:00,268.79,268.02,269.94,1116,0.77,2024-06-20T13:30:00,268.40,REVERSE,-435.24,-884.87
confluence,BANKBARODA,2024-06-25,SHORT,2024-06-25T12:00:00,264.10,264.88,262.92,1135,0.78,2024-06-25T12:20:00,262.92,TARGET,1334.25,885.62
confluence,BANKBARODA,2024-06-26,SHORT,2024-06-26T13:40:00,264.00,264.81,262.78,1136,0.81,2024-06-26T14:10:00,264.81,STOP,-921.25,-1371.80
confluence,BANKBARODA,2024-07-03,SHORT,2024-07-03T11:10:00,257.77,258.91,256.06,1163,1.14,2024-07-03T12:10:00,258.91,STOP,-1327.47,-1778.14
confluence,BANKBARODA,2024-07-04,SHORT,2024-07-04T10:40:00,257.04,258.11,255.44,1167,1.07,2024-07-04T11:30:00,258.11,STOP,-1247.26,-1698.14
confluence,BANKBARODA,2024-07-11,SHORT,2024-07-11T10:30:00,248.34,249.23,247.00,1208,0.89,2024-07-11T12:20:00,247.62,TIME_STOP,869.76,420.42
confluence,BANKBARODA,2024-07-12,SHORT,2024-07-12T12:00:00,247.71,248.49,246.54,1211,0.78,2024-07-12T12:40:00,246.54,TARGET,1413.14,964.23
confluence,BANKBARODA,2024-08-13,LONG,2024-08-13T11:00:00,237.61,236.75,238.91,1262,0.86,2024-08-13T12:00:00,236.75,STOP,-1089.57,-1538.55
confluence,BANKBARODA,2024-08-27,LONG,2024-08-27T11:20:00,243.56,242.94,244.49,1231,0.62,2024-08-27T11:40:00,242.94,STOP,-766.66,-1215.81
confluence,BANKBARODA,2024-08-28,SHORT,2024-08-28T13:20:00,241.91,242.38,241.20,1240,0.47,2024-08-28T14:10:00,241.20,TARGET,879.49,430.19
confluence,BANKBARODA,2024-09-02,SHORT,2024-09-02T10:00:00,240.85,241.62,239.69,1245,0.77,2024-09-02T11:30:00,241.62,STOP,-963.07,-1413.58
confluence,BANKBARODA,2024-09-11,SHORT,2024-09-11T12:30:00,227.90,228.62,226.82,1316,0.72,2024-09-11T13:40:00,226.82,TARGET,1421.26,972.45
confluence,BANKBARODA,2024-09-17,LONG,2024-09-17T12:20:00,231.62,231.02,232.52,1295,0.60,2024-09-17T12:40:00,232.52,TARGET,1166.22,715.43
confluence,BANKBARODA,2024-09-18,LONG,2024-09-18T12:20:00,232.00,231.39,232.91,1293,0.61,2024-09-18T13:40:00,231.39,STOP,-788.69,-1238.06
confluence,BANKBARODA,2024-09-25,LONG,2024-09-25T14:10:00,234.81,234.15,235.80,1277,0.66,2024-09-25T14:30:00,234.15,STOP,-842.77,-1291.92
confluence,BANKBARODA,2024-10-14,SHORT,2024-10-14T12:30:00,234.95,235.60,233.98,1276,0.65,2024-10-14T12:50:00,235.60,STOP,-826.65,-1276.97
confluence,BANKBARODA,2024-10-16,SHORT,2024-10-16T10:50:00,235.29,235.95,234.31,1275,0.66,2024-10-16T11:30:00,235.95,STOP,-835.30,-1285.92
confluence,BANKBARODA,2024-10-29,LONG,2024-10-29T12:10:00,243.07,242.03,244.63,1234,1.04,2024-10-29T14:00:00,244.63,TARGET,1927.73,1476.36
confluence,BANKBARODA,2024-11-12,SHORT,2024-11-12T10:30:00,249.16,250.25,247.52,1204,1.09,2024-11-12T12:10:00,247.52,TARGET,1969.49,1520.99
confluence,BANKBARODA,2024-11-19,SHORT,2024-11-19T12:10:00,234.23,235.09,232.94,1280,0.86,2024-11-19T14:00:00,233.74,TIME_STOP,627.20,177.95
confluence,BANKBARODA,2024-11-27,LONG,2024-11-27T11:50:00,238.82,237.97,240.10,1256,0.85,2024-11-27T12:00:00,240.10,TARGET,1603.26,1152.12
confluence,BANKBARODA,2024-11-28,LONG,2024-11-28T10:00:00,239.93,238.99,241.34,1250,0.94,2024-11-28T10:20:00,241.34,TARGET,1757.22,1306.04
confluence,BANKBARODA,2024-12-09,LONG,2024-12-09T11:50:00,255.31,254.46,256.58,1175,0.85,2024-12-09T12:30:00,254.46,STOP,-996.65,-1445.89
confluence,BANKBARODA,2024-12-17,SHORT,2024-12-17T10:10:00,248.73,249.46,247.63,1206,0.73,2024-12-17T10:50:00,249.46,STOP,-880.42,-1331.04
confluence,BANKBARODA,2024-12-24,SHORT,2024-12-24T11:40:00,236.61,237.47,235.33,1267,0.86,2024-12-24T12:30:00,235.33,TARGET,1626.61,1178.15
confluence,BANKBARODA,2024-12-27,SHORT,2024-12-27T12:20:00,237.52,238.24,236.45,1263,0.72,2024-12-27T13:50:00,238.24,STOP,-903.40,-1354.06
confluence,BANKBARODA,2025-01-01,SHORT,2025-01-01T13:20:00,232.21,232.81,231.31,1291,0.60,2025-01-01T13:40:00,232.81,STOP,-771.50,-1221.75
confluence,BANKBARODA,2025-01-08,SHORT,2025-01-08T10:50:00,222.97,223.89,221.59,1345,0.92,2025-01-08T12:40:00,223.51,TIME_STOP,-726.30,-1176.69
confluence,BANKBARODA,2025-01-09,SHORT,2025-01-09T11:10:00,222.58,223.49,221.22,1347,0.91,2025-01-09T11:40:00,223.49,STOP,-1224.49,-1675.13
confluence,BANKBARODA,2025-01-15,SHORT,2025-01-15T13:20:00,215.88,216.67,214.69,1389,0.79,2025-01-15T13:50:00,214.69,TARGET,1648.34,1199.79
confluence,BANKBARODA,2025-01-24,LONG,2025-01-24T11:50:00,221.60,220.68,222.98,1353,0.92,2025-01-24T12:10:00,220.68,STOP,-1243.24,-1692.05
confluence,BANKBARODA,2025-01-30,SHORT,2025-01-30T13:40:00,215.47,216.16,214.43,1392,0.69,2025-01-30T14:20:00,216.16,STOP,-962.54,-1413.17
confluence,BANKBARODA,2025-02-01,SHORT,2025-02-01T12:00:00,205.04,206.12,203.42,1463,1.08,2025-02-01T12:00:00,206.12,STOP,-1581.91,-2033.06
confluence,BANKBARODA,2025-02-13,SHORT,2025-02-13T12:20:00,204.97,205.66,203.94,1463,0.69,2025-02-13T13:30:00,203.94,TARGET,1509.86,1061.18
confluence,BANKBARODA,2025-02-18,SHORT,2025-02-18T12:50:00,197.98,198.85,196.68,1515,0.87,2025-02-18T13:00:00,196.68,TARGET,1966.39,1517.96
confluence,BANKBARODA,2025-02-25,SHORT,2025-02-25T10:20:00,200.68,201.37,199.64,1494,0.69,2025-02-25T10:30:00,199.64,TARGET,1554.24,1105.68
confluence,BANKBARODA,2025-03-12,SHORT,2025-03-12T12:00:00,195.80,196.60,194.61,1532,0.80,2025-03-12T12:10:00,196.60,STOP,-1218.46,-1669.33
confluence,BANKBARODA,2025-03-17,LONG,2025-03-17T11:30:00,198.57,197.95,199.50,1510,0.62,2025-03-17T12:00:00,197.95,STOP,-936.39,-1385.45
confluence,BANKBARODA,2025-03-25,LONG,2025-03-25T13:10:00,215.86,215.09,217.02,1389,0.77,2025-03-25T13:20:00,215.09,STOP,-1072.57,-1521.51
confluence,BANKBARODA,2025-04-02,LONG,2025-04-02T11:10:00,223.00,221.80,224.81,1345,1.20,2025-04-02T11:40:00,221.80,STOP,-1619.30,-2067.99
confluence,BANKBARODA,2025-05-06,SHORT,2025-05-06T10:00:00,237.85,238.97,236.18,1261,1.12,2025-05-06T10:40:00,238.97,STOP,-1408.01,-1858.96
confluence,BANKBARODA,2025-05-20,LONG,2025-05-20T12:30:00,232.62,231.86,233.75,1289,0.76,2025-05-20T12:50:00,231.86,STOP,-974.55,-1423.59
confluence,BANKBARODA,2025-05-27,LONG,2025-05-27T12:30:00,233.41,232.73,234.43,1285,0.68,2025-05-27T14:00:00,232.73,STOP,-870.18,-1319.43
confluence,BANKBARODA,2025-06-04,LONG,2025-06-04T11:00:00,245.92,245.12,247.12,1219,0.80,2025-06-04T12:50:00,245.59,TIME_STOP,-402.27,-851.63
confluence,BANKBARODA,2025-06-17,SHORT,2025-06-17T11:40:00,239.32,240.01,238.28,1253,0.69,2025-06-17T12:50:00,238.28,TARGET,1304.45,855.63
confluence,BANKBARODA,2025-06-18,SHORT,2025-06-18T10:40:00,238.60,239.22,237.67,1257,0.62,2025-06-18T10:40:00,239.00,REVERSE,-502.80,-953.06
confluence,BANKBARODA,2025-06-20,SHORT,2025-06-20T14:10:00,232.90,233.56,231.90,1288,0.66,2025-06-20T15:00:00,233.56,STOP,-854.96,-1305.56
confluence,BANKBARODA,2025-07-07,SHORT,2025-07-07T13:30:00,241.62,242.23,240.71,1241,0.61,2025-07-07T14:50:00,240.71,TARGET,1131.79,682.87
confluence,BANKBARODA,2025-07-11,SHORT,2025-07-11T13:30:00,237.88,238.69,236.66,1261,0.81,2025-07-11T15:20:00,236.99,TIME_STOP,1122.29,673.18
confluence,BANKBARODA,2025-07-28,LONG,2025-07-28T10:30:00,245.53,244.00,247.83,1221,1.53,2025-07-28T10:50:00,244.00,STOP,-1869.10,-2317.39
confluence,BANKBARODA,2025-07-29,SHORT,2025-07-29T11:20:00,241.15,242.08,239.75,1244,0.93,2025-07-29T11:20:00,242.08,STOP,-1162.64,-1613.50
confluence,BANKBARODA,2025-07-30,LONG,2025-07-30T12:10:00,242.50,241.82,243.52,1237,0.68,2025-07-30T13:30:00,241.82,STOP,-839.89,-1289.22
confluence,BANKBARODA,2025-08-05,SHORT,2025-08-05T14:10:00,240.17,240.76,239.29,1249,0.59,2025-08-05T14:40:00,240.76,STOP,-734.40,-1184.91
confluence,BANKBARODA,2025-08-06,LONG,2025-08-06T13:10:00,242.72,241.89,243.96,1235,0.83,2025-08-06T14:30:00,241.89,STOP,-1021.45,-1470.33
confluence,BANKBARODA,2025-08-08,SHORT,2025-08-08T12:10:00,239.71,240.38,238.71,1251,0.67,2025-08-08T12:30:00,240.38,STOP,-833.42,-1283.86
confluence,BANKBARODA,2025-08-14,SHORT,2025-08-14T12:50:00,241.81,242.32,241.04,1240,0.51,2025-08-14T13:00:00,242.32,STOP,-634.46,-1084.70
confluence,BANKBARODA,2025-08-21,LONG,2025-08-21T10:10:00,246.01,245.56,246.69,1219,0.45,2025-08-21T10:30:00,246.69,TARGET,825.93,375.48
confluence,BANKBARODA,2025-08-29,SHORT,2025-08-29T14:10:00,232.40,232.98,231.53,1290,0.58,2025-08-29T14:20:00,232.98,STOP,-752.03,-1202.29
confluence,BANKBARODA,2025-09-08,SHORT,2025-09-08T14:10:00,234.95,235.49,234.14,1276,0.54,2025-09-08T14:30:00,235.49,STOP,-690.02,-1140.23
confluence,BANKBARODA,2025-09-23,LONG,2025-09-23T12:40:00,253.07,252.31,254.21,1185,0.76,2025-09-23T13:40:00,254.21,TARGET,1345.33,894.49
confluence,BANKBARODA,2025-09-25,LONG,2025-09-25T10:20:00,255.62,254.74,256.94,1173,0.88,2025-09-25T10:40:00,254.74,STOP,-1028.47,-1477.47
confluence,BANKBARODA,2025-10-01,LONG,2025-10-01T13:50:00,260.35,259.25,261.99,1152,1.10,2025-10-01T14:10:00,259.25,STOP,-1261.77,-1710.70
confluence,BANKBARODA,2025-10-13,LONG,2025-10-13T10:30:00,267.70,266.88,268.93,1120,0.82,2025-10-13T11:00:00,266.88,STOP,-916.31,-1365.36
confluence,BANKBARODA,2025-10-15,LONG,2025-10-15T10:10:00,266.35,265.49,267.64,1126,0.86,2025-10-15T10:50:00,267.64,TARGET,1453.41,1002.45
confluence,BANKBARODA,2025-10-30,LONG,2025-10-30T10:30:00,276.35,275.33,277.88,1085,1.02,2025-10-30T10:30:00,275.33,STOP,-1105.98,-1554.91
confluence,BANKBARODA,2025-11-06,LONG,2025-11-06T10:00:00,289.50,288.32,291.27,1036,1.18,2025-11-06T10:00:00,288.32,STOP,-1223.89,-1672.85
confluence,BANKBARODA,2025-11-07,LONG,2025-11-07T11:30:00,287.45,286.36,289.09,1043,1.09,2025-11-07T13:00:00,289.09,TARGET,1712.25,1261.25
confluence,BANKBARODA,2025-11-12,SHORT,2025-11-12T12:10:00,285.30,286.15,284.02,1051,0.85,2025-11-12T12:20:00,286.15,STOP,-898.60,-1349.05
confluence,BANKBARODA,2025-11-18,LONG,2025-11-18T11:00:00,289.00,288.20,290.20,1038,0.80,2025-11-18T11:50:00,288.20,STOP,-827.09,-1276.45
confluence,BANKBARODA,2025-11-19,LONG,2025-11-19T10:10:00,288.60,287.85,289.72,1039,0.75,2025-11-19T10:10:00,289.72,TARGET,1162.96,712.30
confluence,BANKBARODA,2025-12-04,SHORT,2025-12-04T11:40:00,287.65,288.68,286.11,1042,1.03,2025-12-04T13:30:00,287.50,TIME_STOP,156.30,-293.18
confluence,BANKBARODA,2025-12-08,SHORT,2025-12-08T10:10:00,288.50,289.56,286.91,1039,1.06,2025-12-08T11:20:00,286.91,TARGET,1651.92,1203.53
confluence,BANKBARODA,2025-12-10,SHORT,2025-12-10T11:30:00,287.25,288.08,286.00,1044,0.83,2025-12-10T12:30:00,286.00,TARGET,1306.85,857.99
confluence,BANKBARODA,2025-12-12,SHORT,2025-12-12T10:20:00,284.55,285.41,283.26,1054,0.86,2025-12-12T10:40:00,283.26,TARGET,1360.40,911.54
confluence,BANKBARODA,2025-12-29,LONG,2025-12-29T12:10:00,289.90,289.32,290.76,1034,0.58,2025-12-29T12:30:00,289.32,STOP,-595.45,-1044.64
confluence,BANKBARODA,2025-12-30,SHORT,2025-12-30T12:10:00,287.15,288.09,285.75,1044,0.94,2025-12-30T12:30:00,288.09,STOP,-976.90,-1427.31
confluence,BANKBARODA,2026-01-06,LONG,2026-01-06T11:20:00,306.90,305.95,308.33,977,0.95,2026-01-06T11:20:00,305.95,STOP,-928.77,-1377.83
confluence,BANKBARODA,2026-01-07,LONG,2026-01-07T10:00:00,306.90,305.82,308.53,977,1.08,2026-01-07T11:20:00,308.53,TARGET,1588.09,1137.13
confluence,BANKBARODA,2026-01-13,SHORT,2026-01-13T12:00:00,300.20,301.20,298.69,999,1.00,2026-01-13T12:30:00,301.20,STOP,-1002.48,-1453.08
confluence,BANKBARODA,2026-01-27,SHORT,2026-01-27T12:40:00,298.80,299.81,297.29,1004,1.01,2026-01-27T12:50:00,297.29,TARGET,1517.05,1068.20
confluence,BANKBARODA,2026-02-11,LONG,2026-02-11T11:40:00,291.00,289.99,292.51,1030,1.01,2026-02-11T12:00:00,289.99,STOP,-1037.39,-1486.20
confluence,BANKBARODA,2026-02-24,LONG,2026-02-24T11:30:00,313.75,312.49,315.64,956,1.26,2026-02-24T11:50:00,312.49,STOP,-1205.38,-1654.39
confluence,BANKBARODA,2026-03-11,SHORT,2026-03-11T11:20:00,291.95,293.01,290.36,1027,1.06,2026-03-11T11:40:00,290.36,TARGET,1629.44,1180.92
confluence,WIPRO,2024-04-12,SHORT,2024-04-12T10:00:00,227.50,228.27,226.35,1318,0.77,2024-04-12T10:30:00,228.27,STOP,-1012.50,-1463.02
confluence,WIPRO,2024-04-30,SHORT,2024-04-30T11:10:00,221.10,221.62,220.31,1356,0.52,2024-04-30T11:30:00,221.62,STOP,-710.53,-1160.78
confluence,WIPRO,2024-05-07,SHORT,2024-05-07T10:30:00,218.50,219.14,217.54,1372,0.64,2024-05-07T10:50:00,217.54,TARGET,1314.60,865.92
confluence,WIPRO,2024-05-09,LONG,2024-05-09T12:20:00,221.75,221.00,222.88,1352,0.75,2024-05-09T12:40:00,221.00,STOP,-1019.66,-1468.61
confluence,WIPRO,2024-05-15,LONG,2024-05-15T11:00:00,218.50,217.79,219.56,1372,0.71,2024-05-15T12:50:00,219.00,TIME_STOP,686.00,235.81
confluence,WIPRO,2024-05-28,SHORT,2024-05-28T12:00:00,217.30,217.79,216.56,1380,0.49,2024-05-28T12:40:00,216.56,TARGET,1017.79,568.74
confluence,WIPRO,2024-06-04,SHORT,2024-06-04T11:10:00,209.35,210.75,207.25,1433,1.40,2024-06-04T11:50:00,210.75,STOP,-2004.58,-2456.08
confluence,WIPRO,2024-07-09,LONG,2024-07-09T11:50:00,258.40,257.63,259.56,1160,0.77,2024-07-09T13:40:00,258.90,TIME_STOP,580.00,129.95
confluence,WIPRO,2024-07-11,SHORT,2024-07-11T10:30:00,255.05,256.02,253.60,1176,0.97,2024-07-11T11:10:00,253.60,TARGET,1703.94,1255.31
confluence,WIPRO,2024-07-16,LONG,2024-07-16T13:10:00,267.55,266.90,268.52,1121,0.65,2024-07-16T15:00:00,267.95,TIME_STOP,448.40,-1.82
confluence,WIPRO,2024-07-24,SHORT,2024-07-24T13:00:00,239.65,240.45,238.45,1251,0.80,2024-07-24T14:50:00,239.55,TIME_STOP,125.10,-324.51
confluence,WIPRO,2024-07-31,LONG,2024-07-31T10:30:00,250.25,249.53,251.33,1198,0.72,2024-07-31T11:00:00,249.53,STOP,-858.59,-1307.65
confluence,WIPRO,2024-08-09,SHORT,2024-08-09T13:00:00,234.25,234.83,233.39,1280,0.58,2024-08-09T14:00:00,234.83,STOP,-736.41,-1186.72
confluence,WIPRO,2024-08-13,SHORT,2024-08-13T14:10:00,233.55,234.14,232.66,1284,0.59,2024-08-13T14:20:00,234.14,STOP,-762.90,-1213.29
confluence,WIPRO,2024-09-03,LONG,2024-09-03T10:10:00,258.10,257.14,259.54,1162,0.96,2024-09-03T10:10:00,257.14,STOP,-1112.35,-1561.38
confluence,WIPRO,2024-09-06,SHORT,2024-09-06T11:00:00,250.20,251.13,248.81,1199,0.93,2024-09-06T11:20:00,251.13,STOP,-1111.38,-1562.20
confluence,WIPRO,2024-09-11,LONG,2024-09-11T12:00:00,250.25,249.54,251.31,1198,0.71,2024-09-11T12:30:00,251.31,TARGET,1275.64,824.99
confluence,WIPRO,2024-09-12,LONG,2024-09-12T11:00:00,249.25,248.29,250.70,1203,0.96,2024-09-12T12:50:00,249.95,TIME_STOP,842.10,391.70
confluence,WIPRO,2024-09-17,LONG,2024-09-17T11:40:00,264.20,263.35,265.47,1135,0.85,2024-09-17T13:30:00,264.10,TIME_STOP,-113.50,-563.22
confluence,WIPRO,2024-09-19,SHORT,2024-09-19T10:20:00,256.10,257.70,253.70,1171,1.60,2024-09-19T11:10:00,257.70,STOP,-1871.48,-2322.73
confluence,WIPRO,2024-09-30,LONG,2024-09-30T13:40:00,259.60,258.85,260.72,1155,0.75,2024-09-30T14:10:00,258.85,STOP,-862.22,-1311.34
confluence,WIPRO,2024-10-07,SHORT,2024-10-07T10:50:00,254.65,255.78,252.96,1178,1.13,2024-10-07T11:00:00,252.96,TARGET,1992.19,1543.72
confluence,WIPRO,2024-10-10,SHORT,2024-10-10T13:30:00,252.45,253.29,251.19,1188,0.84,2024-10-10T13:30:00,251.19,TARGET,1493.22,1044.48
confluence,WIPRO,2024-10-11,SHORT,2024-10-11T10:50:00,252.45,253.58,250.76,1188,1.13,2024-10-11T12:20:00,250.76,TARGET,2005.85,1557.49
confluence,WIPRO,2024-10-22,LONG,2024-10-22T10:10:00,265.00,263.95,266.57,1132,1.05,2024-10-22T10:10:00,263.95,STOP,-1184.64,-1633.72
confluence,WIPRO,2024-10-23,LONG,2024-10-23T10:40:00,263.25,262.06,265.03,1139,1.19,2024-10-23T12:30:00,263.45,TIME_STOP,227.80,-222.13
confluence,WIPRO,2024-10-29,LONG,2024-10-29T13:50:00,266.90,266.10,268.10,1124,0.80,2024-10-29T14:20:00,268.10,TARGET,1345.39,894.39
confluence,WIPRO,2024-11-07,LONG,2024-11-07T12:50:00,269.15,268.07,270.77,1114,1.08,2024-11-07T14:40:00,269.65,TIME_STOP,557.00,106.83
confluence,WIPRO,2024-11-11,LONG,2024-11-11T10:10:00,274.50,273.46,276.06,1092,1.04,2024-11-11T10:50:00,276.06,TARGET,1699.03,1248.12
confluence,WIPRO,2024-11-12,LONG,2024-11-12T10:00:00,276.20,275.16,277.76,1086,1.04,2024-11-12T10:40:00,275.16,STOP,-1133.04,-1582.12
confluence,WIPRO,2024-11-14,SHORT,2024-11-14T11:30:00,270.75,271.76,269.24,1108,1.01,2024-11-14T13:20:00,270.60,TIME_STOP,166.20,-283.66
confluence,WIPRO,2024-12-09,LONG,2024-12-09T12:10:00,285.40,284.66,286.51,1051,0.74,2024-12-09T13:30:00,286.51,TARGET,1162.80,711.99
confluence,WIPRO,2024-12-11,LONG,2024-12-11T11:30:00,294.45,293.48,295.90,1018,0.97,2024-12-11T13:00:00,295.90,TARGET,1476.46,1025.73
confluence,WIPRO,2024-12-13,LONG,2024-12-13T12:30:00,295.20,294.08,296.88,1016,1.12,2024-12-13T13:00:00,296.88,TARGET,1703.17,1252.01
confluence,WIPRO,2024-12-19,LONG,2024-12-19T13:20:00,297.05,295.82,298.90,1009,1.23,2024-12-19T14:00:00,298.90,TARGET,1865.18,1414.20
confluence,WIPRO,2024-12-24,SHORT,2024-12-24T11:00:00,293.85,294.92,292.25,1020,1.07,2024-12-24T11:00:00,294.25,REVERSE,-408.00,-857.90
confluence,WIPRO,2024-12-26,SHORT,2024-12-26T12:00:00,291.45,292.31,290.16,1029,0.86,2024-12-26T13:50:00,291.35,TIME_STOP,102.90,-346.88
confluence,WIPRO,2025-01-01,SHORT,2025-01-01T10:00:00,286.65,287.68,285.10,1046,1.03,2025-01-01T10:50:00,287.68,STOP,-1079.11,-1529.67
confluence,WIPRO,2025-01-02,LONG,2025-01-02T11:10:00,288.80,287.62,290.56,1038,1.18,2025-01-02T11:50:00,287.62,STOP,-1219.65,-1668.40
confluence,WIPRO,2025-01-07,SHORT,2025-01-07T10:10:00,278.70,279.99,276.76,1076,1.29,2025-01-07T10:10:00,279.99,STOP,-1392.47,-1843.34
confluence,WIPRO,2025-01-09,SHORT,2025-01-09T12:20:00,280.45,281.49,278.89,1069,1.04,2025-01-09T13:10:00,278.89,TARGET,1664.74,1216.29
confluence,WIPRO,2025-01-16,SHORT,2025-01-16T10:00:00,277.45,278.51,275.86,1081,1.06,2025-01-16T10:00:00,278.51,STOP,-1146.10,-1596.85
confluence,WIPRO,2025-02-07,LONG,2025-02-07T10:50:00,309.10,307.96,310.81,970,1.14,2025-02-07T12:40:00,310.81,TARGET,1658.44,1207.46
confluence,WIPRO,2025-02-13,SHORT,2025-02-13T10:50:00,302.85,303.97,301.17,990,1.12,2025-02-13T12:20:00,301.17,TARGET,1659.09,1210.60
confluence,WIPRO,2025-02-20,LONG,2025-02-20T12:50:00,305.45,304.67,306.62,982,0.78,2025-02-20T13:00:00,304.67,STOP,-767.08,-1216.44
confluence,WIPRO,2025-02-27,SHORT,2025-02-27T13:20:00,284.95,285.81,283.67,1052,0.86,2025-02-27T14:20:00,285.81,STOP,-900.25,-1350.58
confluence,WIPRO,2025-03-13,SHORT,2025-03-13T11:40:00,258.70,259.72,257.17,1159,1.02,2025-03-13T13:30:00,258.25,TIME_STOP,521.55,72.19
confluence,WIPRO,2025-03-21,LONG,2025-03-21T12:30:00,261.90,260.72,263.66,1145,1.18,2025-03-21T13:10:00,260.72,STOP,-1346.61,-1795.41
confluence,WIPRO,2025-03-24,LONG,2025-03-24T10:30:00,260.25,259.19,261.83,1152,1.06,2025-03-24T12:20:00,261.40,TIME_STOP,1324.80,874.09
confluence,WIPRO,2025-03-27,LONG,2025-03-27T11:50:00,265.25,264.25,266.75,1131,1.00,2025-03-27T12:50:00,264.25,STOP,-1132.18,-1581.33
confluence,WIPRO,2025-04-25,LONG,2025-04-25T13:30:00,235.80,234.79,237.31,1272,1.01,2025-04-25T15:10:00,234.79,STOP,-1278.47,-1727.42
confluence,WIPRO,2025-04-29,LONG,2025-04-29T13:00:00,235.75,235.00,236.87,1272,0.75,2025-04-29T13:40:00,236.87,TARGET,1422.81,971.93
confluence,WIPRO,2025-05-07,LONG,2025-05-07T12:10:00,236.60,235.80,237.80,1267,0.80,2025-05-07T14:00:00,237.60,TIME_STOP,1267.00,816.39
confluence,WIPRO,2025-05-08,SHORT,2025-05-08T11:10:00,236.40,237.10,235.35,1269,0.70,2025-05-08T13:00:00,235.85,TIME_STOP,697.95,248.49
confluence,WIPRO,2025-05-09,LONG,2025-05-09T11:40:00,236.70,235.68,238.23,1267,1.02,2025-05-09T11:40:00,235.68,STOP,-1292.67,-1741.55
confluence,WIPRO,2025-05-15,LONG,2025-05-15T13:10:00,246.40,245.66,247.51,1217,0.74,2025-05-15T13:10:00,247.51,TARGET,1347.67,896.86
confluence,WIPRO,2025-06-13,LONG,2025-06-13T10:50:00,254.40,253.26,256.12,1179,1.14,2025-06-13T12:40:00,254.15,TIME_STOP,-294.75,-744.44
confluence,WIPRO,2025-06-23,LONG,2025-06-23T14:10:00,257.60,257.03,258.45,1164,0.57,2025-06-23T14:10:00,257.03,STOP,-663.34,-1112.61
confluence,WIPRO,2025-07-15,SHORT,2025-07-15T10:00:00,247.00,247.76,245.87,1214,0.76,2025-07-15T10:30:00,247.76,STOP,-917.19,-1367.67
confluence,WIPRO,2025-07-25,SHORT,2025-07-25T10:10:00,251.80,252.53,250.70,1191,0.73,2025-07-25T10:30:00,250.70,TARGET,1312.14,863.28
confluence,WIPRO,2025-07-30,SHORT,2025-07-30T10:30:00,243.55,244.28,242.45,1231,0.73,2025-07-30T10:30:00,244.28,STOP,-899.97,-1350.36
confluence,WIPRO,2025-08-05,SHORT,2025-08-05T10:20:00,238.85,239.53,237.82,1256,0.68,2025-08-05T11:00:00,239.53,STOP,-859.15,-1309.79
confluence,WIPRO,2025-08-08,SHORT,2025-08-08T11:00:00,234.20,234.80,233.29,1280,0.60,2025-08-08T12:50:00,234.80,STOP,-773.20,-1223.44
confluence,WIPRO,2025-08-13,LONG,2025-08-13T13:20:00,235.85,235.35,236.60,1271,0.50,2025-08-13T13:30:00,235.35,STOP,-634.27,-1083.44
confluence,WIPRO,2025-08-19,LONG,2025-08-19T11:20:00,240.10,239.55,240.92,1249,0.55,2025-08-19T12:00:00,240.92,TARGET,1021.90,571.30
confluence,WIPRO,2025-08-21,LONG,2025-08-21T10:40:00,244.90,244.25,245.88,1224,0.65,2025-08-21T10:50:00,244.25,STOP,-801.42,-1250.45
confluence,WIPRO,2025-08-22,LONG,2025-08-22T13:00:00,243.55,242.82,244.64,1231,0.73,2025-08-22T14:10:00,243.15,REVERSE,-492.40,-941.75
confluence,WIPRO,2025-08-28,LONG,2025-08-28T13:40:00,244.95,244.39,245.79,1224,0.56,2025-08-28T15:20:00,244.39,STOP,-686.32,-1135.54
confluence,WIPRO,2025-09-15,LONG,2025-09-15T13:30:00,244.90,244.54,245.44,1224,0.36,2025-09-15T13:40:00,244.54,STOP,-441.06,-890.37
confluence,WIPRO,2025-10-16,LONG,2025-10-16T11:10:00,243.90,243.17,245.00,1230,0.73,2025-10-16T11:20:00,245.00,TARGET,1348.41,897.40
confluence,WIPRO,2025-10-27,SHORT,2025-10-27T13:40:00,237.70,238.13,237.05,1262,0.43,2025-10-27T15:20:00,237.80,EOD,-126.20,-576.26
confluence,WIPRO,2025-10-31,SHORT,2025-10-31T11:50:00,235.70,236.08,235.14,1272,0.38,2025-10-31T13:30:00,235.14,TARGET,716.41,267.23
confluence,WIPRO,2025-11-11,LONG,2025-11-11T12:40:00,234.25,233.74,235.01,1280,0.51,2025-11-11T13:00:00,235.01,TARGET,971.56,521.07
confluence,WIPRO,2025-11-17,LONG,2025-11-17T12:50:00,237.95,237.42,238.74,1260,0.53,2025-11-17T13:20:00,237.42,STOP,-662.91,-1112.14
confluence,WIPRO,2025-12-01,LONG,2025-12-01T12:30:00,243.65,243.18,244.36,1231,0.47,2025-12-01T13:00:00,243.18,STOP,-578.90,-1028.37
confluence,WIPRO,2025-12-02,LONG,2025-12-02T12:30:00,243.90,243.43,244.61,1230,0.47,2025-12-02T14:20:00,243.65,TIME_STOP,-307.50,-757.26
confluence,WIPRO,2025-12-10,SHORT,2025-12-10T11:50:00,251.80,252.49,250.76,1191,0.69,2025-12-10T12:20:00,252.49,STOP,-825.62,-1276.08
confluence,WIPRO,2025-12-11,SHORT,2025-12-11T10:00:00,251.65,252.34,250.61,1192,0.69,2025-12-11T10:10:00,252.34,STOP,-826.94,-1277.51
confluence,WIPRO,2025-12-12,LONG,2025-12-12T11:30:00,252.55,252.00,253.37,1187,0.55,2025-12-12T13:00:00,253.37,TARGET,976.64,526.25
confluence,WIPRO,2026-01-06,SHORT,2026-01-06T14:00:00,257.55,258.04,256.82,1164,0.49,2026-01-06T14:50:00,258.04,STOP,-570.12,-1020.23
confluence,WIPRO,2026-01-13,SHORT,2026-01-13T10:00:00,256.10,257.07,254.65,1171,0.97,2026-01-13T10:00:00,256.60,REVERSE,-585.50,-1035.78
confluence,WIPRO,2026-01-22,SHORT,2026-01-22T13:20:00,234.05,234.58,233.25,1281,0.53,2026-01-22T13:20:00,233.25,TARGET,1018.48,569.51
confluence,WIPRO,2026-01-23,SHORT,2026-01-23T11:40:00,233.55,234.18,232.61,1284,0.63,2026-01-23T12:40:00,234.18,STOP,-808.43,-1258.86
confluence,WIPRO,2026-01-27,SHORT,2026-01-27T13:00:00,233.05,233.73,232.03,1287,0.68,2026-01-27T14:40:00,233.73,STOP,-872.30,-1322.86
confluence,WIPRO,2026-01-29,LONG,2026-01-29T11:30:00,237.00,236.40,237.89,1265,0.60,2026-01-29T12:50:00,237.89,TARGET,1129.15,678.60
confluence,WIPRO,2026-02-05,SHORT,2026-02-05T11:30:00,233.53,234.23,232.48,1284,0.70,2026-02-05T11:50:00,232.48,TARGET,1353.90,905.14
confluence,WIPRO,2026-02-11,SHORT,2026-02-11T10:10:00,231.11,231.69,230.24,1298,0.58,2026-02-11T12:00:00,230.77,TIME_STOP,441.32,-8.32
confluence,WIPRO,2026-02-18,SHORT,2026-02-18T10:10:00,210.88,211.82,209.46,1422,0.94,2026-02-18T10:40:00,211.82,STOP,-1341.93,-1792.74
confluence,WIPRO,2026-02-19,SHORT,2026-02-19T12:50:00,211.94,212.49,211.11,1415,0.55,2026-02-19T13:10:00,212.49,STOP,-784.90,-1235.33
confluence,WIPRO,2026-02-26,SHORT,2026-02-26T12:00:00,200.54,201.23,199.51,1495,0.69,2026-02-26T13:00:00,199.51,TARGET,1544.73,1096.17
confluence,WIPRO,2026-03-06,SHORT,2026-03-06T12:40:00,196.34,196.88,195.53,1527,0.54,2026-03-06T14:30:00,196.26,TIME_STOP,122.16,-327.47
confluence,WIPRO,2026-03-12,LONG,2026-03-12T11:50:00,202.79,201.96,204.04,1479,0.83,2026-03-12T12:20:00,201.96,STOP,-1231.62,-1680.59
confluence,HCLTECH,2024-03-18,SHORT,2024-03-18T13:10:00,1653.25,1658.54,1645.32,181,5.29,2024-03-18T13:30:00,1658.30,REVERSE,-914.05,-1363.59
confluence,HCLTECH,2024-03-21,SHORT,2024-03-21T12:20:00,1584.00,1590.36,1574.46,189,6.36,2024-03-21T12:20:00,1590.36,STOP,-1202.55,-1652.51
confluence,HCLTECH,2024-03-26,SHORT,2024-03-26T11:20:00,1559.35,1565.92,1549.49,192,6.57,2024-03-26T11:30:00,1563.00,REVERSE,-700.80,-1150.42
confluence,HCLTECH,2024-04-10,LONG,2024-04-10T10:30:00,1546.80,1542.37,1553.44,193,4.43,2024-04-10T12:20:00,1546.25,TIME_STOP,-106.15,-553.87
confluence,HCLTECH,2024-04-22,SHORT,2024-04-22T14:00:00,1456.60,1460.58,1450.64,205,3.98,2024-04-22T14:50:00,1460.58,STOP,-814.89,-1263.41
confluence,HCLTECH,2024-05-14,SHORT,2024-05-14T10:20:00,1311.45,1315.05,1306.06,228,3.60,2024-05-14T11:10:00,1315.05,STOP,-819.72,-1268.85
confluence,HCLTECH,2024-05-21,LONG,2024-05-21T13:40:00,1339.50,1335.52,1345.48,223,3.98,2024-05-21T14:00:00,1345.48,TARGET,1332.63,883.57
confluence,HCLTECH,2024-05-24,LONG,2024-05-24T13:40:00,1353.50,1350.77,1357.59,221,2.73,2024-05-24T13:40:00,1350.77,STOP,-602.44,-1050.67
confluence,HCLTECH,2024-05-28,LONG,2024-05-28T10:40:00,1355.00,1351.00,1361.00,221,4.00,2024-05-28T12:30:00,1353.00,TIME_STOP,-442.00,-890.85
confluence,HCLTECH,2024-05-29,LONG,2024-05-29T13:20:00,1359.55,1356.78,1363.71,220,2.77,2024-05-29T13:40:00,1356.78,STOP,-609.59,-1057.78
confluence,HCLTECH,2024-05-31,SHORT,2024-05-31T13:20:00,1331.90,1336.28,1325.33,225,4.38,2024-05-31T13:40:00,1336.28,STOP,-985.68,-1435.93
confluence,HCLTECH,2024-06-10,LONG,2024-06-10T13:00:00,1419.00,1414.37,1425.95,211,4.63,2024-06-10T14:30:00,1414.37,STOP,-977.41,-1425.80
confluence,HCLTECH,2024-06-18,SHORT,2024-06-18T10:00:00,1430.95,1434.76,1425.24,209,3.81,2024-06-18T11:50:00,1433.20,TIME_STOP,-470.25,-919.21
confluence,HCLTECH,2024-06-20,SHORT,2024-06-20T10:10:00,1431.05,1434.80,1425.43,209,3.75,2024-06-20T10:20:00,1434.80,STOP,-783.35,-1232.57
confluence,HCLTECH,2024-06-25,LONG,2024-06-25T11:20:00,1442.30,1438.92,1447.37,208,3.38,2024-06-25T12:30:00,1438.92,STOP,-702.80,-1152.27
confluence,HCLTECH,2024-06-26,LONG,2024-06-26T14:10:00,1444.40,1441.87,1448.20,207,2.53,2024-06-26T15:10:00,1441.87,STOP,-524.09,-972.18
confluence,HCLTECH,2024-07-03,LONG,2024-07-03T12:50:00,1485.00,1481.19,1490.72,202,3.81,2024-07-03T14:40:00,1483.85,TIME_STOP,-232.30,-682.08
confluence,HCLTECH,2024-07-08,LONG,2024-07-08T13:10:00,1518.65,1514.07,1525.51,197,4.58,2024-07-08T15:00:00,1525.51,TARGET,1352.40,902.63
confluence,HCLTECH,2024-07-12,LONG,2024-07-12T10:10:00,1520.25,1514.37,1529.07,197,5.88,2024-07-12T10:40:00,1529.07,TARGET,1737.15,1286.61
confluence,HCLTECH,2024-07-16,LONG,2024-07-16T12:00:00,1576.50,1570.88,1584.93,190,5.62,2024-07-16T12:30:00,1570.88,STOP,-1067.82,-1516.32
confluence,HCLTECH,2024-07-18,LONG,2024-07-18T10:50:00,1575.55,1569.79,1584.20,190,5.76,2024-07-18T11:30:00,1569.79,STOP,-1095.33,-1543.54
confluence,HCLTECH,2024-07-23,SHORT,2024-07-23T12:30:00,1567.90,1572.92,1560.37,191,5.02,2024-07-23T12:30:00,1572.92,STOP,-958.91,-1408.84
confluence,HCLTECH,2024-07-25,LONG,2024-07-25T10:10:00,1592.95,1586.62,1602.44,188,6.33,2024-07-25T10:40:00,1586.62,STOP,-1189.29,-1637.61
confluence,HCLTECH,2024-08-08,SHORT,2024-08-08T13:10:00,1576.30,1582.77,1566.59,190,6.47,2024-08-08T13:10:00,1566.59,TARGET,1844.25,1396.38
confluence,HCLTECH,2024-08-12,LONG,2024-08-12T11:40:00,1595.25,1590.51,1602.36,188,4.74,2024-08-12T13:30:00,1599.15,TIME_STOP,733.20,282.79
confluence,HCLTECH,2024-08-13,LONG,2024-08-13T10:10:00,1598.25,1592.55,1606.80,187,5.70,2024-08-13T11:10:00,1606.80,TARGET,1598.45,1148.94
confluence,HCLTECH,2024-08-20,LONG,2024-08-20T13:20:00,1678.80,1674.92,1684.63,178,3.88,2024-08-20T13:20:00,1677.45,REVERSE,-240.30,-688.36
confluence,HCLTECH,2024-08-28,LONG,2024-08-28T10:50:00,1724.15,1717.00,1734.88,173,7.15,2024-08-28T11:40:00,1734.88,TARGET,1855.64,1406.83
confluence,HCLTECH,2024-08-29,LONG,2024-08-29T10:20:00,1738.80,1732.03,1748.95,172,6.77,2024-08-29T12:10:00,1743.00,TIME_STOP,722.40,273.25
confluence,HCLTECH,2024-09-06,SHORT,2024-09-06T10:10:00,1766.25,1773.04,1756.06,169,6.79,2024-09-06T10:10:00,1756.06,TARGET,1721.33,1274.88
confluence,HCLTECH,2024-09-09,SHORT,2024-09-09T14:00:00,1754.70,1758.77,1748.59,170,4.07,2024-09-09T14:50:00,1748.59,TARGET,1037.88,591.21
confluence,HCLTECH,2024-09-12,LONG,2024-09-12T14:10:00,1792.05,1786.92,1799.75,167,5.13,2024-09-12T14:50:00,1799.75,TARGET,1285.39,835.52
confluence,HCLTECH,2024-09-17,LONG,2024-09-17T10:20:00,1816.00,1811.39,1822.92,165,4.61,2024-09-17T12:10:00,1822.00,TIME_STOP,990.00,539.80
confluence,HCLTECH,2024-09-25,SHORT,2024-09-25T12:10:00,1759.80,1765.87,1750.70,170,6.07,2024-09-25T13:20:00,1765.87,STOP,-1031.13,-1480.65
confluence,HCLTECH,2024-10-04,SHORT,2024-10-04T13:20:00,1784.15,1792.50,1771.62,168,8.35,2024-10-04T14:30:00,1771.62,TARGET,2105.27,1657.24
confluence,HCLTECH,2024-10-07,SHORT,2024-10-07T10:50:00,1777.65,1784.93,1766.73,168,7.28,2024-10-07T12:40:00,1774.05,TIME_STOP,604.80,157.29
confluence,HCLTECH,2024-10-24,SHORT,2024-10-24T10:40:00,1838.70,1844.66,1829.77,163,5.96,2024-10-24T11:00:00,1844.66,STOP,-970.90,-1421.19
confluence,HCLTECH,2024-10-29,LONG,2024-10-29T14:10:00,1869.20,1864.62,1876.07,160,4.58,2024-10-29T14:10:00,1864.62,STOP,-732.47,-1180.53
confluence,HCLTECH,2024-10-30,SHORT,2024-10-30T10:10:00,1858.40,1864.58,1849.13,161,6.18,2024-10-30T10:20:00,1864.58,STOP,-995.18,-1444.73
confluence,HCLTECH,2024-11-07,LONG,2024-11-07T13:30:00,1834.85,1829.73,1842.53,163,5.12,2024-11-07T13:40:00,1829.73,STOP,-834.86,-1282.86
confluence,HCLTECH,2024-11-19,SHORT,2024-11-19T12:30:00,1854.10,1859.32,1846.27,161,5.22,2024-11-19T14:00:00,1846.27,TARGET,1261.14,814.32
confluence,HCLTECH,2024-12-02,SHORT,2024-12-02T13:30:00,1854.40,1858.62,1848.07,161,4.22,2024-12-02T13:50:00,1858.62,STOP,-679.72,-1128.07
confluence,HCLTECH,2024-12-24,SHORT,2024-12-24T12:00:00,1908.55,1913.33,1901.38,157,4.78,2024-12-24T12:10:00,1901.38,TARGET,1125.96,677.34
confluence,HCLTECH,2024-12-27,SHORT,2024-12-27T11:50:00,1892.00,1897.15,1884.27,158,5.15,2024-12-27T13:40:00,1891.50,TIME_STOP,79.00,-369.34
confluence,HCLTECH,2024-12-31,LONG,2024-12-31T11:40:00,1906.75,1896.43,1922.23,157,10.32,2024-12-31T13:30:00,1913.85,TIME_STOP,1114.70,664.82
confluence,HCLTECH,2025-01-06,LONG,2025-01-06T14:10:00,1953.45,1947.60,1962.22,153,5.85,2025-01-06T15:20:00,1953.00,EOD,-68.85,-517.12
confluence,HCLTECH,2025-01-07,SHORT,2025-01-07T10:10:00,1933.10,1942.26,1919.36,155,9.16,2025-01-07T10:10:00,1942.26,STOP,-1419.99,-1870.50
confluence,HCLTECH,2025-01-20,SHORT,2025-01-20T12:10:00,1780.60,1787.08,1770.87,168,6.48,2025-01-20T14:00:00,1779.85,TIME_STOP,126.00,-322.62
confluence,HCLTECH,2025-01-23,LONG,2025-01-23T12:50:00,1823.05,1816.97,1832.17,164,6.08,2025-01-23T14:00:00,1816.97,STOP,-996.76,-1444.48
confluence,HCLTECH,2025-01-30,SHORT,2025-01-30T14:00:00,1708.55,1713.70,1700.83,175,5.15,2025-01-30T14:10:00,1700.83,TARGET,1351.33,903.84
confluence,HCLTECH,2025-01-31,SHORT,2025-01-31T12:20:00,1716.95,1722.27,1708.97,174,5.32,2025-01-31T13:10:00,1722.27,STOP,-925.75,-1374.57
confluence,HCLTECH,2025-02-01,SHORT,2025-02-01T10:00:00,1717.05,1721.98,1709.66,174,4.93,2025-02-01T10:40:00,1709.66,TARGET,1286.19,839.00
confluence,HCLTECH,2025-02-10,LONG,2025-02-10T11:00:00,1724.75,1719.51,1732.61,173,5.24,2025-02-10T11:30:00,1732.61,TARGET,1360.01,911.42
confluence,HCLTECH,2025-02-11,SHORT,2025-02-11T13:10:00,1725.55,1730.04,1718.82,173,4.49,2025-02-11T13:10:00,1718.82,TARGET,1165.13,718.23
confluence,HCLTECH,2025-02-12,SHORT,2025-02-12T10:10:00,1723.45,1730.01,1713.61,174,6.56,2025-02-12T10:40:00,1713.61,TARGET,1711.57,1263.03
confluence,HCLTECH,2025-02-13,LONG,2025-02-13T10:20:00,1722.80,1716.75,1731.88,174,6.05,2025-02-13T10:30:00,1716.75,STOP,-1053.33,-1502.19
confluence,HCLTECH,2025-02-18,SHORT,2025-02-18T12:30:00,1709.10,1713.08,1703.14,175,3.98,2025-02-18T13:50:00,1713.08,STOP,-695.81,-1144.97
confluence,HCLTECH,2025-03-03,SHORT,2025-03-03T12:30:00,1579.15,1583.67,1572.37,189,4.52,2025-03-03T14:20:00,1573.25,TIME_STOP,1115.10,668.25
confluence,HCLTECH,2025-03-13,SHORT,2025-03-13T12:30:00,1531.05,1536.34,1523.11,195,5.29,2025-03-13T12:50:00,1536.34,STOP,-1032.15,-1480.76
confluence,HCLTECH,2025-03-19,SHORT,2025-03-19T11:30:00,1530.45,1535.19,1523.34,196,4.74,2025-03-19T13:20:00,1535.19,STOP,-928.46,-1379.11
confluence,HCLTECH,2025-03-21,LONG,2025-03-21T11:00:00,1578.00,1569.64,1590.54,190,8.36,2025-03-21T12:10:00,1590.54,TARGET,2381.93,1930.42
confluence,HCLTECH,2025-03-24,LONG,2025-03-24T11:30:00,1578.55,1572.23,1588.02,190,6.32,2025-03-24T12:50:00,1588.02,TARGET,1799.96,1348.73
confluence,HCLTECH,2025-03-27,LONG,2025-03-27T10:00:00,1633.85,1627.27,1643.72,183,6.58,2025-03-27T11:20:00,1627.27,STOP,-1203.93,-1651.52
confluence,HCLTECH,2025-04-17,LONG,2025-04-17T12:30:00,1417.20,1410.88,1426.68,211,6.32,2025-04-17T12:40:00,1426.68,TARGET,1999.99,1549.95
confluence,HCLTECH,2025-04-22,LONG,2025-04-22T11:50:00,1481.30,1474.78,1491.08,202,6.52,2025-04-22T13:20:00,1491.08,TARGET,1974.74,1524.42
confluence,HCLTECH,2025-04-30,LONG,2025-04-30T13:40:00,1572.10,1567.30,1579.29,190,4.80,2025-04-30T15:10:00,1567.30,STOP,-911.28,-1358.65
confluence,HCLTECH,2025-05-02,LONG,2025-05-02T10:10:00,1578.10,1570.73,1589.15,190,7.37,2025-05-02T10:30:00,1570.73,STOP,-1399.42,-1848.13
confluence,HCLTECH,2025-05-15,LONG,2025-05-15T10:20:00,1638.70,1632.20,1648.45,183,6.50,2025-05-15T10:40:00,1648.45,TARGET,1783.85,1332.69
confluence,HCLTECH,2025-05-20,SHORT,2025-05-20T13:00:00,1647.00,1651.54,1640.19,182,4.54,2025-05-20T14:40:00,1640.19,TARGET,1239.46,790.76
confluence,HCLTECH,2025-05-30,SHORT,2025-05-30T12:30:00,1653.40,1657.29,1647.56,181,3.89,2025-05-30T13:10:00,1657.29,STOP,-704.79,-1154.21
confluence,HCLTECH,2025-06-13,LONG,2025-06-13T12:00:00,1703.10,1697.27,1711.84,176,5.83,2025-06-13T13:10:00,1697.27,STOP,-1025.87,-1474.72
confluence,HCLTECH,2025-06-24,SHORT,2025-06-24T13:30:00,1709.20,1714.75,1700.88,175,5.55,2025-06-24T13:40:00,1700.88,TARGET,1456.80,1009.22
confluence,HCLTECH,2025-06-25,LONG,2025-06-25T10:20:00,1710.60,1704.33,1720.00,175,6.27,2025-06-25T12:10:00,1710.60,TIME_STOP,0.00,-449.03
confluence,HCLTECH,2025-06-26,LONG,2025-06-26T14:10:00,1722.20,1717.35,1729.47,174,4.85,2025-06-26T15:20:00,1723.50,EOD,226.20,-223.46
confluence,HCLTECH,2025-07-03,SHORT,2025-07-03T13:30:00,1717.10,1721.15,1711.03,174,4.05,2025-07-03T13:40:00,1721.15,STOP,-704.03,-1152.72
confluence,HCLTECH,2025-07-22,SHORT,2025-07-22T12:40:00,1528.90,1531.62,1524.82,196,2.72,2025-07-22T13:10:00,1524.82,TARGET,799.95,351.05
confluence,HCLTECH,2025-07-30,SHORT,2025-07-30T14:10:00,1471.60,1474.24,1467.64,203,2.64,2025-07-30T14:30:00,1474.24,STOP,-536.04,-984.54
confluence,HCLTECH,2025-08-08,SHORT,2025-08-08T10:50:00,1462.90,1466.43,1457.60,205,3.53,2025-08-08T10:50:00,1466.43,STOP,-724.00,-1174.38
confluence,HCLTECH,2025-08-11,LONG,2025-08-11T10:30:00,1476.40,1472.62,1482.06,203,3.78,2025-08-11T10:50:00,1482.06,TARGET,1149.98,699.56
confluence,HCLTECH,2025-08-13,LONG,2025-08-13T13:00:00,1500.70,1497.19,1505.96,199,3.51,2025-08-13T14:40:00,1505.96,TARGET,1046.73,597.99
confluence,HCLTECH,2025-08-14,LONG,2025-08-14T10:40:00,1504.30,1500.99,1509.27,199,3.31,2025-08-14T10:40:00,1500.99,STOP,-659.63,-1108.17
confluence,HCLTECH,2025-09-03,SHORT,2025-09-03T10:10:00,1462.00,1465.71,1456.43,205,3.71,2025-09-03T10:50:00,1456.43,TARGET,1140.99,692.28
confluence,HCLTECH,2025-09-04,SHORT,2025-09-04T10:50:00,1457.80,1460.44,1453.84,205,2.64,2025-09-04T10:50:00,1453.84,TARGET,812.72,365.06
confluence,HCLTECH,2025-09-15,LONG,2025-09-15T13:10:00,1462.50,1459.92,1466.37,205,2.58,2025-09-15T14:10:00,1466.37,TARGET,793.80,343.48
confluence,HCLTECH,2025-09-30,SHORT,2025-09-30T14:10:00,1393.70,1396.59,1389.37,215,2.89,2025-09-30T14:20:00,1389.37,TARGET,930.68,481.91
confluence,HCLTECH,2025-10-03,SHORT,2025-10-03T10:50:00,1386.80,1390.39,1381.41,216,3.59,2025-10-03T12:40:00,1383.60,TIME_STOP,691.20,242.40
confluence,HCLTECH,2025-10-13,LONG,2025-10-13T13:10:00,1490.00,1485.55,1496.68,201,4.45,2025-10-13T14:30:00,1496.68,TARGET,1342.28,892.03
confluence,HCLTECH,2025-10-29,LONG,2025-10-29T10:40:00,1546.30,1542.16,1552.50,194,4.14,2025-10-29T10:50:00,1542.16,STOP,-802.35,-1251.73
confluence,HCLTECH,2025-11-14,LONG,2025-11-14T11:00:00,1593.60,1589.76,1599.36,188,3.84,2025-11-14T11:40:00,1589.76,STOP,-722.47,-1171.32
confluence,HCLTECH,2025-12-02,LONG,2025-12-02T13:20:00,1635.70,1632.08,1641.13,183,3.62,2025-12-02T15:10:00,1636.20,TIME_STOP,91.50,-357.57
confluence,HCLTECH,2025-12-03,SHORT,2025-12-03T10:50:00,1634.70,1639.44,1627.58,183,4.74,2025-12-03T11:00:00,1639.44,STOP,-868.25,-1317.63
confluence,HCLTECH,2025-12-10,SHORT,2025-12-10T14:10:00,1663.30,1666.18,1658.98,180,2.88,2025-12-10T14:10:00,1665.70,REVERSE,-432.00,-881.42
confluence,HCLTECH,2025-12-11,SHORT,2025-12-11T10:00:00,1653.20,1658.28,1645.58,181,5.08,2025-12-11T10:10:00,1658.28,STOP,-919.06,-1368.59
confluence,HCLTECH,2025-12-12,SHORT,2025-12-12T10:30:00,1662.00,1665.98,1656.03,180,3.98,2025-12-12T11:10:00,1665.98,STOP,-716.90,-1166.18
confluence,HCLTECH,2025-12-16,SHORT,2025-12-16T10:20:00,1667.00,1671.39,1660.42,179,4.39,2025-12-16T10:40:00,1660.42,TARGET,1177.81,731.10
confluence,HCLTECH,2025-12-17,SHORT,2025-12-17T12:10:00,1649.20,1652.65,1644.03,181,3.45,2025-12-17T12:30:00,1652.65,STOP,-624.24,-1072.47
confluence,HCLTECH,2025-12-19,SHORT,2025-12-19T10:10:00,1649.00,1654.13,1641.30,181,5.13,2025-12-19T10:10:00,1641.30,TARGET,1392.80,946.14
confluence,HCLTECH,2026-01-12,LONG,2026-01-12T13:10:00,1660.50,1654.24,1669.88,180,6.26,2026-01-12T13:10:00,1654.24,STOP,-1126.02,-1573.51
confluence,HCLTECH,2026-01-13,LONG,2026-01-13T11:20:00,1669.70,1657.67,1687.74,179,12.03,2026-01-13T13:00:00,1657.67,STOP,-2152.86,-2599.56
confluence,HCLTECH,2026-01-14,LONG,2026-01-14T11:10:00,1667.40,1660.20,1678.20,179,7.20,2026-01-14T13:00:00,1671.70,TIME_STOP,769.70,321.43
confluence,HCLTECH,2026-01-21,LONG,2026-01-21T13:30:00,1683.20,1678.58,1690.14,178,4.62,2026-01-21T13:30:00,1679.10,REVERSE,-729.80,-1178.67
confluence,HCLTECH,2026-01-27,LONG,2026-01-27T11:50:00,1717.20,1710.96,1726.56,174,6.24,2026-01-27T12:30:00,1710.96,STOP,-1085.87,-1533.24
confluence,HCLTECH,2026-01-29,LONG,2026-01-29T13:20:00,1720.00,1715.42,1726.88,174,4.58,2026-01-29T15:10:00,1720.80,TIME_STOP,139.20,-309.82
confluence,HCLTECH,2026-02-05,SHORT,2026-02-05T11:10:00,1617.00,1623.56,1607.16,185,6.56,2026-02-05T11:50:00,1607.16,TARGET,1821.25,1373.90
confluence,HCLTECH,2026-02-10,SHORT,2026-02-10T11:30:00,1591.20,1596.05,1583.93,188,4.85,2026-02-10T13:20:00,1583.93,TARGET,1367.68,919.99
confluence,HCLTECH,2026-02-16,SHORT,2026-02-16T11:00:00,1454.10,1460.82,1444.03,206,6.72,2026-02-16T12:50:00,1452.30,TIME_STOP,370.80,-78.24
confluence,HCLTECH,2026-02-18,SHORT,2026-02-18T10:50:00,1452.80,1460.01,1441.98,206,7.21,2026-02-18T11:00:00,1460.01,STOP,-1485.63,-1935.66
confluence,HCLTECH,2026-02-19,SHORT,2026-02-19T12:10:00,1466.90,1472.85,1457.98,204,5.95,2026-02-19T14:00:00,1459.00,TIME_STOP,1611.60,1163.94
confluence,HCLTECH,2026-02-26,SHORT,2026-02-26T14:10:00,1371.40,1376.64,1363.55,218,5.24,2026-02-26T14:40:00,1376.64,STOP,-1141.37,-1590.67
confluence,HCLTECH,2026-03-04,SHORT,2026-03-04T10:40:00,1365.80,1372.45,1355.83,219,6.65,2026-03-04T12:30:00,1364.30,TIME_STOP,328.50,-119.92
confluence,HCLTECH,2026-03-06,SHORT,2026-03-06T10:10:00,1366.60,1372.33,1358.01,219,5.73,2026-03-06T10:20:00,1369.40,REVERSE,-613.20,-1062.59
confluence,HCLTECH,2026-03-09,SHORT,2026-03-09T12:50:00,1354.80,1360.29,1346.56,221,5.49,2026-03-09T14:40:00,1352.60,TIME_STOP,486.20,37.45
confluence,HCLTECH,2026-03-11,SHORT,2026-03-11T10:20:00,1349.30,1353.77,1342.60,222,4.47,2026-03-11T10:20:00,1353.77,STOP,-992.01,-1442.07
confluence,HCLTECH,2026-03-12,LONG,2026-03-12T11:20:00,1361.30,1356.23,1368.90,220,5.07,2026-03-12T11:20:00,1356.23,STOP,-1115.05,-1563.45
confluence,MARUTI,2024-03-21,LONG,2024-03-21T10:10:00,11951.25,11907.63,12016.68,25,43.62,2024-03-21T11:40:00,11907.63,STOP,-1090.58,-1537.93
confluence,MARUTI,2024-03-26,LONG,2024-03-26T11:30:00,12237.50,12194.31,12302.29,24,43.19,2024-03-26T13:00:00,12302.29,TARGET,1555.01,1113.29
confluence,MARUTI,2024-03-28,LONG,2024-03-28T11:20:00,12607.40,12557.37,12682.44,23,50.03,2024-03-28T12:20:00,12557.37,STOP,-1150.67,-1584.77
confluence,MARUTI,2024-04-01,LONG,2024-04-01T14:10:00,12608.35,12586.18,12641.60,23,22.17,2024-04-01T14:10:00,12595.40,REVERSE,-297.85,-732.61
confluence,MARUTI,2024-04-02,LONG,2024-04-02T11:00:00,12599.20,12559.72,12658.41,23,39.48,2024-04-02T11:00:00,12559.72,STOP,-907.95,-1341.94
confluence,MARUTI,2024-04-19,LONG,2024-04-19T12:20:00,12489.90,12426.05,12585.68,24,63.85,2024-04-19T13:50:00,12585.68,TARGET,2298.62,1847.26
confluence,MARUTI,2024-04-25,LONG,2024-04-25T14:10:00,12938.60,12898.01,12999.49,23,40.59,2024-04-25T15:20:00,12901.65,EOD,-849.85,-1295.59
confluence,MARUTI,2024-05-06,SHORT,2024-05-06T11:50:00,12492.20,12538.01,12423.49,24,45.81,2024-05-06T13:30:00,12423.49,TARGET,1649.13,1200.65
confluence,MARUTI,2024-05-15,LONG,2024-05-15T12:30:00,12790.00,12759.85,12835.23,23,30.15,2024-05-15T12:50:00,12759.85,STOP,-693.54,-1134.27
confluence,MARUTI,2024-05-21,SHORT,2024-05-21T13:20:00,12554.95,12590.44,12501.72,23,35.49,2024-05-21T14:00:00,12501.72,TARGET,1224.24,792.02
confluence,MARUTI,2024-05-27,LONG,2024-05-27T12:50:00,12959.05,12925.67,13009.12,23,33.38,2024-05-27T13:20:00,12925.67,STOP,-767.68,-1214.19
confluence,MARUTI,2024-05-28,LONG,2024-05-28T11:20:00,12973.00,12936.58,13027.64,23,36.42,2024-05-28T11:30:00,12936.58,STOP,-837.76,-1284.70
confluence,MARUTI,2024-06-14,LONG,2024-06-14T11:50:00,12842.85,12820.19,12876.83,23,22.66,2024-06-14T11:50:00,12876.83,TARGET,781.65,337.99
confluence,MARUTI,2024-06-21,SHORT,2024-06-21T12:50:00,12143.40,12189.28,12074.57,24,45.88,2024-06-21T13:20:00,12189.28,STOP,-1101.21,-1539.20
confluence,MARUTI,2024-06-24,SHORT,2024-06-24T12:40:00,12184.50,12219.80,12131.55,24,35.30,2024-06-24T14:30:00,12151.85,TIME_STOP,783.60,345.55
confluence,MARUTI,2024-06-25,SHORT,2024-06-25T10:40:00,12133.75,12167.52,12083.09,24,33.77,2024-06-25T10:50:00,12167.52,STOP,-810.55,-1247.97
confluence,MARUTI,2024-07-01,SHORT,2024-07-01T11:00:00,12095.95,12134.52,12038.10,24,38.57,2024-07-01T12:50:00,12077.45,TIME_STOP,444.00,8.88
confluence,MARUTI,2024-07-04,SHORT,2024-07-04T14:10:00,12088.90,12109.96,12057.30,24,21.06,2024-07-04T14:20:00,12109.96,STOP,-505.53,-941.11
confluence,MARUTI,2024-07-19,SHORT,2024-07-19T11:50:00,12596.80,12637.47,12535.79,23,40.67,2024-07-19T12:40:00,12535.79,TARGET,1403.15,969.62
confluence,MARUTI,2024-07-26,LONG,2024-07-26T10:10:00,12594.95,12552.94,12657.96,23,42.01,2024-07-26T10:10:00,12552.94,STOP,-966.17,-1399.97
confluence,MARUTI,2024-08-07,SHORT,2024-08-07T13:20:00,12289.80,12331.95,12226.57,24,42.15,2024-08-07T14:10:00,12331.95,STOP,-1011.69,-1454.88
confluence,MARUTI,2024-08-08,SHORT,2024-08-08T10:20:00,12261.00,12301.22,12200.66,24,40.22,2024-08-08T10:30:00,12301.22,STOP,-965.39,-1407.51
confluence,MARUTI,2024-08-09,SHORT,2024-08-09T11:20:00,12234.55,12269.00,12182.87,24,34.45,2024-08-09T13:00:00,12255.00,REVERSE,-490.80,-931.61
confluence,MARUTI,2024-08-16,SHORT,2024-08-16T10:20:00,12184.00,12230.38,12114.43,24,46.38,2024-08-16T10:30:00,12114.43,TARGET,1669.57,1232.20
confluence,MARUTI,2024-08-19,SHORT,2024-08-19T10:40:00,12177.55,12207.68,12132.36,24,30.13,2024-08-19T12:30:00,12161.65,TIME_STOP,381.60,-56.51
confluence,MARUTI,2024-08-21,LONG,2024-08-21T14:00:00,12228.85,12214.07,12251.02,24,14.78,2024-08-21T15:00:00,12214.07,STOP,-354.73,-794.70
confluence,MARUTI,2024-08-26,LONG,2024-08-26T13:00:00,12304.00,12281.66,12337.51,24,22.34,2024-08-26T14:30:00,12281.66,STOP,-536.11,-978.65
confluence,MARUTI,2024-08-27,LONG,2024-08-27T10:20:00,12366.40,12337.16,12410.26,24,29.24,2024-08-27T10:20:00,12337.16,STOP,-701.81,-1146.47
confluence,MARUTI,2024-09-02,SHORT,2024-09-02T12:40:00,12391.85,12425.42,12341.49,24,33.57,2024-09-02T14:30:00,12425.42,STOP,-805.74,-1252.46
confluence,MARUTI,2024-09-12,LONG,2024-09-12T13:00:00,12238.55,12212.35,12277.85,24,26.20,2024-09-12T14:00:00,12277.85,TARGET,943.30,502.00
confluence,MARUTI,2024-09-18,SHORT,2024-09-18T13:10:00,12211.00,12234.84,12175.25,24,23.84,2024-09-18T13:40:00,12175.25,TARGET,858.08,419.13
confluence,MARUTI,2024-10-04,SHORT,2024-10-04T11:30:00,12695.70,12767.19,12588.46,23,71.49,2024-10-04T12:10:00,12767.19,STOP,-1644.33,-2083.56
confluence,MARUTI,2024-10-08,SHORT,2024-10-08T10:20:00,12482.80,12532.56,12408.15,24,49.76,2024-10-08T10:20:00,12501.10,REVERSE,-439.20,-888.91
confluence,MARUTI,2024-10-21,SHORT,2024-10-21T12:20:00,12051.00,12102.76,11973.36,24,51.76,2024-10-21T13:00:00,12102.76,STOP,-1242.20,-1676.96
confluence,MARUTI,2024-10-22,SHORT,2024-10-22T10:10:00,12102.45,12156.59,12021.24,24,54.14,2024-10-22T10:10:00,12021.24,TARGET,1948.96,1514.74
confluence,MARUTI,2024-10-23,SHORT,2024-10-23T13:50:00,11998.05,12033.90,11944.28,25,35.85,2024-10-23T14:20:00,11944.28,TARGET,1344.36,895.44
confluence,MARUTI,2024-11-07,LONG,2024-11-07T14:00:00,11299.95,11270.44,11344.21,26,29.51,2024-11-07T15:20:00,11287.65,EOD,-319.80,-760.26
confluence,MARUTI,2024-11-27,LONG,2024-11-27T12:30:00,11082.40,11047.19,11135.21,27,35.21,2024-11-27T14:20:00,11056.60,TIME_STOP,-696.60,-1144.91
confluence,MARUTI,2024-12-03,LONG,2024-12-03T12:40:00,11276.25,11248.53,11317.84,26,27.72,2024-12-03T13:10:00,11248.53,STOP,-720.84,-1160.08
confluence,MARUTI,2024-12-06,LONG,2024-12-06T12:10:00,11248.15,11208.77,11307.22,26,39.38,2024-12-06T12:30:00,11307.22,TARGET,1535.82,1095.99
confluence,MARUTI,2024-12-24,SHORT,2024-12-24T12:10:00,10826.75,10852.59,10788.00,27,25.84,2024-12-24T13:40:00,10788.00,TARGET,1046.34,608.64
confluence,MARUTI,2025-01-01,SHORT,2025-01-01T10:00:00,10809.75,10835.38,10771.30,27,25.63,2025-01-01T10:10:00,10835.38,STOP,-692.02,-1130.34
confluence,MARUTI,2025-01-07,LONG,2025-01-07T11:30:00,11799.00,11757.56,11861.16,25,41.44,2025-01-07T12:10:00,11757.56,STOP,-1035.99,-1477.68
confluence,MARUTI,2025-01-09,LONG,2025-01-09T12:50:00,11797.25,11766.60,11843.23,25,30.65,2025-01-09T14:10:00,11766.60,STOP,-766.27,-1208.10
confluence,MARUTI,2025-01-17,LONG,2025-01-17T12:10:00,12099.00,12066.49,12147.77,24,32.51,2025-01-17T12:30:00,12066.49,STOP,-780.31,-1215.29
confluence,MARUTI,2025-01-20,LONG,2025-01-20T12:30:00,12090.00,12055.37,12141.95,24,34.63,2025-01-20T13:30:00,12055.37,STOP,-831.14,-1265.76
confluence,MARUTI,2025-01-24,LONG,2025-01-24T12:00:00,12086.90,12049.96,12142.31,24,36.94,2025-01-24T12:10:00,12049.96,STOP,-886.56,-1321.03
confluence,MARUTI,2025-01-27,LONG,2025-01-27T12:10:00,12031.40,11997.35,12082.48,24,34.05,2025-01-27T12:10:00,11997.35,STOP,-817.29,-1249.81
confluence,MARUTI,2025-01-30,SHORT,2025-01-30T10:20:00,11997.40,12048.25,11921.12,25,50.85,2025-01-30T12:10:00,12005.40,TIME_STOP,-200.00,-650.05
confluence,MARUTI,2025-02-04,LONG,2025-02-04T14:00:00,13097.45,13064.58,13146.76,22,32.87,2025-02-04T14:00:00,13072.20,REVERSE,-555.50,-987.30
confluence,MARUTI,2025-02-05,LONG,2025-02-05T14:10:00,13105.25,13076.86,13147.83,22,28.39,2025-02-05T14:40:00,13076.86,STOP,-624.50,-1056.50
confluence,MARUTI,2025-02-07,LONG,2025-02-07T11:40:00,13078.20,13049.01,13121.99,22,29.19,2025-02-07T12:00:00,13049.01,STOP,-642.22,-1073.32
confluence,MARUTI,2025-02-11,SHORT,2025-02-11T10:20:00,12916.95,12952.08,12864.26,23,35.13,2025-02-11T11:30:00,12864.26,TARGET,1211.90,767.18
confluence,MARUTI,2025-02-13,SHORT,2025-02-13T13:40:00,12653.10,12684.49,12606.02,23,31.39,2025-02-13T15:20:00,12667.60,EOD,-333.50,-770.28
confluence,MARUTI,2025-02-24,SHORT,2025-02-24T11:20:00,12325.95,12363.57,12269.52,24,37.62,2025-02-24T12:40:00,12363.57,STOP,-902.84,-1347.25
confluence,MARUTI,2025-02-27,SHORT,2025-02-27T10:10:00,12417.40,12452.69,12364.46,24,35.29,2025-02-27T11:40:00,12364.46,TARGET,1270.53,824.46
confluence,MARUTI,2025-03-05,SHORT,2025-03-05T14:10:00,11635.60,11669.00,11585.49,25,33.40,2025-03-05T15:20:00,11617.55,EOD,451.25,15.25
confluence,MARUTI,2025-03-07,SHORT,2025-03-07T12:30:00,11621.65,11653.01,11574.61,25,31.36,2025-03-07T12:40:00,11653.01,STOP,-783.95,-1220.35
confluence,MARUTI,2025-03-12,SHORT,2025-03-12T10:50:00,11606.35,11638.54,11558.06,25,32.19,2025-03-12T11:00:00,11638.54,STOP,-804.78,-1240.62
confluence,MARUTI,2025-03-13,SHORT,2025-03-13T11:50:00,11600.00,11632.98,11550.53,25,32.98,2025-03-13T12:50:00,11632.98,STOP,-824.52,-1260.13
confluence,MARUTI,2025-03-24,LONG,2025-03-24T11:00:00,11828.00,11790.42,11884.37,25,37.58,2025-03-24T11:50:00,11884.37,TARGET,1409.16,964.55
confluence,MARUTI,2025-04-17,LONG,2025-04-17T12:10:00,11650.00,11618.84,11696.75,25,31.16,2025-04-17T14:00:00,11696.75,TARGET,1168.67,730.91
confluence,MARUTI,2025-04-22,SHORT,2025-04-22T10:10:00,11647.00,11680.08,11597.38,25,33.08,2025-04-22T11:40:00,11680.08,STOP,-827.04,-1264.42
confluence,MARUTI,2025-04-29,LONG,2025-04-29T10:50:00,11828.00,11783.50,11894.75,25,44.50,2025-04-29T11:20:00,11783.50,STOP,-1112.43,-1555.15
confluence,MARUTI,2025-05-19,LONG,2025-05-19T11:20:00,12983.00,12954.79,13025.32,23,28.21,2025-05-19T11:40:00,12954.79,STOP,-648.85,-1096.28
confluence,MARUTI,2025-05-23,SHORT,2025-05-23T11:40:00,12462.00,12488.23,12422.65,24,26.23,2025-05-23T13:30:00,12450.00,TIME_STOP,288.00,-160.42
confluence,MARUTI,2025-05-26,SHORT,2025-05-26T11:00:00,12452.00,12482.05,12406.93,24,30.05,2025-05-26T11:20:00,12482.05,STOP,-721.17,-1169.98
confluence,MARUTI,2025-05-27,SHORT,2025-05-27T12:30:00,12352.00,12390.84,12293.73,24,38.84,2025-05-27T14:20:00,12293.73,TARGET,1398.39,954.77
confluence,MARUTI,2025-05-30,SHORT,2025-05-30T11:30:00,12316.00,12347.21,12269.18,24,31.21,2025-05-30T11:40:00,12269.18,TARGET,1123.65,681.11
confluence,MARUTI,2025-06-04,SHORT,2025-06-04T13:00:00,12167.00,12191.40,12130.40,24,24.40,2025-06-04T13:10:00,12191.40,STOP,-585.63,-1024.08
confluence,MARUTI,2025-06-05,SHORT,2025-06-05T10:20:00,12062.00,12101.48,12002.78,24,39.48,2025-06-05T10:20:00,12101.48,STOP,-947.47,-1382.41
confluence,MARUTI,2025-06-17,LONG,2025-06-17T10:30:00,12537.00,12512.41,12573.88,23,24.59,2025-06-17T10:40:00,12573.88,TARGET,848.19,415.03
confluence,MARUTI,2025-06-20,LONG,2025-06-20T13:40:00,12818.00,12795.32,12852.02,23,22.68,2025-06-20T13:50:00,12795.32,STOP,-521.66,-963.49
confluence,MARUTI,2025-06-24,SHORT,2025-06-24T13:10:00,12714.00,12747.08,12664.39,23,33.08,2025-06-24T13:20:00,12664.39,TARGET,1141.11,703.34
confluence,MARUTI,2025-06-26,SHORT,2025-06-26T11:10:00,12728.00,12759.45,12680.83,23,31.45,2025-06-26T12:30:00,12759.45,STOP,-723.34,-1163.00
confluence,MARUTI,2025-06-27,SHORT,2025-06-27T13:40:00,12690.00,12715.43,12651.86,23,25.43,2025-06-27T14:40:00,12651.86,TARGET,877.31,440.16
confluence,MARUTI,2025-07-09,SHORT,2025-07-09T13:10:00,12465.00,12486.79,12432.32,24,21.79,2025-07-09T13:20:00,12486.79,STOP,-522.91,-972.04
confluence,MARUTI,2025-07-10,LONG,2025-07-10T10:20:00,12588.00,12551.75,12642.38,23,36.25,2025-07-10T10:40:00,12642.38,TARGET,1250.73,815.50
confluence,MARUTI,2025-07-17,SHORT,2025-07-17T13:20:00,12543.00,12563.06,12512.91,23,20.06,2025-07-17T13:50:00,12512.91,TARGET,692.15,259.94
confluence,MARUTI,2025-07-28,SHORT,2025-07-28T11:40:00,12429.00,12465.51,12374.23,24,36.51,2025-07-28T12:50:00,12374.23,TARGET,1314.45,867.99
confluence,MARUTI,2025-07-31,LONG,2025-07-31T11:50:00,12579.00,12538.73,12639.41,23,40.27,2025-07-31T12:10:00,12538.73,STOP,-926.30,-1359.58
confluence,MARUTI,2025-08-11,LONG,2025-08-11T13:40:00,12600.00,12574.71,12637.93,23,25.29,2025-08-11T13:50:00,12574.71,STOP,-581.60,-1015.86
confluence,MARUTI,2025-08-13,LONG,2025-08-13T10:10:00,12875.00,12832.27,12939.09,23,42.73,2025-08-13T10:50:00,12832.27,STOP,-982.76,-1426.21
confluence,MARUTI,2025-08-21,LONG,2025-08-21T12:30:00,14255.00,14231.78,14289.84,21,23.22,2025-08-21T13:30:00,14231.78,STOP,-487.70,-936.37
confluence,MARUTI,2025-08-29,LONG,2025-08-29T12:00:00,14785.00,14747.03,14841.95,20,37.97,2025-08-29T12:00:00,14747.03,STOP,-759.38,-1202.36
confluence,MARUTI,2025-09-01,LONG,2025-09-01T12:10:00,14791.00,14758.38,14839.93,20,32.62,2025-09-01T12:10:00,14758.38,STOP,-652.40,-1095.64
confluence,MARUTI,2025-09-03,LONG,2025-09-03T12:20:00,14863.00,14835.20,14904.70,20,27.80,2025-09-03T12:20:00,14904.70,TARGET,834.09,387.57
confluence,MARUTI,2025-09-05,LONG,2025-09-05T10:10:00,14866.00,14823.21,14930.18,20,42.79,2025-09-05T11:20:00,14823.21,STOP,-855.72,-1301.06
confluence,MARUTI,2025-09-25,LONG,2025-09-25T12:50:00,16197.00,16161.55,16250.17,18,35.45,2025-09-25T13:00:00,16250.17,TARGET,957.06,519.02
confluence,MARUTI,2025-09-29,LONG,2025-09-29T14:10:00,16214.00,16168.23,16282.66,18,45.77,2025-09-29T14:10:00,16168.23,STOP,-823.91,-1261.07
confluence,MARUTI,2025-10-01,SHORT,2025-10-01T10:10:00,15952.00,15993.65,15889.52,18,41.65,2025-10-01T10:30:00,15889.52,TARGET,1124.65,694.79
confluence,MARUTI,2025-10-16,LONG,2025-10-16T10:20:00,16298.00,16263.79,16349.31,18,34.21,2025-10-16T11:00:00,16263.79,STOP,-615.76,-1055.34
confluence,MARUTI,2025-10-30,SHORT,2025-10-30T13:40:00,16171.00,16212.85,16108.22,18,41.85,2025-10-30T14:00:00,16212.85,STOP,-753.36,-1190.54
confluence,MARUTI,2025-11-11,LONG,2025-11-11T12:10:00,15614.00,15584.10,15658.84,19,29.90,2025-11-11T12:20:00,15584.10,STOP,-568.03,-1012.60
confluence,MARUTI,2025-11-12,LONG,2025-11-12T12:20:00,15625.00,15599.15,15663.78,19,25.85,2025-11-12T12:20:00,15608.00,REVERSE,-323.00,-768.07
confluence,MARUTI,2025-11-14,LONG,2025-11-14T14:10:00,15647.00,15622.38,15683.93,19,24.62,2025-11-14T14:50:00,15622.38,STOP,-467.74,-913.33
confluence,MARUTI,2025-11-25,LONG,2025-11-25T13:20:00,16007.00,15980.46,16046.81,18,26.54,2025-11-25T13:50:00,15980.46,STOP,-477.69,-909.52
confluence,MARUTI,2025-11-26,LONG,2025-11-26T10:10:00,16024.00,15983.86,16084.21,18,40.14,2025-11-26T12:00:00,16084.21,TARGET,1083.79,650.33
confluence,MARUTI,2025-11-28,LONG,2025-11-28T11:20:00,16010.00,15973.19,16065.21,18,36.81,2025-11-28T11:40:00,15973.19,STOP,-662.56,-1094.33
confluence,MARUTI,2025-12-01,SHORT,2025-12-01T11:40:00,15925.00,15959.37,15873.45,18,34.37,2025-12-01T12:10:00,15873.45,TARGET,927.96,498.68
confluence,MARUTI,2025-12-04,SHORT,2025-12-04T10:20:00,15986.00,16019.08,15936.38,18,33.08,2025-12-04T10:40:00,16019.08,STOP,-595.48,-1027.55
confluence,MARUTI,2025-12-09,LONG,2025-12-09T12:30:00,16208.00,16171.87,16262.19,18,36.13,2025-12-09T13:10:00,16171.87,STOP,-650.25,-1087.38
confluence,MARUTI,2025-12-10,SHORT,2025-12-10T13:50:00,16028.00,16061.04,15978.44,18,33.04,2025-12-10T14:30:00,15978.44,TARGET,892.03,459.94
confluence,MARUTI,2025-12-18,LONG,2025-12-18T13:10:00,16383.00,16355.91,16423.63,18,27.09,2025-12-18T14:10:00,16355.91,STOP,-487.60,-929.58
confluence,MARUTI,2025-12-29,LONG,2025-12-29T13:30:00,16590.00,16564.85,16627.72,18,25.15,2025-12-29T13:40:00,16564.85,STOP,-452.67,-900.26
confluence,MARUTI,2025-12-30,LONG,2025-12-30T10:10:00,16605.00,16568.28,16660.08,18,36.72,2025-12-30T10:20:00,16660.08,TARGET,991.47,542.39
confluence,MARUTI,2026-01-06,LONG,2026-01-06T12:00:00,17204.00,17167.66,17258.50,17,36.34,2026-01-06T13:40:00,17258.50,TARGET,926.56,487.16
confluence,MARUTI,2026-01-13,SHORT,2026-01-13T11:30:00,16435.00,16490.25,16352.13,18,55.25,2026-01-13T11:30:00,16490.25,STOP,-994.44,-1438.94
confluence,MARUTI,2026-01-22,SHORT,2026-01-22T11:30:00,15761.00,15810.96,15686.07,19,49.96,2026-01-22T12:20:00,15810.96,STOP,-949.15,-1399.05
confluence,MARUTI,2026-01-23,SHORT,2026-01-23T10:00:00,15758.00,15805.32,15687.02,19,47.32,2026-01-23T10:50:00,15687.02,TARGET,1348.66,900.57
confluence,MARUTI,2026-02-05,LONG,2026-02-05T12:30:00,15023.00,14985.49,15079.27,19,37.51,2026-02-05T13:10:00,15079.27,TARGET,1069.07,640.11
confluence,MARUTI,2026-02-06,LONG,2026-02-06T11:40:00,15083.00,15034.76,15155.35,19,48.24,2026-02-06T12:10:00,15034.76,STOP,-916.48,-1345.66
confluence,MARUTI,2026-02-13,LONG,2026-02-13T12:00:00,15401.00,15366.86,15452.21,19,34.14,2026-02-13T12:30:00,15366.86,STOP,-648.72,-1087.16
confluence,MARUTI,2026-02-19,SHORT,2026-02-19T12:10:00,15126.00,15157.14,15079.29,19,31.14,2026-02-19T12:40:00,15079.29,TARGET,887.53,457.11
confluence,MARUTI,2026-02-23,SHORT,2026-02-23T13:20:00,15020.00,15051.08,14973.39,19,31.08,2026-02-23T13:30:00,15051.08,STOP,-590.45,-1018.96
confluence,MARUTI,2026-03-11,SHORT,2026-03-11T11:20:00,13702.00,13766.03,13605.96,21,64.03,2026-03-11T12:00:00,13605.96,TARGET,2016.84,1586.74
confluence,HEROMOTOCO,2024-03-19,SHORT,2024-03-19T10:30:00,4424.65,4442.99,4397.15,67,18.34,2024-03-19T11:20:00,4442.99,STOP,-1228.54,-1674.14
confluence,HEROMOTOCO,2024-03-20,SHORT,2024-03-20T10:00:00,4408.00,4426.83,4379.75,68,18.83,2024-03-20T10:10:00,4426.83,STOP,-1280.44,-1731.02
confluence,HEROMOTOCO,2024-03-28,LONG,2024-03-28T10:20:00,4539.45,4523.67,4563.12,66,15.78,2024-03-28T10:40:00,4523.67,STOP,-1041.47,-1490.09
confluence,HEROMOTOCO,2024-04-03,SHORT,2024-04-03T11:00:00,4456.15,4469.02,4436.85,67,12.87,2024-04-03T11:40:00,4436.85,TARGET,1293.43,846.56
confluence,HEROMOTOCO,2024-04-09,SHORT,2024-04-09T11:50:00,4442.80,4462.57,4413.15,67,19.77,2024-04-09T13:40:00,4423.10,TIME_STOP,1319.90,874.39
confluence,HEROMOTOCO,2024-04-12,SHORT,2024-04-12T12:40:00,4367.05,4378.14,4350.42,68,11.09,2024-04-12T12:40:00,4350.42,TARGET,1130.80,686.21
confluence,HEROMOTOCO,2024-05-03,LONG,2024-05-03T10:10:00,4451.30,4434.48,4476.53,67,16.82,2024-05-03T11:20:00,4434.48,STOP,-1126.80,-1573.31
confluence,HEROMOTOCO,2024-05-23,SHORT,2024-05-23T10:10:00,4862.10,4878.89,4836.92,61,16.79,2024-05-23T10:20:00,4878.89,STOP,-1023.93,-1469.58
confluence,HEROMOTOCO,2024-05-29,LONG,2024-05-29T11:00:00,5072.70,5051.95,5103.82,59,20.75,2024-05-29T11:00:00,5051.95,STOP,-1224.20,-1672.21
confluence,HEROMOTOCO,2024-06-04,SHORT,2024-06-04T12:30:00,4815.90,4874.61,4727.83,42,58.71,2024-06-04T12:30:00,4874.61,STOP,-2465.99,-2771.24
confluence,HEROMOTOCO,2024-06-06,LONG,2024-06-06T13:50:00,5435.65,5407.44,5477.97,55,28.21,2024-06-06T13:50:00,5407.44,STOP,-1551.56,-1998.83
confluence,HEROMOTOCO,2024-06-13,LONG,2024-06-13T12:50:00,5656.10,5637.68,5683.73,53,18.42,2024-06-13T14:40:00,5667.80,TIME_STOP,620.10,169.97
confluence,HEROMOTOCO,2024-06-14,LONG,2024-06-14T11:00:00,5678.15,5659.93,5705.48,52,18.22,2024-06-14T11:30:00,5705.48,TARGET,1421.19,977.23
confluence,HEROMOTOCO,2024-06-21,SHORT,2024-06-21T12:40:00,5392.05,5412.19,5361.84,55,20.14,2024-06-21T12:50:00,5361.84,TARGET,1661.76,1218.16
confluence,HEROMOTOCO,2024-06-25,SHORT,2024-06-25T14:10:00,5395.95,5409.83,5375.13,55,13.88,2024-06-25T14:40:00,5375.13,TARGET,1145.29,700.99
confluence,HEROMOTOCO,2024-07-02,LONG,2024-07-02T10:20:00,5513.20,5490.42,5547.38,54,22.78,2024-07-02T10:30:00,5490.42,STOP,-1230.34,-1675.98
confluence,HEROMOTOCO,2024-07-09,SHORT,2024-07-09T11:50:00,5391.35,5409.62,5363.94,55,18.27,2024-07-09T12:10:00,5409.62,STOP,-1004.93,-1450.47
confluence,HEROMOTOCO,2024-07-10,SHORT,2024-07-10T10:30:00,5394.15,5417.11,5359.72,55,22.96,2024-07-10T10:40:00,5359.72,TARGET,1893.88,1450.28
confluence,HEROMOTOCO,2024-07-11,LONG,2024-07-11T10:10:00,5407.60,5387.81,5437.29,55,19.79,2024-07-11T10:10:00,5387.81,STOP,-1088.67,-1533.98
confluence,HEROMOTOCO,2024-07-12,SHORT,2024-07-12T12:30:00,5389.10,5405.12,5365.07,55,16.02,2024-07-12T13:30:00,5405.12,STOP,-881.25,-1326.51
confluence,HEROMOTOCO,2024-07-16,LONG,2024-07-16T11:10:00,5475.45,5461.55,5496.30,54,13.90,2024-07-16T11:30:00,5461.55,STOP,-750.44,-1193.39
confluence,HEROMOTOCO,2024-07-23,SHORT,2024-07-23T10:30:00,5309.10,5326.40,5283.14,56,17.30,2024-07-23T11:00:00,5326.40,STOP,-969.06,-1415.75
confluence,HEROMOTOCO,2024-07-31,LONG,2024-07-31T13:20:00,5365.35,5344.72,5396.29,55,20.63,2024-07-31T13:40:00,5396.29,TARGET,1701.77,1257.85
confluence,HEROMOTOCO,2024-08-12,SHORT,2024-08-12T10:40:00,5075.15,5091.22,5051.04,59,16.07,2024-08-12T11:20:00,5091.22,STOP,-948.21,-1398.07
confluence,HEROMOTOCO,2024-08-21,LONG,2024-08-21T10:20:00,5136.50,5117.84,5164.48,58,18.66,2024-08-21T12:10:00,5135.35,TIME_STOP,-66.70,-513.53
confluence,HEROMOTOCO,2024-08-26,LONG,2024-08-26T10:50:00,5271.95,5253.18,5300.11,56,18.77,2024-08-26T11:10:00,5253.18,STOP,-1051.19,-1493.24
confluence,HEROMOTOCO,2024-09-06,LONG,2024-09-06T13:10:00,5587.10,5566.49,5618.02,53,20.61,2024-09-06T15:00:00,5605.35,TIME_STOP,967.25,522.35
confluence,HEROMOTOCO,2024-09-09,LONG,2024-09-09T10:10:00,5612.20,5591.28,5643.58,53,20.92,2024-09-09T12:00:00,5591.28,STOP,-1108.94,-1554.27
confluence,HEROMOTOCO,2024-09-16,LONG,2024-09-16T10:50:00,5679.50,5661.43,5706.60,52,18.07,2024-09-16T10:50:00,5661.43,STOP,-939.57,-1381.86
confluence,HEROMOTOCO,2024-09-17,LONG,2024-09-17T10:00:00,5654.85,5640.73,5676.03,53,14.12,2024-09-17T10:00:00,5676.03,TARGET,1122.43,672.03
confluence,HEROMOTOCO,2024-09-19,LONG,2024-09-19T10:00:00,5886.75,5858.79,5928.69,50,27.96,2024-09-19T10:10:00,5858.79,STOP,-1398.08,-1838.54
confluence,HEROMOTOCO,2024-09-20,LONG,2024-09-20T10:10:00,5893.90,5874.89,5922.41,50,19.01,2024-09-20T10:30:00,5922.41,TARGET,1425.43,982.31
confluence,HEROMOTOCO,2024-09-27,SHORT,2024-09-27T11:20:00,5840.45,5865.83,5802.38,51,25.38,2024-09-27T13:10:00,5816.05,TIME_STOP,1244.40,798.54
confluence,HEROMOTOCO,2024-10-08,SHORT,2024-10-08T12:30:00,5328.15,5350.24,5295.01,56,22.09,2024-10-08T13:30:00,5350.24,STOP,-1237.24,-1685.73
confluence,HEROMOTOCO,2024-10-10,SHORT,2024-10-10T12:20:00,5374.05,5390.12,5349.94,55,16.07,2024-10-10T12:50:00,5349.94,TARGET,1325.81,883.45
confluence,HEROMOTOCO,2024-10-11,SHORT,2024-10-11T13:50:00,5330.15,5342.09,5312.24,56,11.94,2024-10-11T14:30:00,5342.09,STOP,-668.59,-1116.82
confluence,HEROMOTOCO,2024-10-22,SHORT,2024-10-22T10:40:00,5043.45,5067.72,5007.04,59,24.27,2024-10-22T10:50:00,5067.72,STOP,-1432.19,-1879.61
confluence,HEROMOTOCO,2024-11-05,SHORT,2024-11-05T11:40:00,4667.85,4688.00,4637.63,64,20.15,2024-11-05T13:20:00,4688.00,STOP,-1289.42,-1738.50
confluence,HEROMOTOCO,2024-11-12,SHORT,2024-11-12T12:40:00,4632.50,4645.76,4612.61,64,13.26,2024-11-12T13:20:00,4612.61,TARGET,1273.16,829.39
confluence,HEROMOTOCO,2024-11-21,LONG,2024-11-21T11:00:00,4694.50,4672.57,4727.39,63,21.93,2024-11-21T11:30:00,4672.57,STOP,-1381.47,-1824.07
confluence,HEROMOTOCO,2024-11-22,LONG,2024-11-22T12:40:00,4660.35,4646.93,4680.47,64,13.42,2024-11-22T13:20:00,4680.47,TARGET,1287.91,839.55
confluence,HEROMOTOCO,2024-11-27,LONG,2024-11-27T11:40:00,4751.70,4735.79,4775.56,63,15.91,2024-11-27T11:50:00,4735.79,STOP,-1002.05,-1450.34
confluence,HEROMOTOCO,2024-12-03,SHORT,2024-12-03T11:50:00,4617.20,4627.99,4601.02,64,10.79,2024-12-03T13:00:00,4601.02,TARGET,1035.81,593.34
confluence,HEROMOTOCO,2024-12-06,SHORT,2024-12-06T11:30:00,4520.55,4539.24,4492.52,66,18.69,2024-12-06T13:20:00,4513.75,TIME_STOP,448.80,1.60
confluence,HEROMOTOCO,2024-12-09,SHORT,2024-12-09T14:10:00,4497.80,4506.52,4484.72,66,8.72,2024-12-09T14:20:00,4484.72,TARGET,863.04,418.40
confluence,HEROMOTOCO,2024-12-17,SHORT,2024-12-17T10:10:00,4405.25,4417.20,4387.33,68,11.95,2024-12-17T10:20:00,4387.33,TARGET,1218.87,770.45
confluence,HEROMOTOCO,2024-12-27,SHORT,2024-12-27T11:40:00,4166.10,4181.13,4143.56,72,15.03,2024-12-27T12:10:00,4143.56,TARGET,1622.96,1174.24
confluence,HEROMOTOCO,2025-01-15,SHORT,2025-01-15T12:30:00,4002.80,4015.50,3983.75,74,12.70,2025-01-15T12:30:00,4015.50,STOP,-939.82,-1384.83
confluence,HEROMOTOCO,2025-01-16,SHORT,2025-01-16T10:40:00,3995.55,4010.04,3973.81,75,14.49,2025-01-16T11:10:00,3973.81,TARGET,1630.33,1182.06
confluence,HEROMOTOCO,2025-01-23,LONG,2025-01-23T10:10:00,3979.30,3967.49,3997.02,75,11.81,2025-01-23T10:30:00,3997.02,TARGET,1329.01,880.34
confluence,HEROMOTOCO,2025-01-24,SHORT,2025-01-24T13:10:00,3976.25,3988.01,3958.62,75,11.76,2025-01-24T13:10:00,3988.01,STOP,-881.70,-1329.69
confluence,HEROMOTOCO,2025-01-28,SHORT,2025-01-28T12:50:00,3911.30,3926.71,3888.19,76,15.41,2025-01-28T13:00:00,3926.71,STOP,-1171.07,-1617.83
confluence,HEROMOTOCO,2025-02-01,LONG,2025-02-01T11:50:00,4216.55,4199.13,4242.68,71,17.42,2025-02-01T11:50:00,4199.13,STOP,-1236.93,-1685.07
confluence,HEROMOTOCO,2025-02-07,SHORT,2025-02-07T10:10:00,4124.90,4145.35,4094.22,72,20.45,2025-02-07T10:10:00,4145.35,STOP,-1472.76,-1919.35
confluence,HEROMOTOCO,2025-02-25,SHORT,2025-02-25T10:10:00,3852.60,3864.45,3834.82,77,11.85,2025-02-25T11:40:00,3864.45,STOP,-912.54,-1358.20
confluence,HEROMOTOCO,2025-03-24,LONG,2025-03-24T13:20:00,3635.00,3622.65,3653.52,82,12.35,2025-03-24T13:50:00,3622.65,STOP,-1012.67,-1459.02
confluence,HEROMOTOCO,2025-03-25,LONG,2025-03-25T14:00:00,3650.00,3637.84,3668.24,82,12.16,2025-03-25T14:30:00,3637.84,STOP,-997.04,-1445.24
confluence,HEROMOTOCO,2025-04-02,LONG,2025-04-02T10:10:00,3764.65,3749.44,3787.47,79,15.21,2025-04-02T10:20:00,3749.44,STOP,-1201.76,-1646.97
confluence,HEROMOTOCO,2025-04-08,SHORT,2025-04-08T11:50:00,3516.05,3534.03,3489.08,85,17.98,2025-04-08T11:50:00,3529.90,REVERSE,-1177.25,-1626.43
confluence,HEROMOTOCO,2025-04-17,LONG,2025-04-17T13:10:00,3737.50,3725.23,3755.90,80,12.27,2025-04-17T13:40:00,3755.90,TARGET,1472.03,1022.43
confluence,HEROMOTOCO,2025-04-25,SHORT,2025-04-25T10:10:00,3881.60,3900.44,3853.35,77,18.84,2025-04-25T10:10:00,3900.44,STOP,-1450.39,-1899.81
confluence,HEROMOTOCO,2025-04-28,LONG,2025-04-28T12:20:00,3895.90,3882.79,3915.57,77,13.11,2025-04-28T13:10:00,3915.57,TARGET,1514.49,1063.38
confluence,HEROMOTOCO,2025-05-02,SHORT,2025-05-02T12:10:00,3825.10,3844.34,3796.25,78,19.24,2025-05-02T12:30:00,3796.25,TARGET,2250.62,1804.77
confluence,HEROMOTOCO,2025-05-30,SHORT,2025-05-30T12:40:00,4341.50,4353.59,4323.36,69,12.09,2025-05-30T13:30:00,4353.59,STOP,-834.35,-1284.32
confluence,HEROMOTOCO,2025-06-03,SHORT,2025-06-03T11:30:00,4224.60,4236.75,4206.38,71,12.15,2025-06-03T12:10:00,4236.75,STOP,-862.52,-1313.08
confluence,HEROMOTOCO,2025-06-17,LONG,2025-06-17T10:40:00,4378.20,4365.87,4396.69,68,12.33,2025-06-17T10:50:00,4365.87,STOP,-838.16,-1284.11
confluence,HEROMOTOCO,2025-06-19,LONG,2025-06-19T10:10:00,4394.40,4381.40,4413.90,68,13.00,2025-06-19T10:30:00,4381.40,STOP,-883.91,-1331.47
confluence,HEROMOTOCO,2025-07-10,LONG,2025-07-10T13:50:00,4330.00,4322.21,4341.69,69,7.79,2025-07-10T15:00:00,4322.21,STOP,-537.81,-985.56
confluence,HEROMOTOCO,2025-07-22,SHORT,2025-07-22T11:10:00,4390.90,4403.39,4372.16,68,12.49,2025-07-22T11:10:00,4372.16,TARGET,1274.48,827.56
confluence,HEROMOTOCO,2025-07-23,SHORT,2025-07-23T11:30:00,4342.50,4355.27,4323.35,69,12.77,2025-07-23T13:10:00,4355.27,STOP,-880.85,-1330.96
confluence,HEROMOTOCO,2025-08-14,LONG,2025-08-14T10:40:00,4756.20,4743.17,4775.74,63,13.03,2025-08-14T10:40:00,4751.50,REVERSE,-296.10,-745.34
confluence,HEROMOTOCO,2025-08-21,LONG,2025-08-21T10:50:00,5143.30,5129.03,5164.70,58,14.27,2025-08-21T11:30:00,5129.03,STOP,-827.42,-1274.27
confluence,HEROMOTOCO,2025-09-05,LONG,2025-09-05T14:00:00,5378.50,5368.25,5393.88,55,10.25,2025-09-05T15:00:00,5368.25,STOP,-563.77,-1007.07
confluence,HEROMOTOCO,2025-09-12,SHORT,2025-09-12T12:20:00,5315.00,5328.72,5294.42,56,13.72,2025-09-12T13:40:00,5294.42,TARGET,1152.22,706.62
confluence,HEROMOTOCO,2025-09-15,SHORT,2025-09-15T11:10:00,5312.00,5324.27,5293.60,56,12.27,2025-09-15T11:40:00,5293.60,TARGET,1030.30,584.86
confluence,HEROMOTOCO,2025-10-03,LONG,2025-10-03T11:20:00,5527.00,5500.78,5566.33,54,26.22,2025-10-03T12:20:00,5566.33,TARGET,2123.70,1674.42
confluence,HEROMOTOCO,2025-10-10,SHORT,2025-10-10T10:40:00,5486.50,5503.01,5461.73,54,16.51,2025-10-10T10:50:00,5503.01,STOP,-891.81,-1336.88
confluence,HEROMOTOCO,2025-10-14,LONG,2025-10-14T12:40:00,5568.50,5554.10,5590.10,53,14.40,2025-10-14T12:40:00,5554.10,STOP,-763.06,-1205.19
confluence,HEROMOTOCO,2025-10-21,LONG,2025-10-21T14:00:00,5650.50,5632.64,5677.30,53,17.86,2025-10-21T14:40:00,5632.64,STOP,-946.80,-1395.31
confluence,HEROMOTOCO,2025-11-06,SHORT,2025-11-06T10:50:00,5327.50,5348.46,5296.06,56,20.96,2025-11-06T12:40:00,5348.46,STOP,-1173.93,-1622.32
confluence,HEROMOTOCO,2025-11-11,LONG,2025-11-11T12:10:00,5400.50,5385.18,5423.48,55,15.32,2025-11-11T12:30:00,5423.48,TARGET,1263.88,817.39
confluence,HEROMOTOCO,2025-11-25,LONG,2025-11-25T10:00:00,6025.00,6009.11,6048.83,49,15.89,2025-11-25T10:40:00,6048.83,TARGET,1167.56,723.85
confluence,HEROMOTOCO,2025-12-03,SHORT,2025-12-03T10:10:00,6245.00,6259.49,6223.27,48,14.49,2025-12-03T10:30:00,6223.27,TARGET,1043.12,594.26
confluence,HEROMOTOCO,2025-12-12,SHORT,2025-12-12T12:10:00,5978.00,5991.92,5957.12,50,13.92,2025-12-12T13:50:00,5957.12,TARGET,1043.95,596.38
confluence,HEROMOTOCO,2025-12-22,SHORT,2025-12-22T10:20:00,5754.00,5772.81,5725.78,52,18.81,2025-12-22T11:10:00,5725.78,TARGET,1467.36,1019.65
confluence,HEROMOTOCO,2025-12-24,SHORT,2025-12-24T11:50:00,5706.00,5718.31,5687.54,52,12.31,2025-12-24T12:10:00,5718.31,STOP,-640.11,-1085.66
confluence,HEROMOTOCO,2026-01-06,LONG,2026-01-06T13:00:00,6026.00,6012.16,6046.77,49,13.84,2026-01-06T13:20:00,6012.16,STOP,-678.38,-1120.78
confluence,HEROMOTOCO,2026-01-07,LONG,2026-01-07T12:00:00,5994.00,5983.26,6010.11,50,10.74,2026-01-07T12:00:00,5983.26,STOP,-537.13,-986.28
confluence,HEROMOTOCO,2026-01-14,SHORT,2026-01-14T10:20:00,5683.50,5704.70,5651.70,52,21.20,2026-01-14T10:30:00,5704.70,STOP,-1102.56,-1546.70
confluence,HEROMOTOCO,2026-01-22,SHORT,2026-01-22T12:40:00,5576.50,5597.04,5545.69,53,20.54,2026-01-22T13:00:00,5545.69,TARGET,1632.76,1190.65
confluence,HEROMOTOCO,2026-01-28,SHORT,2026-01-28T12:00:00,5343.00,5361.69,5314.96,56,18.69,2026-01-28T13:10:00,5361.69,STOP,-1046.69,-1496.29
confluence,HEROMOTOCO,2026-02-02,LONG,2026-02-02T13:10:00,5538.00,5513.42,5574.87,54,24.58,2026-02-02T13:50:00,5574.87,TARGET,1990.85,1540.77
confluence,HEROMOTOCO,2026-02-06,LONG,2026-02-06T10:30:00,5823.00,5794.60,5865.60,51,28.40,2026-02-06T10:30:00,5794.60,STOP,-1448.54,-1892.91
confluence,HEROMOTOCO,2026-02-10,LONG,2026-02-10T10:10:00,5795.00,5770.14,5832.29,51,24.86,2026-02-10T10:50:00,5770.14,STOP,-1267.73,-1710.10
confluence,HEROMOTOCO,2026-02-12,SHORT,2026-02-12T12:20:00,5711.00,5729.23,5683.66,52,18.23,2026-02-12T13:00:00,5729.23,STOP,-947.72,-1393.89
confluence,HEROMOTOCO,2026-02-19,SHORT,2026-02-19T10:40:00,5544.50,5562.47,5517.54,54,17.97,2026-02-19T11:20:00,5517.54,TARGET,1455.95,1007.94
confluence,HEROMOTOCO,2026-02-23,SHORT,2026-02-23T12:40:00,5454.00,5469.98,5430.04,55,15.98,2026-02-23T14:30:00,5456.50,TIME_STOP,-137.50,-587.56
confluence,HEROMOTOCO,2026-02-24,LONG,2026-02-24T14:10:00,5500.00,5484.64,5523.04,54,15.36,2026-02-24T14:30:00,5484.64,STOP,-829.57,-1274.45
confluence,EICHERMOT,2024-03-19,SHORT,2024-03-19T13:40:00,3695.95,3703.52,3684.59,81,7.57,2024-03-19T14:00:00,3703.52,STOP,-613.35,-1062.87
confluence,EICHERMOT,2024-03-22,LONG,2024-03-22T11:40:00,3951.25,3932.06,3980.04,75,19.19,2024-03-22T12:10:00,3980.04,TARGET,2158.93,1712.79
confluence,EICHERMOT,2024-03-27,LONG,2024-03-27T10:00:00,3954.20,3943.14,3970.78,75,11.06,2024-03-27T10:00:00,3970.78,TARGET,1243.81,798.03
confluence,EICHERMOT,2024-03-28,LONG,2024-03-28T10:40:00,3981.05,3962.87,4008.32,75,18.18,2024-03-28T11:50:00,4008.32,TARGET,2045.02,1595.62
confluence,EICHERMOT,2024-04-01,SHORT,2024-04-01T11:10:00,3968.75,3988.40,3939.28,75,19.65,2024-04-01T11:30:00,3988.40,STOP,-1473.46,-1921.05
confluence,EICHERMOT,2024-04-19,LONG,2024-04-19T13:00:00,4340.00,4318.42,4372.36,69,21.58,2024-04-19T14:50:00,4340.10,TIME_STOP,6.90,-442.30
confluence,EICHERMOT,2024-04-25,LONG,2024-04-25T12:40:00,4548.00,4530.12,4574.83,65,17.88,2024-04-25T14:30:00,4574.83,TARGET,1743.71,1298.97
confluence,EICHERMOT,2024-05-03,LONG,2024-05-03T10:00:00,4649.00,4632.07,4674.39,64,16.93,2024-05-03T10:20:00,4632.07,STOP,-1083.38,-1528.87
confluence,EICHERMOT,2024-05-07,SHORT,2024-05-07T11:20:00,4590.00,4607.00,4564.51,65,17.00,2024-05-07T13:10:00,4591.30,TIME_STOP,-84.50,-532.09
confluence,EICHERMOT,2024-05-08,SHORT,2024-05-08T10:30:00,4595.00,4617.14,4561.79,65,22.14,2024-05-08T12:20:00,4597.95,TIME_STOP,-191.75,-639.91
confluence,EICHERMOT,2024-05-09,SHORT,2024-05-09T12:20:00,4600.00,4623.15,4565.28,65,23.15,2024-05-09T14:10:00,4599.95,TIME_STOP,3.25,-445.25
confluence,EICHERMOT,2024-05-16,SHORT,2024-05-16T10:00:00,4627.55,4645.83,4600.13,64,18.28,2024-05-16T10:30:00,4600.13,TARGET,1754.64,1311.71
confluence,EICHERMOT,2024-05-22,LONG,2024-05-22T10:00:00,4690.40,4674.72,4713.92,63,15.68,2024-05-22T10:20:00,4674.72,STOP,-987.78,-1430.29
confluence,EICHERMOT,2024-05-28,LONG,2024-05-28T11:30:00,4813.85,4795.58,4841.25,62,18.27,2024-05-28T12:00:00,4795.58,STOP,-1132.69,-1579.53
confluence,EICHERMOT,2024-05-29,SHORT,2024-05-29T11:00:00,4773.70,4792.29,4745.82,62,18.59,2024-05-29T12:50:00,4768.00,TIME_STOP,353.40,-90.29
confluence,EICHERMOT,2024-06-12,LONG,2024-06-12T11:20:00,4791.90,4777.92,4812.87,62,13.98,2024-06-12T11:40:00,4812.87,TARGET,1299.90,853.28
confluence,EICHERMOT,2024-06-25,SHORT,2024-06-25T10:10:00,4859.20,4874.37,4836.44,61,15.17,2024-06-25T11:00:00,4836.44,TARGET,1388.46,944.88
confluence,EICHERMOT,2024-07-04,LONG,2024-07-04T10:50:00,4695.80,4682.93,4715.11,63,12.87,2024-07-04T10:50:00,4682.93,STOP,-810.88,-1254.02
confluence,EICHERMOT,2024-07-11,LONG,2024-07-11T10:00:00,4861.85,4840.17,4894.37,61,21.68,2024-07-11T11:10:00,4840.17,STOP,-1322.57,-1766.44
confluence,EICHERMOT,2024-07-12,LONG,2024-07-12T11:30:00,4835.05,4822.15,4854.40,62,12.90,2024-07-12T12:30:00,4854.40,TARGET,1199.49,748.93
confluence,EICHERMOT,2024-07-25,LONG,2024-07-25T10:10:00,4911.00,4896.61,4932.58,61,14.39,2024-07-25T10:20:00,4896.61,STOP,-877.72,-1326.42
confluence,EICHERMOT,2024-08-01,LONG,2024-08-01T13:20:00,4955.95,4941.48,4977.66,60,14.47,2024-08-01T13:40:00,4941.48,STOP,-868.43,-1313.81
confluence,EICHERMOT,2024-08-07,SHORT,2024-08-07T10:20:00,4619.20,4640.18,4587.73,64,20.98,2024-08-07T10:30:00,4640.18,STOP,-1342.84,-1787.29
confluence,EICHERMOT,2024-08-13,LONG,2024-08-13T11:30:00,4825.60,4812.93,4844.61,62,12.67,2024-08-13T11:50:00,4812.93,STOP,-785.62,-1233.81
confluence,EICHERMOT,2024-08-16,LONG,2024-08-16T13:20:00,4794.75,4782.44,4813.21,62,12.31,2024-08-16T14:20:00,4813.21,TARGET,1144.52,697.75
confluence,EICHERMOT,2024-08-19,LONG,2024-08-19T11:50:00,4801.95,4789.37,4820.82,62,12.58,2024-08-19T13:40:00,4805.00,TIME_STOP,189.10,-257.62
confluence,EICHERMOT,2024-09-03,LONG,2024-09-03T10:40:00,4938.65,4925.13,4958.93,60,13.52,2024-09-03T10:40:00,4925.13,STOP,-811.03,-1254.90
confluence,EICHERMOT,2024-09-10,SHORT,2024-09-10T10:10:00,4734.95,4747.20,4716.57,63,12.25,2024-09-10T10:20:00,4716.57,TARGET,1157.74,711.15
confluence,EICHERMOT,2024-09-11,SHORT,2024-09-11T14:10:00,4734.00,4748.34,4712.49,63,14.34,2024-09-11T15:20:00,4735.15,EOD,-72.45,-519.87
confluence,EICHERMOT,2024-09-18,SHORT,2024-09-18T13:10:00,4838.75,4855.16,4814.14,61,16.41,2024-09-18T13:40:00,4814.14,TARGET,1501.17,1059.55
confluence,EICHERMOT,2024-09-25,SHORT,2024-09-25T10:20:00,4867.45,4883.67,4843.12,61,16.22,2024-09-25T11:00:00,4883.67,STOP,-989.28,-1435.40
confluence,EICHERMOT,2024-10-11,LONG,2024-10-11T10:10:00,4751.75,4732.58,4780.51,63,19.17,2024-10-11T10:10:00,4780.51,TARGET,1811.97,1361.57
confluence,EICHERMOT,2024-10-31,LONG,2024-10-31T11:20:00,4894.85,4874.62,4925.19,61,20.23,2024-10-31T11:20:00,4874.62,STOP,-1233.73,-1680.69
confluence,EICHERMOT,2024-11-07,LONG,2024-11-07T13:50:00,4879.20,4863.93,4902.11,61,15.27,2024-11-07T15:20:00,4876.75,EOD,-149.45,-595.78
confluence,EICHERMOT,2024-11-11,SHORT,2024-11-11T13:50:00,4786.55,4800.70,4765.33,62,14.15,2024-11-11T14:20:00,4765.33,TARGET,1315.57,871.40
confluence,EICHERMOT,2024-11-22,LONG,2024-11-22T10:20:00,4921.00,4902.24,4949.14,60,18.76,2024-11-22T10:30:00,4902.24,STOP,-1125.80,-1567.84
confluence,EICHERMOT,2024-11-29,SHORT,2024-11-29T10:20:00,4832.75,4852.52,4803.09,62,19.77,2024-11-29T11:30:00,4845.10,REVERSE,-765.70,-1215.72
confluence,EICHERMOT,2024-12-10,SHORT,2024-12-10T10:50:00,4830.00,4840.55,4814.17,62,10.55,2024-12-10T11:20:00,4840.55,STOP,-654.30,-1103.98
confluence,EICHERMOT,2024-12-11,SHORT,2024-12-11T12:10:00,4816.15,4825.14,4802.66,62,8.99,2024-12-11T13:40:00,4802.66,TARGET,836.42,389.15
confluence,EICHERMOT,2024-12-16,SHORT,2024-12-16T11:10:00,4805.85,4818.88,4786.31,62,13.03,2024-12-16T11:40:00,4818.88,STOP,-807.73,-1255.28
confluence,EICHERMOT,2024-12-18,SHORT,2024-12-18T11:20:00,4769.10,4784.43,4746.10,62,15.33,2024-12-18T11:30:00,4784.43,STOP,-950.66,-1394.90
confluence,EICHERMOT,2024-12-23,SHORT,2024-12-23T14:10:00,4747.00,4759.81,4727.78,63,12.81,2024-12-23T14:30:00,4752.35,REVERSE,-337.05,-785.89
confluence,EICHERMOT,2024-12-30,LONG,2024-12-30T10:00:00,4882.95,4864.26,4910.98,61,18.69,2024-12-30T10:10:00,4864.26,STOP,-1139.86,-1585.79
confluence,EICHERMOT,2025-01-28,LONG,2025-01-28T13:40:00,5175.45,5158.11,5201.46,57,17.34,2025-01-28T13:40:00,5158.11,STOP,-988.49,-1430.25
confluence,EICHERMOT,2025-01-31,LONG,2025-01-31T10:40:00,5240.00,5214.20,5278.70,57,25.80,2025-01-31T10:40:00,5214.20,STOP,-1470.45,-1917.36
confluence,EICHERMOT,2025-02-01,LONG,2025-02-01T11:40:00,5204.95,5185.93,5233.49,57,19.02,2025-02-01T11:50:00,5185.93,STOP,-1084.42,-1528.63
confluence,EICHERMOT,2025-02-05,LONG,2025-02-05T13:40:00,5431.90,5417.79,5453.07,55,14.11,2025-02-05T14:10:00,5417.79,STOP,-776.05,-1223.60
confluence,EICHERMOT,2025-02-10,SHORT,2025-02-10T12:50:00,5359.90,5384.37,5323.20,55,24.47,2025-02-10T14:00:00,5323.20,TARGET,2018.75,1578.07
confluence,EICHERMOT,2025-03-13,LONG,2025-03-13T10:10:00,5029.00,5009.50,5058.25,59,19.50,2025-03-13T11:00:00,5009.50,STOP,-1150.37,-1594.57
confluence,EICHERMOT,2025-03-28,LONG,2025-03-28T11:10:00,5390.25,5369.95,5420.69,55,20.30,2025-03-28T12:30:00,5369.95,STOP,-1116.29,-1560.15
confluence,EICHERMOT,2025-04-01,SHORT,2025-04-01T11:20:00,5308.10,5339.94,5260.34,56,31.84,2025-04-01T13:10:00,5289.20,TIME_STOP,1058.40,613.31
confluence,EICHERMOT,2025-04-02,SHORT,2025-04-02T13:20:00,5327.60,5344.45,5302.32,56,16.85,2025-04-02T14:40:00,5344.45,STOP,-943.64,-1391.87
confluence,EICHERMOT,2025-04-09,LONG,2025-04-09T11:00:00,5232.00,5209.91,5265.14,57,22.09,2025-04-09T11:20:00,5265.14,TARGET,1888.96,1440.20
confluence,EICHERMOT,2025-04-24,SHORT,2025-04-24T11:10:00,5712.00,5733.46,5679.80,52,21.46,2025-04-24T12:30:00,5679.80,TARGET,1674.24,1229.96
confluence,EICHERMOT,2025-04-29,SHORT,2025-04-29T10:20:00,5587.50,5608.39,5556.16,53,20.89,2025-04-29T10:30:00,5556.16,TARGET,1661.05,1218.09
confluence,EICHERMOT,2025-05-26,SHORT,2025-05-26T14:10:00,5421.50,5434.56,5401.91,55,13.06,2025-05-26T15:20:00,5425.00,EOD,-192.50,-639.92
confluence,EICHERMOT,2025-05-30,SHORT,2025-05-30T12:20:00,5345.00,5359.18,5323.73,56,14.18,2025-05-30T14:10:00,5323.73,TARGET,1191.19,743.10
confluence,EICHERMOT,2025-06-02,SHORT,2025-06-02T13:40:00,5344.00,5355.98,5326.03,56,11.98,2025-06-02T13:40:00,5355.00,REVERSE,-616.00,-1065.36
confluence,EICHERMOT,2025-06-03,SHORT,2025-06-03T10:10:00,5335.00,5351.35,5310.47,56,16.35,2025-06-03T10:20:00,5351.35,STOP,-915.66,-1364.49
confluence,EICHERMOT,2025-06-04,SHORT,2025-06-04T11:40:00,5328.50,5341.81,5308.54,56,13.31,2025-06-04T12:00:00,5308.54,TARGET,1117.83,671.08
confluence,EICHERMOT,2025-06-05,SHORT,2025-06-05T13:40:00,5310.50,5322.31,5292.78,56,11.81,2025-06-05T14:50:00,5322.31,STOP,-661.41,-1107.98
confluence,EICHERMOT,2025-06-23,LONG,2025-06-23T11:10:00,5517.00,5503.39,5537.41,54,13.61,2025-06-23T11:10:00,5503.39,STOP,-734.87,-1181.19
confluence,EICHERMOT,2025-07-15,SHORT,2025-07-15T14:10:00,5585.50,5597.50,5567.50,53,12.00,2025-07-15T15:20:00,5593.00,EOD,-397.50,-841.85
confluence,EICHERMOT,2025-07-28,SHORT,2025-07-28T11:00:00,5395.50,5412.03,5370.70,55,16.53,2025-07-28T11:40:00,5412.03,STOP,-909.22,-1355.03
confluence,EICHERMOT,2025-07-29,SHORT,2025-07-29T11:30:00,5392.50,5406.17,5371.99,55,13.67,2025-07-29T11:30:00,5397.50,REVERSE,-275.00,-720.09
confluence,EICHERMOT,2025-07-31,LONG,2025-07-31T13:40:00,5492.00,5475.01,5517.49,54,16.99,2025-07-31T14:30:00,5475.01,STOP,-917.48,-1361.64
confluence,EICHERMOT,2025-08-11,LONG,2025-08-11T12:50:00,5700.00,5687.10,5719.36,52,12.90,2025-08-11T13:00:00,5687.10,STOP,-671.03,-1115.13
confluence,EICHERMOT,2025-08-12,LONG,2025-08-12T12:40:00,5672.50,5660.15,5691.03,52,12.35,2025-08-12T12:50:00,5691.03,TARGET,963.49,520.31
confluence,EICHERMOT,2025-08-21,LONG,2025-08-21T14:10:00,5945.50,5934.18,5962.48,50,11.32,2025-08-21T14:10:00,5962.48,TARGET,848.86,402.31
confluence,EICHERMOT,2025-08-22,LONG,2025-08-22T13:30:00,5954.50,5943.45,5971.07,50,11.05,2025-08-22T13:40:00,5943.45,STOP,-552.38,-998.55
confluence,EICHERMOT,2025-09-22,LONG,2025-09-22T10:20:00,6976.00,6956.90,7004.65,43,19.10,2025-09-22T11:50:00,7004.65,TARGET,1232.06,781.19
confluence,EICHERMOT,2025-09-24,LONG,2025-09-24T10:20:00,7044.00,7023.85,7074.23,42,20.15,2025-09-24T10:30:00,7023.85,STOP,-846.47,-1289.60
confluence,EICHERMOT,2025-09-25,LONG,2025-09-25T11:50:00,7018.00,7001.20,7043.20,42,16.80,2025-09-25T12:50:00,7010.00,REVERSE,-336.00,-777.88
confluence,EICHERMOT,2025-09-29,LONG,2025-09-29T13:10:00,7020.50,7005.70,7042.70,42,14.80,2025-09-29T14:00:00,7042.70,TARGET,932.38,489.39
confluence,EICHERMOT,2025-09-30,LONG,2025-09-30T12:40:00,7008.50,6992.26,7032.86,42,16.24,2025-09-30T14:30:00,7021.00,TIME_STOP,525.00,83.07
confluence,EICHERMOT,2025-10-01,SHORT,2025-10-01T10:30:00,7002.00,7020.74,6973.89,42,18.74,2025-10-01T10:30:00,7020.74,STOP,-786.98,-1228.70
confluence,EICHERMOT,2025-11-10,SHORT,2025-11-10T14:00:00,6827.50,6841.84,6805.98,43,14.34,2025-11-10T14:10:00,6841.84,STOP,-616.83,-1057.67
confluence,EICHERMOT,2025-11-18,SHORT,2025-11-18T10:40:00,6761.50,6777.85,6736.97,44,16.35,2025-11-18T11:00:00,6777.85,STOP,-719.57,-1166.36
confluence,EICHERMOT,2025-11-19,LONG,2025-11-19T12:40:00,6829.50,6816.56,6848.90,43,12.94,2025-11-19T13:00:00,6816.56,STOP,-556.25,-996.34
confluence,EICHERMOT,2025-11-26,LONG,2025-11-26T10:10:00,7251.00,7230.19,7282.22,41,20.81,2025-11-26T10:20:00,7230.19,STOP,-853.36,-1298.66
confluence,EICHERMOT,2025-12-04,SHORT,2025-12-04T12:10:00,7079.00,7096.34,7053.00,42,17.34,2025-12-04T12:30:00,7096.34,STOP,-728.12,-1174.65
confluence,EICHERMOT,2025-12-30,SHORT,2025-12-30T11:00:00,7257.50,7284.11,7217.59,41,26.61,2025-12-30T12:30:00,7217.59,TARGET,1636.31,1191.21
confluence,EICHERMOT,2026-01-07,LONG,2026-01-07T10:40:00,7535.00,7516.73,7562.41,39,18.27,2026-01-07T11:00:00,7562.41,TARGET,1069.08,627.48
confluence,EICHERMOT,2026-01-13,SHORT,2026-01-13T12:50:00,7403.50,7426.25,7369.37,40,22.75,2026-01-13T14:00:00,7369.37,TARGET,1365.22,922.03
confluence,EICHERMOT,2026-01-20,SHORT,2026-01-20T10:10:00,7312.00,7333.35,7279.98,41,21.35,2026-01-20T10:40:00,7333.35,STOP,-875.16,-1325.51
confluence,EICHERMOT,2026-01-22,SHORT,2026-01-22T11:50:00,7113.00,7144.64,7065.55,42,31.64,2026-01-22T13:40:00,7065.55,TARGET,1993.06,1546.43
confluence,EICHERMOT,2026-01-29,SHORT,2026-01-29T12:20:00,7019.00,7047.43,6976.35,42,28.43,2026-01-29T12:30:00,7035.50,REVERSE,-693.00,-1135.72
confluence,EICHERMOT,2026-01-30,SHORT,2026-01-30T10:10:00,7015.00,7040.97,6976.05,42,25.97,2026-01-30T10:30:00,7040.97,STOP,-1090.58,-1533.35
confluence,EICHERMOT,2026-02-18,LONG,2026-02-18T14:00:00,7990.00,7977.82,8008.27,37,12.18,2026-02-18T15:00:00,8008.27,TARGET,675.89,231.94
confluence,EICHERMOT,2026-02-20,SHORT,2026-02-20T13:20:00,7929.50,7948.25,7901.38,37,18.75,2026-02-20T13:30:00,7948.25,STOP,-693.70,-1134.30
confluence,EICHERMOT,2026-03-06,SHORT,2026-03-06T10:10:00,7633.00,7661.75,7589.87,39,28.75,2026-03-06T10:10:00,7647.00,REVERSE,-546.00,-992.94
confluence,EICHERMOT,2026-03-11,SHORT,2026-03-11T11:10:00,7466.50,7497.99,7419.27,40,31.49,2026-03-11T11:10:00,7419.27,TARGET,1889.17,1442.60
confluence,TITAN,2024-03-19,SHORT,2024-03-19T14:10:00,3575.90,3583.07,3565.15,83,7.17,2024-03-19T14:10:00,3583.07,STOP,-594.85,-1040.49
confluence,TITAN,2024-04-18,SHORT,2024-04-18T13:40:00,3598.65,3612.66,3577.64,83,14.01,2024-04-18T13:40:00,3577.64,TARGET,1743.76,1297.04
confluence,TITAN,2024-04-26,SHORT,2024-04-26T10:20:00,3571.75,3584.60,3552.48,83,12.85,2024-04-26T10:20:00,3584.60,STOP,-1066.38,-1511.86
confluence,TITAN,2024-05-08,SHORT,2024-05-08T10:40:00,3244.05,3257.68,3223.61,92,13.63,2024-05-08T11:20:00,3257.68,STOP,-1253.57,-1702.19
confluence,TITAN,2024-05-09,SHORT,2024-05-09T13:00:00,3255.00,3266.58,3237.63,92,11.58,2024-05-09T13:40:00,3266.58,STOP,-1065.39,-1515.38
confluence,TITAN,2024-05-15,SHORT,2024-05-15T10:20:00,3276.80,3286.43,3262.36,91,9.63,2024-05-15T11:30:00,3262.36,TARGET,1313.99,867.69
confluence,TITAN,2024-05-24,LONG,2024-05-24T11:00:00,3433.95,3423.43,3449.72,87,10.52,2024-05-24T12:20:00,3429.00,REVERSE,-430.65,-878.46
confluence,TITAN,2024-05-27,LONG,2024-05-27T12:10:00,3432.50,3421.86,3448.46,87,10.64,2024-05-27T13:00:00,3421.86,STOP,-925.63,-1372.88
confluence,TITAN,2024-05-31,SHORT,2024-05-31T13:10:00,3265.10,3276.82,3247.52,91,11.72,2024-05-31T13:50:00,3276.82,STOP,-1066.66,-1513.15
confluence,TITAN,2024-07-18,LONG,2024-07-18T10:20:00,3248.00,3238.84,3261.74,92,9.16,2024-07-18T10:50:00,3238.84,STOP,-842.57,-1290.16
confluence,TITAN,2024-07-22,LONG,2024-07-22T11:50:00,3269.55,3259.16,3285.14,91,10.39,2024-07-22T12:40:00,3259.16,STOP,-945.78,-1391.37
confluence,TITAN,2024-07-23,LONG,2024-07-23T12:20:00,3378.05,3360.68,3404.11,88,17.37,2024-07-23T12:20:00,3360.68,STOP,-1528.90,-1973.65
confluence,TITAN,2024-07-26,LONG,2024-07-26T10:40:00,3417.10,3406.49,3433.01,87,10.61,2024-07-26T10:50:00,3433.01,TARGET,1383.98,937.01
confluence,TITAN,2024-08-08,SHORT,2024-08-08T10:30:00,3333.05,3342.21,3319.32,90,9.16,2024-08-08T10:30:00,3342.21,STOP,-824.00,-1274.58
confluence,TITAN,2024-08-09,SHORT,2024-08-09T11:30:00,3295.00,3307.24,3276.64,91,12.24,2024-08-09T12:40:00,3307.24,STOP,-1113.59,-1564.19
confluence,TITAN,2024-08-12,SHORT,2024-08-12T10:10:00,3301.30,3311.14,3286.54,90,9.84,2024-08-12T10:20:00,3311.14,STOP,-885.38,-1331.72
confluence,TITAN,2024-08-13,LONG,2024-08-13T10:40:00,3337.65,3327.42,3352.99,89,10.23,2024-08-13T11:00:00,3352.99,TARGET,1365.47,918.87
confluence,TITAN,2024-09-03,LONG,2024-09-03T11:20:00,3581.40,3573.07,3593.89,83,8.33,2024-09-03T11:30:00,3593.89,TARGET,1036.58,589.92
confluence,TITAN,2024-09-04,LONG,2024-09-04T13:30:00,3603.05,3594.97,3615.17,83,8.08,2024-09-04T15:20:00,3606.35,TIME_STOP,273.90,-174.89
confluence,TITAN,2024-09-09,LONG,2024-09-09T10:00:00,3713.25,3697.26,3737.24,80,15.99,2024-09-09T10:10:00,3697.26,STOP,-1279.46,-1724.09
confluence,TITAN,2024-09-12,LONG,2024-09-12T10:10:00,3748.70,3735.83,3768.01,80,12.87,2024-09-12T11:50:00,3735.83,STOP,-1029.96,-1479.03
confluence,TITAN,2024-09-20,LONG,2024-09-20T10:10:00,3785.00,3770.10,3807.35,79,14.90,2024-09-20T10:20:00,3770.10,STOP,-1177.30,-1624.94
confluence,TITAN,2024-10-04,SHORT,2024-10-04T13:20:00,3686.85,3708.08,3655.00,81,21.23,2024-10-04T13:50:00,3708.08,STOP,-1719.70,-2168.94
confluence,TITAN,2024-10-11,SHORT,2024-10-11T11:50:00,3457.75,3468.18,3442.11,86,10.43,2024-10-11T12:30:00,3468.18,STOP,-896.84,-1343.56
confluence,TITAN,2024-10-15,SHORT,2024-10-15T10:30:00,3494.20,3504.17,3479.24,85,9.97,2024-10-15T10:30:00,3479.24,TARGET,1271.49,826.93
confluence,TITAN,2024-10-16,SHORT,2024-10-16T10:10:00,3485.20,3494.39,3471.41,86,9.19,2024-10-16T10:30:00,3471.41,TARGET,1185.72,737.01
confluence,TITAN,2024-10-22,SHORT,2024-10-22T10:20:00,3347.10,3364.62,3320.82,89,17.52,2024-10-22T12:10:00,3339.00,TIME_STOP,720.90,274.60
confluence,TITAN,2024-11-05,SHORT,2024-11-05T11:40:00,3210.35,3224.48,3189.15,93,14.13,2024-11-05T13:20:00,3189.15,TARGET,1971.70,1525.33
confluence,TITAN,2024-11-08,SHORT,2024-11-08T12:10:00,3119.55,3129.22,3105.04,96,9.67,2024-11-08T12:10:00,3129.22,STOP,-928.42,-1378.33
confluence,TITAN,2024-11-27,LONG,2024-11-27T14:00:00,3308.25,3299.64,3321.16,90,8.61,2024-11-27T14:00:00,3299.64,STOP,-774.52,-1220.55
confluence,TITAN,2024-12-09,LONG,2024-12-09T11:40:00,3476.00,3463.54,3494.69,86,12.46,2024-12-09T12:00:00,3463.54,STOP,-1071.39,-1518.99
confluence,TITAN,2024-12-13,LONG,2024-12-13T12:40:00,3459.85,3445.65,3481.15,86,14.20,2024-12-13T13:10:00,3481.15,TARGET,1832.21,1384.51
confluence,TITAN,2024-12-16,SHORT,2024-12-16T11:00:00,3458.20,3470.04,3440.43,86,11.84,2024-12-16T12:00:00,3440.43,TARGET,1527.98,1083.02
confluence,TITAN,2024-12-18,SHORT,2024-12-18T12:50:00,3402.70,3411.30,3389.80,88,8.60,2024-12-18T13:10:00,3411.30,STOP,-756.63,-1206.36
confluence,TITAN,2024-12-23,LONG,2024-12-23T11:10:00,3393.20,3379.90,3413.15,88,13.30,2024-12-23T13:00:00,3399.20,TIME_STOP,528.00,79.70
confluence,TITAN,2024-12-27,SHORT,2024-12-27T12:20:00,3328.55,3336.01,3317.36,90,7.46,2024-12-27T14:10:00,3322.85,TIME_STOP,513.00,64.03
confluence,TITAN,2025-01-01,SHORT,2025-01-01T11:50:00,3251.90,3261.25,3237.88,92,9.35,2025-01-01T13:40:00,3249.95,TIME_STOP,179.40,-269.23
confluence,TITAN,2025-01-16,SHORT,2025-01-16T10:20:00,3300.95,3312.46,3283.68,90,11.51,2025-01-16T10:30:00,3283.68,TARGET,1554.33,1109.87
confluence,TITAN,2025-01-24,LONG,2025-01-24T10:50:00,3405.95,3393.56,3424.53,88,12.39,2025-01-24T11:40:00,3424.53,TARGET,1635.32,1184.51
confluence,TITAN,2025-02-01,LONG,2025-02-01T12:30:00,3570.40,3543.26,3611.11,84,27.14,2025-02-01T12:30:00,3543.26,STOP,-2279.80,-2727.96
confluence,TITAN,2025-02-04,LONG,2025-02-04T14:00:00,3587.50,3570.69,3612.71,83,16.81,2025-02-04T14:00:00,3570.69,STOP,-1395.08,-1840.68
confluence,TITAN,2025-02-11,SHORT,2025-02-11T13:10:00,3311.35,3323.42,3293.24,90,12.07,2025-02-11T13:10:00,3293.24,TARGET,1629.57,1183.76
confluence,TITAN,2025-02-18,SHORT,2025-02-18T10:30:00,3200.30,3212.88,3181.44,93,12.58,2025-02-18T10:40:00,3212.88,STOP,-1169.62,-1616.94
confluence,TITAN,2025-02-19,SHORT,2025-02-19T12:20:00,3220.25,3229.06,3207.03,93,8.81,2025-02-19T13:40:00,3207.03,TARGET,1229.47,781.16
confluence,TITAN,2025-02-27,SHORT,2025-02-27T10:10:00,3179.15,3189.72,3163.30,94,10.57,2025-02-27T10:30:00,3189.72,STOP,-993.48,-1442.49
confluence,TITAN,2025-03-13,SHORT,2025-03-13T12:10:00,3017.25,3028.14,3000.91,99,10.89,2025-03-13T13:20:00,3000.91,TARGET,1617.30,1170.46
confluence,TITAN,2025-03-17,SHORT,2025-03-17T10:30:00,3010.90,3020.65,2996.28,99,9.75,2025-03-17T11:00:00,3020.65,STOP,-965.18,-1413.03
confluence,TITAN,2025-03-27,SHORT,2025-03-27T13:40:00,3072.00,3078.97,3061.54,97,6.97,2025-03-27T13:50:00,3074.60,REVERSE,-252.20,-699.37
confluence,TITAN,2025-04-09,LONG,2025-04-09T10:40:00,3134.00,3118.10,3157.85,95,15.90,2025-04-09T11:40:00,3157.85,TARGET,2265.63,1817.34
confluence,TITAN,2025-04-16,LONG,2025-04-16T12:50:00,3272.10,3264.78,3283.08,91,7.32,2025-04-16T13:00:00,3264.78,STOP,-665.98,-1112.12
confluence,TITAN,2025-04-17,LONG,2025-04-17T10:50:00,3269.80,3256.91,3289.13,91,12.89,2025-04-17T11:00:00,3256.91,STOP,-1172.71,-1618.16
confluence,TITAN,2025-04-22,LONG,2025-04-22T12:50:00,3337.10,3329.03,3349.20,89,8.07,2025-04-22T14:10:00,3349.20,TARGET,1077.32,631.01
confluence,TITAN,2025-04-23,LONG,2025-04-23T13:10:00,3354.00,3345.04,3367.43,89,8.96,2025-04-23T13:20:00,3345.04,STOP,-797.11,-1244.27
confluence,TITAN,2025-04-25,LONG,2025-04-25T14:00:00,3366.30,3354.92,3383.36,89,11.38,2025-04-25T15:20:00,3362.60,EOD,-329.30,-778.45
confluence,TITAN,2025-05-15,LONG,2025-05-15T11:10:00,3606.30,3593.24,3625.89,83,13.06,2025-05-15T11:10:00,3593.24,STOP,-1084.03,-1532.20
confluence,TITAN,2025-05-27,LONG,2025-05-27T11:40:00,3629.20,3612.87,3653.69,82,16.33,2025-05-27T11:40:00,3612.87,STOP,-1338.69,-1784.08
confluence,TITAN,2025-05-30,SHORT,2025-05-30T11:20:00,3571.00,3580.19,3557.21,84,9.19,2025-05-30T13:10:00,3573.00,TIME_STOP,-168.00,-618.07
confluence,TITAN,2025-06-03,SHORT,2025-06-03T13:10:00,3520.50,3536.02,3497.22,85,15.52,2025-06-03T15:00:00,3518.40,TIME_STOP,178.50,-270.23
confluence,TITAN,2025-06-05,SHORT,2025-06-05T13:40:00,3493.40,3503.61,3478.08,85,10.21,2025-06-05T14:40:00,3503.61,STOP,-868.06,-1314.12
confluence,TITAN,2025-06-11,LONG,2025-06-11T12:20:00,3532.80,3525.83,3543.25,84,6.97,2025-06-11T12:40:00,3525.83,STOP,-585.40,-1030.09
confluence,TITAN,2025-06-18,SHORT,2025-06-18T11:40:00,3402.00,3410.52,3389.21,88,8.52,2025-06-18T11:50:00,3410.52,STOP,-750.08,-1199.71
confluence,TITAN,2025-06-23,LONG,2025-06-23T13:30:00,3524.90,3515.96,3538.32,85,8.94,2025-06-23T14:00:00,3515.96,STOP,-760.30,-1209.15
confluence,TITAN,2025-06-27,LONG,2025-06-27T13:00:00,3681.10,3673.85,3691.97,81,7.25,2025-06-27T13:30:00,3673.85,STOP,-586.89,-1033.70
confluence,TITAN,2025-07-02,LONG,2025-07-02T10:50:00,3712.50,3705.34,3723.24,80,7.16,2025-07-02T11:30:00,3705.34,STOP,-572.76,-1017.83
confluence,TITAN,2025-07-03,LONG,2025-07-03T10:20:00,3708.40,3700.53,3720.20,80,7.87,2025-07-03T11:10:00,3700.53,STOP,-629.25,-1073.79
confluence,TITAN,2025-07-23,LONG,2025-07-23T11:30:00,3471.80,3463.64,3484.04,86,8.16,2025-07-23T13:20:00,3475.80,TIME_STOP,344.00,-104.12
confluence,TITAN,2025-07-25,LONG,2025-07-25T11:30:00,3471.50,3464.69,3481.71,86,6.81,2025-07-25T12:00:00,3464.69,STOP,-585.32,-1032.70
confluence,TITAN,2025-07-30,SHORT,2025-07-30T10:00:00,3363.80,3371.62,3352.06,89,7.82,2025-07-30T11:20:00,3371.62,STOP,-696.29,-1145.88
confluence,TITAN,2025-08-11,LONG,2025-08-11T11:50:00,3460.00,3448.37,3477.44,86,11.63,2025-08-11T13:30:00,3477.44,TARGET,1499.97,1052.51
confluence,TITAN,2025-08-14,LONG,2025-08-14T12:20:00,3483.00,3475.62,3494.07,86,7.38,2025-08-14T13:00:00,3494.07,TARGET,951.88,501.86
confluence,TITAN,2025-08-28,LONG,2025-08-28T11:20:00,3633.20,3623.72,3647.42,82,9.48,2025-08-28T11:20:00,3647.42,TARGET,1165.73,717.97
confluence,TITAN,2025-09-01,SHORT,2025-09-01T13:10:00,3621.40,3627.73,3611.90,82,6.33,2025-09-01T13:20:00,3627.73,STOP,-519.12,-964.94
confluence,TITAN,2025-09-03,LONG,2025-09-03T10:10:00,3639.00,3631.06,3650.90,82,7.94,2025-09-03T10:10:00,3631.06,STOP,-650.71,-1097.82
confluence,TITAN,2025-09-05,LONG,2025-09-05T10:20:00,3691.90,3682.59,3705.87,81,9.31,2025-09-05T11:30:00,3686.80,REVERSE,-413.10,-861.36
confluence,TITAN,2025-09-08,LONG,2025-09-08T11:20:00,3675.00,3666.43,3687.85,81,8.57,2025-09-08T11:40:00,3666.43,STOP,-694.08,-1140.07
confluence,TITAN,2025-09-12,SHORT,2025-09-12T12:40:00,3585.90,3592.87,3575.45,83,6.97,2025-09-12T13:20:00,3575.45,TARGET,867.24,421.45
confluence,TITAN,2025-09-17,SHORT,2025-09-17T10:40:00,3534.50,3543.88,3520.43,84,9.38,2025-09-17T11:30:00,3520.43,TARGET,1181.55,737.09
confluence,TITAN,2025-09-30,SHORT,2025-09-30T12:50:00,3390.40,3399.85,3376.23,88,9.45,2025-09-30T13:00:00,3376.23,TARGET,1247.33,800.73
confluence,TITAN,2025-10-06,LONG,2025-10-06T12:40:00,3430.00,3420.85,3443.73,87,9.15,2025-10-06T14:10:00,3443.73,TARGET,1194.43,745.92
confluence,TITAN,2025-10-21,LONG,2025-10-21T14:00:00,3742.80,3729.36,3762.96,80,13.44,2025-10-21T14:20:00,3729.36,STOP,-1075.19,-1523.52
confluence,TITAN,2025-10-27,LONG,2025-10-27T10:20:00,3734.40,3726.28,3746.58,80,8.12,2025-10-27T10:20:00,3726.28,STOP,-649.45,-1097.09
confluence,TITAN,2025-10-30,LONG,2025-10-30T11:10:00,3759.60,3750.57,3773.15,79,9.03,2025-10-30T11:20:00,3773.15,TARGET,1070.14,623.83
confluence,TITAN,2025-10-31,LONG,2025-10-31T14:00:00,3763.30,3756.37,3773.70,79,6.93,2025-10-31T14:50:00,3756.37,STOP,-547.70,-993.24
confluence,TITAN,2025-11-18,LONG,2025-11-18T13:40:00,3861.00,3854.47,3870.79,77,6.53,2025-11-18T13:40:00,3854.47,STOP,-502.57,-948.14
confluence,TITAN,2025-11-24,LONG,2025-11-24T10:20:00,3933.50,3924.08,3947.63,76,9.42,2025-11-24T10:30:00,3924.08,STOP,-716.16,-1164.04
confluence,TITAN,2025-11-25,LONG,2025-11-25T10:20:00,3906.00,3896.40,3920.40,76,9.60,2025-11-25T11:00:00,3896.40,STOP,-729.84,-1174.58
confluence,TITAN,2025-11-26,LONG,2025-11-26T10:10:00,3894.70,3883.14,3912.03,77,11.56,2025-11-26T11:00:00,3912.03,TARGET,1334.69,883.85
confluence,TITAN,2025-12-04,SHORT,2025-12-04T12:30:00,3809.90,3818.23,3797.41,78,8.33,2025-12-04T12:40:00,3797.41,TARGET,974.43,529.40
confluence,TITAN,2025-12-11,LONG,2025-12-11T12:50:00,3832.70,3823.31,3846.79,78,9.39,2025-12-11T14:20:00,3846.79,TARGET,1098.65,649.40
confluence,TITAN,2025-12-18,LONG,2025-12-18T11:00:00,3909.00,3901.19,3920.71,76,7.81,2025-12-18T11:10:00,3901.19,STOP,-593.20,-1038.38
confluence,TITAN,2025-12-22,LONG,2025-12-22T10:00:00,3944.50,3936.78,3956.08,76,7.72,2025-12-22T11:00:00,3936.78,STOP,-586.79,-1036.02
confluence,TITAN,2025-12-30,LONG,2025-12-30T13:50:00,3991.40,3985.08,4000.87,75,6.32,2025-12-30T14:00:00,3985.08,STOP,-473.68,-922.35
confluence,TITAN,2026-01-02,LONG,2026-01-02T11:30:00,4048.10,4036.63,4065.30,74,11.47,2026-01-02T13:20:00,4045.30,TIME_STOP,-207.20,-656.38
confluence,TITAN,2026-01-14,LONG,2026-01-14T10:10:00,4238.00,4227.47,4253.79,70,10.53,2026-01-14T10:10:00,4227.47,STOP,-736.87,-1181.30
confluence,TITAN,2026-01-21,SHORT,2026-01-21T13:30:00,4080.10,4093.17,4060.49,73,13.07,2026-01-21T15:20:00,4084.60,TIME_STOP,-328.50,-775.52
confluence,TITAN,2026-01-22,SHORT,2026-01-22T11:20:00,4071.20,4083.63,4052.56,73,12.43,2026-01-22T11:40:00,4052.56,TARGET,1360.93,916.16
confluence,TITAN,2026-02-06,SHORT,2026-02-06T10:10:00,4071.70,4085.40,4051.15,73,13.70,2026-02-06T10:20:00,4085.40,STOP,-999.95,-1446.55
confluence,TITAN,2026-02-12,LONG,2026-02-12T13:30:00,4268.90,4254.34,4290.73,70,14.56,2026-02-12T13:50:00,4254.34,STOP,-1018.95,-1466.42
confluence,TITAN,2026-02-20,LONG,2026-02-20T10:20:00,4235.00,4220.65,4256.53,70,14.35,2026-02-20T12:10:00,4241.80,TIME_STOP,476.00,30.97
confluence,TITAN,2026-02-24,LONG,2026-02-24T11:10:00,4271.80,4262.64,4285.54,70,9.16,2026-02-24T11:30:00,4262.64,STOP,-641.21,-1089.26
confluence,TITAN,2026-02-27,LONG,2026-02-27T11:20:00,4330.00,4321.92,4342.12,69,8.08,2026-02-27T11:30:00,4321.92,STOP,-557.31,-1005.05
confluence,TITAN,2026-03-11,SHORT,2026-03-11T10:50:00,4184.70,4198.35,4164.22,71,13.65,2026-03-11T11:30:00,4164.22,TARGET,1453.89,1009.31
confluence,ASIANPAINT,2024-03-20,SHORT,2024-03-20T14:00:00,2808.50,2814.99,2798.76,106,6.49,2024-03-20T14:10:00,2814.99,STOP,-688.02,-1135.09
confluence,ASIANPAINT,2024-03-22,LONG,2024-03-22T12:00:00,2829.95,2822.90,2840.53,106,7.05,2024-03-22T13:50:00,2833.05,TIME_STOP,328.60,-121.61
confluence,ASIANPAINT,2024-03-26,SHORT,2024-03-26T10:10:00,2825.85,2834.72,2812.55,106,8.87,2024-03-26T11:40:00,2812.55,TARGET,1409.92,961.66
confluence,ASIANPAINT,2024-03-27,LONG,2024-03-27T10:10:00,2828.60,2822.51,2837.73,106,6.09,2024-03-27T12:00:00,2828.45,TIME_STOP,-15.90,-465.64
confluence,ASIANPAINT,2024-03-28,LONG,2024-03-28T10:20:00,2837.55,2831.26,2846.98,105,6.29,2024-03-28T10:30:00,2831.26,STOP,-660.35,-1106.76
confluence,ASIANPAINT,2024-04-03,LONG,2024-04-03T12:50:00,2869.00,2863.51,2877.23,104,5.49,2024-04-03T13:30:00,2877.23,TARGET,856.40,408.19
confluence,ASIANPAINT,2024-04-04,LONG,2024-04-04T12:20:00,2877.75,2869.87,2889.56,104,7.88,2024-04-04T12:50:00,2889.56,TARGET,1228.66,778.81
confluence,ASIANPAINT,2024-04-09,LONG,2024-04-09T10:00:00,2911.75,2904.66,2922.39,103,7.09,2024-04-09T10:10:00,2904.66,STOP,-730.34,-1179.66
confluence,ASIANPAINT,2024-04-18,SHORT,2024-04-18T13:50:00,2820.45,2830.40,2805.52,106,9.95,2024-04-18T15:10:00,2805.52,TARGET,1582.71,1135.44
confluence,ASIANPAINT,2024-04-25,LONG,2024-04-25T13:50:00,2854.05,2848.02,2863.10,105,6.03,2024-04-25T14:10:00,2863.10,TARGET,950.26,500.04
confluence,ASIANPAINT,2024-05-06,LONG,2024-05-06T10:40:00,2939.50,2926.34,2959.25,102,13.16,2024-05-06T12:30:00,2934.25,TIME_STOP,-535.50,-984.84
confluence,ASIANPAINT,2024-05-14,LONG,2024-05-14T10:40:00,2861.00,2848.92,2879.11,104,12.08,2024-05-14T12:30:00,2873.95,TIME_STOP,1346.80,899.47
confluence,ASIANPAINT,2024-05-27,LONG,2024-05-27T11:10:00,2882.65,2873.54,2896.32,104,9.11,2024-05-27T11:20:00,2873.54,STOP,-947.46,-1396.44
confluence,ASIANPAINT,2024-05-28,LONG,2024-05-28T11:20:00,2880.90,2874.02,2891.22,104,6.88,2024-05-28T11:20:00,2876.50,REVERSE,-457.60,-906.68
confluence,ASIANPAINT,2024-05-30,LONG,2024-05-30T12:50:00,2902.00,2894.61,2913.09,103,7.39,2024-05-30T13:20:00,2894.61,STOP,-761.55,-1209.34
confluence,ASIANPAINT,2024-06-07,SHORT,2024-06-07T13:40:00,2914.50,2924.85,2898.97,102,10.35,2024-06-07T13:50:00,2924.85,STOP,-1055.71,-1502.42
confluence,ASIANPAINT,2024-06-20,LONG,2024-06-20T13:10:00,2915.95,2909.14,2926.16,102,6.81,2024-06-20T15:00:00,2914.20,TIME_STOP,-178.50,-624.51
confluence,ASIANPAINT,2024-07-02,LONG,2024-07-02T11:10:00,2930.60,2924.06,2940.41,102,6.54,2024-07-02T11:40:00,2924.06,STOP,-666.81,-1114.69
confluence,ASIANPAINT,2024-07-04,LONG,2024-07-04T10:10:00,2947.00,2939.89,2957.67,101,7.11,2024-07-04T10:20:00,2939.89,STOP,-718.21,-1164.14
confluence,ASIANPAINT,2024-07-12,LONG,2024-07-12T12:40:00,3018.85,3008.55,3034.30,99,10.30,2024-07-12T12:50:00,3008.55,STOP,-1020.02,-1467.55
confluence,ASIANPAINT,2024-07-16,LONG,2024-07-16T11:10:00,2975.80,2967.90,2987.65,100,7.90,2024-07-16T12:10:00,2987.65,TARGET,1185.20,737.94
confluence,ASIANPAINT,2024-07-19,SHORT,2024-07-19T12:40:00,2932.40,2944.27,2914.59,102,11.87,2024-07-19T13:10:00,2944.27,STOP,-1210.83,-1660.40
confluence,ASIANPAINT,2024-07-22,SHORT,2024-07-22T11:30:00,2944.05,2956.79,2924.94,101,12.74,2024-07-22T13:20:00,2929.90,TIME_STOP,1429.15,984.20
confluence,ASIANPAINT,2024-07-24,SHORT,2024-07-24T13:40:00,2903.05,2911.42,2890.49,103,8.37,2024-07-24T14:10:00,2911.42,STOP,-862.30,-1311.47
confluence,ASIANPAINT,2024-08-05,LONG,2024-08-05T10:10:00,3141.00,3127.19,3161.72,95,13.81,2024-08-05T10:10:00,3127.19,STOP,-1312.15,-1758.76
confluence,ASIANPAINT,2024-08-16,LONG,2024-08-16T12:20:00,3036.30,3026.65,3050.77,98,9.65,2024-08-16T13:00:00,3026.65,STOP,-945.68,-1391.30
confluence,ASIANPAINT,2024-08-26,LONG,2024-08-26T10:40:00,3163.70,3155.19,3176.47,94,8.51,2024-08-26T12:00:00,3155.19,STOP,-800.14,-1245.62
confluence,ASIANPAINT,2024-08-27,LONG,2024-08-27T10:20:00,3174.15,3166.31,3185.90,94,7.84,2024-08-27T10:40:00,3185.90,TARGET,1104.88,656.49
confluence,ASIANPAINT,2024-09-13,LONG,2024-09-13T13:40:00,3355.30,3347.61,3366.84,89,7.69,2024-09-13T15:20:00,3362.95,EOD,680.85,232.41
confluence,ASIANPAINT,2024-09-19,SHORT,2024-09-19T13:10:00,3277.60,3287.57,3262.64,91,9.97,2024-09-19T13:20:00,3287.57,STOP,-907.49,-1355.56
confluence,ASIANPAINT,2024-10-30,SHORT,2024-10-30T10:20:00,2976.30,2985.99,2961.77,100,9.69,2024-10-30T10:20:00,2985.99,STOP,-968.83,-1416.00
confluence,ASIANPAINT,2024-11-07,SHORT,2024-11-07T10:00:00,2864.50,2874.97,2848.80,104,10.47,2024-11-07T10:20:00,2874.97,STOP,-1088.70,-1536.38
confluence,ASIANPAINT,2024-11-25,SHORT,2024-11-25T13:10:00,2464.20,2470.77,2454.34,121,6.57,2024-11-25T13:30:00,2470.77,STOP,-795.49,-1243.34
confluence,ASIANPAINT,2024-12-02,LONG,2024-12-02T12:40:00,2483.50,2477.87,2491.95,120,5.63,2024-12-02T12:40:00,2477.87,STOP,-675.64,-1122.16
confluence,ASIANPAINT,2024-12-06,SHORT,2024-12-06T10:30:00,2442.55,2450.17,2431.12,122,7.62,2024-12-06T12:20:00,2436.20,TIME_STOP,774.70,328.29
confluence,ASIANPAINT,2024-12-16,SHORT,2024-12-16T10:40:00,2390.20,2397.26,2379.62,125,7.06,2024-12-16T12:30:00,2393.70,TIME_STOP,-437.50,-885.99
confluence,ASIANPAINT,2024-12-18,SHORT,2024-12-18T12:40:00,2355.95,2361.73,2347.28,127,5.78,2024-12-18T13:00:00,2361.73,STOP,-734.33,-1183.69
confluence,ASIANPAINT,2024-12-23,SHORT,2024-12-23T12:10:00,2288.05,2293.97,2279.17,131,5.92,2024-12-23T12:30:00,2279.17,TARGET,1163.59,714.86
confluence,ASIANPAINT,2024-12-27,SHORT,2024-12-27T13:50:00,2273.70,2277.71,2267.68,131,4.01,2024-12-27T14:50:00,2267.68,TARGET,788.39,342.20
confluence,ASIANPAINT,2024-12-30,SHORT,2024-12-30T12:30:00,2269.05,2273.81,2261.90,132,4.76,2024-12-30T12:40:00,2273.81,STOP,-628.90,-1078.64
confluence,ASIANPAINT,2025-01-02,LONG,2025-01-02T11:20:00,2314.50,2308.88,2322.92,129,5.62,2025-01-02T12:30:00,2322.92,TARGET,1086.51,637.84
confluence,ASIANPAINT,2025-01-07,SHORT,2025-01-07T13:50:00,2290.45,2296.18,2281.85,130,5.73,2025-01-07T14:10:00,2296.18,STOP,-745.15,-1192.35
confluence,ASIANPAINT,2025-01-08,SHORT,2025-01-08T12:00:00,2290.65,2297.36,2280.59,130,6.71,2025-01-08T12:00:00,2292.45,REVERSE,-234.00,-680.85
confluence,ASIANPAINT,2025-01-24,LONG,2025-01-24T12:00:00,2289.90,2283.11,2300.08,131,6.79,2025-01-24T12:00:00,2283.11,STOP,-889.45,-1338.75
confluence,ASIANPAINT,2025-01-27,LONG,2025-01-27T11:40:00,2273.55,2265.13,2286.18,131,8.42,2025-01-27T12:30:00,2265.13,STOP,-1103.27,-1549.19
confluence,ASIANPAINT,2025-01-28,SHORT,2025-01-28T14:00:00,2252.95,2258.97,2243.91,133,6.02,2025-01-28T14:30:00,2258.97,STOP,-801.25,-1251.32
confluence,ASIANPAINT,2025-01-31,LONG,2025-01-31T10:50:00,2250.85,2242.86,2262.84,133,7.99,2025-01-31T11:00:00,2262.84,TARGET,1594.22,1143.98
confluence,ASIANPAINT,2025-02-10,SHORT,2025-02-10T12:10:00,2260.05,2267.35,2249.10,132,7.30,2025-02-10T13:50:00,2267.35,STOP,-963.59,-1411.80
confluence,ASIANPAINT,2025-02-11,SHORT,2025-02-11T10:20:00,2253.45,2260.67,2242.61,133,7.22,2025-02-11T10:50:00,2242.61,TARGET,1441.25,992.76
confluence,ASIANPAINT,2025-02-19,SHORT,2025-02-19T13:10:00,2235.70,2240.82,2228.03,134,5.12,2025-02-19T13:30:00,2240.82,STOP,-685.48,-1135.37
confluence,ASIANPAINT,2025-02-21,LONG,2025-02-21T11:50:00,2254.15,2249.33,2261.39,133,4.82,2025-02-21T12:10:00,2261.39,TARGET,962.58,512.16
confluence,ASIANPAINT,2025-02-24,LONG,2025-02-24T10:50:00,2256.70,2250.48,2266.03,132,6.22,2025-02-24T12:10:00,2250.48,STOP,-821.18,-1267.39
confluence,ASIANPAINT,2025-03-07,LONG,2025-03-07T13:50:00,2266.30,2261.00,2274.24,132,5.30,2025-03-07T14:50:00,2274.24,TARGET,1048.44,598.93
confluence,ASIANPAINT,2025-03-21,LONG,2025-03-21T10:40:00,2295.25,2288.85,2304.85,130,6.40,2025-03-21T10:40:00,2304.85,TARGET,1247.81,799.30
confluence,ASIANPAINT,2025-03-27,LONG,2025-03-27T11:20:00,2321.55,2313.86,2333.09,129,7.69,2025-03-27T13:00:00,2333.09,TARGET,1488.61,1038.28
confluence,ASIANPAINT,2025-04-07,LONG,2025-04-07T11:00:00,2343.20,2326.36,2368.46,128,16.84,2025-04-07T12:10:00,2326.36,STOP,-2155.52,-2603.79
confluence,ASIANPAINT,2025-04-15,LONG,2025-04-15T13:10:00,2412.00,2406.43,2420.35,124,5.57,2025-04-15T15:00:00,2412.80,TIME_STOP,99.20,-349.51
confluence,ASIANPAINT,2025-04-21,LONG,2025-04-21T12:40:00,2465.20,2459.40,2473.89,121,5.80,2025-04-21T13:00:00,2459.40,STOP,-701.21,-1148.12
confluence,ASIANPAINT,2025-04-28,SHORT,2025-04-28T11:30:00,2427.00,2435.29,2414.56,123,8.29,2025-04-28T12:10:00,2435.29,STOP,-1019.74,-1468.29
confluence,ASIANPAINT,2025-04-30,LONG,2025-04-30T12:20:00,2457.50,2452.27,2465.35,122,5.23,2025-04-30T12:20:00,2452.27,STOP,-638.56,-1087.80
confluence,ASIANPAINT,2025-05-06,SHORT,2025-05-06T10:30:00,2407.20,2417.18,2392.23,124,9.98,2025-05-06T12:20:00,2398.10,TIME_STOP,1128.40,681.51
confluence,ASIANPAINT,2025-05-07,SHORT,2025-05-07T13:30:00,2381.60,2390.40,2368.40,125,8.80,2025-05-07T13:30:00,2368.40,TARGET,1650.41,1205.10
confluence,ASIANPAINT,2025-05-26,LONG,2025-05-26T14:10:00,2323.60,2317.84,2332.24,129,5.76,2025-05-26T15:20:00,2324.60,EOD,129.00,-320.71
confluence,ASIANPAINT,2025-06-03,SHORT,2025-06-03T10:20:00,2264.90,2270.24,2256.89,132,5.34,2025-06-03T10:20:00,2270.24,STOP,-704.83,-1153.81
confluence,ASIANPAINT,2025-06-05,SHORT,2025-06-05T10:50:00,2245.90,2250.35,2239.23,133,4.45,2025-06-05T12:20:00,2250.35,STOP,-591.71,-1040.21
confluence,ASIANPAINT,2025-06-09,SHORT,2025-06-09T13:30:00,2244.90,2247.97,2240.29,133,3.07,2025-06-09T13:30:00,2247.97,STOP,-408.40,-856.57
confluence,ASIANPAINT,2025-06-12,SHORT,2025-06-12T13:30:00,2224.50,2231.35,2214.22,134,6.85,2025-06-12T13:40:00,2214.22,TARGET,1377.84,931.74
confluence,ASIANPAINT,2025-06-18,LONG,2025-06-18T13:10:00,2267.40,2262.49,2274.76,132,4.91,2025-06-18T14:10:00,2274.76,TARGET,971.42,521.74
confluence,ASIANPAINT,2025-06-20,LONG,2025-06-20T12:00:00,2278.10,2273.36,2285.21,131,4.74,2025-06-20T12:40:00,2273.36,STOP,-621.34,-1068.52
confluence,ASIANPAINT,2025-07-02,LONG,2025-07-02T11:00:00,2369.00,2361.34,2380.49,126,7.66,2025-07-02T12:10:00,2380.49,TARGET,1447.54,998.72
confluence,ASIANPAINT,2025-07-28,SHORT,2025-07-28T14:00:00,2345.10,2351.18,2335.97,127,6.08,2025-07-28T14:40:00,2351.18,STOP,-772.66,-1219.98
confluence,ASIANPAINT,2025-07-31,LONG,2025-07-31T14:10:00,2406.10,2398.63,2417.31,124,7.47,2025-07-31T14:30:00,2398.63,STOP,-926.43,-1373.27
confluence,ASIANPAINT,2025-08-07,LONG,2025-08-07T13:00:00,2495.80,2488.55,2506.67,120,7.25,2025-08-07T13:30:00,2488.55,STOP,-869.52,-1318.12
confluence,ASIANPAINT,2025-08-08,LONG,2025-08-08T11:30:00,2501.40,2494.36,2511.96,119,7.04,2025-08-08T13:20:00,2500.90,TIME_STOP,-59.50,-505.96
confluence,ASIANPAINT,2025-08-11,LONG,2025-08-11T13:10:00,2489.50,2483.44,2498.59,120,6.06,2025-08-11T13:40:00,2498.59,TARGET,1091.34,642.41
confluence,ASIANPAINT,2025-08-13,LONG,2025-08-13T10:30:00,2489.40,2483.64,2498.04,120,5.76,2025-08-13T12:20:00,2492.60,TIME_STOP,384.00,-64.38
confluence,ASIANPAINT,2025-08-19,LONG,2025-08-19T12:40:00,2588.40,2582.14,2597.79,115,6.26,2025-08-19T12:40:00,2582.14,STOP,-720.10,-1166.06
confluence,ASIANPAINT,2025-08-21,LONG,2025-08-21T13:20:00,2573.80,2570.12,2579.32,116,3.68,2025-08-21T13:30:00,2570.12,STOP,-427.09,-874.61
confluence,ASIANPAINT,2025-08-28,LONG,2025-08-28T10:10:00,2519.50,2508.15,2536.52,119,11.35,2025-08-28T11:00:00,2508.15,STOP,-1350.48,-1799.20
confluence,ASIANPAINT,2025-08-29,SHORT,2025-08-29T10:20:00,2497.30,2506.58,2483.38,120,9.28,2025-08-29T10:20:00,2506.58,STOP,-1113.89,-1564.24
confluence,ASIANPAINT,2025-09-30,SHORT,2025-09-30T10:40:00,2347.70,2355.83,2335.51,127,8.13,2025-09-30T12:30:00,2348.60,TIME_STOP,-114.30,-561.62
confluence,ASIANPAINT,2025-10-06,SHORT,2025-10-06T11:50:00,2340.70,2345.48,2333.52,128,4.78,2025-10-06T13:00:00,2345.48,STOP,-612.35,-1062.23
confluence,ASIANPAINT,2025-10-30,LONG,2025-10-30T13:30:00,2527.60,2522.86,2534.70,118,4.74,2025-10-30T13:30:00,2522.86,STOP,-558.91,-1005.88
confluence,ASIANPAINT,2025-11-04,SHORT,2025-11-04T12:50:00,2500.00,2505.46,2491.81,120,5.46,2025-11-04T13:30:00,2491.81,TARGET,982.40,533.13
confluence,ASIANPAINT,2025-11-07,LONG,2025-11-07T11:30:00,2598.20,2591.70,2607.95,115,6.50,2025-11-07T11:40:00,2607.95,TARGET,1121.30,672.27
confluence,ASIANPAINT,2025-11-11,LONG,2025-11-11T14:00:00,2645.50,2641.44,2651.58,113,4.06,2025-11-11T14:30:00,2651.58,TARGET,687.56,238.63
confluence,ASIANPAINT,2025-11-18,LONG,2025-11-18T11:20:00,2896.80,2890.11,2906.84,103,6.69,2025-11-18T11:50:00,2906.84,TARGET,1033.87,585.54
confluence,ASIANPAINT,2025-11-19,LONG,2025-11-19T11:40:00,2908.00,2901.90,2917.15,103,6.10,2025-11-19T13:20:00,2901.90,STOP,-628.00,-1076.81
confluence,ASIANPAINT,2025-11-26,LONG,2025-11-26T10:20:00,2889.00,2882.55,2898.67,103,6.45,2025-11-26T10:30:00,2882.55,STOP,-664.11,-1109.96
confluence,ASIANPAINT,2025-11-27,SHORT,2025-11-27T12:30:00,2877.00,2883.89,2866.67,104,6.89,2025-11-27T14:20:00,2881.00,TIME_STOP,-416.00,-865.12
confluence,ASIANPAINT,2025-11-28,SHORT,2025-11-28T12:30:00,2871.60,2877.39,2862.91,104,5.79,2025-11-28T13:20:00,2877.39,STOP,-602.18,-1050.61
confluence,ASIANPAINT,2025-12-05,LONG,2025-12-05T13:00:00,2959.40,2955.02,2965.96,101,4.38,2025-12-05T14:20:00,2965.96,TARGET,663.06,214.21
confluence,ASIANPAINT,2025-12-12,SHORT,2025-12-12T10:10:00,2780.20,2787.47,2769.30,107,7.27,2025-12-12T10:20:00,2769.30,TARGET,1166.04,720.69
confluence,ASIANPAINT,2025-12-29,SHORT,2025-12-29T11:00:00,2747.00,2753.55,2737.17,109,6.55,2025-12-29T11:10:00,2737.17,TARGET,1070.97,622.64
confluence,ASIANPAINT,2025-12-30,SHORT,2025-12-30T14:10:00,2760.00,2766.94,2749.59,108,6.94,2025-12-30T15:00:00,2766.94,STOP,-749.25,-1196.93
confluence,ASIANPAINT,2026-01-09,LONG,2026-01-09T10:30:00,2833.40,2823.63,2848.06,105,9.77,2026-01-09T11:00:00,2823.63,STOP,-1026.30,-1471.79
confluence,ASIANPAINT,2026-02-03,SHORT,2026-02-03T11:30:00,2408.00,2423.23,2385.15,124,15.23,2026-02-03T11:30:00,2413.30,REVERSE,-657.20,-1105.58
confluence,ASIANPAINT,2026-02-10,SHORT,2026-02-10T11:30:00,2395.30,2400.84,2386.99,125,5.54,2026-02-10T12:10:00,2400.84,STOP,-692.51,-1142.15
confluence,ASIANPAINT,2026-02-12,SHORT,2026-02-12T10:00:00,2381.10,2388.82,2369.52,125,7.72,2026-02-12T10:40:00,2388.82,STOP,-965.04,-1412.22
confluence,ASIANPAINT,2026-02-13,LONG,2026-02-13T10:50:00,2402.50,2396.52,2411.47,124,5.98,2026-02-13T11:20:00,2396.52,STOP,-741.88,-1188.19
confluence,JSWSTEEL,2024-03-19,SHORT,2024-03-19T11:10:00,796.90,800.84,790.98,376,3.94,2024-03-19T12:00:00,800.84,STOP,-1483.04,-1933.60
confluence,JSWSTEEL,2024-03-26,LONG,2024-03-26T14:00:00,823.60,821.40,826.91,364,2.20,2024-03-26T14:50:00,821.40,STOP,-802.22,-1251.31
confluence,JSWSTEEL,2024-03-27,LONG,2024-03-27T12:00:00,824.00,821.76,827.36,364,2.24,2024-03-27T13:10:00,827.36,TARGET,1222.02,771.20
confluence,JSWSTEEL,2024-03-28,LONG,2024-03-28T10:20:00,828.35,825.10,833.22,362,3.25,2024-03-28T11:10:00,833.22,TARGET,1764.55,1313.43
confluence,JSWSTEEL,2024-04-02,LONG,2024-04-02T11:50:00,867.45,864.29,872.19,345,3.16,2024-04-02T12:50:00,872.19,TARGET,1633.89,1183.76
confluence,JSWSTEEL,2024-04-03,LONG,2024-04-03T12:30:00,874.75,871.65,879.40,342,3.10,2024-04-03T14:00:00,871.65,STOP,-1061.03,-1508.98
confluence,JSWSTEEL,2024-04-15,SHORT,2024-04-15T12:40:00,866.55,870.69,860.35,346,4.14,2024-04-15T14:30:00,860.35,TARGET,2146.11,1697.98
confluence,JSWSTEEL,2024-04-23,SHORT,2024-04-23T13:20:00,857.75,859.99,854.40,349,2.24,2024-04-23T14:30:00,854.40,TARGET,1170.57,722.42
confluence,JSWSTEEL,2024-04-29,LONG,2024-04-29T10:30:00,898.50,894.31,904.79,333,4.19,2024-04-29T11:00:00,894.31,STOP,-1396.38,-1844.13
confluence,JSWSTEEL,2024-04-30,LONG,2024-04-30T13:50:00,893.70,891.30,897.30,335,2.40,2024-04-30T14:10:00,891.30,STOP,-803.75,-1252.23
confluence,JSWSTEEL,2024-05-03,SHORT,2024-05-03T11:30:00,884.50,888.42,878.62,339,3.92,2024-05-03T11:50:00,878.62,TARGET,1992.50,1544.23
confluence,JSWSTEEL,2024-05-08,SHORT,2024-05-08T10:50:00,856.45,860.36,850.59,350,3.91,2024-05-08T11:20:00,860.36,STOP,-1368.20,-1818.86
confluence,JSWSTEEL,2024-05-15,LONG,2024-05-15T12:50:00,876.80,873.49,881.77,342,3.31,2024-05-15T13:40:00,873.49,STOP,-1132.96,-1581.91
confluence,JSWSTEEL,2024-05-16,LONG,2024-05-16T12:20:00,875.75,872.44,880.72,342,3.31,2024-05-16T12:30:00,872.44,STOP,-1132.38,-1580.79
confluence,JSWSTEEL,2024-05-22,LONG,2024-05-22T12:40:00,922.55,918.26,928.98,325,4.29,2024-05-22T13:40:00,918.26,STOP,-1393.43,-1842.12
confluence,JSWSTEEL,2024-05-28,LONG,2024-05-28T13:20:00,908.15,905.58,912.01,330,2.57,2024-05-28T13:30:00,912.01,TARGET,1273.72,823.23
confluence,JSWSTEEL,2024-05-31,SHORT,2024-05-31T11:00:00,883.15,886.76,877.74,339,3.61,2024-05-31T11:10:00,886.76,STOP,-1223.72,-1673.72
confluence,JSWSTEEL,2024-06-13,LONG,2024-06-13T13:00:00,918.25,915.61,922.22,326,2.64,2024-06-13T13:50:00,915.61,STOP,-861.90,-1310.28
confluence,JSWSTEEL,2024-06-14,LONG,2024-06-14T12:10:00,915.80,913.47,919.30,327,2.33,2024-06-14T12:20:00,919.30,TARGET,1145.09,695.03
confluence,JSWSTEEL,2024-06-18,LONG,2024-06-18T11:20:00,921.40,918.22,926.17,325,3.18,2024-06-18T13:10:00,926.00,TIME_STOP,1495.00,1044.70
confluence,JSWSTEEL,2024-06-20,LONG,2024-06-20T10:50:00,924.30,921.25,928.87,324,3.05,2024-06-20T12:00:00,928.87,TARGET,1481.96,1031.64
confluence,JSWSTEEL,2024-06-24,LONG,2024-06-24T11:40:00,935.90,932.37,941.19,320,3.53,2024-06-24T12:10:00,941.19,TARGET,1692.17,1241.67
confluence,JSWSTEEL,2024-06-25,LONG,2024-06-25T14:10:00,935.15,932.95,938.45,320,2.20,2024-06-25T14:10:00,932.95,STOP,-703.52,-1151.87
confluence,JSWSTEEL,2024-07-03,LONG,2024-07-03T10:20:00,943.65,941.05,947.54,317,2.60,2024-07-03T12:10:00,943.40,TIME_STOP,-79.25,-527.90
confluence,JSWSTEEL,2024-07-11,SHORT,2024-07-11T10:30:00,923.15,926.50,918.13,324,3.35,2024-07-11T12:00:00,918.13,TARGET,1627.72,1180.29
confluence,JSWSTEEL,2024-07-24,SHORT,2024-07-24T10:40:00,885.05,888.86,879.33,338,3.81,2024-07-24T11:40:00,888.86,STOP,-1289.44,-1739.12
confluence,JSWSTEEL,2024-08-08,SHORT,2024-08-08T13:20:00,892.55,896.04,887.31,336,3.49,2024-08-08T13:50:00,896.04,STOP,-1173.04,-1623.76
confluence,JSWSTEEL,2024-08-09,LONG,2024-08-09T11:00:00,896.45,893.04,901.56,334,3.41,2024-08-09T11:20:00,901.56,TARGET,1708.20,1257.80
confluence,JSWSTEEL,2024-08-28,LONG,2024-08-28T12:30:00,946.90,943.71,951.68,316,3.19,2024-08-28T14:20:00,949.80,TIME_STOP,916.40,466.88
confluence,JSWSTEEL,2024-09-02,SHORT,2024-09-02T13:30:00,941.40,944.01,937.48,318,2.61,2024-09-02T14:00:00,937.48,TARGET,1245.70,797.58
confluence,JSWSTEEL,2024-09-05,SHORT,2024-09-05T12:50:00,932.95,935.58,929.00,321,2.63,2024-09-05T13:00:00,929.00,TARGET,1268.21,819.95
confluence,JSWSTEEL,2024-09-06,LONG,2024-09-06T12:10:00,930.70,927.16,936.01,322,3.54,2024-09-06T12:30:00,936.01,TARGET,1710.97,1260.16
confluence,JSWSTEEL,2024-09-09,LONG,2024-09-09T11:00:00,930.65,926.51,936.86,322,4.14,2024-09-09T12:10:00,929.65,REVERSE,-322.00,-771.26
confluence,JSWSTEEL,2024-09-11,LONG,2024-09-11T12:20:00,938.85,936.08,943.00,319,2.77,2024-09-11T12:50:00,936.08,STOP,-882.26,-1330.84
confluence,JSWSTEEL,2024-09-17,LONG,2024-09-17T13:20:00,968.40,966.32,971.52,309,2.08,2024-09-17T14:50:00,966.32,STOP,-642.17,-1090.55
confluence,JSWSTEEL,2024-09-18,LONG,2024-09-18T10:20:00,967.90,965.22,971.92,309,2.68,2024-09-18T10:30:00,965.22,STOP,-828.99,-1276.99
confluence,JSWSTEEL,2024-09-26,LONG,2024-09-26T10:10:00,982.90,979.87,987.45,305,3.03,2024-09-26T10:10:00,987.45,TARGET,1386.38,935.66
confluence,JSWSTEEL,2024-10-04,LONG,2024-10-04T10:20:00,1043.30,1037.64,1051.79,287,5.66,2024-10-04T11:10:00,1051.79,TARGET,2436.95,1985.98
confluence,JSWSTEEL,2024-10-10,SHORT,2024-10-10T11:50:00,998.10,1001.47,993.04,300,3.37,2024-10-10T13:00:00,1001.47,STOP,-1012.24,-1462.15
confluence,JSWSTEEL,2024-10-14,SHORT,2024-10-14T13:10:00,1012.95,1016.37,1007.82,296,3.42,2024-10-14T15:00:00,1012.15,TIME_STOP,236.80,-212.77
confluence,JSWSTEEL,2024-10-31,LONG,2024-10-31T11:10:00,963.75,960.67,968.38,311,3.08,2024-10-31T11:40:00,960.67,STOP,-959.32,-1408.19
confluence,JSWSTEEL,2024-11-04,SHORT,2024-11-04T10:10:00,957.10,961.03,951.21,313,3.93,2024-11-04T10:30:00,951.21,TARGET,1843.86,1395.89
confluence,JSWSTEEL,2024-11-11,SHORT,2024-11-11T10:30:00,986.90,991.87,979.45,303,4.97,2024-11-11T10:30:00,991.87,STOP,-1504.58,-1954.26
confluence,JSWSTEEL,2024-11-14,SHORT,2024-11-14T12:00:00,933.85,937.91,927.76,321,4.06,2024-11-14T12:10:00,937.91,STOP,-1302.86,-1753.49
confluence,JSWSTEEL,2024-11-21,LONG,2024-11-21T13:10:00,949.45,945.91,954.76,315,3.54,2024-11-21T13:20:00,945.91,STOP,-1115.52,-1563.30
confluence,JSWSTEEL,2024-11-29,LONG,2024-11-29T10:50:00,963.70,959.49,970.01,311,4.21,2024-11-29T11:30:00,970.01,TARGET,1961.97,1510.93
confluence,JSWSTEEL,2024-12-09,LONG,2024-12-09T13:20:00,1008.45,1004.91,1013.76,297,3.54,2024-12-09T14:40:00,1013.76,TARGET,1577.72,1127.27
confluence,JSWSTEEL,2024-12-11,LONG,2024-12-11T12:10:00,1014.90,1011.57,1019.89,295,3.33,2024-12-11T12:40:00,1011.57,STOP,-981.14,-1429.49
confluence,JSWSTEEL,2024-12-16,SHORT,2024-12-16T10:00:00,989.15,993.81,982.16,303,4.66,2024-12-16T11:50:00,987.10,TIME_STOP,621.15,172.05
confluence,JSWSTEEL,2024-12-23,SHORT,2024-12-23T13:50:00,933.85,937.64,928.17,321,3.79,2024-12-23T14:00:00,928.17,TARGET,1823.34,1375.06
confluence,JSWSTEEL,2024-12-27,SHORT,2024-12-27T12:40:00,917.45,919.74,914.02,326,2.29,2024-12-27T13:20:00,914.02,TARGET,1118.27,670.48
confluence,JSWSTEEL,2025-01-01,LONG,2025-01-01T11:10:00,908.00,904.68,912.98,330,3.32,2025-01-01T11:30:00,904.68,STOP,-1095.63,-1544.27
confluence,JSWSTEEL,2025-01-02,SHORT,2025-01-02T10:20:00,902.60,905.46,898.30,332,2.86,2025-01-02T11:00:00,905.46,STOP,-950.96,-1401.17
confluence,JSWSTEEL,2025-01-09,SHORT,2025-01-09T10:10:00,900.20,903.57,895.15,333,3.37,2025-01-09T11:00:00,895.15,TARGET,1681.44,1233.06
confluence,JSWSTEEL,2025-01-16,LONG,2025-01-16T14:10:00,906.70,904.50,910.00,330,2.20,2025-01-16T15:20:00,906.75,EOD,16.50,-432.33
confluence,JSWSTEEL,2025-01-20,LONG,2025-01-20T10:50:00,913.00,910.17,917.24,328,2.83,2025-01-20T11:00:00,917.24,TARGET,1390.10,939.86
confluence,JSWSTEEL,2025-01-28,SHORT,2025-01-28T13:00:00,913.55,916.77,908.72,328,3.22,2025-01-28T13:30:00,908.72,TARGET,1584.94,1136.66
confluence,JSWSTEEL,2025-02-01,LONG,2025-02-01T10:50:00,951.40,947.78,956.83,315,3.62,2025-02-01T10:50:00,947.78,STOP,-1139.59,-1588.27
confluence,JSWSTEEL,2025-02-11,SHORT,2025-02-11T13:10:00,956.40,959.90,951.15,313,3.50,2025-02-11T14:00:00,951.15,TARGET,1644.74,1196.94
confluence,JSWSTEEL,2025-02-12,LONG,2025-02-12T12:20:00,958.65,953.69,966.09,312,4.96,2025-02-12T13:50:00,953.69,STOP,-1546.77,-1994.26
confluence,JSWSTEEL,2025-02-21,LONG,2025-02-21T11:50:00,987.95,984.40,993.28,303,3.55,2025-02-21T12:00:00,984.40,STOP,-1076.01,-1524.23
confluence,JSWSTEEL,2025-02-25,SHORT,2025-02-25T10:40:00,966.55,970.12,961.19,310,3.57,2025-02-25T10:40:00,967.35,REVERSE,-248.00,-697.63
confluence,JSWSTEEL,2025-02-27,SHORT,2025-02-27T12:50:00,962.50,965.33,958.25,311,2.83,2025-02-27T12:50:00,965.33,STOP,-880.75,-1330.42
confluence,JSWSTEEL,2025-03-11,LONG,2025-03-11T10:40:00,1013.15,1009.56,1018.53,296,3.59,2025-03-11T12:30:00,1014.95,TIME_STOP,532.80,82.56
confluence,JSWSTEEL,2025-03-25,LONG,2025-03-25T10:00:00,1065.90,1062.02,1071.73,281,3.88,2025-03-25T10:40:00,1062.02,STOP,-1091.25,-1539.71
confluence,JSWSTEEL,2025-03-27,LONG,2025-03-27T13:00:00,1065.60,1062.56,1070.16,281,3.04,2025-03-27T13:30:00,1062.56,STOP,-853.75,-1302.26
confluence,JSWSTEEL,2025-03-28,LONG,2025-03-28T11:20:00,1062.60,1059.60,1067.10,282,3.00,2025-03-28T12:10:00,1067.10,TARGET,1268.91,818.48
confluence,JSWSTEEL,2025-04-01,SHORT,2025-04-01T11:30:00,1060.70,1064.21,1055.44,282,3.51,2025-04-01T13:20:00,1059.90,TIME_STOP,225.60,-222.91
confluence,JSWSTEEL,2025-04-17,LONG,2025-04-17T12:20:00,1001.50,997.22,1007.92,299,4.28,2025-04-17T14:10:00,1003.00,TIME_STOP,448.50,-1.01
confluence,JSWSTEEL,2025-04-24,LONG,2025-04-24T12:40:00,1039.50,1036.59,1043.86,288,2.91,2025-04-24T14:00:00,1043.86,TARGET,1255.67,805.67
confluence,JSWSTEEL,2025-04-25,SHORT,2025-04-25T10:20:00,1030.60,1035.25,1023.63,291,4.65,2025-04-25T10:50:00,1023.63,TARGET,2029.51,1581.18
confluence,JSWSTEEL,2025-05-19,LONG,2025-05-19T10:00:00,1026.70,1023.34,1031.73,292,3.36,2025-05-19T10:30:00,1023.34,STOP,-980.05,-1429.01
confluence,JSWSTEEL,2025-05-26,SHORT,2025-05-26T10:00:00,1006.40,1010.87,999.69,298,4.47,2025-05-26T10:00:00,1010.87,STOP,-1332.25,-1783.11
confluence,JSWSTEEL,2025-06-03,SHORT,2025-06-03T11:50:00,977.70,981.16,972.51,306,3.46,2025-06-03T13:00:00,972.51,TARGET,1588.29,1140.71
confluence,JSWSTEEL,2025-06-05,SHORT,2025-06-05T11:20:00,967.15,970.20,962.58,310,3.05,2025-06-05T12:00:00,970.20,STOP,-944.65,-1395.09
confluence,JSWSTEEL,2025-06-19,SHORT,2025-06-19T13:30:00,990.05,992.28,986.71,303,2.23,2025-06-19T14:00:00,992.28,STOP,-674.36,-1124.85
confluence,JSWSTEEL,2025-06-23,LONG,2025-06-23T13:00:00,1000.25,997.07,1005.01,299,3.18,2025-06-23T14:50:00,999.30,TIME_STOP,-284.05,-732.45
confluence,JSWSTEEL,2025-06-25,LONG,2025-06-25T10:10:00,1015.00,1011.55,1020.17,295,3.45,2025-06-25T12:00:00,1015.80,TIME_STOP,236.00,-213.31
confluence,JSWSTEEL,2025-07-07,SHORT,2025-07-07T13:20:00,1039.60,1041.79,1036.31,288,2.19,2025-07-07T13:30:00,1041.79,STOP,-631.17,-1080.75
confluence,JSWSTEEL,2025-07-09,SHORT,2025-07-09T12:40:00,1038.40,1041.64,1033.54,288,3.24,2025-07-09T13:50:00,1033.54,TARGET,1399.00,951.46
confluence,JSWSTEEL,2025-07-10,SHORT,2025-07-10T10:30:00,1038.00,1041.08,1033.38,289,3.08,2025-07-10T11:30:00,1041.08,STOP,-890.18,-1340.82
confluence,JSWSTEEL,2025-07-11,SHORT,2025-07-11T11:30:00,1040.20,1043.36,1035.47,288,3.16,2025-07-11T11:50:00,1043.36,STOP,-909.05,-1359.10
confluence,JSWSTEEL,2025-07-14,LONG,2025-07-14T10:10:00,1041.70,1039.23,1045.41,287,2.47,2025-07-14T11:20:00,1039.23,STOP,-709.06,-1156.98
confluence,JSWSTEEL,2025-07-15,SHORT,2025-07-15T13:40:00,1033.20,1035.82,1029.28,290,2.62,2025-07-15T15:10:00,1035.82,STOP,-758.39,-1208.40
confluence,JSWSTEEL,2025-07-25,SHORT,2025-07-25T10:30:00,1026.40,1029.33,1022.01,292,2.93,2025-07-25T11:20:00,1022.01,TARGET,1281.42,832.82
confluence,JSWSTEEL,2025-07-28,SHORT,2025-07-28T11:00:00,1021.90,1025.24,1016.90,293,3.34,2025-07-28T12:40:00,1025.24,STOP,-977.23,-1427.09
confluence,JSWSTEEL,2025-08-05,LONG,2025-08-05T14:10:00,1054.40,1051.86,1058.22,284,2.54,2025-08-05T14:20:00,1051.86,STOP,-722.56,-1171.20
confluence,JSWSTEEL,2025-08-06,LONG,2025-08-06T13:40:00,1054.20,1051.23,1058.66,284,2.97,2025-08-06T13:40:00,1051.23,STOP,-844.11,-1292.57
confluence,JSWSTEEL,2025-08-07,LONG,2025-08-07T12:20:00,1053.20,1050.38,1057.43,284,2.82,2025-08-07T13:00:00,1057.43,TARGET,1200.97,751.41
confluence,JSWSTEEL,2025-08-11,SHORT,2025-08-11T10:30:00,1050.50,1054.67,1044.25,285,4.17,2025-08-11T10:30:00,1050.80,REVERSE,-85.50,-534.65
confluence,JSWSTEEL,2025-08-12,LONG,2025-08-12T12:10:00,1057.00,1054.14,1061.29,283,2.86,2025-08-12T13:10:00,1054.14,STOP,-810.01,-1258.10
confluence,JSWSTEEL,2025-08-20,LONG,2025-08-20T10:30:00,1075.30,1072.53,1079.46,278,2.77,2025-08-20T10:40:00,1079.46,TARGET,1156.59,707.32
confluence,JSWSTEEL,2025-08-21,LONG,2025-08-21T11:40:00,1084.90,1082.37,1088.69,276,2.53,2025-08-21T12:30:00,1082.37,STOP,-697.97,-1146.59
confluence,JSWSTEEL,2025-08-28,SHORT,2025-08-28T12:50:00,1046.00,1049.08,1041.39,286,3.08,2025-08-28T13:00:00,1041.39,TARGET,1319.74,872.00
confluence,JSWSTEEL,2025-09-05,LONG,2025-09-05T14:00:00,1071.90,1069.67,1075.24,279,2.23,2025-09-05T15:20:00,1073.60,EOD,474.30,25.35
confluence,JSWSTEEL,2025-09-09,LONG,2025-09-09T11:30:00,1103.70,1100.73,1108.16,271,2.97,2025-09-09T12:10:00,1108.16,TARGET,1209.22,759.66
confluence,JSWSTEEL,2025-09-12,LONG,2025-09-12T14:10:00,1101.30,1099.17,1104.50,272,2.13,2025-09-12T14:20:00,1099.17,STOP,-580.31,-1029.20
confluence,JSWSTEEL,2025-09-22,LONG,2025-09-22T13:30:00,1122.50,1120.52,1125.47,267,1.98,2025-09-22T13:50:00,1125.47,TARGET,792.08,341.92
confluence,JSWSTEEL,2025-09-23,LONG,2025-09-23T10:20:00,1123.10,1119.62,1128.32,267,3.48,2025-09-23T11:20:00,1119.62,STOP,-928.75,-1377.86
confluence,JSWSTEEL,2025-09-25,LONG,2025-09-25T13:50:00,1149.90,1147.14,1154.03,260,2.76,2025-09-25T14:10:00,1147.14,STOP,-716.62,-1164.54
confluence,JSWSTEEL,2025-09-30,LONG,2025-09-30T10:20:00,1139.90,1136.03,1145.71,263,3.87,2025-09-30T11:40:00,1145.71,TARGET,1527.11,1076.28
confluence,JSWSTEEL,2025-10-01,LONG,2025-10-01T14:10:00,1142.50,1139.53,1146.95,262,2.97,2025-10-01T14:50:00,1146.95,TARGET,1166.64,716.76
confluence,JSWSTEEL,2025-10-06,LONG,2025-10-06T13:50:00,1158.50,1155.53,1162.96,258,2.97,2025-10-06T13:50:00,1155.53,STOP,-766.39,-1214.16
confluence,JSWSTEEL,2025-10-10,LONG,2025-10-10T14:00:00,1167.10,1164.02,1171.72,257,3.08,2025-10-10T15:20:00,1168.30,EOD,308.40,-141.75
confluence,JSWSTEEL,2025-10-14,SHORT,2025-10-14T11:10:00,1155.80,1158.71,1151.44,259,2.91,2025-10-14T11:20:00,1151.44,TARGET,1129.41,681.23
confluence,JSWSTEEL,2025-10-30,LONG,2025-10-30T12:30:00,1209.40,1205.84,1214.75,248,3.56,2025-10-30T13:10:00,1205.84,STOP,-883.71,-1332.94
confluence,JSWSTEEL,2025-11-12,LONG,2025-11-12T13:10:00,1187.50,1184.54,1191.93,252,2.96,2025-11-12T14:40:00,1191.93,TARGET,1117.01,667.30
confluence,JSWSTEEL,2025-11-17,SHORT,2025-11-17T12:10:00,1168.50,1171.57,1163.90,256,3.07,2025-11-17T12:50:00,1171.57,STOP,-785.76,-1235.05
confluence,JSWSTEEL,2025-11-20,SHORT,2025-11-20T10:10:00,1163.30,1166.63,1158.31,257,3.33,2025-11-20T10:10:00,1166.63,STOP,-854.63,-1303.72
confluence,JSWSTEEL,2025-11-25,SHORT,2025-11-25T13:30:00,1116.80,1119.63,1112.56,268,2.83,2025-11-25T15:00:00,1112.56,TARGET,1136.15,688.04
confluence,JSWSTEEL,2025-12-01,LONG,2025-12-01T14:10:00,1168.50,1165.10,1173.60,256,3.40,2025-12-01T14:50:00,1165.10,STOP,-870.56,-1318.62
confluence,JSWSTEEL,2025-12-02,LONG,2025-12-02T10:30:00,1165.20,1161.60,1170.61,257,3.60,2025-12-02T10:40:00,1161.60,STOP,-926.38,-1374.87
confluence,JSWSTEEL,2025-12-04,SHORT,2025-12-04T11:40:00,1147.60,1154.18,1137.73,261,6.58,2025-12-04T13:30:00,1147.90,TIME_STOP,-78.30,-527.64
confluence,JSWSTEEL,2025-12-08,SHORT,2025-12-08T10:20:00,1144.00,1148.17,1137.74,262,4.17,2025-12-08T10:30:00,1148.17,STOP,-1093.77,-1544.18
confluence,JSWSTEEL,2025-12-11,SHORT,2025-12-11T13:10:00,1100.10,1103.22,1095.43,272,3.12,2025-12-11T13:50:00,1103.22,STOP,-847.47,-1296.94
confluence,JSWSTEEL,2025-12-19,SHORT,2025-12-19T10:30:00,1083.40,1087.08,1077.89,276,3.68,2025-12-19T12:20:00,1079.40,TIME_STOP,1104.00,656.30
confluence,JSWSTEEL,2025-12-30,LONG,2025-12-30T10:30:00,1100.00,1096.94,1104.60,272,3.06,2025-12-30T11:00:00,1096.94,STOP,-833.34,-1281.52
confluence,JSWSTEEL,2026-01-07,LONG,2026-01-07T11:10:00,1184.20,1180.52,1189.73,253,3.68,2026-01-07T11:20:00,1180.52,STOP,-932.27,-1380.97
confluence,JSWSTEEL,2026-01-21,SHORT,2026-01-21T14:10:00,1167.60,1171.43,1161.85,256,3.83,2026-01-21T14:40:00,1171.43,STOP,-981.47,-1430.56
confluence,JSWSTEEL,2026-02-05,LONG,2026-02-05T12:10:00,1229.50,1225.41,1235.64,244,4.09,2026-02-05T12:30:00,1225.41,STOP,-998.58,-1447.82
confluence,JSWSTEEL,2026-02-11,LONG,2026-02-11T12:40:00,1246.30,1243.04,1251.19,240,3.26,2026-02-11T13:20:00,1251.19,TARGET,1174.61,725.06
confluence,JSWSTEEL,2026-02-12,LONG,2026-02-12T12:40:00,1249.70,1247.10,1253.59,240,2.60,2026-02-12T13:30:00,1247.10,STOP,-622.99,-1072.41
confluence,JSWSTEEL,2026-02-23,LONG,2026-02-23T10:20:00,1244.50,1240.26,1250.86,241,4.24,2026-02-23T11:00:00,1240.26,STOP,-1021.77,-1470.89
confluence,JSWSTEEL,2026-02-27,LONG,2026-02-27T13:30:00,1273.70,1270.53,1278.45,235,3.17,2026-02-27T14:10:00,1270.53,STOP,-744.47,-1192.89
confluence,JSWSTEEL,2026-03-11,SHORT,2026-03-11T10:20:00,1195.30,1201.21,1186.43,250,5.91,2026-03-11T11:10:00,1201.21,STOP,-1478.15,-1927.50
confluence,HINDALCO,2024-03-18,SHORT,2024-03-18T11:10:00,529.15,532.79,523.69,566,3.64,2024-03-18T12:00:00,531.90,REVERSE,-1556.50,-2006.92
confluence,HINDALCO,2024-03-28,LONG,2024-03-28T13:20:00,561.65,559.99,564.14,534,1.66,2024-03-28T13:50:00,564.14,TARGET,1330.55,879.68
confluence,HINDALCO,2024-04-02,LONG,2024-04-02T12:40:00,568.10,566.33,570.75,528,1.77,2024-04-02T13:10:00,566.33,STOP,-933.93,-1383.16
confluence,HINDALCO,2024-04-18,LONG,2024-04-18T10:20:00,616.25,613.40,620.52,486,2.85,2024-04-18T10:40:00,620.52,TARGET,2074.79,1623.99
confluence,HINDALCO,2024-04-19,LONG,2024-04-19T14:00:00,614.45,611.79,618.43,488,2.66,2024-04-19T14:40:00,611.79,STOP,-1296.10,-1744.90
confluence,HINDALCO,2024-05-03,LONG,2024-05-03T10:10:00,648.15,645.16,652.63,462,2.99,2024-05-03T11:30:00,645.16,STOP,-1379.15,-1827.28
confluence,HINDALCO,2024-05-07,SHORT,2024-05-07T10:40:00,632.65,635.65,628.14,474,3.00,2024-05-07T11:00:00,628.14,TARGET,2136.23,1688.02
confluence,HINDALCO,2024-05-08,SHORT,2024-05-08T11:00:00,619.90,622.97,615.30,483,3.07,2024-05-08T11:20:00,622.97,STOP,-1481.30,-1931.53
confluence,HINDALCO,2024-05-09,SHORT,2024-05-09T11:30:00,627.25,630.10,622.98,478,2.85,2024-05-09T11:40:00,630.10,STOP,-1360.49,-1811.25
confluence,HINDALCO,2024-05-24,LONG,2024-05-24T14:10:00,683.35,680.34,687.87,439,3.01,2024-05-24T14:10:00,687.87,TARGET,1982.75,1531.28
confluence,HINDALCO,2024-05-27,LONG,2024-05-27T14:10:00,684.00,681.52,687.71,438,2.48,2024-05-27T14:20:00,681.52,STOP,-1084.70,-1533.28
confluence,HINDALCO,2024-05-31,LONG,2024-05-31T13:30:00,699.95,697.02,704.34,428,2.93,2024-05-31T14:30:00,697.02,STOP,-1252.14,-1700.57
confluence,HINDALCO,2024-06-07,LONG,2024-06-07T13:00:00,683.15,680.51,687.11,439,2.64,2024-06-07T13:10:00,680.51,STOP,-1159.82,-1608.80
confluence,HINDALCO,2024-06-10,LONG,2024-06-10T10:30:00,682.95,679.75,687.76,439,3.20,2024-06-10T10:40:00,679.75,STOP,-1406.90,-1855.57
confluence,HINDALCO,2024-06-20,LONG,2024-06-20T12:20:00,681.25,678.41,685.52,440,2.84,2024-06-20T14:00:00,678.41,STOP,-1251.71,-1700.39
confluence,HINDALCO,2024-06-24,LONG,2024-06-24T10:50:00,687.20,684.29,691.56,436,2.91,2024-06-24T11:40:00,684.29,STOP,-1267.57,-1716.05
confluence,HINDALCO,2024-07-02,LONG,2024-07-02T10:30:00,693.05,691.15,695.90,432,1.90,2024-07-02T10:50:00,695.90,TARGET,1231.61,781.59
confluence,HINDALCO,2024-07-23,SHORT,2024-07-23T10:00:00,665.50,668.25,661.38,450,2.75,2024-07-23T11:20:00,661.38,TARGET,1853.48,1405.66
confluence,HINDALCO,2024-07-30,LONG,2024-07-30T13:50:00,661.10,659.38,663.68,453,1.72,2024-07-30T14:10:00,663.68,TARGET,1167.89,717.79
confluence,HINDALCO,2024-08-07,SHORT,2024-08-07T13:00:00,620.70,623.24,616.89,483,2.54,2024-08-07T14:00:00,616.89,TARGET,1842.21,1393.89
confluence,HINDALCO,2024-08-08,SHORT,2024-08-08T10:20:00,619.95,623.24,615.02,483,3.29,2024-08-08T11:30:00,615.02,TARGET,2381.28,1933.91
confluence,HINDALCO,2024-08-09,SHORT,2024-08-09T13:20:00,616.05,617.90,613.27,486,1.85,2024-08-09T13:20:00,617.90,STOP,-899.65,-1349.43
confluence,HINDALCO,2024-08-28,LONG,2024-08-28T11:40:00,707.35,705.45,710.20,424,1.90,2024-08-28T13:00:00,710.20,TARGET,1208.55,757.77
confluence,HINDALCO,2024-09-05,SHORT,2024-09-05T13:30:00,667.95,669.74,665.27,449,1.79,2024-09-05T13:50:00,669.74,STOP,-801.93,-1252.40
confluence,HINDALCO,2024-09-06,SHORT,2024-09-06T10:40:00,667.10,669.80,663.05,449,2.70,2024-09-06T10:40:00,669.80,STOP,-1213.11,-1663.31
confluence,HINDALCO,2024-09-10,SHORT,2024-09-10T11:00:00,655.80,657.92,652.62,457,2.12,2024-09-10T12:00:00,657.92,STOP,-968.30,-1418.58
confluence,HINDALCO,2024-09-19,LONG,2024-09-19T13:10:00,683.00,679.54,688.20,439,3.46,2024-09-19T13:40:00,679.54,STOP,-1521.03,-1969.65
confluence,HINDALCO,2024-09-26,LONG,2024-09-26T11:00:00,721.75,718.90,726.02,415,2.85,2024-09-26T11:30:00,726.02,TARGET,1771.78,1321.16
confluence,HINDALCO,2024-10-04,LONG,2024-10-04T12:00:00,752.35,749.01,757.35,398,3.34,2024-10-04T12:40:00,749.01,STOP,-1327.56,-1775.71
confluence,HINDALCO,2024-10-16,SHORT,2024-10-16T12:10:00,728.85,731.34,725.12,411,2.49,2024-10-16T13:00:00,731.34,STOP,-1023.16,-1473.26
confluence,HINDALCO,2024-11-08,SHORT,2024-11-08T11:30:00,653.70,656.52,649.47,458,2.82,2024-11-08T11:40:00,656.52,STOP,-1292.70,-1742.76
confluence,HINDALCO,2024-11-12,SHORT,2024-11-12T13:30:00,654.75,657.20,651.07,458,2.45,2024-11-12T15:10:00,651.07,TARGET,1684.58,1236.03
confluence,HINDALCO,2024-11-14,SHORT,2024-11-14T14:10:00,630.40,632.56,627.16,475,2.16,2024-11-14T14:30:00,627.16,TARGET,1541.14,1093.14
confluence,HINDALCO,2024-11-21,LONG,2024-11-21T11:00:00,649.95,646.44,655.22,461,3.51,2024-11-21T12:50:00,649.15,TIME_STOP,-368.80,-817.96
confluence,HINDALCO,2024-12-03,SHORT,2024-12-03T10:10:00,657.75,659.52,655.09,456,1.77,2024-12-03T10:20:00,659.52,STOP,-808.28,-1258.78
confluence,HINDALCO,2024-12-05,LONG,2024-12-05T12:20:00,667.60,665.29,671.07,449,2.31,2024-12-05T13:40:00,671.07,TARGET,1556.71,1105.91
confluence,HINDALCO,2024-12-24,SHORT,2024-12-24T11:30:00,629.95,631.82,627.14,476,1.87,2024-12-24T13:20:00,630.20,TIME_STOP,-119.00,-568.87
confluence,HINDALCO,2024-12-27,SHORT,2024-12-27T11:00:00,627.60,629.46,624.81,478,1.86,2024-12-27T12:00:00,624.81,TARGET,1331.61,882.62
confluence,HINDALCO,2025-01-03,SHORT,2025-01-03T10:20:00,591.20,593.58,587.63,507,2.38,2025-01-03T10:30:00,593.58,STOP,-1208.24,-1658.75
confluence,HINDALCO,2025-01-24,LONG,2025-01-24T12:10:00,614.00,611.70,617.45,488,2.30,2025-01-24T12:40:00,611.70,STOP,-1123.87,-1572.48
confluence,HINDALCO,2025-01-30,SHORT,2025-01-30T13:10:00,586.55,588.80,583.18,511,2.25,2025-01-30T13:50:00,583.18,TARGET,1724.03,1275.73
confluence,HINDALCO,2025-01-31,SHORT,2025-01-31T10:20:00,585.75,588.25,582.00,512,2.50,2025-01-31T10:30:00,588.25,STOP,-1280.20,-1731.02
confluence,HINDALCO,2025-02-07,LONG,2025-02-07T10:50:00,603.30,600.56,607.41,497,2.74,2025-02-07T11:20:00,607.41,TARGET,2042.61,1591.32
confluence,HINDALCO,2025-02-17,LONG,2025-02-17T12:10:00,604.75,601.68,609.35,496,3.07,2025-02-17T14:00:00,605.45,TIME_STOP,347.20,-102.99
confluence,HINDALCO,2025-02-27,SHORT,2025-02-27T11:30:00,621.45,624.00,617.62,482,2.55,2025-02-27T12:30:00,624.00,STOP,-1229.85,-1680.08
confluence,HINDALCO,2025-02-28,SHORT,2025-02-28T10:10:00,620.00,622.85,615.72,483,2.85,2025-02-28T10:20:00,622.85,STOP,-1376.72,-1826.94
confluence,HINDALCO,2025-03-03,SHORT,2025-03-03T10:20:00,624.65,627.86,619.83,480,3.21,2025-03-03T10:30:00,627.86,STOP,-1542.06,-1992.96
confluence,HINDALCO,2025-03-11,LONG,2025-03-11T14:10:00,692.20,689.88,695.69,433,2.32,2025-03-11T14:30:00,695.69,TARGET,1509.06,1058.34
confluence,HINDALCO,2025-03-17,SHORT,2025-03-17T12:40:00,678.45,680.43,675.47,442,1.98,2025-03-17T13:20:00,680.43,STOP,-877.17,-1327.64
confluence,HINDALCO,2025-03-24,LONG,2025-03-24T11:40:00,700.05,697.86,703.33,428,2.19,2025-03-24T12:10:00,698.50,REVERSE,-663.40,-1112.33
confluence,HINDALCO,2025-03-27,SHORT,2025-03-27T11:40:00,691.85,694.08,688.50,433,2.23,2025-03-27T11:50:00,694.08,STOP,-967.16,-1417.24
confluence,HINDALCO,2025-04-17,LONG,2025-04-17T11:00:00,609.20,606.50,613.25,492,2.70,2025-04-17T11:00:00,606.50,STOP,-1329.31,-1777.90
confluence,HINDALCO,2025-05-07,LONG,2025-05-07T10:40:00,635.55,632.88,639.56,472,2.67,2025-05-07T11:00:00,632.88,STOP,-1260.41,-1709.43
confluence,HINDALCO,2025-05-19,LONG,2025-05-19T10:40:00,658.55,656.64,661.42,455,1.91,2025-05-19T12:00:00,656.64,STOP,-871.13,-1319.94
confluence,HINDALCO,2025-06-03,SHORT,2025-06-03T13:30:00,633.25,635.28,630.21,473,2.03,2025-06-03T15:20:00,632.25,TIME_STOP,473.00,24.06
confluence,HINDALCO,2025-06-05,LONG,2025-06-05T12:10:00,638.05,636.74,640.02,470,1.31,2025-06-05T12:10:00,640.02,TARGET,926.86,476.34
confluence,HINDALCO,2025-06-11,LONG,2025-06-11T12:20:00,658.75,657.33,660.88,455,1.42,2025-06-11T12:50:00,660.88,TARGET,970.11,519.79
confluence,HINDALCO,2025-06-12,LONG,2025-06-12T10:40:00,660.00,657.75,663.38,454,2.25,2025-06-12T10:50:00,657.75,STOP,-1022.69,-1471.38
confluence,HINDALCO,2025-06-17,SHORT,2025-06-17T12:20:00,644.45,646.09,641.99,465,1.64,2025-06-17T12:40:00,641.99,TARGET,1143.22,694.58
confluence,HINDALCO,2025-07-01,LONG,2025-07-01T12:40:00,696.35,693.64,700.42,430,2.71,2025-07-01T13:30:00,693.64,STOP,-1166.38,-1614.65
confluence,HINDALCO,2025-07-14,SHORT,2025-07-14T11:30:00,668.60,671.23,664.65,448,2.63,2025-07-14T13:20:00,668.90,TIME_STOP,-134.40,-583.80
confluence,HINDALCO,2025-07-18,LONG,2025-07-18T13:50:00,675.70,674.36,677.71,443,1.34,2025-07-18T15:20:00,676.00,EOD,132.90,-316.20
confluence,HINDALCO,2025-07-29,LONG,2025-07-29T10:10:00,689.65,687.57,692.77,435,2.08,2025-07-29T10:20:00,687.57,STOP,-905.92,-1355.24
confluence,HINDALCO,2025-07-31,LONG,2025-07-31T13:10:00,687.80,685.02,691.96,436,2.78,2025-07-31T14:10:00,691.96,TARGET,1815.56,1364.37
confluence,HINDALCO,2025-08-05,SHORT,2025-08-05T12:40:00,685.20,687.08,682.38,437,1.88,2025-08-05T13:20:00,682.38,TARGET,1231.82,783.59
confluence,HINDALCO,2025-08-08,SHORT,2025-08-08T10:10:00,677.00,679.75,672.88,443,2.75,2025-08-08T12:00:00,672.88,TARGET,1824.53,1376.03
confluence,HINDALCO,2025-08-11,SHORT,2025-08-11T11:40:00,673.50,675.52,670.47,445,2.02,2025-08-11T11:50:00,670.47,TARGET,1350.47,901.92
confluence,HINDALCO,2025-08-22,LONG,2025-08-22T12:00:00,706.55,705.19,708.59,424,1.36,2025-08-22T12:40:00,708.59,TARGET,863.83,413.82
confluence,HINDALCO,2025-08-28,SHORT,2025-08-28T13:40:00,702.20,703.80,699.80,427,1.60,2025-08-28T14:10:00,703.80,STOP,-681.91,-1132.18
confluence,HINDALCO,2025-08-29,LONG,2025-08-29T11:20:00,705.60,703.37,708.94,425,2.23,2025-08-29T13:10:00,705.80,TIME_STOP,85.00,-364.88
confluence,HINDALCO,2025-09-09,LONG,2025-09-09T13:10:00,742.55,741.21,744.56,404,1.34,2025-09-09T15:00:00,742.70,TIME_STOP,60.60,-389.43
confluence,HINDALCO,2025-09-16,LONG,2025-09-16T12:50:00,754.55,752.83,757.13,397,1.72,2025-09-16T13:00:00,757.13,TARGET,1024.64,574.54
confluence,HINDALCO,2025-09-17,LONG,2025-09-17T13:30:00,756.95,755.37,759.32,396,1.58,2025-09-17T13:30:00,755.37,STOP,-625.63,-1074.79
confluence,HINDALCO,2025-10-01,LONG,2025-10-01T13:00:00,761.80,759.39,765.41,393,2.41,2025-10-01T13:40:00,765.41,TARGET,1419.61,969.46
confluence,HINDALCO,2025-10-06,LONG,2025-10-06T10:20:00,782.70,779.94,786.85,383,2.76,2025-10-06T10:50:00,779.94,STOP,-1058.70,-1507.57
confluence,HINDALCO,2025-10-07,LONG,2025-10-07T10:40:00,777.75,774.81,782.15,385,2.94,2025-10-07T10:50:00,774.81,STOP,-1130.61,-1578.92
confluence,HINDALCO,2025-10-08,SHORT,2025-10-08T12:30:00,771.75,774.56,767.54,388,2.81,2025-10-08T13:50:00,774.56,STOP,-1088.62,-1538.59
confluence,HINDALCO,2025-10-13,SHORT,2025-10-13T10:30:00,770.80,773.06,767.40,389,2.26,2025-10-13T11:20:00,767.40,TARGET,1320.83,872.06
confluence,HINDALCO,2025-10-14,SHORT,2025-10-14T11:20:00,764.80,767.19,761.21,392,2.39,2025-10-14T11:30:00,761.21,TARGET,1408.14,959.49
confluence,HINDALCO,2025-10-30,LONG,2025-10-30T10:20:00,853.95,851.05,858.30,351,2.90,2025-10-30T10:50:00,851.90,REVERSE,-719.55,-1168.62
confluence,HINDALCO,2025-11-03,LONG,2025-11-03T10:30:00,850.60,847.49,855.26,352,3.11,2025-11-03T10:50:00,848.80,REVERSE,-633.60,-1082.24
confluence,HINDALCO,2025-11-10,SHORT,2025-11-10T12:20:00,791.60,794.33,787.51,378,2.73,2025-11-10T13:30:00,794.33,STOP,-1030.32,-1479.93
confluence,HINDALCO,2025-11-17,LONG,2025-11-17T12:40:00,804.05,802.13,806.93,373,1.92,2025-11-17T13:40:00,806.93,TARGET,1072.68,622.01
confluence,HINDALCO,2025-11-19,SHORT,2025-11-19T13:40:00,794.15,796.02,791.34,377,1.87,2025-11-19T13:40:00,791.34,TARGET,1059.89,611.59
confluence,HINDALCO,2025-12-03,SHORT,2025-12-03T10:10:00,805.05,807.33,801.63,372,2.28,2025-12-03T10:40:00,807.33,STOP,-847.40,-1297.25
confluence,HINDALCO,2025-12-05,LONG,2025-12-05T11:00:00,818.25,815.73,822.03,366,2.52,2025-12-05T11:10:00,822.03,TARGET,1382.56,932.30
confluence,HINDALCO,2025-12-19,SHORT,2025-12-19T11:10:00,848.45,851.33,844.13,353,2.88,2025-12-19T11:30:00,851.33,STOP,-1017.26,-1467.27
confluence,HINDALCO,2025-12-26,LONG,2025-12-26T12:20:00,870.35,867.93,873.99,344,2.42,2025-12-26T12:30:00,867.93,STOP,-834.13,-1282.60
confluence,HINDALCO,2026-01-12,SHORT,2026-01-12T11:40:00,897.85,901.65,892.15,334,3.80,2026-01-12T11:50:00,901.65,STOP,-1270.29,-1721.06
confluence,HINDALCO,2026-01-20,LONG,2026-01-20T11:40:00,944.80,941.26,950.12,317,3.54,2026-01-20T11:50:00,941.26,STOP,-1123.73,-1572.14
confluence,HINDALCO,2026-01-22,SHORT,2026-01-22T11:20:00,936.50,940.12,931.07,320,3.62,2026-01-22T11:30:00,940.12,STOP,-1157.94,-1608.33
confluence,HINDALCO,2026-02-11,LONG,2026-02-11T13:30:00,963.00,960.09,967.37,311,2.91,2026-02-11T13:40:00,967.37,TARGET,1358.36,908.11
confluence,HINDALCO,2026-02-12,LONG,2026-02-12T13:00:00,963.30,960.03,968.21,311,3.27,2026-02-12T13:30:00,960.03,STOP,-1018.46,-1467.08
confluence,HINDALCO,2026-02-24,LONG,2026-02-24T10:30:00,918.15,914.63,923.42,326,3.52,2026-02-24T12:00:00,915.25,REVERSE,-945.40,-1393.67
confluence,HINDALCO,2026-02-27,LONG,2026-02-27T13:50:00,934.75,932.43,938.23,320,2.32,2026-02-27T13:50:00,932.95,REVERSE,-576.00,-1024.25
confluence,HINDALCO,2026-03-04,SHORT,2026-03-04T10:10:00,918.35,924.35,909.34,326,6.00,2026-03-04T10:30:00,924.35,STOP,-1957.35,-2407.89
confluence,JINDALSTEL,2024-03-27,LONG,2024-03-27T13:10:00,839.15,836.47,843.17,357,2.68,2024-03-27T14:20:00,836.47,STOP,-955.90,-1404.55
confluence,JINDALSTEL,2024-04-02,LONG,2024-04-02T11:40:00,872.10,868.33,877.75,343,3.77,2024-04-02T13:30:00,877.75,TARGET,1939.60,1489.45
confluence,JINDALSTEL,2024-04-04,LONG,2024-04-04T13:40:00,907.10,903.38,912.67,330,3.72,2024-04-04T14:00:00,903.38,STOP,-1226.33,-1674.43
confluence,JINDALSTEL,2024-04-05,LONG,2024-04-05T11:50:00,905.80,901.88,911.69,331,3.92,2024-04-05T11:50:00,911.69,TARGET,1948.23,1497.04
confluence,JINDALSTEL,2024-04-12,LONG,2024-04-12T11:10:00,904.00,900.16,909.77,331,3.84,2024-04-12T12:40:00,900.16,STOP,-1272.34,-1720.22
confluence,JINDALSTEL,2024-04-19,LONG,2024-04-19T12:50:00,920.90,914.52,930.46,325,6.38,2024-04-19T13:30:00,930.46,TARGET,3108.39,2657.12
confluence,JINDALSTEL,2024-04-26,LONG,2024-04-26T13:20:00,936.35,932.64,941.92,320,3.71,2024-04-26T13:30:00,932.64,STOP,-1188.47,-1637.03
confluence,JINDALSTEL,2024-04-30,SHORT,2024-04-30T10:20:00,932.50,936.63,926.31,321,4.13,2024-04-30T10:40:00,936.63,STOP,-1324.62,-1774.62
confluence,JINDALSTEL,2024-05-03,SHORT,2024-05-03T12:10:00,937.50,942.10,930.60,320,4.60,2024-05-03T13:40:00,930.60,TARGET,2208.56,1760.22
confluence,JINDALSTEL,2024-05-31,SHORT,2024-05-31T12:20:00,1031.95,1035.95,1025.95,290,4.00,2024-05-31T14:10:00,1033.80,TIME_STOP,-536.50,-985.80
confluence,JINDALSTEL,2024-06-07,LONG,2024-06-07T13:00:00,1032.10,1027.18,1039.48,290,4.92,2024-06-07T13:10:00,1027.18,STOP,-1427.45,-1875.34
confluence,JINDALSTEL,2024-06-21,LONG,2024-06-21T10:10:00,1067.85,1062.17,1076.37,280,5.68,2024-06-21T10:50:00,1062.17,STOP,-1589.48,-2036.78
confluence,JINDALSTEL,2024-06-24,LONG,2024-06-24T12:00:00,1070.20,1064.69,1078.46,280,5.51,2024-06-24T12:50:00,1064.69,STOP,-1541.91,-1990.24
confluence,JINDALSTEL,2024-06-28,SHORT,2024-06-28T12:20:00,1048.75,1051.92,1044.00,286,3.17,2024-06-28T13:40:00,1050.75,REVERSE,-572.00,-1022.34
confluence,JINDALSTEL,2024-07-02,SHORT,2024-07-02T12:40:00,1045.55,1050.24,1038.52,286,4.69,2024-07-02T13:10:00,1038.52,TARGET,2010.89,1563.85
confluence,JINDALSTEL,2024-07-03,SHORT,2024-07-03T12:20:00,1046.35,1049.75,1041.25,286,3.40,2024-07-03T12:50:00,1049.75,STOP,-972.39,-1422.00
confluence,JINDALSTEL,2024-07-12,SHORT,2024-07-12T10:00:00,1012.05,1016.71,1005.06,296,4.66,2024-07-12T11:00:00,1016.71,STOP,-1379.93,-1830.32
confluence,JINDALSTEL,2024-07-15,SHORT,2024-07-15T11:50:00,1010.55,1014.34,1004.87,296,3.79,2024-07-15T13:40:00,1008.40,TIME_STOP,636.40,188.19
confluence,JINDALSTEL,2024-07-30,LONG,2024-07-30T14:00:00,973.00,969.88,977.68,308,3.12,2024-07-30T14:50:00,977.68,TARGET,1441.44,990.84
confluence,JINDALSTEL,2024-08-09,SHORT,2024-08-09T13:10:00,922.60,925.92,917.63,325,3.32,2024-08-09T14:10:00,917.63,TARGET,1616.85,1168.30
confluence,JINDALSTEL,2024-08-13,SHORT,2024-08-13T13:10:00,915.10,918.25,910.38,327,3.15,2024-08-13T13:40:00,910.38,TARGET,1544.81,1097.12
confluence,JINDALSTEL,2024-08-26,LONG,2024-08-26T10:00:00,966.00,962.81,970.78,310,3.19,2024-08-26T11:10:00,962.81,STOP,-988.64,-1437.09
confluence,JINDALSTEL,2024-08-28,LONG,2024-08-28T12:10:00,974.00,970.98,978.53,308,3.02,2024-08-28T14:00:00,974.00,TIME_STOP,0.00,-449.99
confluence,JINDALSTEL,2024-09-02,SHORT,2024-09-02T13:10:00,959.35,962.58,954.50,312,3.23,2024-09-02T13:10:00,962.58,STOP,-1008.97,-1458.70
confluence,JINDALSTEL,2024-09-05,SHORT,2024-09-05T10:40:00,943.55,946.98,938.41,317,3.43,2024-09-05T11:10:00,946.98,STOP,-1085.99,-1535.46
confluence,JINDALSTEL,2024-09-06,LONG,2024-09-06T11:40:00,951.90,948.69,956.72,315,3.21,2024-09-06T11:50:00,956.72,TARGET,1518.22,1067.31
confluence,JINDALSTEL,2024-09-11,LONG,2024-09-11T11:20:00,966.00,962.52,971.22,310,3.48,2024-09-11T13:10:00,969.80,TIME_STOP,1178.00,727.93
confluence,JINDALSTEL,2024-09-20,SHORT,2024-09-20T13:50:00,1006.95,1011.89,999.55,297,4.94,2024-09-20T14:00:00,1011.89,STOP,-1465.93,-1915.63
confluence,JINDALSTEL,2024-09-27,SHORT,2024-09-27T12:10:00,1025.75,1030.20,1019.08,292,4.45,2024-09-27T12:50:00,1019.08,TARGET,1947.13,1499.31
confluence,JINDALSTEL,2024-10-10,SHORT,2024-10-10T14:00:00,995.75,999.63,989.92,301,3.88,2024-10-10T14:20:00,989.92,TARGET,1753.40,1305.13
confluence,JINDALSTEL,2024-10-21,SHORT,2024-10-21T11:00:00,959.20,964.02,951.96,312,4.82,2024-10-21T12:50:00,951.96,TARGET,2257.99,1810.77
confluence,JINDALSTEL,2024-10-31,LONG,2024-10-31T10:20:00,925.95,922.10,931.72,323,3.85,2024-10-31T12:10:00,925.30,TIME_STOP,-209.95,-658.42
confluence,JINDALSTEL,2024-11-19,SHORT,2024-11-19T11:20:00,876.90,881.02,870.71,342,4.12,2024-11-19T13:10:00,881.02,STOP,-1410.36,-1861.27
confluence,JINDALSTEL,2024-11-29,LONG,2024-11-29T11:30:00,902.00,898.12,907.81,332,3.88,2024-11-29T12:00:00,898.12,STOP,-1287.02,-1735.26
confluence,JINDALSTEL,2024-12-13,LONG,2024-12-13T13:10:00,994.45,990.17,1000.88,301,4.28,2024-12-13T15:00:00,999.00,TIME_STOP,1369.55,919.53
confluence,JINDALSTEL,2024-12-17,SHORT,2024-12-17T11:40:00,975.60,978.45,971.32,307,2.85,2024-12-17T12:00:00,971.32,TARGET,1314.58,866.30
confluence,JINDALSTEL,2024-12-26,SHORT,2024-12-26T10:10:00,936.00,939.47,930.80,320,3.47,2024-12-26T10:50:00,930.80,TARGET,1663.38,1215.34
confluence,JINDALSTEL,2024-12-27,SHORT,2024-12-27T11:30:00,932.40,935.90,927.15,321,3.50,2024-12-27T12:30:00,927.15,TARGET,1686.01,1238.32
confluence,JINDALSTEL,2025-01-15,SHORT,2025-01-15T13:40:00,906.45,909.64,901.66,330,3.19,2025-01-15T14:20:00,901.66,TARGET,1581.15,1133.64
confluence,JINDALSTEL,2025-01-17,LONG,2025-01-17T10:10:00,926.10,922.53,931.46,323,3.57,2025-01-17T10:20:00,922.53,STOP,-1153.52,-1601.35
confluence,JINDALSTEL,2025-01-20,LONG,2025-01-20T11:20:00,928.35,924.72,933.80,323,3.63,2025-01-20T13:10:00,933.80,TARGET,1760.30,1309.19
confluence,JINDALSTEL,2025-01-23,SHORT,2025-01-23T11:40:00,895.20,899.45,888.83,335,4.25,2025-01-23T12:30:00,898.45,REVERSE,-1088.75,-1539.40
confluence,JINDALSTEL,2025-01-24,SHORT,2025-01-24T10:00:00,892.40,896.58,886.13,336,4.18,2025-01-24T10:20:00,886.13,TARGET,2108.32,1660.13
confluence,JINDALSTEL,2025-01-30,SHORT,2025-01-30T13:40:00,850.35,853.84,845.12,352,3.49,2025-01-30T14:50:00,853.84,STOP,-1228.13,-1678.03
confluence,JINDALSTEL,2025-02-01,SHORT,2025-02-01T12:30:00,786.45,793.30,776.18,365,6.85,2025-02-01T12:30:00,776.18,TARGET,3749.61,3321.84
confluence,JINDALSTEL,2025-02-10,LONG,2025-02-10T12:30:00,835.70,832.18,840.98,358,3.52,2025-02-10T14:20:00,836.15,TIME_STOP,161.10,-287.79
confluence,JINDALSTEL,2025-02-18,LONG,2025-02-18T10:10:00,839.20,834.56,846.16,357,4.64,2025-02-18T10:20:00,834.56,STOP,-1656.25,-2104.40
confluence,JINDALSTEL,2025-02-21,LONG,2025-02-21T12:50:00,880.85,876.53,887.34,340,4.32,2025-02-21T13:40:00,876.53,STOP,-1470.42,-1918.55
confluence,JINDALSTEL,2025-02-25,LONG,2025-02-25T11:10:00,869.35,865.05,875.81,345,4.30,2025-02-25T11:20:00,865.05,STOP,-1485.00,-1933.77
confluence,JINDALSTEL,2025-02-27,SHORT,2025-02-27T10:40:00,856.30,860.58,849.87,350,4.28,2025-02-27T12:00:00,849.87,TARGET,2248.91,1801.04
confluence,JINDALSTEL,2025-02-28,SHORT,2025-02-28T12:10:00,852.60,857.63,845.05,351,5.03,2025-02-28T13:00:00,845.05,TARGET,2649.85,2202.94
confluence,JINDALSTEL,2025-03-03,SHORT,2025-03-03T11:20:00,850.35,856.12,841.70,352,5.77,2025-03-03T12:30:00,856.12,STOP,-2030.50,-2481.01
confluence,JINDALSTEL,2025-03-12,SHORT,2025-03-12T10:20:00,899.15,902.80,893.67,333,3.65,2025-03-12T11:00:00,893.67,TARGET,1824.74,1376.98
confluence,JINDALSTEL,2025-03-17,SHORT,2025-03-17T12:30:00,894.30,897.74,889.14,335,3.44,2025-03-17T13:40:00,897.74,STOP,-1152.85,-1603.10
confluence,JINDALSTEL,2025-03-20,LONG,2025-03-20T12:40:00,927.75,924.32,932.90,323,3.43,2025-03-20T14:30:00,926.75,TIME_STOP,-323.00,-772.25
confluence,JINDALSTEL,2025-03-24,LONG,2025-03-24T10:10:00,922.00,918.14,927.79,325,3.86,2025-03-24T12:00:00,923.50,TIME_STOP,487.50,37.66
confluence,JINDALSTEL,2025-03-28,SHORT,2025-03-28T14:00:00,907.85,911.04,903.07,330,3.19,2025-03-28T14:30:00,911.04,STOP,-1052.67,-1502.84
confluence,JINDALSTEL,2025-04-02,SHORT,2025-04-02T12:40:00,901.70,904.61,897.34,332,2.91,2025-04-02T13:30:00,904.61,STOP,-964.72,-1414.49
confluence,JINDALSTEL,2025-04-23,LONG,2025-04-23T13:20:00,911.50,907.72,917.17,329,3.78,2025-04-23T13:50:00,917.17,TARGET,1864.47,1413.24
confluence,JINDALSTEL,2025-05-06,SHORT,2025-05-06T10:00:00,883.20,889.86,873.21,339,6.66,2025-05-06T10:50:00,889.86,STOP,-2258.86,-2709.66
confluence,JINDALSTEL,2025-05-19,LONG,2025-05-19T13:40:00,976.20,972.66,981.51,307,3.54,2025-05-19T14:00:00,972.66,STOP,-1087.50,-1536.22
confluence,JINDALSTEL,2025-05-26,SHORT,2025-05-26T14:10:00,958.10,961.28,953.33,313,3.18,2025-05-26T15:20:00,953.33,TARGET,1493.56,1044.85
confluence,JINDALSTEL,2025-06-11,LONG,2025-06-11T13:20:00,973.55,971.47,976.68,308,2.08,2025-06-11T13:20:00,971.47,STOP,-641.83,-1091.13
confluence,JINDALSTEL,2025-06-20,SHORT,2025-06-20T13:10:00,890.00,893.39,884.92,337,3.39,2025-06-20T14:10:00,893.39,STOP,-1140.98,-1591.73
confluence,JINDALSTEL,2025-06-26,LONG,2025-06-26T10:30:00,928.85,925.49,933.89,322,3.36,2025-06-26T10:40:00,925.49,STOP,-1080.98,-1528.80
confluence,JINDALSTEL,2025-07-01,LONG,2025-07-01T12:30:00,950.45,946.98,955.65,315,3.47,2025-07-01T13:50:00,946.98,STOP,-1091.80,-1540.07
confluence,JINDALSTEL,2025-07-10,SHORT,2025-07-10T13:40:00,943.40,946.29,939.06,317,2.89,2025-07-10T14:10:00,946.29,STOP,-917.31,-1366.58
confluence,JINDALSTEL,2025-07-23,LONG,2025-07-23T10:00:00,967.25,964.70,971.07,310,2.55,2025-07-23T10:00:00,965.55,REVERSE,-527.00,-976.38
confluence,JINDALSTEL,2025-07-29,LONG,2025-07-29T10:10:00,987.15,983.28,992.95,303,3.87,2025-07-29T10:10:00,983.28,STOP,-1171.60,-1619.38
confluence,JINDALSTEL,2025-08-06,LONG,2025-08-06T13:40:00,992.55,988.36,998.84,302,4.19,2025-08-06T13:40:00,990.25,REVERSE,-694.60,-1143.70
confluence,JINDALSTEL,2025-08-08,SHORT,2025-08-08T10:30:00,984.15,988.44,977.72,304,4.29,2025-08-08T11:40:00,977.72,TARGET,1954.81,1507.50
confluence,JINDALSTEL,2025-08-12,LONG,2025-08-12T11:10:00,993.80,989.59,1000.12,301,4.21,2025-08-12T11:20:00,1000.12,TARGET,1901.91,1451.78
confluence,JINDALSTEL,2025-09-05,LONG,2025-09-05T14:00:00,1034.70,1031.79,1039.07,289,2.91,2025-09-05T15:20:00,1034.85,EOD,43.35,-405.22
confluence,JINDALSTEL,2025-09-16,LONG,2025-09-16T12:50:00,1046.85,1044.10,1050.98,286,2.75,2025-09-16T13:10:00,1050.98,TARGET,1180.17,730.18
confluence,JINDALSTEL,2025-09-19,SHORT,2025-09-19T11:50:00,1039.60,1042.63,1035.05,288,3.03,2025-09-19T12:10:00,1042.63,STOP,-873.26,-1323.03
confluence,JINDALSTEL,2025-09-25,LONG,2025-09-25T10:40:00,1057.00,1053.13,1062.80,283,3.87,2025-09-25T10:50:00,1053.13,STOP,-1094.77,-1542.65
confluence,JINDALSTEL,2025-10-01,LONG,2025-10-01T12:50:00,1063.60,1060.10,1068.86,282,3.50,2025-10-01T14:40:00,1065.50,TIME_STOP,535.80,85.50
confluence,JINDALSTEL,2025-10-03,LONG,2025-10-03T11:20:00,1068.50,1063.53,1075.96,280,4.97,2025-10-03T11:40:00,1075.96,TARGET,2089.38,1639.04
confluence,JINDALSTEL,2025-10-14,SHORT,2025-10-14T10:30:00,1005.40,1008.51,1000.74,298,3.11,2025-10-14T11:10:00,1000.74,TARGET,1390.11,941.74
confluence,JINDALSTEL,2025-10-15,SHORT,2025-10-15T10:30:00,996.00,999.25,991.12,301,3.25,2025-10-15T11:00:00,999.25,STOP,-978.27,-1428.69
confluence,JINDALSTEL,2025-10-31,LONG,2025-10-31T12:20:00,1070.50,1066.82,1076.02,280,3.68,2025-10-31T14:10:00,1071.30,TIME_STOP,224.00,-225.78
confluence,JINDALSTEL,2025-11-04,LONG,2025-11-04T14:00:00,1077.00,1074.46,1080.81,278,2.54,2025-11-04T14:10:00,1074.46,STOP,-705.79,-1154.37
confluence,JINDALSTEL,2025-11-11,LONG,2025-11-11T12:40:00,1075.00,1071.62,1080.07,279,3.38,2025-11-11T13:00:00,1071.62,STOP,-942.34,-1391.52
confluence,JINDALSTEL,2025-11-20,LONG,2025-11-20T10:10:00,1073.00,1069.00,1079.00,279,4.00,2025-11-20T11:20:00,1069.00,STOP,-1115.51,-1563.72
confluence,JINDALSTEL,2025-12-02,SHORT,2025-12-02T11:10:00,1043.10,1046.09,1038.61,287,2.99,2025-12-02T12:50:00,1038.61,TARGET,1287.65,839.56
confluence,JINDALSTEL,2025-12-08,SHORT,2025-12-08T10:10:00,1001.80,1005.36,996.47,299,3.56,2025-12-08T10:40:00,1005.36,STOP,-1063.28,-1513.38
confluence,JINDALSTEL,2025-12-11,LONG,2025-12-11T14:00:00,1011.50,1008.52,1015.97,296,2.98,2025-12-11T14:50:00,1008.52,STOP,-881.34,-1329.78
confluence,JINDALSTEL,2025-12-19,SHORT,2025-12-19T11:10:00,982.80,986.42,977.37,305,3.62,2025-12-19T11:20:00,986.42,STOP,-1103.26,-1553.71
confluence,JINDALSTEL,2025-12-24,LONG,2025-12-24T12:40:00,1005.10,1002.69,1008.71,298,2.41,2025-12-24T13:30:00,1002.69,STOP,-717.04,-1165.79
confluence,JINDALSTEL,2025-12-29,SHORT,2025-12-29T13:20:00,992.90,996.49,987.52,302,3.59,2025-12-29T15:10:00,990.60,TIME_STOP,694.60,245.34
confluence,JINDALSTEL,2026-01-13,SHORT,2026-01-13T12:40:00,1021.90,1025.72,1016.17,293,3.82,2026-01-13T13:00:00,1016.17,TARGET,1678.05,1230.19
confluence,JINDALSTEL,2026-01-20,LONG,2026-01-20T12:10:00,1054.60,1050.23,1061.15,284,4.37,2026-01-20T13:40:00,1050.23,STOP,-1239.85,-1688.18
confluence,JINDALSTEL,2026-01-27,LONG,2026-01-27T13:20:00,1074.60,1070.56,1080.66,279,4.04,2026-01-27T13:40:00,1070.56,STOP,-1126.66,-1575.53
confluence,JINDALSTEL,2026-02-05,LONG,2026-02-05T11:30:00,1175.30,1170.86,1181.96,255,4.44,2026-02-05T11:40:00,1181.96,TARGET,1697.43,1246.61
confluence,JINDALSTEL,2026-02-06,LONG,2026-02-06T11:40:00,1177.60,1173.41,1183.89,254,4.19,2026-02-06T12:00:00,1183.89,TARGET,1597.21,1147.34
confluence,JINDALSTEL,2026-02-11,LONG,2026-02-11T13:50:00,1195.00,1191.95,1199.58,251,3.05,2026-02-11T13:50:00,1191.95,STOP,-766.14,-1215.48
confluence,JINDALSTEL,2026-02-12,LONG,2026-02-12T11:20:00,1194.70,1191.01,1200.23,251,3.69,2026-02-12T12:40:00,1200.23,TARGET,1389.10,938.25
confluence,JINDALSTEL,2026-02-20,LONG,2026-02-20T10:40:00,1224.10,1218.79,1232.07,245,5.31,2026-02-20T12:30:00,1226.30,TIME_STOP,539.00,88.74
confluence,JINDALSTEL,2026-02-27,LONG,2026-02-27T14:00:00,1258.50,1255.06,1263.67,238,3.44,2026-02-27T14:30:00,1255.06,STOP,-819.59,-1268.26
confluence,JINDALSTEL,2026-03-06,SHORT,2026-03-06T13:40:00,1183.00,1186.77,1177.34,253,3.77,2026-03-06T13:40:00,1186.77,STOP,-954.34,-1404.01
confluence,JINDALSTEL,2026-03-12,LONG,2026-03-12T11:10:00,1194.80,1189.38,1202.93,251,5.42,2026-03-12T11:30:00,1202.93,TARGET,2041.22,1589.85
confluence,LT,2024-03-20,SHORT,2024-03-20T10:20:00,3501.10,3511.21,3485.93,85,10.11,2024-03-20T11:00:00,3511.21,STOP,-859.65,-1306.69
confluence,LT,2024-04-04,LONG,2024-04-04T13:10:00,3784.15,3771.11,3803.72,79,13.04,2024-04-04T13:20:00,3803.72,TARGET,1545.80,1096.22
confluence,LT,2024-04-30,LONG,2024-04-30T13:40:00,3639.35,3633.04,3648.82,82,6.31,2024-04-30T14:00:00,3633.04,STOP,-517.67,-964.92
confluence,LT,2024-05-07,SHORT,2024-05-07T13:10:00,3462.05,3474.44,3443.47,86,12.39,2024-05-07T13:40:00,3471.85,REVERSE,-842.80,-1290.04
confluence,LT,2024-05-16,LONG,2024-05-16T14:10:00,3400.00,3388.22,3417.67,88,11.78,2024-05-16T14:10:00,3395.60,REVERSE,-387.20,-835.71
confluence,LT,2024-05-22,LONG,2024-05-22T10:20:00,3463.00,3453.05,3477.92,86,9.95,2024-05-22T11:50:00,3453.05,STOP,-855.53,-1301.62
confluence,LT,2024-05-27,LONG,2024-05-27T10:40:00,3637.85,3624.39,3658.04,82,13.46,2024-05-27T11:30:00,3658.04,TARGET,1655.71,1207.02
confluence,LT,2024-05-28,LONG,2024-05-28T13:30:00,3668.15,3658.49,3682.64,81,9.66,2024-05-28T14:00:00,3658.49,STOP,-782.47,-1227.56
confluence,LT,2024-05-29,LONG,2024-05-29T13:50:00,3646.55,3637.65,3659.90,82,8.90,2024-05-29T14:50:00,3637.65,STOP,-729.86,-1177.84
confluence,LT,2024-05-30,LONG,2024-05-30T13:10:00,3642.80,3633.97,3656.05,82,8.83,2024-05-30T13:20:00,3633.97,STOP,-724.39,-1171.91
confluence,LT,2024-06-04,SHORT,2024-06-04T11:10:00,3571.95,3611.42,3512.74,63,39.47,2024-06-04T11:10:00,3512.74,TARGET,3729.96,3395.21
confluence,LT,2024-07-11,SHORT,2024-07-11T12:10:00,3641.55,3652.63,3624.94,82,11.08,2024-07-11T12:30:00,3624.94,TARGET,1362.42,915.53
confluence,LT,2024-07-12,LONG,2024-07-12T11:10:00,3657.75,3644.73,3677.27,82,13.02,2024-07-12T11:20:00,3644.73,STOP,-1067.32,-1516.42
confluence,LT,2024-07-19,SHORT,2024-07-19T10:10:00,3632.15,3643.07,3615.77,82,10.92,2024-07-19T11:30:00,3643.07,STOP,-895.62,-1343.04
confluence,LT,2024-07-22,LONG,2024-07-22T11:10:00,3637.80,3624.41,3657.88,82,13.39,2024-07-22T12:30:00,3624.41,STOP,-1097.65,-1544.28
confluence,LT,2024-07-23,SHORT,2024-07-23T12:10:00,3555.65,3580.23,3518.79,84,24.58,2024-07-23T12:20:00,3518.79,TARGET,3096.45,2650.76
confluence,LT,2024-08-09,SHORT,2024-08-09T12:40:00,3578.15,3586.13,3566.18,83,7.98,2024-08-09T13:00:00,3586.13,STOP,-662.59,-1108.57
confluence,LT,2024-08-12,LONG,2024-08-12T11:10:00,3596.80,3587.08,3611.38,83,9.72,2024-08-12T11:40:00,3587.08,STOP,-806.69,-1253.88
confluence,LT,2024-08-13,SHORT,2024-08-13T12:40:00,3581.00,3587.56,3571.16,83,6.56,2024-08-13T13:00:00,3571.16,TARGET,817.10,371.88
confluence,LT,2024-08-19,SHORT,2024-08-19T10:40:00,3560.90,3569.03,3548.71,84,8.13,2024-08-19T10:50:00,3548.71,TARGET,1024.37,576.47
confluence,LT,2024-08-29,LONG,2024-08-29T10:30:00,3704.05,3695.06,3717.54,80,8.99,2024-08-29T11:50:00,3695.06,STOP,-719.49,-1163.44
confluence,LT,2024-09-09,SHORT,2024-09-09T10:30:00,3568.75,3579.86,3552.09,84,11.11,2024-09-09T10:40:00,3579.30,REVERSE,-886.20,-1336.53
confluence,LT,2024-10-04,SHORT,2024-10-04T13:00:00,3486.85,3504.92,3459.74,86,18.07,2024-10-04T14:50:00,3484.55,TIME_STOP,197.80,-251.86
confluence,LT,2024-10-15,LONG,2024-10-15T12:00:00,3552.45,3543.60,3565.72,84,8.85,2024-10-15T12:40:00,3543.60,STOP,-743.00,-1190.05
confluence,LT,2024-11-05,LONG,2024-11-05T14:10:00,3565.00,3555.21,3579.68,84,9.79,2024-11-05T14:30:00,3579.68,TARGET,1233.17,783.06
confluence,LT,2024-11-11,LONG,2024-11-11T11:30:00,3660.10,3651.20,3673.45,81,8.90,2024-11-11T12:00:00,3651.20,STOP,-720.98,-1165.14
confluence,LT,2024-11-22,SHORT,2024-11-22T10:00:00,3484.60,3498.56,3463.66,86,13.96,2024-11-22T10:00:00,3498.56,STOP,-1200.58,-1650.99
confluence,LT,2024-12-11,LONG,2024-12-11T10:40:00,3931.05,3920.07,3947.52,76,10.98,2024-12-11T12:20:00,3920.07,STOP,-834.34,-1281.85
confluence,LT,2024-12-16,SHORT,2024-12-16T11:40:00,3869.65,3882.44,3850.46,77,12.79,2024-12-16T13:30:00,3875.00,TIME_STOP,-411.95,-859.20
confluence,LT,2024-12-24,SHORT,2024-12-24T13:50:00,3646.80,3654.47,3635.30,82,7.67,2024-12-24T15:10:00,3635.30,TARGET,942.93,495.08
confluence,LT,2025-01-03,LONG,2025-01-03T11:40:00,3705.05,3693.70,3722.08,80,11.35,2025-01-03T12:10:00,3693.70,STOP,-908.14,-1352.07
confluence,LT,2025-01-08,SHORT,2025-01-08T10:50:00,3608.00,3620.02,3589.98,83,12.02,2025-01-08T12:40:00,3613.00,TIME_STOP,-415.00,-864.51
confluence,LT,2025-01-16,SHORT,2025-01-16T10:30:00,3486.10,3496.66,3470.26,86,10.56,2025-01-16T10:40:00,3496.66,STOP,-908.38,-1358.76
confluence,LT,2025-01-24,SHORT,2025-01-24T12:40:00,3490.20,3500.24,3475.13,85,10.04,2025-01-24T13:40:00,3475.13,TARGET,1280.70,836.66
confluence,LT,2025-01-28,SHORT,2025-01-28T10:10:00,3440.10,3454.69,3418.21,87,14.59,2025-01-28T10:10:00,3418.21,TARGET,1904.50,1456.99
confluence,LT,2025-01-30,SHORT,2025-01-30T12:30:00,3420.80,3438.97,3393.54,87,18.17,2025-01-30T14:20:00,3425.05,TIME_STOP,-369.75,-816.44
confluence,LT,2025-02-01,SHORT,2025-02-01T12:10:00,3522.05,3548.03,3483.09,85,25.98,2025-02-01T12:20:00,3483.09,TARGET,3311.98,2865.40
confluence,LT,2025-02-11,SHORT,2025-02-11T10:00:00,3305.00,3316.34,3288.00,90,11.34,2025-02-11T11:50:00,3300.00,TIME_STOP,450.00,4.16
confluence,LT,2025-03-03,SHORT,2025-03-03T11:50:00,3168.95,3180.43,3151.73,94,11.48,2025-03-03T12:10:00,3180.43,STOP,-1079.16,-1526.79
confluence,LT,2025-03-04,LONG,2025-03-04T11:10:00,3200.00,3191.01,3213.48,93,8.99,2025-03-04T12:40:00,3213.48,TARGET,1253.52,806.18
confluence,LT,2025-03-17,SHORT,2025-03-17T11:10:00,3194.50,3204.21,3179.94,93,9.71,2025-03-17T12:20:00,3179.94,TARGET,1354.39,909.77
confluence,LT,2025-04-02,SHORT,2025-04-02T11:40:00,3440.10,3451.17,3423.50,87,11.07,2025-04-02T12:40:00,3423.50,TARGET,1444.18,996.33
confluence,LT,2025-04-09,SHORT,2025-04-09T10:00:00,3122.50,3142.46,3092.56,96,19.96,2025-04-09T11:50:00,3117.35,TIME_STOP,494.40,45.13
confluence,LT,2025-04-17,LONG,2025-04-17T13:20:00,3220.50,3209.34,3237.24,93,11.16,2025-04-17T13:50:00,3237.24,TARGET,1556.64,1106.21
confluence,LT,2025-04-22,LONG,2025-04-22T14:10:00,3273.80,3266.80,3284.29,91,7.00,2025-04-22T14:20:00,3266.80,STOP,-636.57,-1082.97
confluence,LT,2025-04-24,LONG,2025-04-24T12:40:00,3293.60,3287.07,3303.40,91,6.53,2025-04-24T13:00:00,3303.40,TARGET,891.84,441.60
confluence,LT,2025-04-25,SHORT,2025-04-25T10:10:00,3260.80,3272.92,3242.62,92,12.12,2025-04-25T10:10:00,3272.92,STOP,-1114.87,-1565.69
confluence,LT,2025-04-30,LONG,2025-04-30T10:00:00,3351.20,3341.20,3366.20,89,10.00,2025-04-30T10:00:00,3341.20,STOP,-889.71,-1336.43
confluence,LT,2025-05-02,LONG,2025-05-02T13:40:00,3357.70,3347.18,3373.49,89,10.52,2025-05-02T14:00:00,3347.18,STOP,-936.68,-1384.23
confluence,LT,2025-05-06,LONG,2025-05-06T12:50:00,3334.00,3325.34,3346.99,89,8.66,2025-05-06T13:00:00,3346.99,TARGET,1156.37,710.41
confluence,LT,2025-05-07,SHORT,2025-05-07T13:20:00,3314.30,3324.39,3299.17,90,10.09,2025-05-07T14:10:00,3324.39,STOP,-907.96,-1356.07
confluence,LT,2025-05-15,LONG,2025-05-15T13:20:00,3600.80,3588.23,3619.65,83,12.57,2025-05-15T13:40:00,3619.65,TARGET,1564.40,1114.93
confluence,LT,2025-05-27,LONG,2025-05-27T11:50:00,3653.00,3639.81,3672.79,82,13.19,2025-05-27T12:20:00,3639.81,STOP,-1081.89,-1530.40
confluence,LT,2025-06-02,LONG,2025-06-02T12:40:00,3678.70,3669.13,3693.06,81,9.57,2025-06-02T13:40:00,3693.06,TARGET,1163.02,715.19
confluence,LT,2025-06-04,SHORT,2025-06-04T11:00:00,3633.20,3643.05,3618.43,82,9.85,2025-06-04T12:50:00,3622.00,TIME_STOP,918.40,472.21
confluence,LT,2025-06-11,LONG,2025-06-11T11:00:00,3687.10,3679.70,3698.20,81,7.40,2025-06-11T11:00:00,3679.70,STOP,-599.35,-1046.88
confluence,LT,2025-06-12,SHORT,2025-06-12T10:10:00,3668.00,3676.19,3655.71,81,8.19,2025-06-12T10:30:00,3676.19,STOP,-663.50,-1109.66
confluence,LT,2025-06-18,SHORT,2025-06-18T11:10:00,3610.00,3617.02,3599.46,83,7.02,2025-06-18T11:30:00,3599.46,TARGET,874.51,425.72
confluence,LT,2025-06-25,SHORT,2025-06-25T14:10:00,3616.70,3625.80,3603.06,82,9.10,2025-06-25T14:30:00,3625.80,STOP,-745.90,-1191.31
confluence,LT,2025-07-03,SHORT,2025-07-03T11:50:00,3603.10,3610.73,3591.65,83,7.63,2025-07-03T13:00:00,3591.65,TARGET,950.11,502.23
confluence,LT,2025-07-07,SHORT,2025-07-07T11:40:00,3589.20,3596.91,3577.64,83,7.71,2025-07-07T13:00:00,3592.50,REVERSE,-273.90,-720.96
confluence,LT,2025-07-10,SHORT,2025-07-10T11:10:00,3579.90,3585.25,3571.88,83,5.35,2025-07-10T12:10:00,3582.00,REVERSE,-174.30,-620.13
confluence,LT,2025-07-15,SHORT,2025-07-15T13:20:00,3495.00,3500.91,3486.13,85,5.91,2025-07-15T15:10:00,3492.40,TIME_STOP,221.00,-224.45
confluence,LT,2025-07-17,SHORT,2025-07-17T11:00:00,3490.00,3496.89,3479.66,85,6.89,2025-07-17T11:10:00,3479.66,TARGET,878.94,434.62
confluence,LT,2025-07-23,SHORT,2025-07-23T10:40:00,3463.20,3469.66,3453.51,86,6.46,2025-07-23T12:30:00,3463.00,TIME_STOP,17.20,-429.54
confluence,LT,2025-07-25,SHORT,2025-07-25T10:20:00,3456.50,3463.15,3446.52,86,6.65,2025-07-25T11:20:00,3463.15,STOP,-572.08,-1018.39
confluence,LT,2025-08-05,LONG,2025-08-05T12:20:00,3634.00,3627.26,3644.11,82,6.74,2025-08-05T13:20:00,3644.11,TARGET,829.13,381.53
confluence,LT,2025-08-13,LONG,2025-08-13T10:00:00,3698.30,3688.79,3712.56,81,9.51,2025-08-13T11:00:00,3712.56,TARGET,1155.02,704.81
confluence,LT,2025-08-14,LONG,2025-08-14T14:10:00,3682.00,3674.51,3693.24,81,7.49,2025-08-14T14:10:00,3674.51,STOP,-606.91,-1053.82
confluence,LT,2025-08-21,SHORT,2025-08-21T14:10:00,3619.00,3624.44,3610.85,82,5.44,2025-08-21T14:10:00,3623.60,REVERSE,-377.20,-822.62
confluence,LT,2025-08-28,SHORT,2025-08-28T12:50:00,3559.40,3566.70,3548.45,84,7.30,2025-08-28T13:30:00,3548.45,TARGET,920.15,472.36
confluence,LT,2025-09-01,LONG,2025-09-01T13:40:00,3604.30,3596.93,3615.35,83,7.37,2025-09-01T15:20:00,3596.93,STOP,-611.67,-1059.95
confluence,LT,2025-09-05,SHORT,2025-09-05T10:20:00,3577.00,3586.97,3562.04,83,9.97,2025-09-05T12:10:00,3565.00,TIME_STOP,996.00,551.41
confluence,LT,2025-09-11,SHORT,2025-09-11T12:50:00,3535.60,3541.15,3527.27,84,5.55,2025-09-11T13:30:00,3541.15,STOP,-466.57,-912.40
confluence,LT,2025-10-07,LONG,2025-10-07T12:00:00,3753.60,3744.29,3767.57,79,9.31,2025-10-07T13:10:00,3744.29,STOP,-735.66,-1179.91
confluence,LT,2025-10-08,LONG,2025-10-08T10:10:00,3752.90,3742.29,3768.82,79,10.61,2025-10-08T11:00:00,3742.29,STOP,-838.23,-1282.32
confluence,LT,2025-10-14,SHORT,2025-10-14T10:10:00,3760.60,3769.81,3746.79,79,9.21,2025-10-14T10:20:00,3769.81,STOP,-727.57,-1173.75
confluence,LT,2025-10-21,LONG,2025-10-21T14:10:00,3890.50,3879.82,3906.52,77,10.68,2025-10-21T14:40:00,3885.00,EOD_FORCED,-423.50,-872.54
confluence,LT,2025-11-11,LONG,2025-11-11T12:40:00,3931.80,3923.44,3944.34,76,8.36,2025-11-11T12:40:00,3923.44,STOP,-635.18,-1082.93
confluence,LT,2025-11-18,LONG,2025-11-18T14:10:00,4005.10,3997.33,4016.75,74,7.77,2025-11-18T14:10:00,3997.33,STOP,-574.73,-1018.87
confluence,LT,2025-11-19,LONG,2025-11-19T11:50:00,4014.00,4005.37,4026.94,74,8.63,2025-11-19T12:50:00,4005.37,STOP,-638.42,-1083.50
confluence,LT,2025-11-25,LONG,2025-11-25T10:20:00,4027.70,4019.39,4040.16,74,8.31,2025-11-25T10:50:00,4019.39,STOP,-614.83,-1061.44
confluence,LT,2025-11-26,LONG,2025-11-26T10:20:00,4039.10,4026.71,4057.69,74,12.39,2025-11-26T10:50:00,4057.69,TARGET,1375.72,926.35
confluence,LT,2025-11-28,LONG,2025-11-28T10:20:00,4098.90,4089.12,4113.57,73,9.78,2025-11-28T11:00:00,4089.12,STOP,-713.90,-1162.19
confluence,LT,2025-12-01,SHORT,2025-12-01T11:20:00,4065.40,4074.84,4051.24,73,9.44,2025-12-01T11:30:00,4074.84,STOP,-689.13,-1134.80
confluence,LT,2025-12-02,SHORT,2025-12-02T10:00:00,4061.60,4070.71,4047.94,73,9.11,2025-12-02T11:50:00,4048.90,TIME_STOP,927.10,483.05
confluence,LT,2025-12-04,SHORT,2025-12-04T14:00:00,3993.00,4000.08,3982.38,75,7.08,2025-12-04T15:20:00,3982.38,TARGET,796.46,347.85
confluence,LT,2025-12-08,SHORT,2025-12-08T10:10:00,4011.70,4020.52,3998.48,74,8.82,2025-12-08T12:00:00,4008.20,TIME_STOP,259.00,-186.10
confluence,LT,2025-12-10,SHORT,2025-12-10T14:10:00,3997.50,4005.70,3985.19,75,8.20,2025-12-10T14:50:00,3985.19,TARGET,922.88,473.85
confluence,LT,2025-12-11,LONG,2025-12-11T12:10:00,4006.00,3997.65,4018.52,74,8.35,2025-12-11T12:30:00,3997.65,STOP,-617.55,-1061.75
confluence,LT,2025-12-18,LONG,2025-12-18T12:30:00,4049.90,4042.07,4061.65,74,7.83,2025-12-18T12:40:00,4061.65,TARGET,869.68,419.48
confluence,LT,2025-12-22,LONG,2025-12-22T11:50:00,4080.90,4074.40,4090.65,73,6.50,2025-12-22T12:50:00,4074.40,STOP,-474.71,-921.21
confluence,LT,2025-12-29,SHORT,2025-12-29T13:20:00,4047.00,4051.98,4039.52,74,4.98,2025-12-29T13:40:00,4039.52,TARGET,553.16,104.36
confluence,LT,2026-01-06,LONG,2026-01-06T10:20:00,4182.00,4171.82,4197.27,71,10.18,2026-01-06T10:20:00,4171.82,STOP,-722.86,-1167.70
confluence,LT,2026-01-14,SHORT,2026-01-14T12:50:00,3875.10,3887.90,3855.90,77,12.80,2026-01-14T14:40:00,3868.30,TIME_STOP,523.60,76.42
confluence,LT,2026-01-20,SHORT,2026-01-20T10:50:00,3851.50,3862.14,3835.54,77,10.64,2026-01-20T11:10:00,3835.54,TARGET,1229.13,785.20
confluence,LT,2026-01-22,SHORT,2026-01-22T11:10:00,3761.00,3772.78,3743.34,79,11.78,2026-01-22T11:30:00,3772.78,STOP,-930.29,-1376.67
confluence,LT,2026-01-23,SHORT,2026-01-23T10:30:00,3772.00,3783.43,3754.85,79,11.43,2026-01-23T11:30:00,3754.85,TARGET,1354.82,908.85
confluence,LT,2026-02-02,LONG,2026-02-02T13:20:00,3917.80,3904.04,3938.43,76,13.76,2026-02-02T13:20:00,3904.04,STOP,-1045.45,-1491.29
confluence,LT,2026-02-05,LONG,2026-02-05T13:10:00,4071.90,4063.22,4084.92,73,8.68,2026-02-05T14:10:00,4063.22,STOP,-633.50,-1078.90
confluence,LT,2026-02-06,LONG,2026-02-06T14:10:00,4066.80,4059.41,4077.89,73,7.39,2026-02-06T14:20:00,4059.41,STOP,-539.63,-984.54
confluence,LT,2026-02-13,LONG,2026-02-13T11:40:00,4184.90,4174.27,4200.85,71,10.63,2026-02-13T13:30:00,4190.90,TIME_STOP,426.00,-20.01
confluence,LT,2026-02-16,LONG,2026-02-16T13:30:00,4178.00,4170.83,4188.75,71,7.17,2026-02-16T14:10:00,4170.83,STOP,-508.80,-953.37
confluence,LT,2026-02-19,LONG,2026-02-19T13:30:00,4304.20,4295.36,4317.46,69,8.84,2026-02-19T13:30:00,4295.36,STOP,-609.84,-1054.87
confluence,LT,2026-02-26,LONG,2026-02-26T10:10:00,4331.10,4316.32,4353.26,69,14.78,2026-02-26T11:00:00,4316.32,STOP,-1019.53,-1467.03
confluence,LT,2026-03-11,SHORT,2026-03-11T11:40:00,3868.40,3879.55,3851.67,77,11.15,2026-03-11T13:10:00,3851.67,TARGET,1288.26,842.42
confluence,ADANIPORTS,2024-03-28,LONG,2024-03-28T12:40:00,1332.85,1328.34,1339.62,225,4.51,2024-03-28T14:00:00,1339.62,TARGET,1523.32,1072.34
confluence,ADANIPORTS,2024-04-03,LONG,2024-04-03T12:40:00,1399.30,1394.98,1405.78,214,4.32,2024-04-03T14:30:00,1398.00,TIME_STOP,-278.20,-727.17
confluence,ADANIPORTS,2024-04-12,SHORT,2024-04-12T11:20:00,1352.05,1355.52,1346.84,221,3.47,2024-04-12T12:20:00,1346.84,TARGET,1151.59,704.25
confluence,ADANIPORTS,2024-04-18,SHORT,2024-04-18T13:40:00,1319.50,1323.84,1312.99,227,4.34,2024-04-18T13:40:00,1312.99,TARGET,1477.52,1029.34
confluence,ADANIPORTS,2024-04-25,LONG,2024-04-25T13:40:00,1326.00,1323.16,1330.26,226,2.84,2024-04-25T14:00:00,1330.26,TARGET,963.35,513.11
confluence,ADANIPORTS,2024-04-26,SHORT,2024-04-26T13:10:00,1325.40,1328.72,1320.43,226,3.32,2024-04-26T13:10:00,1328.72,STOP,-749.56,-1199.43
confluence,ADANIPORTS,2024-05-07,SHORT,2024-05-07T10:30:00,1283.20,1289.34,1273.99,233,6.14,2024-05-07T10:50:00,1273.99,TARGET,2147.08,1700.21
confluence,ADANIPORTS,2024-05-08,SHORT,2024-05-08T11:10:00,1282.05,1287.83,1273.37,234,5.78,2024-05-08T11:20:00,1287.83,STOP,-1353.54,-1804.56
confluence,ADANIPORTS,2024-05-22,LONG,2024-05-22T12:10:00,1381.00,1375.19,1389.72,217,5.81,2024-05-22T12:30:00,1375.19,STOP,-1261.51,-1710.08
confluence,ADANIPORTS,2024-05-23,LONG,2024-05-23T11:20:00,1379.85,1374.16,1388.38,217,5.69,2024-05-23T11:20:00,1388.38,TARGET,1850.59,1400.06
confluence,ADANIPORTS,2024-05-29,LONG,2024-05-29T12:10:00,1413.60,1407.79,1422.32,212,5.81,2024-05-29T13:10:00,1422.32,TARGET,1848.01,1397.10
confluence,ADANIPORTS,2024-05-31,SHORT,2024-05-31T10:30:00,1394.80,1402.45,1383.33,215,7.65,2024-05-31T10:50:00,1402.45,STOP,-1644.44,-2095.49
confluence,ADANIPORTS,2024-06-04,SHORT,2024-06-04T11:10:00,1346.35,1371.11,1309.20,100,24.76,2024-06-04T11:20:00,1309.20,TARGET,3714.62,3515.46
confluence,ADANIPORTS,2024-06-13,LONG,2024-06-13T13:40:00,1401.50,1397.40,1407.65,214,4.10,2024-06-13T14:10:00,1397.40,STOP,-877.46,-1326.69
confluence,ADANIPORTS,2024-07-01,LONG,2024-07-01T10:10:00,1488.60,1482.64,1497.54,201,5.96,2024-07-01T10:10:00,1482.64,STOP,-1197.44,-1645.36
confluence,ADANIPORTS,2024-07-02,SHORT,2024-07-02T12:20:00,1467.30,1472.50,1459.50,204,5.20,2024-07-02T12:20:00,1472.50,STOP,-1060.39,-1510.18
confluence,ADANIPORTS,2024-07-09,SHORT,2024-07-09T12:40:00,1481.15,1485.20,1475.07,202,4.05,2024-07-09T13:00:00,1485.20,STOP,-818.53,-1267.93
confluence,ADANIPORTS,2024-07-10,SHORT,2024-07-10T10:30:00,1470.80,1475.81,1463.28,203,5.01,2024-07-10T10:40:00,1463.28,TARGET,1526.89,1080.18
confluence,ADANIPORTS,2024-07-11,SHORT,2024-07-11T12:10:00,1478.30,1482.64,1471.79,202,4.34,2024-07-11T12:10:00,1482.64,STOP,-877.29,-1325.87
confluence,ADANIPORTS,2024-07-19,SHORT,2024-07-19T10:20:00,1484.90,1490.71,1476.18,202,5.81,2024-07-19T10:20:00,1490.71,STOP,-1173.99,-1624.79
confluence,ADANIPORTS,2024-07-23,LONG,2024-07-23T13:00:00,1497.45,1482.94,1519.22,172,14.51,2024-07-23T13:50:00,1482.94,STOP,-2495.75,-2880.22
confluence,ADANIPORTS,2024-08-02,LONG,2024-08-02T11:20:00,1588.95,1578.50,1604.62,188,10.45,2024-08-02T13:10:00,1594.35,TIME_STOP,1015.20,566.35
confluence,ADANIPORTS,2024-08-08,SHORT,2024-08-08T13:30:00,1531.35,1537.81,1521.66,195,6.46,2024-08-08T15:00:00,1521.66,TARGET,1889.14,1442.63
confluence,ADANIPORTS,2024-08-20,SHORT,2024-08-20T13:10:00,1493.90,1497.39,1488.66,200,3.49,2024-08-20T15:00:00,1492.15,TIME_STOP,350.00,-97.91
confluence,ADANIPORTS,2024-08-27,SHORT,2024-08-27T11:10:00,1483.90,1487.13,1479.06,202,3.23,2024-08-27T13:00:00,1483.10,TIME_STOP,161.60,-287.90
confluence,ADANIPORTS,2024-08-28,SHORT,2024-08-28T13:10:00,1481.20,1483.47,1477.79,202,2.27,2024-08-28T14:30:00,1477.79,TARGET,688.18,239.89
confluence,ADANIPORTS,2024-08-29,SHORT,2024-08-29T14:00:00,1466.70,1471.38,1459.68,204,4.68,2024-08-29T14:30:00,1459.68,TARGET,1432.01,984.28
confluence,ADANIPORTS,2024-09-03,LONG,2024-09-03T13:40:00,1487.80,1485.42,1491.36,201,2.38,2024-09-03T14:00:00,1485.42,STOP,-477.51,-925.73
confluence,ADANIPORTS,2024-09-11,SHORT,2024-09-11T13:10:00,1447.35,1450.78,1442.20,207,3.43,2024-09-11T13:40:00,1442.20,TARGET,1066.11,617.51
confluence,ADANIPORTS,2024-09-12,SHORT,2024-09-12T12:20:00,1444.35,1450.33,1435.38,207,5.98,2024-09-12T13:00:00,1450.33,STOP,-1237.89,-1687.29
confluence,ADANIPORTS,2024-09-16,LONG,2024-09-16T10:40:00,1457.00,1453.28,1462.58,205,3.72,2024-09-16T10:50:00,1453.28,STOP,-763.23,-1210.68
confluence,ADANIPORTS,2024-09-18,SHORT,2024-09-18T12:00:00,1429.00,1432.87,1423.20,209,3.87,2024-09-18T12:50:00,1423.20,TARGET,1211.73,764.65
confluence,ADANIPORTS,2024-09-19,SHORT,2024-09-19T10:20:00,1420.95,1425.90,1413.53,211,4.95,2024-09-19T11:10:00,1413.53,TARGET,1566.67,1118.11
confluence,ADANIPORTS,2024-09-30,LONG,2024-09-30T11:40:00,1461.75,1455.42,1471.24,205,6.33,2024-09-30T12:20:00,1455.42,STOP,-1296.84,-1745.36
confluence,ADANIPORTS,2024-10-03,SHORT,2024-10-03T11:30:00,1445.30,1450.29,1437.81,207,4.99,2024-10-03T11:40:00,1437.81,TARGET,1550.14,1102.54
confluence,ADANIPORTS,2024-10-04,SHORT,2024-10-04T13:10:00,1416.35,1423.73,1405.28,211,7.38,2024-10-04T14:50:00,1405.28,TARGET,2334.94,1888.42
confluence,ADANIPORTS,2024-10-14,SHORT,2024-10-14T11:30:00,1410.00,1413.84,1404.24,212,3.84,2024-10-14T13:20:00,1409.00,TIME_STOP,212.00,-236.22
confluence,ADANIPORTS,2024-11-08,LONG,2024-11-08T13:20:00,1359.35,1355.20,1365.57,220,4.15,2024-11-08T13:30:00,1355.20,STOP,-912.78,-1360.68
confluence,ADANIPORTS,2024-11-11,LONG,2024-11-11T11:30:00,1355.60,1350.53,1363.21,221,5.07,2024-11-11T12:00:00,1350.53,STOP,-1121.52,-1570.06
confluence,ADANIPORTS,2024-11-12,SHORT,2024-11-12T12:20:00,1345.30,1349.50,1339.00,222,4.20,2024-11-12T13:00:00,1339.00,TARGET,1398.38,951.44
confluence,ADANIPORTS,2024-11-27,LONG,2024-11-27T12:10:00,1164.20,1151.87,1182.69,202,12.33,2024-11-27T12:50:00,1182.69,TARGET,3734.59,3379.04
confluence,ADANIPORTS,2024-12-05,LONG,2024-12-05T13:30:00,1272.85,1267.22,1281.30,235,5.63,2024-12-05T14:30:00,1281.30,TARGET,1985.52,1535.35
confluence,ADANIPORTS,2024-12-16,SHORT,2024-12-16T10:30:00,1244.05,1248.44,1237.46,241,4.39,2024-12-16T10:40:00,1248.44,STOP,-1059.15,-1509.67
confluence,ADANIPORTS,2024-12-17,SHORT,2024-12-17T13:20:00,1244.30,1248.03,1238.71,241,3.73,2024-12-17T14:00:00,1238.71,TARGET,1346.70,897.90
confluence,ADANIPORTS,2024-12-24,SHORT,2024-12-24T12:20:00,1186.30,1190.53,1179.96,252,4.23,2024-12-24T14:10:00,1182.80,TIME_STOP,882.00,434.24
confluence,ADANIPORTS,2025-01-01,SHORT,2025-01-01T10:00:00,1211.00,1216.63,1202.56,247,5.63,2025-01-01T10:40:00,1216.63,STOP,-1389.40,-1839.11
confluence,ADANIPORTS,2025-01-07,SHORT,2025-01-07T11:00:00,1172.20,1178.21,1163.19,255,6.01,2025-01-07T11:20:00,1175.85,REVERSE,-930.75,-1379.81
confluence,ADANIPORTS,2025-01-15,SHORT,2025-01-15T13:40:00,1121.40,1125.52,1115.22,267,4.12,2025-01-15T15:00:00,1125.52,STOP,-1100.61,-1550.55
confluence,ADANIPORTS,2025-01-20,LONG,2025-01-20T11:50:00,1164.70,1160.19,1171.47,257,4.51,2025-01-20T12:00:00,1160.19,STOP,-1159.66,-1607.78
confluence,ADANIPORTS,2025-01-24,SHORT,2025-01-24T10:00:00,1095.15,1099.49,1088.64,273,4.34,2025-01-24T10:20:00,1088.64,TARGET,1778.52,1331.39
confluence,ADANIPORTS,2025-01-31,LONG,2025-01-31T10:10:00,1091.25,1080.36,1107.58,229,10.89,2025-01-31T11:00:00,1107.58,TARGET,3739.36,3361.71
confluence,ADANIPORTS,2025-02-12,LONG,2025-02-12T12:10:00,1137.85,1129.36,1150.58,263,8.49,2025-02-12T14:00:00,1131.90,TIME_STOP,-1564.85,-2012.56
confluence,ADANIPORTS,2025-02-28,LONG,2025-02-28T11:20:00,1076.80,1072.00,1084.00,278,4.80,2025-02-28T12:10:00,1074.35,REVERSE,-681.10,-1129.61
confluence,ADANIPORTS,2025-03-04,SHORT,2025-03-04T11:50:00,1049.90,1054.46,1043.06,285,4.56,2025-03-04T13:40:00,1048.80,TIME_STOP,313.50,-135.10
confluence,ADANIPORTS,2025-03-12,LONG,2025-03-12T10:00:00,1153.65,1148.87,1160.81,260,4.78,2025-03-12T10:00:00,1148.87,STOP,-1241.92,-1690.91
confluence,ADANIPORTS,2025-03-13,LONG,2025-03-13T10:10:00,1130.00,1123.96,1139.06,265,6.04,2025-03-13T10:30:00,1139.06,TARGET,2401.52,1950.54
confluence,ADANIPORTS,2025-03-20,LONG,2025-03-20T13:20:00,1175.00,1170.92,1181.12,255,4.08,2025-03-20T15:10:00,1177.45,TIME_STOP,624.75,174.84
confluence,ADANIPORTS,2025-04-01,SHORT,2025-04-01T11:20:00,1178.95,1185.98,1168.40,254,7.03,2025-04-01T13:10:00,1176.15,TIME_STOP,711.20,262.55
confluence,ADANIPORTS,2025-04-21,LONG,2025-04-21T14:00:00,1246.20,1241.30,1253.55,240,4.90,2025-04-21T14:00:00,1241.30,STOP,-1175.69,-1623.44
confluence,ADANIPORTS,2025-05-22,SHORT,2025-05-22T10:20:00,1383.30,1389.59,1373.86,216,6.29,2025-05-22T11:10:00,1373.86,TARGET,2039.27,1592.61
confluence,ADANIPORTS,2025-05-27,LONG,2025-05-27T11:30:00,1407.90,1403.21,1414.94,213,4.69,2025-05-27T11:30:00,1414.94,TARGET,1499.19,1048.25
confluence,ADANIPORTS,2025-06-12,SHORT,2025-06-12T13:50:00,1448.40,1452.54,1442.19,207,4.14,2025-06-12T14:10:00,1442.19,TARGET,1284.61,835.85
confluence,ADANIPORTS,2025-06-17,SHORT,2025-06-17T11:40:00,1398.90,1402.70,1393.20,214,3.80,2025-06-17T12:00:00,1393.20,TARGET,1220.60,772.47
confluence,ADANIPORTS,2025-06-20,SHORT,2025-06-20T12:40:00,1337.10,1341.39,1330.67,224,4.29,2025-06-20T12:50:00,1341.39,STOP,-960.43,-1410.41
confluence,ADANIPORTS,2025-07-03,LONG,2025-07-03T10:40:00,1448.40,1444.82,1453.78,207,3.58,2025-07-03T11:10:00,1444.82,STOP,-741.83,-1191.00
confluence,ADANIPORTS,2025-07-10,LONG,2025-07-10T14:10:00,1444.70,1441.91,1448.89,207,2.79,2025-07-10T15:20:00,1442.60,EOD,-434.70,-882.95
confluence,ADANIPORTS,2025-07-14,SHORT,2025-07-14T12:30:00,1436.20,1439.67,1430.99,208,3.47,2025-07-14T13:50:00,1430.99,TARGET,1083.61,636.33
confluence,ADANIPORTS,2025-07-22,SHORT,2025-07-22T10:30:00,1441.60,1445.21,1436.19,208,3.61,2025-07-22T10:50:00,1445.21,STOP,-750.30,-1200.64
confluence,ADANIPORTS,2025-07-30,SHORT,2025-07-30T14:10:00,1394.00,1396.46,1390.31,215,2.46,2025-07-30T15:20:00,1396.30,EOD,-494.50,-944.44
confluence,ADANIPORTS,2025-08-05,SHORT,2025-08-05T10:10:00,1371.80,1377.59,1363.11,218,5.79,2025-08-05T11:20:00,1377.59,STOP,-1262.25,-1711.78
confluence,ADANIPORTS,2025-08-08,SHORT,2025-08-08T10:40:00,1327.50,1333.99,1317.76,225,6.49,2025-08-08T11:20:00,1333.99,STOP,-1460.52,-1909.64
confluence,ADANIPORTS,2025-08-12,SHORT,2025-08-12T11:50:00,1335.50,1339.92,1328.87,224,4.42,2025-08-12T12:20:00,1339.92,STOP,-989.46,-1438.93
confluence,ADANIPORTS,2025-08-28,SHORT,2025-08-28T13:30:00,1321.60,1325.24,1316.14,226,3.64,2025-08-28T15:10:00,1316.14,TARGET,1233.52,786.42
confluence,ADANIPORTS,2025-08-29,SHORT,2025-08-29T14:00:00,1311.60,1315.30,1306.05,228,3.70,2025-08-29T15:20:00,1313.90,EOD,-524.40,-973.36
confluence,ADANIPORTS,2025-09-03,LONG,2025-09-03T12:20:00,1338.80,1335.88,1343.18,224,2.92,2025-09-03T13:00:00,1335.88,STOP,-654.01,-1103.36
confluence,ADANIPORTS,2025-09-12,LONG,2025-09-12T10:10:00,1398.50,1394.59,1404.37,214,3.91,2025-09-12T11:10:00,1404.37,TARGET,1255.14,805.28
confluence,ADANIPORTS,2025-09-17,LONG,2025-09-17T12:00:00,1405.60,1402.84,1409.75,213,2.76,2025-09-17T13:10:00,1409.75,TARGET,883.36,433.61
confluence,ADANIPORTS,2025-09-23,LONG,2025-09-23T13:20:00,1445.60,1440.34,1453.50,207,5.26,2025-09-23T15:10:00,1442.90,TIME_STOP,-558.90,-1007.34
confluence,ADANIPORTS,2025-09-24,LONG,2025-09-24T12:20:00,1450.50,1445.21,1458.43,206,5.29,2025-09-24T12:20:00,1445.21,STOP,-1088.95,-1536.34
confluence,ADANIPORTS,2025-10-01,SHORT,2025-10-01T11:10:00,1394.70,1398.46,1389.06,215,3.76,2025-10-01T11:20:00,1398.46,STOP,-808.30,-1258.70
confluence,ADANIPORTS,2025-10-07,SHORT,2025-10-07T12:00:00,1403.60,1407.38,1397.93,213,3.78,2025-10-07T12:10:00,1407.38,STOP,-804.66,-1253.71
confluence,ADANIPORTS,2025-10-13,LONG,2025-10-13T10:30:00,1411.40,1407.04,1417.93,212,4.36,2025-10-13T10:50:00,1417.93,TARGET,1385.21,935.34
confluence,ADANIPORTS,2025-10-17,LONG,2025-10-17T10:50:00,1481.40,1477.21,1487.68,202,4.19,2025-10-17T11:10:00,1487.68,TARGET,1268.83,819.01
confluence,ADANIPORTS,2025-10-23,LONG,2025-10-23T10:10:00,1476.00,1471.27,1483.09,203,4.73,2025-10-23T10:30:00,1471.27,STOP,-959.20,-1407.93
confluence,ADANIPORTS,2025-10-31,LONG,2025-10-31T13:10:00,1456.30,1452.56,1461.90,206,3.74,2025-10-31T14:00:00,1452.56,STOP,-769.73,-1219.15
confluence,ADANIPORTS,2025-11-04,SHORT,2025-11-04T14:10:00,1438.10,1444.21,1428.93,208,6.11,2025-11-04T14:20:00,1444.21,STOP,-1271.75,-1721.39
confluence,ADANIPORTS,2025-11-07,LONG,2025-11-07T11:20:00,1450.50,1444.72,1459.17,206,5.78,2025-11-07T11:20:00,1459.17,TARGET,1785.58,1336.04
confluence,ADANIPORTS,2025-11-10,LONG,2025-11-10T10:30:00,1453.50,1448.76,1460.62,206,4.74,2025-11-10T12:20:00,1451.00,TIME_STOP,-515.00,-963.75
confluence,ADANIPORTS,2025-11-17,LONG,2025-11-17T13:00:00,1510.00,1506.86,1514.70,198,3.14,2025-11-17T13:20:00,1507.70,REVERSE,-455.40,-903.53
confluence,ADANIPORTS,2025-11-25,SHORT,2025-11-25T11:10:00,1478.50,1482.01,1473.24,202,3.51,2025-11-25T13:00:00,1482.01,STOP,-708.31,-1156.83
confluence,ADANIPORTS,2025-11-27,LONG,2025-11-27T11:10:00,1509.90,1506.59,1514.87,198,3.31,2025-11-27T11:50:00,1506.59,STOP,-655.59,-1103.54
confluence,ADANIPORTS,2025-12-04,SHORT,2025-12-04T11:30:00,1495.40,1499.81,1488.78,200,4.41,2025-12-04T13:00:00,1499.81,STOP,-882.20,-1331.49
confluence,ADANIPORTS,2025-12-11,LONG,2025-12-11T10:50:00,1506.90,1502.11,1514.09,199,4.79,2025-12-11T11:00:00,1502.11,STOP,-953.50,-1402.60
confluence,ADANIPORTS,2025-12-24,LONG,2025-12-24T12:20:00,1506.90,1504.05,1511.18,199,2.85,2025-12-24T13:30:00,1504.05,STOP,-567.73,-1017.11
confluence,ADANIPORTS,2026-01-05,LONG,2026-01-05T12:50:00,1488.90,1486.07,1493.15,201,2.83,2026-01-05T12:50:00,1493.15,TARGET,853.36,403.81
confluence,ADANIPORTS,2026-01-13,SHORT,2026-01-13T12:10:00,1431.60,1436.49,1424.26,209,4.89,2026-01-13T14:00:00,1424.60,TIME_STOP,1463.00,1015.29
confluence,ADANIPORTS,2026-01-14,SHORT,2026-01-14T14:10:00,1429.70,1432.61,1425.33,209,2.91,2026-01-14T14:40:00,1432.61,STOP,-608.59,-1057.26
confluence,ADANIPORTS,2026-01-27,SHORT,2026-01-27T11:20:00,1344.70,1355.82,1328.02,223,11.12,2026-01-27T11:40:00,1355.82,STOP,-2480.26,-2931.92
confluence,ADANIPORTS,2026-02-11,LONG,2026-02-11T13:50:00,1554.40,1550.81,1559.79,193,3.59,2026-02-11T14:40:00,1550.81,STOP,-693.01,-1142.49
confluence,ADANIPORTS,2026-02-16,LONG,2026-02-16T12:10:00,1532.60,1526.76,1541.35,195,5.84,2026-02-16T12:10:00,1541.35,TARGET,1707.21,1257.65
confluence,ADANIPORTS,2026-02-20,SHORT,2026-02-20T13:30:00,1515.60,1520.30,1508.55,197,4.70,2026-02-20T14:20:00,1520.30,STOP,-926.13,-1374.68
confluence,ADANIPORTS,2026-02-24,LONG,2026-02-24T14:10:00,1548.90,1544.90,1554.90,193,4.00,2026-02-24T15:20:00,1554.90,TARGET,1157.94,708.66
confluence,ADANIPORTS,2026-02-26,LONG,2026-02-26T11:30:00,1548.40,1543.14,1556.30,193,5.26,2026-02-26T11:50:00,1543.14,STOP,-1016.09,-1463.59
confluence,ADANIPORTS,2026-03-10,SHORT,2026-03-10T11:40:00,1423.20,1430.00,1413.00,210,6.80,2026-03-10T13:30:00,1425.60,TIME_STOP,-504.00,-952.69
confluence,ADANIPORTS,2026-03-11,SHORT,2026-03-11T13:10:00,1427.40,1433.49,1418.26,210,6.09,2026-03-11T14:10:00,1418.26,TARGET,1918.43,1470.24
fast_pair,INDUSINDBK,2024-03-18,LONG,2024-03-18T12:40:00,1478.80,1471.53,1489.70,202,7.27,2024-03-18T12:40:00,1474.85,REVERSE,-797.90,-1245.38
fast_pair,INDUSINDBK,2024-03-20,SHORT,2024-03-20T10:30:00,1439.65,1446.15,1429.90,208,6.50,2024-03-20T10:40:00,1429.90,TARGET,2028.79,1581.14
fast_pair,INDUSINDBK,2024-03-21,SHORT,2024-03-21T13:00:00,1475.45,1481.26,1466.74,203,5.81,2024-03-21T13:40:00,1479.20,REVERSE,-761.25,-1211.10
fast_pair,INDUSINDBK,2024-03-22,SHORT,2024-03-22T10:00:00,1481.20,1486.85,1472.73,202,5.65,2024-03-22T10:00:00,1486.85,STOP,-1140.49,-1590.15
fast_pair,INDUSINDBK,2024-03-26,SHORT,2024-03-26T10:40:00,1510.10,1514.99,1502.77,198,4.89,2024-03-26T11:00:00,1502.77,TARGET,1451.84,1004.43
fast_pair,INDUSINDBK,2024-04-01,LONG,2024-04-01T10:30:00,1560.35,1554.94,1568.46,192,5.41,2024-04-01T11:40:00,1568.46,TARGET,1557.96,1107.41
fast_pair,INDUSINDBK,2024-04-02,SHORT,2024-04-02T13:10:00,1560.35,1564.50,1554.13,192,4.15,2024-04-02T15:00:00,1559.80,TIME_STOP,105.60,-343.70
fast_pair,INDUSINDBK,2024-04-03,LONG,2024-04-03T12:20:00,1554.60,1550.41,1560.89,192,4.19,2024-04-03T12:30:00,1550.41,STOP,-805.26,-1252.39
fast_pair,INDUSINDBK,2024-04-04,LONG,2024-04-04T12:50:00,1527.00,1522.07,1534.39,196,4.93,2024-04-04T13:20:00,1534.39,TARGET,1448.88,998.86
fast_pair,INDUSINDBK,2024-04-05,LONG,2024-04-05T13:30:00,1536.20,1532.66,1541.50,195,3.54,2024-04-05T13:40:00,1535.00,REVERSE,-234.00,-683.16
fast_pair,INDUSINDBK,2024-04-09,SHORT,2024-04-09T12:40:00,1564.65,1568.80,1558.42,191,4.15,2024-04-09T13:20:00,1558.42,TARGET,1189.30,741.92
fast_pair,INDUSINDBK,2024-04-10,SHORT,2024-04-10T12:30:00,1557.50,1561.06,1552.16,192,3.56,2024-04-10T13:00:00,1559.40,REVERSE,-364.80,-813.63
fast_pair,INDUSINDBK,2024-04-12,LONG,2024-04-12T10:40:00,1559.55,1554.50,1567.12,192,5.05,2024-04-12T12:20:00,1554.50,STOP,-968.93,-1417.35
fast_pair,INDUSINDBK,2024-04-15,LONG,2024-04-15T11:10:00,1547.10,1541.86,1554.95,193,5.24,2024-04-15T11:10:00,1544.20,REVERSE,-559.70,-1007.17
fast_pair,INDUSINDBK,2024-04-19,LONG,2024-04-19T12:20:00,1464.20,1457.75,1473.87,204,6.45,2024-04-19T12:30:00,1473.87,TARGET,1972.47,1522.95
fast_pair,INDUSINDBK,2024-04-22,SHORT,2024-04-22T11:00:00,1486.20,1492.63,1476.56,201,6.43,2024-04-22T11:10:00,1492.63,STOP,-1291.94,-1741.00
fast_pair,INDUSINDBK,2024-04-23,SHORT,2024-04-23T10:00:00,1474.50,1479.55,1466.92,203,5.05,2024-04-23T10:10:00,1479.55,STOP,-1025.18,-1474.93
fast_pair,INDUSINDBK,2024-04-25,SHORT,2024-04-25T11:30:00,1479.55,1484.55,1472.04,202,5.00,2024-04-25T11:30:00,1484.55,STOP,-1010.80,-1459.86
fast_pair,INDUSINDBK,2024-04-26,SHORT,2024-04-26T10:10:00,1484.35,1491.74,1473.27,202,7.39,2024-04-26T10:30:00,1473.27,TARGET,2239.10,1791.02
fast_pair,INDUSINDBK,2024-04-29,SHORT,2024-04-29T13:10:00,1475.80,1480.83,1468.25,203,5.03,2024-04-29T13:30:00,1480.83,STOP,-1021.41,-1471.56
fast_pair,INDUSINDBK,2024-05-06,SHORT,2024-05-06T12:30:00,1499.15,1504.28,1491.46,200,5.13,2024-05-06T12:50:00,1491.46,TARGET,1538.18,1089.59
fast_pair,INDUSINDBK,2024-05-08,LONG,2024-05-08T12:20:00,1442.05,1436.39,1450.53,208,5.66,2024-05-08T13:00:00,1440.00,REVERSE,-426.40,-876.00
fast_pair,INDUSINDBK,2024-05-09,SHORT,2024-05-09T10:30:00,1438.15,1443.61,1429.96,208,5.46,2024-05-09T10:40:00,1429.96,TARGET,1703.46,1256.04
fast_pair,INDUSINDBK,2024-05-13,LONG,2024-05-13T12:40:00,1391.20,1385.56,1399.66,215,5.64,2024-05-13T13:20:00,1385.56,STOP,-1212.40,-1660.15
fast_pair,INDUSINDBK,2024-05-15,SHORT,2024-05-15T10:20:00,1415.00,1419.84,1407.74,212,4.84,2024-05-15T11:00:00,1419.84,STOP,-1026.58,-1477.32
fast_pair,INDUSINDBK,2024-05-17,LONG,2024-05-17T10:20:00,1401.75,1396.19,1410.10,214,5.56,2024-05-17T10:40:00,1399.75,REVERSE,-428.00,-877.64
fast_pair,INDUSINDBK,2024-05-21,SHORT,2024-05-21T12:00:00,1410.00,1413.71,1404.44,212,3.71,2024-05-21T12:30:00,1412.00,REVERSE,-424.00,-872.70
fast_pair,INDUSINDBK,2024-05-22,LONG,2024-05-22T13:40:00,1402.40,1399.78,1406.32,213,2.62,2024-05-22T14:00:00,1406.32,TARGET,835.91,387.22
fast_pair,INDUSINDBK,2024-05-24,SHORT,2024-05-24T10:00:00,1434.00,1440.00,1425.01,209,6.00,2024-05-24T11:30:00,1438.50,REVERSE,-940.50,-1390.76
fast_pair,INDUSINDBK,2024-05-28,LONG,2024-05-28T10:40:00,1471.10,1464.94,1480.34,203,6.16,2024-05-28T11:20:00,1464.94,STOP,-1250.92,-1697.93
fast_pair,INDUSINDBK,2024-05-29,LONG,2024-05-29T12:00:00,1451.60,1446.66,1459.01,206,4.94,2024-05-29T12:20:00,1459.01,TARGET,1525.88,1076.19
fast_pair,INDUSINDBK,2024-05-30,SHORT,2024-05-30T11:20:00,1457.50,1462.81,1449.53,205,5.31,2024-05-30T12:30:00,1462.81,STOP,-1088.66,-1537.66
fast_pair,INDUSINDBK,2024-05-31,SHORT,2024-05-31T10:20:00,1449.50,1455.08,1441.13,206,5.58,2024-05-31T10:50:00,1455.08,STOP,-1149.96,-1598.72
fast_pair,INDUSINDBK,2024-06-04,SHORT,2024-06-04T11:00:00,1444.05,1456.80,1424.92,196,12.75,2024-06-04T11:00:00,1424.92,TARGET,3748.60,3326.86
fast_pair,INDUSINDBK,2024-06-05,LONG,2024-06-05T11:10:00,1416.15,1401.59,1437.98,171,14.56,2024-06-05T11:20:00,1437.98,TARGET,3733.68,3367.64
fast_pair,INDUSINDBK,2024-06-06,SHORT,2024-06-06T11:30:00,1494.60,1503.15,1481.78,200,8.55,2024-06-06T11:40:00,1481.78,TARGET,2564.69,2118.23
fast_pair,INDUSINDBK,2024-06-07,LONG,2024-06-07T11:10:00,1479.90,1473.61,1489.34,202,6.29,2024-06-07T11:40:00,1489.34,TARGET,1906.91,1457.07
fast_pair,INDUSINDBK,2024-06-10,LONG,2024-06-10T10:40:00,1494.45,1488.58,1503.25,200,5.87,2024-06-10T12:30:00,1493.00,TIME_STOP,-290.00,-738.12
fast_pair,INDUSINDBK,2024-06-12,LONG,2024-06-12T10:30:00,1489.30,1483.77,1497.59,201,5.53,2024-06-12T11:10:00,1483.77,STOP,-1110.54,-1558.73
fast_pair,INDUSINDBK,2024-06-13,SHORT,2024-06-13T11:10:00,1484.15,1488.36,1477.83,202,4.21,2024-06-13T11:50:00,1486.95,REVERSE,-565.60,-1015.72
fast_pair,INDUSINDBK,2024-06-14,SHORT,2024-06-14T12:30:00,1507.30,1511.41,1501.13,199,4.11,2024-06-14T14:00:00,1501.13,TARGET,1228.03,779.02
fast_pair,INDUSINDBK,2024-06-18,SHORT,2024-06-18T10:30:00,1502.20,1507.67,1494.00,199,5.47,2024-06-18T10:30:00,1506.65,REVERSE,-885.55,-1334.62
fast_pair,INDUSINDBK,2024-06-21,LONG,2024-06-21T10:40:00,1532.00,1526.65,1540.03,195,5.35,2024-06-21T10:40:00,1529.00,REVERSE,-585.00,-1032.67
fast_pair,INDUSINDBK,2024-06-24,LONG,2024-06-24T12:30:00,1493.60,1488.16,1501.76,200,5.44,2024-06-24T12:40:00,1490.25,REVERSE,-670.00,-1117.58
fast_pair,INDUSINDBK,2024-06-25,LONG,2024-06-25T12:50:00,1489.50,1485.67,1495.24,201,3.83,2024-06-25T13:10:00,1485.67,STOP,-769.80,-1218.30
fast_pair,INDUSINDBK,2024-06-26,LONG,2024-06-26T10:10:00,1497.30,1491.22,1506.42,200,6.08,2024-06-26T11:20:00,1506.42,TARGET,1823.44,1372.88
fast_pair,INDUSINDBK,2024-07-01,LONG,2024-07-01T12:50:00,1460.55,1457.03,1465.82,205,3.52,2024-07-01T14:00:00,1457.03,STOP,-720.75,-1169.32
fast_pair,INDUSINDBK,2024-07-03,SHORT,2024-07-03T11:20:00,1433.25,1438.29,1425.69,209,5.04,2024-07-03T12:00:00,1438.29,STOP,-1053.82,-1503.93
fast_pair,INDUSINDBK,2024-07-04,LONG,2024-07-04T12:50:00,1443.00,1439.86,1447.71,207,3.14,2024-07-04T13:20:00,1440.00,REVERSE,-621.00,-1068.59
fast_pair,INDUSINDBK,2024-07-08,LONG,2024-07-08T11:10:00,1438.50,1434.10,1445.11,208,4.40,2024-07-08T11:20:00,1436.85,REVERSE,-343.20,-791.75
fast_pair,INDUSINDBK,2024-07-09,SHORT,2024-07-09T10:00:00,1430.65,1435.44,1423.46,209,4.79,2024-07-09T11:40:00,1435.30,REVERSE,-971.85,-1421.09
fast_pair,INDUSINDBK,2024-07-11,SHORT,2024-07-11T10:20:00,1423.20,1427.12,1417.32,210,3.92,2024-07-11T10:30:00,1417.32,TARGET,1233.82,786.43
fast_pair,INDUSINDBK,2024-07-12,SHORT,2024-07-12T12:10:00,1434.65,1438.86,1428.34,209,4.21,2024-07-12T14:00:00,1435.20,TIME_STOP,-114.95,-564.80
fast_pair,INDUSINDBK,2024-07-15,SHORT,2024-07-15T10:10:00,1435.30,1438.92,1429.87,209,3.62,2024-07-15T10:10:00,1438.92,STOP,-756.89,-1207.43
fast_pair,INDUSINDBK,2024-07-16,LONG,2024-07-16T11:50:00,1441.35,1438.11,1446.21,208,3.24,2024-07-16T12:00:00,1440.10,REVERSE,-260.00,-709.51
fast_pair,INDUSINDBK,2024-07-18,SHORT,2024-07-18T12:10:00,1445.90,1450.34,1439.24,207,4.44,2024-07-18T13:10:00,1450.34,STOP,-918.84,-1368.48
fast_pair,INDUSINDBK,2024-07-19,LONG,2024-07-19T14:00:00,1436.55,1433.37,1441.31,208,3.18,2024-07-19T14:20:00,1435.00,REVERSE,-322.40,-770.36
fast_pair,INDUSINDBK,2024-07-22,LONG,2024-07-22T13:30:00,1420.55,1416.76,1426.23,211,3.79,2024-07-22T14:00:00,1426.23,TARGET,1198.34,747.83
fast_pair,INDUSINDBK,2024-07-23,SHORT,2024-07-23T10:10:00,1419.20,1423.43,1412.85,211,4.23,2024-07-23T10:20:00,1423.43,STOP,-892.55,-1342.40
fast_pair,INDUSINDBK,2024-07-24,LONG,2024-07-24T13:40:00,1400.35,1395.43,1407.73,214,4.92,2024-07-24T13:40:00,1407.73,TARGET,1578.43,1127.73
fast_pair,INDUSINDBK,2024-07-25,LONG,2024-07-25T11:30:00,1389.65,1383.88,1398.31,215,5.77,2024-07-25T12:00:00,1383.88,STOP,-1241.02,-1688.25
fast_pair,INDUSINDBK,2024-07-31,LONG,2024-07-31T11:50:00,1426.55,1422.64,1432.41,210,3.91,2024-07-31T13:40:00,1422.64,STOP,-820.37,-1269.12
fast_pair,INDUSINDBK,2024-08-01,SHORT,2024-08-01T13:40:00,1431.60,1434.12,1427.82,209,2.52,2024-08-01T14:00:00,1427.82,TARGET,789.24,341.02
fast_pair,INDUSINDBK,2024-08-02,LONG,2024-08-02T11:50:00,1408.10,1403.88,1414.43,213,4.22,2024-08-02T12:40:00,1403.88,STOP,-898.99,-1348.20
fast_pair,INDUSINDBK,2024-08-05,LONG,2024-08-05T13:40:00,1379.60,1374.31,1387.53,217,5.29,2024-08-05T14:40:00,1387.53,TARGET,1721.33,1270.98
fast_pair,INDUSINDBK,2024-08-07,SHORT,2024-08-07T10:00:00,1382.55,1388.30,1373.93,216,5.75,2024-08-07T10:10:00,1373.93,TARGET,1862.03,1415.48
fast_pair,INDUSINDBK,2024-08-08,SHORT,2024-08-08T10:20:00,1341.85,1346.90,1334.28,223,5.05,2024-08-08T10:30:00,1346.90,STOP,-1125.85,-1575.54
fast_pair,INDUSINDBK,2024-08-09,SHORT,2024-08-09T10:30:00,1345.15,1349.74,1338.27,223,4.59,2024-08-09T11:20:00,1349.74,STOP,-1022.92,-1473.64
fast_pair,INDUSINDBK,2024-08-12,LONG,2024-08-12T10:50:00,1347.40,1343.10,1353.86,222,4.30,2024-08-12T11:00:00,1353.86,TARGET,1433.30,983.54
fast_pair,INDUSINDBK,2024-08-13,SHORT,2024-08-13T12:20:00,1359.40,1363.79,1352.82,220,4.39,2024-08-13T12:30:00,1352.82,TARGET,1447.70,1000.18
fast_pair,INDUSINDBK,2024-08-16,SHORT,2024-08-16T10:10:00,1348.75,1353.48,1341.66,222,4.73,2024-08-16T10:50:00,1341.66,TARGET,1574.54,1126.59
fast_pair,INDUSINDBK,2024-08-19,SHORT,2024-08-19T10:40:00,1362.45,1367.10,1355.48,220,4.65,2024-08-19T11:20:00,1367.10,STOP,-1022.53,-1472.90
fast_pair,INDUSINDBK,2024-08-21,LONG,2024-08-21T11:30:00,1379.15,1375.34,1384.86,217,3.81,2024-08-21T11:30:00,1384.86,TARGET,1238.68,788.84
fast_pair,INDUSINDBK,2024-08-23,LONG,2024-08-23T10:40:00,1383.00,1378.92,1389.11,216,4.08,2024-08-23T10:40:00,1380.70,REVERSE,-496.80,-944.52
fast_pair,INDUSINDBK,2024-08-26,SHORT,2024-08-26T13:40:00,1390.10,1392.30,1386.79,215,2.20,2024-08-26T13:40:00,1391.40,REVERSE,-279.50,-728.02
fast_pair,INDUSINDBK,2024-08-27,LONG,2024-08-27T11:30:00,1385.15,1382.06,1389.78,216,3.09,2024-08-27T11:40:00,1382.06,STOP,-667.23,-1115.52
fast_pair,INDUSINDBK,2024-08-29,LONG,2024-08-29T10:20:00,1419.50,1415.37,1425.69,211,4.13,2024-08-29T10:50:00,1415.37,STOP,-870.90,-1319.52
fast_pair,INDUSINDBK,2024-09-03,SHORT,2024-09-03T10:10:00,1440.30,1444.62,1433.83,208,4.32,2024-09-03T10:20:00,1444.62,STOP,-897.70,-1347.75
fast_pair,INDUSINDBK,2024-09-04,LONG,2024-09-04T12:50:00,1432.00,1428.73,1436.91,209,3.27,2024-09-04T13:30:00,1436.91,TARGET,1026.35,576.65
fast_pair,INDUSINDBK,2024-09-05,SHORT,2024-09-05T11:00:00,1433.55,1437.16,1428.14,209,3.61,2024-09-05T12:10:00,1436.00,REVERSE,-512.05,-961.85
fast_pair,INDUSINDBK,2024-09-06,SHORT,2024-09-06T10:00:00,1422.00,1426.17,1415.74,210,4.17,2024-09-06T10:10:00,1415.74,TARGET,1314.77,867.82
fast_pair,INDUSINDBK,2024-09-09,SHORT,2024-09-09T10:30:00,1407.20,1412.24,1399.63,213,5.04,2024-09-09T10:40:00,1412.24,STOP,-1074.28,-1524.68
fast_pair,INDUSINDBK,2024-09-10,SHORT,2024-09-10T14:10:00,1433.55,1436.95,1428.45,209,3.40,2024-09-10T14:10:00,1435.00,REVERSE,-303.05,-752.70
fast_pair,INDUSINDBK,2024-09-11,SHORT,2024-09-11T10:00:00,1433.20,1437.46,1426.81,209,4.26,2024-09-11T10:30:00,1435.90,REVERSE,-564.30,-1014.03
fast_pair,INDUSINDBK,2024-09-12,SHORT,2024-09-12T10:00:00,1420.65,1424.73,1414.53,211,4.08,2024-09-12T10:00:00,1424.73,STOP,-860.32,-1310.60
fast_pair,INDUSINDBK,2024-09-16,SHORT,2024-09-16T12:30:00,1466.00,1469.32,1461.02,204,3.32,2024-09-16T13:00:00,1468.00,REVERSE,-408.00,-856.90
fast_pair,INDUSINDBK,2024-09-17,LONG,2024-09-17T11:10:00,1471.70,1467.94,1477.34,203,3.76,2024-09-17T13:00:00,1474.50,TIME_STOP,568.40,119.84
fast_pair,INDUSINDBK,2024-09-18,SHORT,2024-09-18T13:50:00,1476.25,1480.19,1470.35,203,3.94,2024-09-18T13:50:00,1480.19,STOP,-799.10,-1249.22
fast_pair,INDUSINDBK,2024-09-19,SHORT,2024-09-19T11:40:00,1481.85,1487.31,1473.66,202,5.46,2024-09-19T12:50:00,1487.31,STOP,-1102.59,-1552.41
fast_pair,INDUSINDBK,2024-09-20,LONG,2024-09-20T10:40:00,1486.30,1481.05,1494.17,201,5.25,2024-09-20T12:30:00,1488.10,TIME_STOP,361.80,-86.59
fast_pair,INDUSINDBK,2024-09-26,SHORT,2024-09-26T11:30:00,1439.45,1443.04,1434.07,208,3.59,2024-09-26T12:20:00,1442.05,REVERSE,-540.80,-990.31
fast_pair,INDUSINDBK,2024-09-27,SHORT,2024-09-27T12:10:00,1468.20,1473.04,1460.94,204,4.84,2024-09-27T13:20:00,1460.94,TARGET,1480.23,1032.07
fast_pair,INDUSINDBK,2024-09-30,LONG,2024-09-30T13:20:00,1443.95,1440.59,1448.99,207,3.36,2024-09-30T14:10:00,1448.99,TARGET,1043.87,594.74
fast_pair,INDUSINDBK,2024-10-04,SHORT,2024-10-04T12:50:00,1392.55,1398.33,1383.87,215,5.78,2024-10-04T13:40:00,1383.87,TARGET,1865.35,1417.65
fast_pair,INDUSINDBK,2024-10-08,LONG,2024-10-08T10:00:00,1364.40,1355.06,1378.41,219,9.34,2024-10-08T10:10:00,1355.06,STOP,-2045.18,-2491.85
fast_pair,INDUSINDBK,2024-10-10,LONG,2024-10-10T13:10:00,1352.75,1348.94,1358.47,221,3.81,2024-10-10T14:20:00,1358.47,TARGET,1263.29,813.91
fast_pair,INDUSINDBK,2024-10-11,SHORT,2024-10-11T11:00:00,1355.30,1359.64,1348.79,221,4.34,2024-10-11T11:00:00,1348.79,TARGET,1437.97,989.77
fast_pair,INDUSINDBK,2024-10-15,SHORT,2024-10-15T10:10:00,1363.75,1366.65,1359.40,219,2.90,2024-10-15T10:10:00,1359.40,TARGET,952.70,505.43
fast_pair,INDUSINDBK,2024-10-16,LONG,2024-10-16T12:50:00,1345.70,1343.28,1349.33,222,2.42,2024-10-16T14:40:00,1347.00,TIME_STOP,288.60,-159.73
fast_pair,INDUSINDBK,2024-10-18,LONG,2024-10-18T10:20:00,1349.70,1345.60,1355.84,222,4.10,2024-10-18T10:20:00,1345.60,STOP,-909.33,-1358.10
fast_pair,INDUSINDBK,2024-10-23,LONG,2024-10-23T10:40:00,1280.15,1274.64,1288.42,234,5.51,2024-10-23T12:30:00,1283.05,TIME_STOP,678.60,228.76
fast_pair,INDUSINDBK,2024-10-24,LONG,2024-10-24T10:50:00,1273.95,1267.96,1282.93,235,5.99,2024-10-24T11:20:00,1269.00,REVERSE,-1163.25,-1611.44
fast_pair,INDUSINDBK,2024-10-29,LONG,2024-10-29T12:00:00,1041.45,1034.96,1051.18,288,6.49,2024-10-29T12:20:00,1034.96,STOP,-1868.95,-2317.45
fast_pair,INDUSINDBK,2024-10-31,LONG,2024-10-31T10:10:00,1065.10,1059.42,1073.62,281,5.68,2024-10-31T11:00:00,1059.42,STOP,-1596.54,-2044.29
fast_pair,INDUSINDBK,2024-11-04,SHORT,2024-11-04T11:30:00,1060.35,1064.39,1054.29,282,4.04,2024-11-04T11:40:00,1054.29,TARGET,1709.72,1262.48
fast_pair,INDUSINDBK,2024-11-06,SHORT,2024-11-06T10:00:00,1087.00,1091.14,1080.79,275,4.14,2024-11-06T10:00:00,1080.79,TARGET,1708.65,1261.55
fast_pair,INDUSINDBK,2024-11-08,LONG,2024-11-08T10:30:00,1058.15,1054.12,1064.20,283,4.03,2024-11-08T10:40:00,1054.12,STOP,-1141.07,-1589.40
fast_pair,INDUSINDBK,2024-11-11,LONG,2024-11-11T11:00:00,1053.20,1049.05,1059.43,284,4.15,2024-11-11T11:20:00,1059.43,TARGET,1769.19,1319.20
fast_pair,INDUSINDBK,2024-11-12,LONG,2024-11-12T10:30:00,1061.30,1057.48,1067.04,282,3.82,2024-11-12T12:20:00,1058.95,REVERSE,-662.70,-1111.13
fast_pair,INDUSINDBK,2024-11-13,SHORT,2024-11-13T10:10:00,1054.15,1058.64,1047.41,284,4.49,2024-11-13T11:20:00,1047.41,TARGET,1914.62,1466.99
fast_pair,INDUSINDBK,2024-11-19,LONG,2024-11-19T10:20:00,1022.90,1018.20,1029.95,293,4.70,2024-11-19T11:00:00,1029.95,TARGET,2065.83,1614.71
fast_pair,INDUSINDBK,2024-11-21,LONG,2024-11-21T12:30:00,978.90,974.63,985.30,306,4.27,2024-11-21T12:30:00,977.30,REVERSE,-489.60,-938.55
fast_pair,INDUSINDBK,2024-11-25,SHORT,2024-11-25T12:00:00,1006.70,1010.66,1000.76,298,3.96,2024-11-25T12:30:00,1000.76,TARGET,1771.29,1322.62
fast_pair,INDUSINDBK,2024-11-27,LONG,2024-11-27T12:10:00,1000.80,997.65,1005.53,299,3.15,2024-11-27T13:00:00,1005.53,TARGET,1413.59,963.67
fast_pair,INDUSINDBK,2024-11-28,SHORT,2024-11-28T10:50:00,1001.90,1005.52,996.48,299,3.62,2024-11-28T11:20:00,996.48,TARGET,1621.91,1173.78
fast_pair,INDUSINDBK,2024-11-29,SHORT,2024-11-29T10:20:00,992.65,995.92,987.74,302,3.27,2024-11-29T11:40:00,987.74,TARGET,1481.52,1032.96
fast_pair,INDUSINDBK,2024-12-02,LONG,2024-12-02T12:10:00,985.00,982.68,988.48,304,2.32,2024-12-02T12:50:00,982.68,STOP,-705.32,-1153.95
fast_pair,INDUSINDBK,2024-12-03,SHORT,2024-12-03T12:30:00,1000.45,1003.37,996.08,299,2.92,2024-12-03T12:40:00,1003.37,STOP,-872.01,-1321.37
fast_pair,INDUSINDBK,2024-12-05,LONG,2024-12-05T12:20:00,1000.40,997.59,1004.61,299,2.81,2024-12-05T14:10:00,999.40,TIME_STOP,-299.00,-747.46
fast_pair,INDUSINDBK,2024-12-06,LONG,2024-12-06T10:50:00,1001.55,997.19,1008.09,299,4.36,2024-12-06T10:50:00,997.19,STOP,-1304.43,-1752.65
fast_pair,INDUSINDBK,2024-12-09,LONG,2024-12-09T11:40:00,985.10,982.55,988.92,304,2.55,2024-12-09T12:10:00,988.92,TARGET,1162.06,711.99
fast_pair,INDUSINDBK,2024-12-10,SHORT,2024-12-10T12:20:00,984.60,986.30,982.06,304,1.70,2024-12-10T12:30:00,982.06,TARGET,773.20,324.80
fast_pair,INDUSINDBK,2024-12-11,SHORT,2024-12-11T10:20:00,982.35,984.55,979.04,305,2.20,2024-12-11T10:40:00,983.95,REVERSE,-488.00,-937.79
fast_pair,INDUSINDBK,2024-12-13,LONG,2024-12-13T12:20:00,978.45,974.51,984.36,306,3.94,2024-12-13T12:30:00,984.36,TARGET,1809.35,1358.88
fast_pair,INDUSINDBK,2024-12-16,SHORT,2024-12-16T11:40:00,993.45,997.00,988.12,301,3.55,2024-12-16T11:50:00,997.00,STOP,-1069.98,-1519.33
fast_pair,INDUSINDBK,2024-12-19,LONG,2024-12-19T11:30:00,959.30,955.56,964.92,312,3.74,2024-12-19T11:40:00,964.92,TARGET,1752.33,1302.06
fast_pair,INDUSINDBK,2024-12-23,LONG,2024-12-23T12:00:00,946.95,943.14,952.67,316,3.81,2024-12-23T12:10:00,943.14,STOP,-1204.20,-1652.15
fast_pair,INDUSINDBK,2024-12-24,LONG,2024-12-24T11:10:00,944.70,941.29,949.81,317,3.41,2024-12-24T11:30:00,941.29,STOP,-1080.08,-1528.47
fast_pair,INDUSINDBK,2024-12-26,SHORT,2024-12-26T10:30:00,933.75,936.98,928.90,321,3.23,2024-12-26T10:50:00,928.90,TARGET,1555.47,1107.04
fast_pair,INDUSINDBK,2024-12-27,SHORT,2024-12-27T12:50:00,958.05,961.97,952.18,313,3.92,2024-12-27T14:40:00,956.45,TIME_STOP,500.80,51.37
fast_pair,INDUSINDBK,2024-12-30,LONG,2024-12-30T10:20:00,958.00,954.65,963.02,313,3.35,2024-12-30T11:20:00,963.02,TARGET,1571.55,1120.59
fast_pair,INDUSINDBK,2024-12-31,LONG,2024-12-31T13:00:00,954.80,951.79,959.31,314,3.01,2024-12-31T13:00:00,954.00,REVERSE,-251.20,-700.72
fast_pair,INDUSINDBK,2025-01-01,SHORT,2025-01-01T10:00:00,954.75,957.77,950.22,314,3.02,2025-01-01T10:00:00,957.77,STOP,-947.87,-1398.27
fast_pair,INDUSINDBK,2025-01-02,LONG,2025-01-02T10:10:00,973.15,969.66,978.38,308,3.49,2025-01-02T10:10:00,970.65,REVERSE,-770.00,-1219.02
fast_pair,INDUSINDBK,2025-01-03,SHORT,2025-01-03T13:30:00,1005.25,1010.48,997.40,298,5.23,2025-01-03T14:20:00,997.40,TARGET,2339.26,1891.67
fast_pair,INDUSINDBK,2025-01-08,LONG,2025-01-08T13:50:00,976.60,972.60,982.61,307,4.00,2025-01-08T14:20:00,982.61,TARGET,1844.11,1393.00
fast_pair,INDUSINDBK,2025-01-09,SHORT,2025-01-09T10:10:00,978.80,983.02,972.48,306,4.22,2025-01-09T11:00:00,972.48,TARGET,1935.26,1487.44
fast_pair,INDUSINDBK,2025-01-14,SHORT,2025-01-14T12:10:00,964.30,968.86,957.46,311,4.56,2025-01-14T14:00:00,964.35,TIME_STOP,-15.55,-465.41
fast_pair,INDUSINDBK,2025-01-15,SHORT,2025-01-15T11:10:00,964.25,968.55,957.80,311,4.30,2025-01-15T11:10:00,968.55,STOP,-1337.31,-1788.14
fast_pair,INDUSINDBK,2025-01-16,SHORT,2025-01-16T12:30:00,979.95,983.40,974.77,306,3.45,2025-01-16T14:20:00,978.10,TIME_STOP,566.10,116.73
fast_pair,INDUSINDBK,2025-01-17,LONG,2025-01-17T12:40:00,968.70,964.76,974.61,309,3.94,2025-01-17T13:20:00,966.60,REVERSE,-648.90,-1097.41
fast_pair,INDUSINDBK,2025-01-20,LONG,2025-01-20T10:40:00,967.80,962.72,975.42,309,5.08,2025-01-20T11:20:00,975.42,TARGET,2355.78,1905.43
fast_pair,INDUSINDBK,2025-01-23,SHORT,2025-01-23T13:00:00,974.65,978.53,968.83,307,3.88,2025-01-23T14:50:00,970.90,TIME_STOP,1151.25,703.29
fast_pair,INDUSINDBK,2025-01-24,LONG,2025-01-24T12:00:00,966.15,962.87,971.06,310,3.28,2025-01-24T12:50:00,962.87,STOP,-1015.61,-1464.11
fast_pair,INDUSINDBK,2025-01-27,LONG,2025-01-27T13:50:00,931.40,927.98,936.52,322,3.42,2025-01-27T14:20:00,929.45,REVERSE,-627.90,-1077.30
fast_pair,INDUSINDBK,2025-01-28,SHORT,2025-01-28T10:40:00,927.95,932.40,921.27,323,4.45,2025-01-28T10:50:00,932.40,STOP,-1438.52,-1889.19
fast_pair,INDUSINDBK,2025-01-31,LONG,2025-01-31T10:10:00,965.45,960.63,972.68,310,4.82,2025-01-31T10:40:00,972.68,TARGET,2242.61,1791.99
fast_pair,INDUSINDBK,2025-02-01,SHORT,2025-02-01T12:20:00,1007.50,1015.45,995.57,297,7.95,2025-02-01T12:20:00,1015.45,STOP,-2361.41,-2812.02
fast_pair,INDUSINDBK,2025-02-03,LONG,2025-02-03T10:30:00,1016.20,1009.28,1026.58,295,6.92,2025-02-03T12:20:00,1015.25,TIME_STOP,-280.25,-729.71
fast_pair,INDUSINDBK,2025-02-05,SHORT,2025-02-05T12:30:00,1064.40,1069.31,1057.03,281,4.91,2025-02-05T14:20:00,1064.25,TIME_STOP,42.15,-406.46
fast_pair,INDUSINDBK,2025-02-07,SHORT,2025-02-07T13:10:00,1073.10,1077.74,1066.14,279,4.64,2025-02-07T13:30:00,1076.40,REVERSE,-920.70,-1370.48
fast_pair,INDUSINDBK,2025-02-10,LONG,2025-02-10T12:30:00,1072.65,1068.66,1078.64,279,3.99,2025-02-10T13:20:00,1068.66,STOP,-1113.43,-1561.50
fast_pair,INDUSINDBK,2025-02-11,SHORT,2025-02-11T10:20:00,1062.45,1066.79,1055.94,282,4.34,2025-02-11T10:50:00,1055.94,TARGET,1836.41,1388.38
fast_pair,INDUSINDBK,2025-02-12,LONG,2025-02-12T12:10:00,1041.75,1035.82,1050.65,287,5.93,2025-02-12T14:00:00,1035.82,STOP,-1702.27,-2149.46
fast_pair,INDUSINDBK,2025-02-13,SHORT,2025-02-13T13:20:00,1044.00,1048.12,1037.81,287,4.12,2025-02-13T15:00:00,1048.12,STOP,-1183.64,-1633.97
fast_pair,INDUSINDBK,2025-02-17,LONG,2025-02-17T11:00:00,1042.00,1036.13,1050.80,287,5.87,2025-02-17T11:10:00,1036.13,STOP,-1683.57,-2130.88
fast_pair,INDUSINDBK,2025-02-18,LONG,2025-02-18T11:50:00,1037.55,1033.08,1044.26,289,4.47,2025-02-18T12:20:00,1033.90,REVERSE,-1054.85,-1503.84
fast_pair,INDUSINDBK,2025-02-19,SHORT,2025-02-19T11:20:00,1030.10,1034.23,1023.91,291,4.13,2025-02-19T11:30:00,1034.23,STOP,-1201.31,-1651.85
fast_pair,INDUSINDBK,2025-02-20,SHORT,2025-02-20T13:40:00,1042.95,1045.50,1039.13,287,2.55,2025-02-20T13:40:00,1044.00,REVERSE,-301.35,-750.57
fast_pair,INDUSINDBK,2025-02-21,SHORT,2025-02-21T10:30:00,1045.15,1049.23,1039.03,287,4.08,2025-02-21T12:20:00,1045.05,TIME_STOP,28.70,-421.22
fast_pair,INDUSINDBK,2025-02-24,LONG,2025-02-24T14:10:00,1030.10,1026.99,1034.76,291,3.11,2025-02-24T15:20:00,1031.30,EOD,349.20,-100.70
fast_pair,INDUSINDBK,2025-02-25,SHORT,2025-02-25T12:40:00,1036.70,1039.74,1032.14,289,3.04,2025-02-25T13:20:00,1032.14,TARGET,1317.23,868.81
fast_pair,INDUSINDBK,2025-02-27,SHORT,2025-02-27T14:10:00,1048.75,1051.56,1044.53,286,2.81,2025-02-27T14:30:00,1051.56,STOP,-804.96,-1255.47
fast_pair,INDUSINDBK,2025-03-03,LONG,2025-03-03T12:40:00,967.95,961.45,977.71,309,6.50,2025-03-03T13:20:00,977.71,TARGET,3014.75,2563.85
fast_pair,INDUSINDBK,2025-03-04,SHORT,2025-03-04T12:20:00,987.05,991.74,980.01,303,4.69,2025-03-04T14:10:00,989.95,REVERSE,-878.70,-1327.97
fast_pair,INDUSINDBK,2025-03-05,SHORT,2025-03-05T10:20:00,984.80,988.53,979.21,304,3.73,2025-03-05T11:10:00,979.21,TARGET,1699.45,1251.66
fast_pair,INDUSINDBK,2025-03-06,LONG,2025-03-06T10:50:00,974.80,970.69,980.97,307,4.11,2025-03-06T11:30:00,970.69,STOP,-1262.44,-1710.39
fast_pair,INDUSINDBK,2025-03-12,SHORT,2025-03-12T12:00:00,676.80,687.57,660.64,232,10.77,2025-03-12T12:20:00,682.30,REVERSE,-1276.00,-1512.48
fast_pair,INDUSINDBK,2025-03-13,LONG,2025-03-13T10:40:00,687.60,678.08,701.88,262,9.52,2025-03-13T11:40:00,682.15,REVERSE,-1427.90,-1697.06
fast_pair,INDUSINDBK,2025-03-17,SHORT,2025-03-17T12:10:00,686.00,690.65,679.03,437,4.65,2025-03-17T14:00:00,684.15,TIME_STOP,808.45,359.38
fast_pair,INDUSINDBK,2025-03-19,SHORT,2025-03-19T12:50:00,691.00,693.82,686.77,434,2.82,2025-03-19T13:00:00,693.82,STOP,-1224.93,-1675.69
fast_pair,INDUSINDBK,2025-03-20,SHORT,2025-03-20T10:40:00,692.35,695.18,688.10,433,2.83,2025-03-20T11:00:00,688.10,TARGET,1839.46,1391.16
fast_pair,INDUSINDBK,2025-03-24,SHORT,2025-03-24T11:10:00,679.95,682.66,675.88,441,2.71,2025-03-24T11:30:00,675.88,TARGET,1793.28,1344.84
fast_pair,INDUSINDBK,2025-03-25,LONG,2025-03-25T14:00:00,642.55,639.46,647.19,466,3.09,2025-03-25T14:00:00,639.46,STOP,-1440.64,-1888.70
fast_pair,INDUSINDBK,2025-03-28,SHORT,2025-03-28T10:20:00,664.20,668.34,657.99,451,4.14,2025-03-28T10:50:00,668.34,STOP,-1865.68,-2316.41
fast_pair,INDUSINDBK,2025-04-01,SHORT,2025-04-01T12:10:00,674.50,679.18,667.49,444,4.68,2025-04-01T12:30:00,679.18,STOP,-2076.35,-2527.12
fast_pair,INDUSINDBK,2025-04-02,SHORT,2025-04-02T10:00:00,679.20,682.98,673.54,441,3.78,2025-04-02T10:00:00,682.98,STOP,-1665.08,-2115.62
fast_pair,INDUSINDBK,2025-04-04,LONG,2025-04-04T14:10:00,683.00,679.52,688.22,439,3.48,2025-04-04T14:30:00,680.35,REVERSE,-1163.35,-1612.23
fast_pair,INDUSINDBK,2025-04-07,LONG,2025-04-07T11:20:00,669.15,662.90,678.53,399,6.25,2025-04-07T12:10:00,662.90,STOP,-2495.57,-2894.18
fast_pair,INDUSINDBK,2025-04-08,SHORT,2025-04-08T11:40:00,677.10,681.74,670.14,443,4.64,2025-04-08T12:10:00,681.00,REVERSE,-1727.70,-2178.93
fast_pair,INDUSINDBK,2025-04-09,SHORT,2025-04-09T10:10:00,679.05,683.00,673.13,441,3.95,2025-04-09T10:10:00,673.13,TARGET,2612.24,2165.00
fast_pair,INDUSINDBK,2025-04-17,LONG,2025-04-17T10:40:00,788.00,783.34,794.98,380,4.66,2025-04-17T11:00:00,794.98,TARGET,2654.25,2203.10
fast_pair,INDUSINDBK,2025-04-21,SHORT,2025-04-21T13:40:00,828.00,831.58,822.63,362,3.58,2025-04-21T15:20:00,828.60,EOD,-217.20,-666.97
fast_pair,INDUSINDBK,2025-04-23,SHORT,2025-04-23T10:20:00,786.65,791.08,780.00,381,4.43,2025-04-23T10:30:00,791.08,STOP,-1689.39,-2140.22
fast_pair,INDUSINDBK,2025-04-24,SHORT,2025-04-24T13:00:00,815.70,820.56,808.41,367,4.86,2025-04-24T13:00:00,820.56,STOP,-1784.16,-2234.54
fast_pair,INDUSINDBK,2025-04-25,LONG,2025-04-25T11:20:00,824.75,819.43,832.72,363,5.32,2025-04-25T11:50:00,819.43,STOP,-1929.80,-2377.43
fast_pair,INDUSINDBK,2025-04-28,SHORT,2025-04-28T14:00:00,833.85,837.09,828.99,359,3.24,2025-04-28T15:20:00,830.50,EOD,1202.65,754.52
fast_pair,INDUSINDBK,2025-04-29,SHORT,2025-04-29T11:10:00,836.00,840.15,829.77,358,4.15,2025-04-29T11:20:00,840.15,STOP,-1485.77,-1935.81
fast_pair,INDUSINDBK,2025-04-30,LONG,2025-04-30T12:10:00,827.10,822.02,834.72,362,5.08,2025-04-30T13:00:00,834.72,TARGET,2758.46,2307.28
fast_pair,INDUSINDBK,2025-05-02,SHORT,2025-05-02T11:50:00,849.75,854.05,843.30,353,4.30,2025-05-02T12:50:00,854.05,STOP,-1518.16,-1969.25
fast_pair,INDUSINDBK,2025-05-06,LONG,2025-05-06T13:50:00,832.25,828.71,837.56,360,3.54,2025-05-06T14:50:00,830.85,REVERSE,-504.00,-953.04
fast_pair,INDUSINDBK,2025-05-07,SHORT,2025-05-07T10:00:00,828.40,833.09,821.36,362,4.69,2025-05-07T10:50:00,821.36,TARGET,2548.90,2100.99
fast_pair,INDUSINDBK,2025-05-08,SHORT,2025-05-08T10:10:00,828.15,832.77,821.23,362,4.62,2025-05-08T12:00:00,826.80,TIME_STOP,488.70,39.38
fast_pair,INDUSINDBK,2025-05-09,LONG,2025-05-09T11:30:00,821.85,817.26,828.73,365,4.59,2025-05-09T13:00:00,818.30,REVERSE,-1295.75,-1744.74
fast_pair,INDUSINDBK,2025-05-12,SHORT,2025-05-12T10:30:00,818.20,822.58,811.63,366,4.38,2025-05-12T11:30:00,811.63,TARGET,2404.15,1956.76
fast_pair,INDUSINDBK,2025-05-14,LONG,2025-05-14T12:00:00,775.00,771.18,780.73,387,3.82,2025-05-14T12:00:00,780.73,TARGET,2218.30,1766.75
fast_pair,INDUSINDBK,2025-05-15,LONG,2025-05-15T13:20:00,776.60,773.69,780.97,386,2.91,2025-05-15T15:00:00,780.97,TARGET,1686.98,1236.06
fast_pair,INDUSINDBK,2025-05-16,LONG,2025-05-16T13:10:00,765.20,761.42,770.87,392,3.78,2025-05-16T14:20:00,770.87,TARGET,2224.26,1772.66
fast_pair,INDUSINDBK,2025-05-19,SHORT,2025-05-19T12:10:00,782.05,786.32,775.64,383,4.27,2025-05-19T12:50:00,783.85,REVERSE,-689.40,-1139.20
fast_pair,INDUSINDBK,2025-05-20,SHORT,2025-05-20T11:40:00,789.00,792.45,783.82,380,3.45,2025-05-20T13:30:00,785.95,TIME_STOP,1159.00,710.14
fast_pair,INDUSINDBK,2025-05-22,LONG,2025-05-22T10:10:00,791.55,783.49,803.63,310,8.06,2025-05-22T10:40:00,783.49,STOP,-2497.55,-2863.75
fast_pair,INDUSINDBK,2025-05-23,SHORT,2025-05-23T13:50:00,788.05,791.06,783.54,380,3.01,2025-05-23T14:00:00,791.06,STOP,-1143.70,-1593.75
fast_pair,INDUSINDBK,2025-05-26,SHORT,2025-05-26T11:20:00,793.95,797.14,789.16,377,3.19,2025-05-26T11:30:00,795.20,REVERSE,-471.25,-920.58
fast_pair,INDUSINDBK,2025-05-30,SHORT,2025-05-30T12:40:00,813.85,816.10,810.47,368,2.25,2025-05-30T13:50:00,815.55,REVERSE,-625.60,-1075.31
fast_pair,INDUSINDBK,2025-06-02,SHORT,2025-06-02T11:00:00,815.35,818.15,811.15,367,2.80,2025-06-02T12:40:00,811.15,TARGET,1541.64,1093.95
fast_pair,INDUSINDBK,2025-06-03,SHORT,2025-06-03T10:00:00,811.65,814.41,807.52,369,2.76,2025-06-03T10:40:00,807.52,TARGET,1525.21,1077.11
fast_pair,INDUSINDBK,2025-06-04,SHORT,2025-06-04T13:40:00,810.75,812.70,807.83,370,1.95,2025-06-04T15:00:00,812.70,STOP,-721.02,-1171.52
fast_pair,INDUSINDBK,2025-06-05,SHORT,2025-06-05T10:20:00,810.60,812.75,807.37,370,2.15,2025-06-05T10:20:00,807.37,TARGET,1194.43,745.45
fast_pair,INDUSINDBK,2025-06-10,SHORT,2025-06-10T11:20:00,844.70,848.05,839.67,355,3.35,2025-06-10T12:20:00,848.05,STOP,-1189.89,-1640.59
fast_pair,INDUSINDBK,2025-06-11,LONG,2025-06-11T11:10:00,847.00,844.51,850.74,354,2.49,2025-06-11T12:20:00,850.74,TARGET,1323.42,872.67
fast_pair,INDUSINDBK,2025-06-12,LONG,2025-06-12T12:50:00,834.80,832.55,838.18,359,2.25,2025-06-12T13:30:00,832.55,STOP,-807.78,-1256.71
fast_pair,INDUSINDBK,2025-06-16,LONG,2025-06-16T10:40:00,818.40,815.17,823.25,366,3.23,2025-06-16T12:00:00,815.17,STOP,-1182.18,-1630.60
fast_pair,INDUSINDBK,2025-06-20,LONG,2025-06-20T10:40:00,841.90,839.10,846.10,356,2.80,2025-06-20T12:30:00,839.90,TIME_STOP,-712.00,-1161.04
fast_pair,INDUSINDBK,2025-06-23,LONG,2025-06-23T12:20:00,838.30,834.43,844.11,357,3.87,2025-06-23T13:20:00,844.11,TARGET,2073.82,1623.35
fast_pair,INDUSINDBK,2025-06-24,LONG,2025-06-24T11:50:00,840.40,836.41,846.39,356,3.99,2025-06-24T12:20:00,836.41,STOP,-1420.68,-1868.39
fast_pair,INDUSINDBK,2025-06-25,SHORT,2025-06-25T10:40:00,831.05,834.39,826.04,360,3.34,2025-06-25T11:10:00,834.39,STOP,-1203.09,-1652.76
fast_pair,INDUSINDBK,2025-06-26,LONG,2025-06-26T11:20:00,831.25,828.56,835.29,360,2.69,2025-06-26T11:30:00,828.56,STOP,-968.75,-1416.90
fast_pair,INDUSINDBK,2025-06-27,SHORT,2025-06-27T10:00:00,834.10,837.30,829.31,359,3.20,2025-06-27T10:10:00,837.30,STOP,-1147.12,-1597.15
fast_pair,INDUSINDBK,2025-07-02,LONG,2025-07-02T12:00:00,860.05,856.10,865.97,348,3.95,2025-07-02T13:10:00,865.97,TARGET,2061.65,1611.16
fast_pair,INDUSINDBK,2025-07-03,SHORT,2025-07-03T11:20:00,859.20,862.30,854.55,349,3.10,2025-07-03T11:20:00,862.00,REVERSE,-977.20,-1427.72
fast_pair,INDUSINDBK,2025-07-04,LONG,2025-07-04T14:00:00,856.30,854.14,859.53,350,2.16,2025-07-04T14:00:00,854.14,STOP,-754.67,-1203.66
fast_pair,INDUSINDBK,2025-07-07,SHORT,2025-07-07T12:40:00,858.95,861.28,855.46,349,2.33,2025-07-07T12:40:00,855.46,TARGET,1217.26,768.51
fast_pair,INDUSINDBK,2025-07-09,LONG,2025-07-09T11:00:00,852.90,850.78,856.08,351,2.12,2025-07-09T11:00:00,850.78,STOP,-744.65,-1193.14
fast_pair,INDUSINDBK,2025-07-10,LONG,2025-07-10T10:30:00,846.50,844.03,850.21,354,2.47,2025-07-10T10:30:00,844.03,STOP,-874.84,-1323.68
fast_pair,INDUSINDBK,2025-07-11,SHORT,2025-07-11T10:30:00,851.90,855.41,846.63,352,3.51,2025-07-11T11:30:00,855.41,STOP,-1236.58,-1687.31
fast_pair,INDUSINDBK,2025-07-14,SHORT,2025-07-14T11:40:00,861.35,864.46,856.68,348,3.11,2025-07-14T12:50:00,864.46,STOP,-1083.30,-1533.74
fast_pair,INDUSINDBK,2025-07-15,SHORT,2025-07-15T12:40:00,878.30,881.07,874.14,341,2.77,2025-07-15T14:30:00,878.00,TIME_STOP,102.30,-346.87
fast_pair,INDUSINDBK,2025-07-18,LONG,2025-07-18T10:00:00,868.40,865.75,872.37,345,2.65,2025-07-18T10:00:00,865.75,STOP,-913.66,-1362.38
fast_pair,INDUSINDBK,2025-07-21,LONG,2025-07-21T14:10:00,850.45,847.22,855.30,352,3.23,2025-07-21T14:10:00,855.30,TARGET,1706.26,1255.95
fast_pair,INDUSINDBK,2025-07-22,SHORT,2025-07-22T10:00:00,852.90,859.52,842.97,351,6.62,2025-07-22T11:50:00,847.90,TIME_STOP,1755.00,1307.26
fast_pair,INDUSINDBK,2025-07-23,SHORT,2025-07-23T10:40:00,844.60,847.65,840.02,355,3.05,2025-07-23T12:00:00,847.65,STOP,-1083.82,-1534.39
fast_pair,INDUSINDBK,2025-07-25,LONG,2025-07-25T14:10:00,828.10,825.24,832.39,362,2.86,2025-07-25T14:30:00,825.24,STOP,-1036.18,-1485.06
fast_pair,INDUSINDBK,2025-07-29,SHORT,2025-07-29T10:40:00,800.00,805.34,792.00,375,5.34,2025-07-29T11:00:00,805.34,STOP,-2001.21,-2452.71
fast_pair,INDUSINDBK,2025-07-30,SHORT,2025-07-30T10:40:00,804.50,808.32,798.77,372,3.82,2025-07-30T12:10:00,798.77,TARGET,2132.39,1685.08
fast_pair,INDUSINDBK,2025-07-31,LONG,2025-07-31T11:10:00,800.85,797.63,805.68,374,3.22,2025-07-31T12:10:00,797.63,STOP,-1203.83,-1652.20
fast_pair,INDUSINDBK,2025-08-04,LONG,2025-08-04T12:40:00,796.25,793.30,800.68,376,2.95,2025-08-04T12:40:00,794.85,REVERSE,-526.40,-975.09
fast_pair,INDUSINDBK,2025-08-05,SHORT,2025-08-05T11:20:00,816.50,821.80,808.55,367,5.30,2025-08-05T12:10:00,820.35,REVERSE,-1412.95,-1863.49
fast_pair,INDUSINDBK,2025-08-06,LONG,2025-08-06T12:40:00,808.85,804.92,814.75,370,3.93,2025-08-06T14:20:00,804.92,STOP,-1454.91,-1902.73
fast_pair,INDUSINDBK,2025-08-08,SHORT,2025-08-08T10:10:00,794.40,797.51,789.73,377,3.11,2025-08-08T12:00:00,792.70,TIME_STOP,640.90,192.15
fast_pair,INDUSINDBK,2025-08-11,LONG,2025-08-11T10:40:00,788.75,785.80,793.17,380,2.95,2025-08-11T11:00:00,785.80,STOP,-1120.08,-1568.83
fast_pair,INDUSINDBK,2025-08-12,SHORT,2025-08-12T13:40:00,783.55,785.73,780.28,382,2.18,2025-08-12T13:50:00,785.73,STOP,-831.68,-1281.28
fast_pair,INDUSINDBK,2025-08-13,LONG,2025-08-13T13:10:00,773.90,771.52,777.47,387,2.38,2025-08-13T13:20:00,771.52,STOP,-920.76,-1369.32
fast_pair,INDUSINDBK,2025-08-14,SHORT,2025-08-14T11:10:00,774.30,776.40,771.15,387,2.10,2025-08-14T11:30:00,771.15,TARGET,1218.31,769.74
fast_pair,INDUSINDBK,2025-08-18,SHORT,2025-08-18T12:40:00,788.20,790.67,784.50,380,2.47,2025-08-18T14:20:00,790.67,STOP,-938.21,-1388.18
fast_pair,INDUSINDBK,2025-08-19,LONG,2025-08-19T11:30:00,788.05,785.76,791.48,380,2.29,2025-08-19T13:20:00,788.20,TIME_STOP,57.00,-392.23
fast_pair,INDUSINDBK,2025-08-22,LONG,2025-08-22T10:00:00,769.40,767.56,772.17,389,1.84,2025-08-22T10:00:00,768.15,REVERSE,-486.25,-934.83
fast_pair,INDUSINDBK,2025-08-26,LONG,2025-08-26T10:20:00,763.50,761.06,767.16,392,2.44,2025-08-26T10:50:00,761.06,STOP,-957.47,-1405.69
fast_pair,INDUSINDBK,2025-08-29,LONG,2025-08-29T10:50:00,748.50,745.67,752.75,400,2.83,2025-08-29T12:10:00,745.67,STOP,-1133.07,-1581.32
fast_pair,INDUSINDBK,2025-09-01,SHORT,2025-09-01T12:10:00,744.30,746.28,741.33,403,1.98,2025-09-01T12:10:00,746.28,STOP,-797.32,-1247.85
fast_pair,INDUSINDBK,2025-09-04,SHORT,2025-09-04T10:00:00,764.85,767.05,761.54,392,2.20,2025-09-04T10:40:00,761.54,TARGET,1295.73,846.97
fast_pair,INDUSINDBK,2025-09-05,LONG,2025-09-05T13:40:00,756.30,754.54,758.94,396,1.76,2025-09-05T13:40:00,758.94,TARGET,1045.67,595.64
fast_pair,INDUSINDBK,2025-09-08,SHORT,2025-09-08T10:20:00,755.70,757.97,752.29,396,2.27,2025-09-08T10:50:00,752.29,TARGET,1348.56,900.69
fast_pair,INDUSINDBK,2025-09-09,LONG,2025-09-09T10:00:00,753.70,751.38,757.18,398,2.32,2025-09-09T10:00:00,751.38,STOP,-924.27,-1373.54
fast_pair,INDUSINDBK,2025-09-11,SHORT,2025-09-11T12:00:00,750.10,751.71,747.68,399,1.61,2025-09-11T12:10:00,751.71,STOP,-643.39,-1092.80
fast_pair,INDUSINDBK,2025-09-12,SHORT,2025-09-12T10:00:00,749.45,750.97,747.17,400,1.52,2025-09-12T10:50:00,747.17,TARGET,912.23,463.25
fast_pair,INDUSINDBK,2025-09-15,LONG,2025-09-15T10:50:00,743.20,741.47,745.79,403,1.73,2025-09-15T10:50:00,741.47,STOP,-696.95,-1145.69
fast_pair,INDUSINDBK,2025-09-16,LONG,2025-09-16T10:10:00,742.40,740.43,745.36,404,1.97,2025-09-16T10:50:00,740.43,STOP,-796.86,-1246.15
fast_pair,INDUSINDBK,2025-09-17,SHORT,2025-09-17T10:00:00,740.90,742.63,738.31,404,1.73,2025-09-17T10:00:00,742.63,STOP,-696.96,-1146.46
fast_pair,INDUSINDBK,2025-09-19,SHORT,2025-09-19T10:50:00,738.60,740.11,736.33,406,1.51,2025-09-19T10:50:00,739.65,REVERSE,-426.30,-876.43
fast_pair,INDUSINDBK,2025-09-22,SHORT,2025-09-22T11:30:00,742.80,744.94,739.60,403,2.14,2025-09-22T13:20:00,741.55,TIME_STOP,503.75,55.11
fast_pair,INDUSINDBK,2025-09-23,LONG,2025-09-23T11:20:00,735.50,733.27,738.84,407,2.23,2025-09-23T11:40:00,738.84,TARGET,1360.45,910.40
fast_pair,INDUSINDBK,2025-09-24,LONG,2025-09-24T10:20:00,755.00,752.44,758.84,397,2.56,2025-09-24T11:10:00,752.44,STOP,-1017.46,-1466.30
fast_pair,INDUSINDBK,2025-09-25,LONG,2025-09-25T10:00:00,743.75,741.21,747.55,403,2.54,2025-09-25T10:00:00,741.55,REVERSE,-886.60,-1335.53
fast_pair,INDUSINDBK,2025-09-29,LONG,2025-09-29T13:10:00,730.10,727.20,734.45,410,2.90,2025-09-29T13:40:00,727.20,STOP,-1190.22,-1638.34
fast_pair,INDUSINDBK,2025-09-30,LONG,2025-09-30T11:30:00,729.05,725.95,733.70,411,3.10,2025-09-30T11:50:00,725.95,STOP,-1275.00,-1723.50
fast_pair,INDUSINDBK,2025-10-01,SHORT,2025-10-01T10:10:00,731.00,734.02,726.47,410,3.02,2025-10-01T10:50:00,726.47,TARGET,1858.62,1410.45
fast_pair,INDUSINDBK,2025-10-03,SHORT,2025-10-03T10:40:00,742.00,745.11,737.34,404,3.11,2025-10-03T10:40:00,745.11,STOP,-1255.61,-1706.20
fast_pair,INDUSINDBK,2025-10-06,SHORT,2025-10-06T11:00:00,746.65,750.11,741.46,401,3.46,2025-10-06T11:10:00,741.46,TARGET,2080.14,1632.59
fast_pair,INDUSINDBK,2025-10-08,SHORT,2025-10-08T10:30:00,748.00,750.38,744.43,401,2.38,2025-10-08T11:00:00,744.43,TARGET,1431.09,982.24
fast_pair,INDUSINDBK,2025-10-09,SHORT,2025-10-09T13:00:00,747.90,750.24,744.38,401,2.34,2025-10-09T14:30:00,748.50,REVERSE,-240.60,-690.64
fast_pair,INDUSINDBK,2025-10-13,SHORT,2025-10-13T11:10:00,763.00,765.63,759.05,393,2.63,2025-10-13T11:40:00,759.05,TARGET,1553.02,1104.39
fast_pair,INDUSINDBK,2025-10-14,LONG,2025-10-14T14:10:00,749.75,747.76,752.74,400,1.99,2025-10-14T15:20:00,749.45,EOD,-120.00,-569.76
fast_pair,INDUSINDBK,2025-10-15,LONG,2025-10-15T12:10:00,745.85,743.80,748.92,402,2.05,2025-10-15T13:10:00,743.80,STOP,-822.63,-1271.76
fast_pair,INDUSINDBK,2025-10-16,SHORT,2025-10-16T10:20:00,740.05,742.55,736.30,405,2.50,2025-10-16T12:10:00,740.05,TIME_STOP,-0.00,-449.58
fast_pair,INDUSINDBK,2025-10-17,LONG,2025-10-17T10:10:00,741.30,739.06,744.66,404,2.24,2025-10-17T10:50:00,744.66,TARGET,1355.71,905.46
fast_pair,INDUSINDBK,2025-10-23,SHORT,2025-10-23T12:30:00,760.10,762.79,756.06,394,2.69,2025-10-23T13:40:00,761.05,REVERSE,-374.30,-823.80
fast_pair,INDUSINDBK,2025-10-24,LONG,2025-10-24T12:30:00,755.05,753.21,757.82,397,1.84,2025-10-24T13:30:00,753.21,STOP,-731.85,-1180.94
fast_pair,INDUSINDBK,2025-10-30,LONG,2025-10-30T11:00:00,804.25,801.60,808.23,373,2.65,2025-10-30T12:10:00,803.85,REVERSE,-149.20,-599.07
fast_pair,INDUSINDBK,2025-10-31,SHORT,2025-10-31T11:00:00,799.50,802.10,795.60,375,2.60,2025-10-31T11:40:00,802.10,STOP,-974.37,-1424.82
fast_pair,INDUSINDBK,2025-11-03,LONG,2025-11-03T10:10:00,800.70,797.46,805.55,374,3.24,2025-11-03T10:20:00,797.46,STOP,-1210.02,-1658.31
fast_pair,INDUSINDBK,2025-11-04,LONG,2025-11-04T12:10:00,795.50,793.01,799.24,377,2.49,2025-11-04T12:40:00,793.01,STOP,-939.50,-1388.65
fast_pair,INDUSINDBK,2025-11-06,SHORT,2025-11-06T10:00:00,789.25,792.24,784.76,380,2.99,2025-11-06T11:00:00,784.76,TARGET,1706.97,1258.38
fast_pair,INDUSINDBK,2025-11-07,LONG,2025-11-07T10:50:00,787.10,784.27,791.35,381,2.83,2025-11-07T10:50:00,791.35,TARGET,1619.20,1168.16
fast_pair,INDUSINDBK,2025-11-10,SHORT,2025-11-10T12:00:00,797.20,799.77,793.34,376,2.57,2025-11-10T13:00:00,799.05,REVERSE,-695.60,-1145.74
fast_pair,INDUSINDBK,2025-11-11,SHORT,2025-11-11T13:00:00,819.25,822.55,814.31,366,3.30,2025-11-11T13:40:00,822.55,STOP,-1206.54,-1657.21
fast_pair,INDUSINDBK,2025-11-14,SHORT,2025-11-14T10:40:00,860.50,864.52,854.48,348,4.02,2025-11-14T10:40:00,864.52,STOP,-1397.72,-1847.95
fast_pair,INDUSINDBK,2025-11-17,LONG,2025-11-17T10:40:00,851.55,847.32,857.89,352,4.23,2025-11-17T12:30:00,852.70,TIME_STOP,404.80,-45.12
fast_pair,INDUSINDBK,2025-11-18,LONG,2025-11-18T12:00:00,853.00,850.65,856.52,351,2.35,2025-11-18T12:50:00,850.65,STOP,-823.18,-1271.67
fast_pair,INDUSINDBK,2025-11-19,LONG,2025-11-19T13:10:00,841.60,839.05,845.43,356,2.55,2025-11-19T14:20:00,845.43,TARGET,1363.97,913.53
fast_pair,INDUSINDBK,2025-11-24,SHORT,2025-11-24T13:10:00,847.45,850.60,842.72,354,3.15,2025-11-24T14:20:00,842.72,TARGET,1673.76,1225.02
fast_pair,INDUSINDBK,2025-11-25,LONG,2025-11-25T13:00:00,835.50,832.97,839.30,359,2.53,2025-11-25T13:50:00,839.30,TARGET,1362.95,912.01
fast_pair,INDUSINDBK,2025-11-26,SHORT,2025-11-26T13:40:00,853.05,855.54,849.32,351,2.49,2025-11-26T14:50:00,849.32,TARGET,1310.56,862.41
fast_pair,INDUSINDBK,2025-11-27,LONG,2025-11-27T10:50:00,854.65,851.78,858.95,351,2.87,2025-11-27T11:00:00,851.78,STOP,-1006.21,-1455.43
fast_pair,INDUSINDBK,2025-11-28,SHORT,2025-11-28T10:30:00,854.20,857.10,849.85,351,2.90,2025-11-28T10:30:00,857.10,STOP,-1017.01,-1467.51
fast_pair,INDUSINDBK,2025-12-02,SHORT,2025-12-02T12:10:00,850.65,852.58,847.76,352,1.93,2025-12-02T12:30:00,850.80,REVERSE,-52.80,-501.98
fast_pair,INDUSINDBK,2025-12-03,SHORT,2025-12-03T10:10:00,844.30,847.39,839.66,355,3.09,2025-12-03T11:00:00,847.39,STOP,-1097.75,-1548.16
fast_pair,INDUSINDBK,2025-12-04,SHORT,2025-12-04T13:40:00,863.70,866.53,859.46,347,2.83,2025-12-04T15:20:00,863.00,EOD,242.90,-206.47
fast_pair,INDUSINDBK,2025-12-05,LONG,2025-12-05T11:50:00,864.40,861.08,869.37,347,3.32,2025-12-05T11:50:00,861.08,STOP,-1150.31,-1599.37
fast_pair,INDUSINDBK,2025-12-09,LONG,2025-12-09T11:10:00,841.50,837.99,846.77,356,3.51,2025-12-09T12:00:00,846.77,TARGET,1876.09,1425.32
fast_pair,INDUSINDBK,2025-12-10,SHORT,2025-12-10T10:50:00,844.35,847.38,839.81,355,3.03,2025-12-10T10:50:00,839.81,TARGET,1611.23,1162.82
fast_pair,INDUSINDBK,2025-12-11,LONG,2025-12-11T10:30:00,839.40,835.98,844.53,357,3.42,2025-12-11T10:40:00,835.98,STOP,-1220.99,-1669.57
fast_pair,INDUSINDBK,2025-12-12,SHORT,2025-12-12T11:20:00,840.00,843.22,835.17,357,3.22,2025-12-12T11:30:00,843.22,STOP,-1149.83,-1600.51
fast_pair,INDUSINDBK,2025-12-16,SHORT,2025-12-16T11:10:00,845.35,848.32,840.90,354,2.97,2025-12-16T13:00:00,843.55,TIME_STOP,637.20,188.80
fast_pair,INDUSINDBK,2025-12-17,LONG,2025-12-17T13:20:00,838.20,835.90,841.65,357,2.30,2025-12-17T13:20:00,835.90,STOP,-820.42,-1268.66
fast_pair,INDUSINDBK,2025-12-18,LONG,2025-12-18T10:20:00,838.60,835.45,843.33,357,3.15,2025-12-18T12:10:00,840.10,TIME_STOP,535.50,86.03
fast_pair,INDUSINDBK,2025-12-19,SHORT,2025-12-19T10:00:00,834.00,836.29,830.56,359,2.29,2025-12-19T11:50:00,834.15,TIME_STOP,-53.85,-503.00
fast_pair,INDUSINDBK,2025-12-24,LONG,2025-12-24T11:10:00,856.50,854.01,860.24,350,2.49,2025-12-24T11:20:00,854.01,STOP,-872.73,-1321.74
fast_pair,INDUSINDBK,2025-12-29,LONG,2025-12-29T11:00:00,851.45,848.60,855.73,352,2.85,2025-12-29T11:00:00,849.75,REVERSE,-598.40,-1047.52
fast_pair,INDUSINDBK,2025-12-30,SHORT,2025-12-30T10:50:00,838.20,840.32,835.01,357,2.12,2025-12-30T12:00:00,835.01,TARGET,1137.80,689.79
fast_pair,INDUSINDBK,2026-01-02,SHORT,2026-01-02T12:40:00,900.60,903.88,895.69,333,3.28,2026-01-02T13:20:00,903.88,STOP,-1091.11,-1541.78
fast_pair,INDUSINDBK,2026-01-05,LONG,2026-01-05T11:10:00,903.10,900.04,907.69,332,3.06,2026-01-05T11:40:00,907.69,TARGET,1522.66,1071.77
fast_pair,INDUSINDBK,2026-01-06,LONG,2026-01-06T10:10:00,911.65,906.83,918.87,329,4.82,2026-01-06T10:50:00,918.87,TARGET,2377.01,1925.33
fast_pair,INDUSINDBK,2026-01-12,SHORT,2026-01-12T11:50:00,887.05,890.31,882.17,338,3.26,2026-01-12T11:50:00,887.50,REVERSE,-152.10,-601.95
fast_pair,INDUSINDBK,2026-01-13,SHORT,2026-01-13T10:20:00,902.00,905.57,896.64,332,3.57,2026-01-13T10:20:00,903.75,REVERSE,-581.00,-1030.63
fast_pair,INDUSINDBK,2026-01-19,SHORT,2026-01-19T12:00:00,949.20,953.59,942.61,316,4.39,2026-01-19T13:40:00,942.61,TARGET,2082.31,1633.95
fast_pair,INDUSINDBK,2026-01-21,SHORT,2026-01-21T10:20:00,907.00,912.04,899.44,330,5.04,2026-01-21T10:50:00,899.44,TARGET,2494.23,2047.14
fast_pair,INDUSINDBK,2026-01-22,SHORT,2026-01-22T10:10:00,899.60,904.43,892.36,333,4.83,2026-01-22T10:20:00,904.43,STOP,-1608.32,-2058.88
fast_pair,INDUSINDBK,2026-01-23,SHORT,2026-01-23T12:00:00,906.00,909.55,900.67,331,3.55,2026-01-23T13:20:00,900.67,TARGET,1764.77,1316.26
fast_pair,INDUSINDBK,2026-01-27,LONG,2026-01-27T11:30:00,889.10,882.61,898.84,337,6.49,2026-01-27T12:10:00,886.65,REVERSE,-825.65,-1274.47
fast_pair,INDUSINDBK,2026-01-28,LONG,2026-01-28T11:10:00,889.65,885.39,896.04,337,4.26,2026-01-28T11:50:00,896.04,TARGET,2152.39,1701.06
fast_pair,INDUSINDBK,2026-01-29,LONG,2026-01-29T10:30:00,900.20,896.28,906.08,333,3.92,2026-01-29T10:30:00,896.28,STOP,-1304.92,-1753.59
fast_pair,INDUSINDBK,2026-01-30,LONG,2026-01-30T10:50:00,897.60,894.40,902.40,334,3.20,2026-01-30T11:00:00,902.40,TARGET,1603.72,1152.82
fast_pair,INDUSINDBK,2026-02-02,LONG,2026-02-02T10:30:00,895.40,891.12,901.82,335,4.28,2026-02-02T11:00:00,891.12,STOP,-1433.52,-1882.39
fast_pair,INDUSINDBK,2026-02-03,SHORT,2026-02-03T13:20:00,924.25,929.11,916.96,324,4.86,2026-02-03T14:00:00,929.11,STOP,-1575.17,-2025.53
fast_pair,INDUSINDBK,2026-02-04,SHORT,2026-02-04T11:00:00,924.80,928.50,919.25,324,3.70,2026-02-04T12:50:00,925.05,TIME_STOP,-81.00,-530.51
fast_pair,INDUSINDBK,2026-02-06,LONG,2026-02-06T14:10:00,900.85,898.21,904.81,333,2.64,2026-02-06T15:00:00,904.81,TARGET,1319.32,868.36
fast_pair,INDUSINDBK,2026-02-10,SHORT,2026-02-10T13:40:00,922.65,925.33,918.63,325,2.68,2026-02-10T14:40:00,924.55,REVERSE,-617.50,-1067.75
fast_pair,INDUSINDBK,2026-02-12,SHORT,2026-02-12T14:10:00,931.45,934.35,927.10,322,2.90,2026-02-12T14:30:00,927.10,TARGET,1399.58,950.74
fast_pair,INDUSINDBK,2026-02-13,LONG,2026-02-13T12:20:00,915.90,912.37,921.19,327,3.53,2026-02-13T13:20:00,921.19,TARGET,1729.41,1278.87
fast_pair,INDUSINDBK,2026-02-16,LONG,2026-02-16T11:00:00,921.10,917.68,926.23,325,3.42,2026-02-16T12:30:00,926.23,TARGET,1668.07,1217.79
fast_pair,INDUSINDBK,2026-02-18,SHORT,2026-02-18T13:50:00,940.90,943.19,937.46,318,2.29,2026-02-18T14:00:00,942.30,REVERSE,-445.20,-894.34
fast_pair,INDUSINDBK,2026-02-20,SHORT,2026-02-20T11:20:00,933.85,938.35,927.10,321,4.50,2026-02-20T13:00:00,927.10,TARGET,2167.55,1719.53
fast_pair,INDUSINDBK,2026-02-23,LONG,2026-02-23T13:50:00,918.20,914.89,923.17,326,3.31,2026-02-23T14:00:00,914.89,STOP,-1080.54,-1528.73
fast_pair,INDUSINDBK,2026-02-24,LONG,2026-02-24T10:00:00,920.90,917.37,926.19,325,3.53,2026-02-24T10:10:00,926.19,TARGET,1718.80,1268.57
fast_pair,INDUSINDBK,2026-02-26,SHORT,2026-02-26T12:20:00,945.20,949.48,938.79,317,4.28,2026-02-26T13:20:00,949.40,REVERSE,-1331.40,-1781.84
fast_pair,INDUSINDBK,2026-02-27,SHORT,2026-02-27T10:10:00,954.95,959.80,947.68,314,4.85,2026-02-27T10:40:00,959.80,STOP,-1521.90,-1972.82
fast_pair,INDUSINDBK,2026-03-04,LONG,2026-03-04T12:10:00,927.65,923.71,933.57,323,3.94,2026-03-04T12:10:00,925.95,REVERSE,-549.10,-998.13
fast_pair,INDUSINDBK,2026-03-06,SHORT,2026-03-06T11:50:00,934.40,937.79,929.32,321,3.39,2026-03-06T11:50:00,936.10,REVERSE,-545.70,-996.02
fast_pair,INDUSINDBK,2026-03-10,SHORT,2026-03-10T12:50:00,892.50,897.07,885.64,336,4.57,2026-03-10T13:30:00,896.10,REVERSE,-1209.60,-1660.33
fast_pair,INDUSINDBK,2026-03-11,SHORT,2026-03-11T10:40:00,897.60,901.99,891.01,334,4.39,2026-03-11T10:50:00,891.01,TARGET,2200.00,1751.95
fast_pair,INDUSINDBK,2026-03-12,LONG,2026-03-12T13:30:00,841.55,837.03,848.33,356,4.52,2026-03-12T14:10:00,837.03,STOP,-1609.14,-2057.32
fast_pair,PNB,2024-03-18,LONG,2024-03-18T12:30:00,115.79,114.74,117.36,2387,1.05,2024-03-18T14:20:00,116.09,TIME_STOP,716.10,300.98
fast_pair,PNB,2024-03-19,SHORT,2024-03-19T10:10:00,115.41,116.09,114.39,2599,0.68,2024-03-19T11:40:00,114.39,TARGET,2654.72,2206.79
fast_pair,PNB,2024-03-20,LONG,2024-03-20T12:40:00,112.78,112.12,113.77,2660,0.66,2024-03-20T13:20:00,113.77,TARGET,2627.02,2175.06
fast_pair,PNB,2024-03-27,SHORT,2024-03-27T10:20:00,120.41,120.85,119.75,2491,0.44,2024-03-27T10:20:00,120.85,STOP,-1094.05,-1544.78
fast_pair,PNB,2024-03-28,SHORT,2024-03-28T12:30:00,120.07,120.44,119.51,2498,0.37,2024-03-28T12:40:00,120.44,STOP,-929.76,-1380.35
fast_pair,PNB,2024-04-02,SHORT,2024-04-02T10:20:00,121.87,122.27,121.27,2461,0.40,2024-04-02T10:40:00,122.27,STOP,-985.86,-1436.48
fast_pair,PNB,2024-04-03,LONG,2024-04-03T12:20:00,123.23,122.85,123.80,2434,0.38,2024-04-03T13:30:00,123.80,TARGET,1383.33,932.38
fast_pair,PNB,2024-04-04,SHORT,2024-04-04T12:00:00,130.91,131.78,129.60,2291,0.87,2024-04-04T13:50:00,130.96,TIME_STOP,-114.55,-564.51
fast_pair,PNB,2024-04-05,SHORT,2024-04-05T12:20:00,132.12,132.70,131.25,2270,0.58,2024-04-05T14:00:00,132.70,STOP,-1320.01,-1770.87
fast_pair,PNB,2024-04-12,SHORT,2024-04-12T12:50:00,131.88,132.50,130.96,2274,0.62,2024-04-12T14:40:00,131.59,TIME_STOP,659.46,210.11
fast_pair,PNB,2024-04-15,LONG,2024-04-15T11:30:00,130.28,129.39,131.61,2302,0.89,2024-04-15T13:20:00,130.71,TIME_STOP,989.86,539.26
fast_pair,PNB,2024-04-18,LONG,2024-04-18T11:50:00,128.38,127.75,129.32,2336,0.63,2024-04-18T13:30:00,127.75,STOP,-1461.99,-1910.74
fast_pair,PNB,2024-04-19,LONG,2024-04-19T12:30:00,124.64,123.91,125.73,2406,0.73,2024-04-19T14:20:00,124.54,TIME_STOP,-240.60,-690.25
fast_pair,PNB,2024-04-23,SHORT,2024-04-23T11:50:00,129.79,130.29,129.04,2311,0.50,2024-04-23T12:20:00,129.98,REVERSE,-439.09,-889.34
fast_pair,PNB,2024-04-26,SHORT,2024-04-26T13:00:00,132.66,133.16,131.91,2261,0.50,2024-04-26T13:30:00,133.16,STOP,-1131.84,-1582.61
fast_pair,PNB,2024-04-29,LONG,2024-04-29T11:50:00,132.66,132.11,133.48,2261,0.55,2024-04-29T13:20:00,133.48,TARGET,1852.96,1401.66
fast_pair,PNB,2024-04-30,SHORT,2024-04-30T10:30:00,133.09,133.71,132.16,2254,0.62,2024-04-30T10:50:00,133.71,STOP,-1398.28,-1849.31
fast_pair,PNB,2024-05-07,LONG,2024-05-07T13:50:00,119.63,118.89,120.74,2507,0.74,2024-05-07T15:10:00,118.89,STOP,-1855.48,-2303.96
fast_pair,PNB,2024-05-08,SHORT,2024-05-08T10:40:00,119.05,119.71,118.06,2519,0.66,2024-05-08T11:10:00,119.71,STOP,-1660.11,-2111.19
fast_pair,PNB,2024-05-09,SHORT,2024-05-09T10:50:00,121.09,121.75,120.10,2477,0.66,2024-05-09T11:00:00,121.75,STOP,-1627.84,-2078.97
fast_pair,PNB,2024-05-13,LONG,2024-05-13T12:00:00,117.74,116.83,119.11,2547,0.91,2024-05-13T13:50:00,119.11,TARGET,3481.93,3029.50
fast_pair,PNB,2024-05-15,SHORT,2024-05-15T11:40:00,122.50,122.99,121.77,2448,0.49,2024-05-15T12:50:00,121.77,TARGET,1790.89,1342.42
fast_pair,PNB,2024-05-16,SHORT,2024-05-16T11:10:00,121.58,122.08,120.84,2467,0.50,2024-05-16T11:10:00,120.84,TARGET,1835.98,1387.45
fast_pair,PNB,2024-05-17,SHORT,2024-05-17T12:20:00,121.58,121.99,120.96,2467,0.41,2024-05-17T12:30:00,121.82,EOD_FORCED,-592.08,-1042.43
fast_pair,PNB,2024-05-21,SHORT,2024-05-21T14:00:00,123.67,124.12,122.99,2425,0.45,2024-05-21T15:00:00,122.99,TARGET,1654.32,1205.71
fast_pair,PNB,2024-05-22,LONG,2024-05-22T13:10:00,122.06,121.65,122.67,2457,0.41,2024-05-22T13:50:00,122.67,TARGET,1497.53,1046.56
fast_pair,PNB,2024-05-23,SHORT,2024-05-23T13:10:00,123.42,123.79,122.87,2430,0.37,2024-05-23T14:20:00,123.72,REVERSE,-729.00,-1179.41
fast_pair,PNB,2024-05-24,LONG,2024-05-24T11:10:00,123.18,122.69,123.91,2435,0.49,2024-05-24T13:00:00,123.62,TIME_STOP,1071.40,620.68
fast_pair,PNB,2024-05-27,SHORT,2024-05-27T10:20:00,123.18,123.72,122.37,2435,0.54,2024-05-27T10:20:00,123.57,REVERSE,-949.65,-1400.28
fast_pair,PNB,2024-05-28,SHORT,2024-05-28T10:20:00,125.56,126.21,124.58,2389,0.65,2024-05-28T11:30:00,124.58,TARGET,2332.24,1884.04
fast_pair,PNB,2024-05-29,SHORT,2024-05-29T12:40:00,125.61,126.15,124.81,2388,0.54,2024-05-29T14:10:00,124.81,TARGET,1921.18,1472.69
fast_pair,PNB,2024-05-30,SHORT,2024-05-30T11:30:00,124.74,125.24,124.00,2405,0.50,2024-05-30T12:30:00,125.24,STOP,-1194.38,-1645.27
fast_pair,PNB,2024-05-31,LONG,2024-05-31T12:10:00,123.62,123.09,124.41,2426,0.53,2024-05-31T12:10:00,123.18,REVERSE,-1067.44,-1516.49
fast_pair,PNB,2024-06-04,LONG,2024-06-04T10:20:00,125.71,124.32,127.79,1803,1.39,2024-06-04T10:30:00,124.32,STOP,-2498.75,-2836.86
fast_pair,PNB,2024-06-05,LONG,2024-06-05T11:20:00,113.22,110.97,116.59,1111,2.25,2024-06-05T13:10:00,114.92,TIME_STOP,1888.70,1698.60
fast_pair,PNB,2024-06-06,SHORT,2024-06-06T12:00:00,120.41,121.32,119.05,2491,0.91,2024-06-06T13:50:00,120.12,TIME_STOP,722.39,273.02
fast_pair,PNB,2024-06-07,SHORT,2024-06-07T13:30:00,120.95,121.42,120.25,2480,0.47,2024-06-07T13:40:00,121.29,REVERSE,-843.20,-1293.77
fast_pair,PNB,2024-06-10,SHORT,2024-06-10T12:00:00,122.83,123.33,122.07,2442,0.50,2024-06-10T12:50:00,123.13,REVERSE,-732.60,-1183.08
fast_pair,PNB,2024-06-12,SHORT,2024-06-12T12:30:00,123.52,123.87,122.99,2428,0.35,2024-06-12T13:10:00,123.87,STOP,-860.93,-1311.43
fast_pair,PNB,2024-06-13,SHORT,2024-06-13T10:40:00,123.91,124.31,123.31,2421,0.40,2024-06-13T11:20:00,123.31,TARGET,1458.69,1009.80
fast_pair,PNB,2024-06-18,SHORT,2024-06-18T10:30:00,124.98,125.38,124.38,2400,0.40,2024-06-18T10:30:00,125.38,STOP,-959.11,-1409.76
fast_pair,PNB,2024-06-20,SHORT,2024-06-20T11:30:00,125.25,125.58,124.75,2395,0.33,2024-06-20T12:20:00,124.75,TARGET,1196.67,747.61
fast_pair,PNB,2024-06-24,LONG,2024-06-24T11:00:00,121.88,121.29,122.76,2461,0.59,2024-06-24T11:20:00,122.76,TARGET,2174.13,1722.58
fast_pair,PNB,2024-06-26,LONG,2024-06-26T11:00:00,120.93,120.49,121.59,2480,0.44,2024-06-26T11:00:00,121.59,TARGET,1638.13,1187.04
fast_pair,PNB,2024-06-28,LONG,2024-06-28T10:20:00,121.26,120.49,122.42,2474,0.77,2024-06-28T10:20:00,120.49,STOP,-1916.24,-2364.80
fast_pair,PNB,2024-07-01,LONG,2024-07-01T11:00:00,119.88,119.45,120.52,2502,0.43,2024-07-01T11:00:00,119.64,REVERSE,-600.48,-1049.94
fast_pair,PNB,2024-07-02,SHORT,2024-07-02T10:00:00,118.52,118.92,117.92,2531,0.40,2024-07-02T10:00:00,118.92,STOP,-1010.35,-1461.07
fast_pair,PNB,2024-07-03,SHORT,2024-07-03T11:00:00,117.48,117.92,116.82,2553,0.44,2024-07-03T12:00:00,117.66,REVERSE,-459.54,-909.77
fast_pair,PNB,2024-07-04,SHORT,2024-07-04T10:30:00,117.99,118.42,117.34,2542,0.43,2024-07-04T10:30:00,117.34,TARGET,1649.03,1200.37
fast_pair,PNB,2024-07-08,SHORT,2024-07-08T11:50:00,118.56,119.01,117.88,2530,0.45,2024-07-08T13:40:00,118.24,TIME_STOP,809.60,360.27
fast_pair,PNB,2024-07-09,SHORT,2024-07-09T13:20:00,119.88,120.23,119.36,2502,0.35,2024-07-09T14:20:00,119.36,TARGET,1296.03,847.09
fast_pair,PNB,2024-07-11,SHORT,2024-07-11T11:00:00,116.13,116.57,115.47,2583,0.44,2024-07-11T12:50:00,116.07,TIME_STOP,154.98,-294.85
fast_pair,PNB,2024-07-15,LONG,2024-07-15T10:20:00,115.47,115.09,116.03,2598,0.38,2024-07-15T11:00:00,116.03,TARGET,1465.03,1013.94
fast_pair,PNB,2024-07-16,SHORT,2024-07-16T12:20:00,117.40,117.76,116.86,2555,0.36,2024-07-16T13:10:00,116.86,TARGET,1371.81,922.91
fast_pair,PNB,2024-07-18,LONG,2024-07-18T10:20:00,117.24,116.71,118.04,2558,0.53,2024-07-18T10:30:00,116.71,STOP,-1367.28,-1816.11
fast_pair,PNB,2024-07-19,SHORT,2024-07-19T10:00:00,114.97,115.47,114.22,2609,0.50,2024-07-19T10:50:00,114.22,TARGET,1960.30,1511.84
fast_pair,PNB,2024-07-23,SHORT,2024-07-23T10:10:00,114.68,115.09,114.07,2615,0.41,2024-07-23T10:40:00,115.09,STOP,-1068.26,-1518.89
fast_pair,PNB,2024-07-24,SHORT,2024-07-24T10:50:00,114.29,115.02,113.20,2624,0.73,2024-07-24T11:30:00,113.20,TARGET,2858.39,2410.69
fast_pair,PNB,2024-07-25,SHORT,2024-07-25T10:00:00,113.10,113.68,112.23,2652,0.58,2024-07-25T10:30:00,113.48,REVERSE,-1007.76,-1458.43
fast_pair,PNB,2024-07-30,SHORT,2024-07-30T12:50:00,121.62,122.07,120.94,2466,0.45,2024-07-30T13:10:00,122.07,STOP,-1119.91,-1570.62
fast_pair,PNB,2024-07-31,LONG,2024-07-31T11:30:00,121.31,120.89,121.94,2473,0.42,2024-07-31T11:30:00,121.04,REVERSE,-667.71,-1117.21
fast_pair,PNB,2024-08-01,SHORT,2024-08-01T11:10:00,120.54,121.01,119.84,2488,0.47,2024-08-01T11:50:00,119.84,TARGET,1747.86,1299.32
fast_pair,PNB,2024-08-02,LONG,2024-08-02T14:10:00,117.67,117.34,118.17,2549,0.33,2024-08-02T14:10:00,117.43,REVERSE,-611.76,-1061.21
fast_pair,PNB,2024-08-05,LONG,2024-08-05T14:00:00,111.63,111.06,112.49,2687,0.57,2024-08-05T14:20:00,111.06,STOP,-1538.76,-1987.53
fast_pair,PNB,2024-08-07,SHORT,2024-08-07T11:20:00,111.23,111.76,110.44,2697,0.53,2024-08-07T12:30:00,111.41,REVERSE,-485.46,-935.81
fast_pair,PNB,2024-08-08,LONG,2024-08-08T12:00:00,111.91,111.46,112.58,2680,0.45,2024-08-08T13:10:00,111.75,REVERSE,-428.80,-878.36
fast_pair,PNB,2024-08-09,SHORT,2024-08-09T10:00:00,111.18,111.60,110.54,2698,0.42,2024-08-09T11:30:00,111.16,REVERSE,53.96,-395.94
fast_pair,PNB,2024-08-12,LONG,2024-08-12T10:50:00,112.38,111.92,113.08,2669,0.46,2024-08-12T11:30:00,111.92,STOP,-1237.06,-1686.04
fast_pair,PNB,2024-08-13,SHORT,2024-08-13T12:30:00,111.77,112.10,111.28,2684,0.33,2024-08-13T12:50:00,111.28,TARGET,1314.02,865.02
fast_pair,PNB,2024-08-16,LONG,2024-08-16T13:50:00,109.50,109.20,109.95,2739,0.30,2024-08-16T15:10:00,109.95,TARGET,1228.78,777.97
fast_pair,PNB,2024-08-20,SHORT,2024-08-20T11:50:00,112.05,112.34,111.61,2677,0.29,2024-08-20T12:20:00,112.34,STOP,-776.61,-1227.13
fast_pair,PNB,2024-08-21,SHORT,2024-08-21T10:20:00,113.49,113.92,112.84,2643,0.43,2024-08-21T11:10:00,112.84,TARGET,1714.81,1266.17
fast_pair,PNB,2024-08-23,SHORT,2024-08-23T12:30:00,113.66,113.92,113.27,2639,0.26,2024-08-23T14:20:00,113.52,TIME_STOP,369.46,-80.19
fast_pair,PNB,2024-08-26,LONG,2024-08-26T12:20:00,113.29,113.03,113.67,2648,0.26,2024-08-26T12:20:00,113.03,STOP,-675.47,-1124.95
fast_pair,PNB,2024-08-27,LONG,2024-08-27T13:00:00,112.69,112.50,112.97,2662,0.19,2024-08-27T13:00:00,112.61,REVERSE,-212.96,-662.77
fast_pair,PNB,2024-08-28,LONG,2024-08-28T10:30:00,112.78,112.55,113.13,2660,0.23,2024-08-28T10:50:00,112.63,REVERSE,-399.00,-848.69
fast_pair,PNB,2024-08-29,LONG,2024-08-29T10:00:00,112.20,111.94,112.59,2673,0.26,2024-08-29T10:20:00,111.94,STOP,-689.22,-1138.57
fast_pair,PNB,2024-09-02,SHORT,2024-09-02T12:50:00,112.67,112.93,112.27,2662,0.26,2024-09-02T14:00:00,112.93,STOP,-703.69,-1154.11
fast_pair,PNB,2024-09-03,LONG,2024-09-03T12:50:00,113.08,112.85,113.43,2652,0.23,2024-09-03T13:30:00,112.85,STOP,-620.41,-1069.78
fast_pair,PNB,2024-09-04,LONG,2024-09-04T13:30:00,110.56,110.33,110.90,2713,0.23,2024-09-04T13:40:00,110.33,STOP,-613.17,-1062.64
fast_pair,PNB,2024-09-05,LONG,2024-09-05T12:00:00,109.69,109.40,110.13,2734,0.29,2024-09-05T12:10:00,110.13,TARGET,1192.28,741.55
fast_pair,PNB,2024-09-10,SHORT,2024-09-10T11:50:00,106.45,106.83,105.87,2818,0.38,2024-09-10T12:00:00,106.61,REVERSE,-450.88,-901.18
fast_pair,PNB,2024-09-11,SHORT,2024-09-11T10:30:00,106.61,107.01,106.02,2813,0.40,2024-09-11T10:30:00,107.01,STOP,-1113.57,-1564.25
fast_pair,PNB,2024-09-12,SHORT,2024-09-12T10:00:00,104.62,105.18,103.79,2867,0.56,2024-09-12T11:50:00,104.06,TIME_STOP,1605.52,1156.81
fast_pair,PNB,2024-09-16,SHORT,2024-09-16T10:30:00,108.10,108.52,107.48,2775,0.42,2024-09-16T11:40:00,107.48,TARGET,1732.00,1283.33
fast_pair,PNB,2024-09-18,LONG,2024-09-18T11:40:00,105.95,105.56,106.53,2831,0.39,2024-09-18T12:40:00,106.53,TARGET,1638.63,1187.49
fast_pair,PNB,2024-09-19,SHORT,2024-09-19T10:00:00,105.28,105.81,104.48,2849,0.53,2024-09-19T11:20:00,104.48,TARGET,2281.82,1833.62
fast_pair,PNB,2024-09-20,SHORT,2024-09-20T13:10:00,104.92,105.28,104.38,2859,0.36,2024-09-20T15:00:00,105.28,STOP,-1034.68,-1485.41
fast_pair,PNB,2024-09-24,SHORT,2024-09-24T11:20:00,105.74,106.26,104.97,2837,0.52,2024-09-24T11:30:00,106.26,STOP,-1461.44,-1912.51
fast_pair,PNB,2024-09-25,LONG,2024-09-25T14:00:00,102.09,101.76,102.58,2938,0.33,2024-09-25T15:20:00,102.00,EOD,-264.42,-714.13
fast_pair,PNB,2024-09-26,LONG,2024-09-26T10:10:00,102.54,102.22,103.02,2925,0.32,2024-09-26T10:20:00,103.02,TARGET,1418.20,967.24
fast_pair,PNB,2024-09-27,SHORT,2024-09-27T13:00:00,105.48,105.76,105.05,2844,0.28,2024-09-27T13:20:00,105.05,TARGET,1213.44,764.38
fast_pair,PNB,2024-09-30,LONG,2024-09-30T13:00:00,105.23,104.90,105.72,2850,0.33,2024-09-30T13:10:00,105.10,REVERSE,-370.50,-820.08
fast_pair,PNB,2024-10-04,SHORT,2024-10-04T13:30:00,102.95,103.46,102.19,2914,0.51,2024-10-04T15:20:00,103.00,TIME_STOP,-145.70,-595.80
fast_pair,PNB,2024-10-07,SHORT,2024-10-07T10:00:00,102.36,102.94,101.49,2930,0.58,2024-10-07T10:30:00,101.49,TARGET,2559.52,2111.56
fast_pair,PNB,2024-10-08,LONG,2024-10-08T11:30:00,99.38,98.80,100.25,3018,0.58,2024-10-08T11:30:00,100.25,TARGET,2638.52,2186.65
fast_pair,PNB,2024-10-10,SHORT,2024-10-10T13:20:00,101.33,101.62,100.89,2960,0.29,2024-10-10T13:40:00,100.89,TARGET,1305.11,856.18
fast_pair,PNB,2024-10-11,SHORT,2024-10-11T11:00:00,100.94,101.28,100.44,2972,0.34,2024-10-11T11:30:00,100.44,TARGET,1500.46,1051.59
fast_pair,PNB,2024-10-14,SHORT,2024-10-14T11:50:00,102.12,102.39,101.71,2937,0.27,2024-10-14T12:50:00,102.15,REVERSE,-88.11,-538.07
fast_pair,PNB,2024-10-15,SHORT,2024-10-15T10:00:00,101.93,102.15,101.59,2943,0.22,2024-10-15T10:50:00,102.15,STOP,-658.83,-1109.30
fast_pair,PNB,2024-10-16,SHORT,2024-10-16T11:00:00,102.01,102.24,101.67,2940,0.23,2024-10-16T11:00:00,102.07,REVERSE,-176.40,-626.40
fast_pair,PNB,2024-10-21,SHORT,2024-10-21T10:00:00,100.33,100.75,99.70,2990,0.42,2024-10-21T11:40:00,99.70,TARGET,1897.52,1448.96
fast_pair,PNB,2024-10-23,LONG,2024-10-23T11:00:00,93.13,92.35,94.30,3193,0.78,2024-10-23T12:30:00,94.30,TARGET,3749.35,3300.49
fast_pair,PNB,2024-10-24,SHORT,2024-10-24T10:00:00,93.69,94.30,92.77,3202,0.61,2024-10-24T10:00:00,94.30,STOP,-1955.49,-2406.95
fast_pair,PNB,2024-10-28,LONG,2024-10-28T10:30:00,96.00,95.31,97.03,3125,0.69,2024-10-28T10:50:00,97.03,TARGET,3215.28,2762.87
fast_pair,PNB,2024-10-29,SHORT,2024-10-29T10:20:00,96.55,97.44,95.21,2794,0.89,2024-10-29T10:40:00,95.21,TARGET,3749.89,3348.06
fast_pair,PNB,2024-10-30,SHORT,2024-10-30T12:00:00,97.31,97.77,96.61,3082,0.46,2024-10-30T13:50:00,97.13,TIME_STOP,554.76,105.31
fast_pair,PNB,2024-10-31,LONG,2024-10-31T10:00:00,97.31,96.95,97.85,3082,0.36,2024-10-31T10:10:00,97.07,REVERSE,-739.68,-1188.99
fast_pair,PNB,2024-11-04,SHORT,2024-11-04T11:10:00,96.44,97.18,95.32,3110,0.74,2024-11-04T12:00:00,97.18,STOP,-2314.58,-2766.20
fast_pair,PNB,2024-11-05,SHORT,2024-11-05T11:00:00,99.83,100.45,98.89,3005,0.62,2024-11-05T11:20:00,100.45,STOP,-1875.99,-2327.38
fast_pair,PNB,2024-11-06,SHORT,2024-11-06T14:00:00,102.82,103.16,102.30,2917,0.34,2024-11-06T14:10:00,103.16,STOP,-1002.26,-1452.90
fast_pair,PNB,2024-11-07,SHORT,2024-11-07T10:30:00,103.57,104.05,102.86,2896,0.48,2024-11-07T11:00:00,104.05,STOP,-1376.21,-1827.15
fast_pair,PNB,2024-11-08,LONG,2024-11-08T13:20:00,102.78,102.34,103.44,2918,0.44,2024-11-08T13:40:00,103.44,TARGET,1923.85,1472.54
fast_pair,PNB,2024-11-11,LONG,2024-11-11T11:10:00,101.74,101.19,102.57,2948,0.55,2024-11-11T12:40:00,102.57,TARGET,2445.96,1994.23
fast_pair,PNB,2024-11-12,LONG,2024-11-12T11:30:00,102.40,101.97,103.04,2929,0.43,2024-11-12T12:10:00,101.97,STOP,-1247.31,-1696.27
fast_pair,PNB,2024-11-13,LONG,2024-11-13T12:10:00,100.10,99.55,100.93,2997,0.55,2024-11-13T12:10:00,99.83,REVERSE,-809.19,-1258.58
fast_pair,PNB,2024-11-14,LONG,2024-11-14T10:10:00,98.90,98.22,99.92,3033,0.68,2024-11-14T11:00:00,98.22,STOP,-2071.50,-2519.89
fast_pair,PNB,2024-11-21,LONG,2024-11-21T13:30:00,94.42,93.87,95.25,3177,0.55,2024-11-21T13:40:00,93.99,REVERSE,-1366.11,-1815.04
fast_pair,PNB,2024-11-25,SHORT,2024-11-25T13:00:00,101.40,101.81,100.78,2958,0.41,2024-11-25T13:30:00,101.81,STOP,-1214.25,-1665.07
fast_pair,PNB,2024-11-27,LONG,2024-11-27T10:00:00,101.47,101.09,102.03,2956,0.38,2024-11-27T10:00:00,101.23,REVERSE,-709.44,-1158.83
fast_pair,PNB,2024-11-28,SHORT,2024-11-28T11:20:00,102.23,102.61,101.66,2934,0.38,2024-11-28T11:40:00,102.61,STOP,-1113.68,-1564.43
fast_pair,PNB,2024-11-29,SHORT,2024-11-29T10:20:00,102.31,102.74,101.66,2932,0.43,2024-11-29T11:20:00,101.66,TARGET,1893.20,1444.67
fast_pair,PNB,2024-12-02,SHORT,2024-12-02T10:20:00,101.69,102.08,101.10,2950,0.39,2024-12-02T12:10:00,101.59,TIME_STOP,295.00,-154.76
fast_pair,PNB,2024-12-06,LONG,2024-12-06T10:10:00,106.36,105.97,106.95,2820,0.39,2024-12-06T10:10:00,105.97,STOP,-1102.02,-1551.10
fast_pair,PNB,2024-12-09,LONG,2024-12-09T13:20:00,106.18,105.86,106.66,2825,0.32,2024-12-09T13:50:00,105.93,REVERSE,-706.25,-1155.66
fast_pair,PNB,2024-12-10,SHORT,2024-12-10T10:50:00,105.84,106.17,105.34,2834,0.33,2024-12-10T11:10:00,106.14,REVERSE,-850.20,-1300.76
fast_pair,PNB,2024-12-11,SHORT,2024-12-11T10:20:00,106.37,106.73,105.82,2820,0.36,2024-12-11T11:30:00,106.73,STOP,-1028.74,-1479.46
fast_pair,PNB,2024-12-13,LONG,2024-12-13T12:30:00,102.89,102.47,103.51,2915,0.42,2024-12-13T13:00:00,103.51,TARGET,1817.04,1365.79
fast_pair,PNB,2024-12-16,SHORT,2024-12-16T11:50:00,104.97,105.29,104.50,2857,0.32,2024-12-16T13:10:00,105.05,REVERSE,-228.56,-678.58
fast_pair,PNB,2024-12-19,LONG,2024-12-19T10:40:00,100.83,100.18,101.80,2975,0.65,2024-12-19T10:50:00,100.18,STOP,-1923.50,-2372.02
fast_pair,PNB,2024-12-23,LONG,2024-12-23T11:20:00,99.30,98.79,100.07,3021,0.51,2024-12-23T12:50:00,98.79,STOP,-1548.14,-1996.96
fast_pair,PNB,2024-12-24,SHORT,2024-12-24T11:20:00,98.77,99.06,98.34,3037,0.29,2024-12-24T11:30:00,98.34,TARGET,1299.90,850.92
fast_pair,PNB,2024-12-26,SHORT,2024-12-26T12:20:00,99.17,99.50,98.68,3025,0.33,2024-12-26T13:10:00,99.36,REVERSE,-574.75,-1025.16
fast_pair,PNB,2024-12-27,SHORT,2024-12-27T11:30:00,99.56,99.88,99.08,3013,0.32,2024-12-27T12:20:00,99.08,TARGET,1450.12,1001.25
fast_pair,PNB,2024-12-30,LONG,2024-12-30T10:00:00,99.38,98.99,99.97,3018,0.39,2024-12-30T10:00:00,98.99,STOP,-1182.59,-1631.59
fast_pair,PNB,2024-12-31,SHORT,2024-12-31T11:50:00,98.81,99.25,98.14,3036,0.44,2024-12-31T12:40:00,99.25,STOP,-1350.70,-1801.70
fast_pair,PNB,2025-01-01,LONG,2025-01-01T10:50:00,99.58,99.24,100.09,3012,0.34,2025-01-01T11:00:00,100.09,TARGET,1538.64,1087.58
fast_pair,PNB,2025-01-02,LONG,2025-01-02T12:50:00,99.31,99.03,99.73,3020,0.28,2025-01-02T13:20:00,99.73,TARGET,1260.37,809.55
fast_pair,PNB,2025-01-03,SHORT,2025-01-03T13:00:00,103.05,103.39,102.55,2911,0.34,2025-01-03T13:00:00,103.39,STOP,-979.66,-1430.36
fast_pair,PNB,2025-01-06,LONG,2025-01-06T13:00:00,100.02,99.49,100.81,2999,0.53,2025-01-06T13:10:00,99.63,REVERSE,-1169.61,-1618.67
fast_pair,PNB,2025-01-07,SHORT,2025-01-07T13:00:00,100.81,101.25,100.15,2975,0.44,2025-01-07T14:50:00,100.34,TIME_STOP,1398.25,949.43
fast_pair,PNB,2025-01-08,LONG,2025-01-08T10:20:00,100.42,100.00,101.05,2987,0.42,2025-01-08T10:20:00,100.00,STOP,-1250.19,-1699.19
fast_pair,PNB,2025-01-09,LONG,2025-01-09T10:10:00,99.33,98.93,99.93,3020,0.40,2025-01-09T10:50:00,98.93,STOP,-1204.18,-1653.24
fast_pair,PNB,2025-01-10,LONG,2025-01-10T13:20:00,97.22,96.80,97.85,3085,0.42,2025-01-10T13:20:00,97.15,REVERSE,-215.95,-665.67
fast_pair,PNB,2025-01-14,LONG,2025-01-14T11:20:00,95.36,94.80,96.21,3145,0.56,2025-01-14T11:50:00,94.80,STOP,-1775.88,-2224.41
fast_pair,PNB,2025-01-15,SHORT,2025-01-15T13:10:00,96.14,96.53,95.55,3120,0.39,2025-01-15T13:20:00,95.55,TARGET,1833.83,1385.27
fast_pair,PNB,2025-01-16,SHORT,2025-01-16T12:40:00,97.93,98.36,97.29,3063,0.43,2025-01-16T13:00:00,98.36,STOP,-1313.51,-1764.43
fast_pair,PNB,2025-01-17,LONG,2025-01-17T13:00:00,97.21,96.91,97.66,3086,0.30,2025-01-17T13:30:00,96.99,REVERSE,-678.92,-1128.40
fast_pair,PNB,2025-01-24,LONG,2025-01-24T12:30:00,95.81,95.44,96.37,3131,0.37,2025-01-24T12:30:00,95.56,REVERSE,-782.75,-1232.13
fast_pair,PNB,2025-01-27,LONG,2025-01-27T12:10:00,93.88,93.35,94.68,3195,0.53,2025-01-27T14:00:00,93.35,STOP,-1698.60,-2147.25
fast_pair,PNB,2025-01-28,SHORT,2025-01-28T10:40:00,93.53,94.16,92.59,3207,0.63,2025-01-28T10:40:00,93.57,REVERSE,-128.28,-578.30
fast_pair,PNB,2025-02-01,SHORT,2025-02-01T11:50:00,98.08,98.53,97.41,3058,0.45,2025-02-01T11:50:00,97.41,TARGET,2057.73,1609.38
fast_pair,PNB,2025-02-03,LONG,2025-02-03T13:50:00,95.58,95.13,96.25,3138,0.45,2025-02-03T13:50:00,95.34,REVERSE,-753.12,-1202.45
fast_pair,PNB,2025-02-04,SHORT,2025-02-04T12:00:00,96.62,97.03,96.00,3104,0.41,2025-02-04T12:30:00,96.00,TARGET,1928.22,1479.81
fast_pair,PNB,2025-02-05,SHORT,2025-02-05T12:30:00,97.49,97.84,96.96,3077,0.35,2025-02-05T13:10:00,97.84,STOP,-1089.60,-1540.39
fast_pair,PNB,2025-02-07,LONG,2025-02-07T11:30:00,97.37,96.88,98.10,3081,0.49,2025-02-07T11:40:00,96.88,STOP,-1509.16,-1958.02
fast_pair,PNB,2025-02-12,LONG,2025-02-12T11:00:00,92.46,91.87,93.34,3244,0.59,2025-02-12T11:00:00,91.87,STOP,-1909.83,-2358.31
fast_pair,PNB,2025-02-13,SHORT,2025-02-13T12:20:00,93.11,93.44,92.61,3221,0.33,2025-02-13T12:20:00,93.44,STOP,-1073.72,-1524.39
fast_pair,PNB,2025-02-17,LONG,2025-02-17T13:10:00,89.63,89.19,90.29,3347,0.44,2025-02-17T13:40:00,90.29,TARGET,2199.26,1747.62
fast_pair,PNB,2025-02-19,SHORT,2025-02-19T13:00:00,90.24,90.57,89.75,3324,0.33,2025-02-19T14:20:00,89.75,TARGET,1622.77,1174.05
fast_pair,PNB,2025-02-24,LONG,2025-02-24T11:50:00,91.38,91.02,91.93,3282,0.36,2025-02-24T12:00:00,91.93,TARGET,1791.71,1340.50
fast_pair,PNB,2025-02-27,SHORT,2025-02-27T10:00:00,90.11,90.44,89.62,3329,0.33,2025-02-27T10:00:00,89.62,TARGET,1639.13,1190.39
fast_pair,PNB,2025-03-03,LONG,2025-03-03T12:20:00,84.43,83.98,85.11,3553,0.45,2025-03-03T12:50:00,85.11,TARGET,2415.75,1963.96
fast_pair,PNB,2025-03-04,SHORT,2025-03-04T11:50:00,85.11,85.53,84.49,3524,0.42,2025-03-04T13:00:00,84.49,TARGET,2198.39,1750.14
fast_pair,PNB,2025-03-05,SHORT,2025-03-05T13:30:00,86.46,86.76,86.01,3469,0.30,2025-03-05T14:00:00,86.76,STOP,-1030.45,-1481.12
fast_pair,PNB,2025-03-06,SHORT,2025-03-06T14:00:00,88.42,88.69,88.02,3392,0.27,2025-03-06T14:00:00,88.52,REVERSE,-339.20,-789.34
fast_pair,PNB,2025-03-07,SHORT,2025-03-07T12:00:00,88.48,88.74,88.10,3390,0.26,2025-03-07T12:20:00,88.10,TARGET,1297.09,848.14
fast_pair,PNB,2025-03-12,SHORT,2025-03-12T10:10:00,85.01,85.36,84.49,3528,0.35,2025-03-12T10:50:00,84.49,TARGET,1851.05,1402.57
fast_pair,PNB,2025-03-17,LONG,2025-03-17T11:40:00,84.78,84.50,85.20,3538,0.28,2025-03-17T12:00:00,84.50,STOP,-992.61,-1441.80
fast_pair,PNB,2025-03-20,SHORT,2025-03-20T10:30:00,88.72,89.07,88.19,3381,0.35,2025-03-20T10:30:00,89.07,STOP,-1186.00,-1636.84
fast_pair,PNB,2025-03-21,SHORT,2025-03-21T13:50:00,89.74,89.93,89.46,3342,0.19,2025-03-21T13:50:00,89.46,TARGET,947.68,498.53
fast_pair,PNB,2025-03-25,SHORT,2025-03-25T10:20:00,92.53,92.90,91.97,3242,0.37,2025-03-25T11:10:00,91.97,TARGET,1805.03,1356.41
fast_pair,PNB,2025-03-27,SHORT,2025-03-27T12:20:00,92.03,92.35,91.54,3259,0.32,2025-03-27T13:50:00,92.35,STOP,-1058.78,-1509.46
fast_pair,PNB,2025-03-28,SHORT,2025-03-28T11:40:00,93.78,94.21,93.14,3198,0.43,2025-03-28T13:00:00,93.14,TARGET,2060.90,1612.59
fast_pair,PNB,2025-04-01,SHORT,2025-04-01T11:00:00,93.59,94.02,92.95,3205,0.43,2025-04-01T11:40:00,92.95,TARGET,2045.09,1596.69
fast_pair,PNB,2025-04-02,LONG,2025-04-02T11:00:00,93.83,93.38,94.51,3197,0.45,2025-04-02T12:10:00,94.51,TARGET,2159.53,1707.95
fast_pair,PNB,2025-04-04,SHORT,2025-04-04T10:10:00,93.92,94.42,93.18,3194,0.50,2025-04-04T10:40:00,94.42,STOP,-1581.35,-2032.51
fast_pair,PNB,2025-04-07,LONG,2025-04-07T13:40:00,92.27,91.69,93.14,3251,0.58,2025-04-07T15:20:00,92.23,EOD,-130.04,-579.90
fast_pair,PNB,2025-04-09,LONG,2025-04-09T12:00:00,93.38,92.94,94.04,3212,0.44,2025-04-09T13:40:00,93.24,REVERSE,-449.68,-899.25
fast_pair,PNB,2025-04-15,SHORT,2025-04-15T12:20:00,93.54,93.85,93.08,3207,0.31,2025-04-15T13:20:00,93.85,STOP,-990.13,-1440.84
fast_pair,PNB,2025-04-17,SHORT,2025-04-17T10:20:00,95.92,96.21,95.48,3127,0.29,2025-04-17T10:20:00,96.20,REVERSE,-875.56,-1326.13
fast_pair,PNB,2025-04-22,SHORT,2025-04-22T14:00:00,101.00,101.31,100.53,2970,0.31,2025-04-22T14:50:00,100.53,TARGET,1391.37,942.45
fast_pair,PNB,2025-04-23,LONG,2025-04-23T13:20:00,99.38,99.04,99.89,3018,0.34,2025-04-23T13:50:00,99.89,TARGET,1539.94,1088.89
fast_pair,PNB,2025-04-24,SHORT,2025-04-24T11:10:00,100.23,100.53,99.77,2993,0.30,2025-04-24T12:50:00,100.28,REVERSE,-149.65,-599.74
fast_pair,PNB,2025-04-25,LONG,2025-04-25T13:10:00,97.08,96.64,97.74,3090,0.44,2025-04-25T14:00:00,97.74,TARGET,2027.64,1576.15
fast_pair,PNB,2025-04-29,SHORT,2025-04-29T11:00:00,100.03,100.52,99.29,2999,0.49,2025-04-29T11:30:00,100.15,REVERSE,-359.88,-810.13
fast_pair,PNB,2025-05-02,SHORT,2025-05-02T11:30:00,97.80,98.15,97.28,3067,0.35,2025-05-02T11:30:00,97.28,TARGET,1590.21,1141.48
fast_pair,PNB,2025-05-07,SHORT,2025-05-07T12:50:00,91.77,92.37,90.87,3269,0.60,2025-05-07T12:50:00,92.37,STOP,-1955.17,-2406.63
fast_pair,PNB,2025-05-09,LONG,2025-05-09T11:30:00,88.86,88.33,89.65,3376,0.53,2025-05-09T12:10:00,89.65,TARGET,2663.73,2211.74
fast_pair,PNB,2025-05-14,SHORT,2025-05-14T12:50:00,94.90,95.16,94.51,3161,0.26,2025-05-14T12:50:00,94.51,TARGET,1245.74,796.70
fast_pair,PNB,2025-05-15,SHORT,2025-05-15T11:20:00,95.15,95.38,94.80,3152,0.23,2025-05-15T11:30:00,95.38,STOP,-729.09,-1179.50
fast_pair,PNB,2025-05-16,SHORT,2025-05-16T12:30:00,96.18,96.39,95.86,3119,0.21,2025-05-16T12:40:00,96.39,STOP,-656.77,-1107.24
fast_pair,PNB,2025-05-19,SHORT,2025-05-19T14:10:00,98.55,98.91,98.01,3044,0.36,2025-05-19T15:00:00,98.01,TARGET,1638.34,1189.59
fast_pair,PNB,2025-05-20,LONG,2025-05-20T10:20:00,98.82,98.42,99.42,3035,0.40,2025-05-20T11:40:00,98.64,REVERSE,-546.30,-995.77
fast_pair,PNB,2025-05-22,SHORT,2025-05-22T11:00:00,98.08,98.46,97.51,3058,0.38,2025-05-22T12:50:00,97.51,TARGET,1735.41,1286.82
fast_pair,PNB,2025-05-23,LONG,2025-05-23T11:10:00,97.60,97.26,98.10,3073,0.34,2025-05-23T13:00:00,97.95,TIME_STOP,1075.55,624.86
fast_pair,PNB,2025-05-26,SHORT,2025-05-26T11:00:00,97.76,98.03,97.35,3068,0.27,2025-05-26T12:50:00,97.52,TIME_STOP,736.32,286.98
fast_pair,PNB,2025-05-27,LONG,2025-05-27T11:10:00,97.82,97.59,98.17,3066,0.23,2025-05-27T11:10:00,97.59,STOP,-710.35,-1159.69
fast_pair,PNB,2025-05-28,SHORT,2025-05-28T11:40:00,99.17,99.42,98.80,3025,0.25,2025-05-28T13:00:00,99.27,REVERSE,-302.50,-752.71
fast_pair,PNB,2025-05-30,LONG,2025-05-30T12:00:00,99.27,99.00,99.68,3022,0.27,2025-05-30T12:00:00,99.00,STOP,-829.45,-1278.82
fast_pair,PNB,2025-06-03,SHORT,2025-06-03T11:30:00,105.58,105.98,104.98,2841,0.40,2025-06-03T12:20:00,104.98,TARGET,1704.23,1255.58
fast_pair,PNB,2025-06-04,SHORT,2025-06-04T10:00:00,105.83,106.31,105.10,2834,0.48,2025-06-04T10:50:00,106.31,STOP,-1370.92,-1821.83
fast_pair,PNB,2025-06-10,LONG,2025-06-10T13:20:00,108.54,108.26,108.95,2763,0.28,2025-06-10T14:10:00,108.39,REVERSE,-414.45,-863.98
fast_pair,PNB,2025-06-11,LONG,2025-06-11T12:00:00,108.04,107.78,108.43,2776,0.26,2025-06-11T12:40:00,107.78,STOP,-718.22,-1167.56
fast_pair,PNB,2025-06-16,LONG,2025-06-16T11:20:00,103.08,102.70,103.64,2910,0.38,2025-06-16T13:10:00,103.49,TIME_STOP,1193.10,742.26
fast_pair,PNB,2025-06-17,SHORT,2025-06-17T11:10:00,103.98,104.33,103.46,2885,0.35,2025-06-17T12:40:00,103.46,TARGET,1513.13,1064.29
fast_pair,PNB,2025-06-18,LONG,2025-06-18T10:10:00,103.28,102.96,103.76,2904,0.32,2025-06-18T10:40:00,102.96,STOP,-932.48,-1381.67
fast_pair,PNB,2025-06-20,SHORT,2025-06-20T12:50:00,102.78,103.20,102.15,2918,0.42,2025-06-20T12:50:00,103.00,REVERSE,-641.96,-1092.31
fast_pair,PNB,2025-06-23,SHORT,2025-06-23T10:00:00,102.91,103.28,102.35,2915,0.37,2025-06-23T10:10:00,103.02,REVERSE,-320.65,-770.86
fast_pair,PNB,2025-06-24,SHORT,2025-06-24T13:00:00,105.93,106.20,105.53,2832,0.27,2025-06-24T13:30:00,105.53,TARGET,1130.13,680.99
fast_pair,PNB,2025-06-25,LONG,2025-06-25T10:10:00,105.45,105.20,105.83,2844,0.25,2025-06-25T10:20:00,105.83,TARGET,1068.69,618.04
fast_pair,PNB,2025-06-26,LONG,2025-06-26T12:10:00,106.04,105.77,106.44,2829,0.27,2025-06-26T12:10:00,105.77,STOP,-753.98,-1203.40
fast_pair,PNB,2025-06-27,SHORT,2025-06-27T12:20:00,107.29,107.62,106.80,2796,0.33,2025-06-27T13:20:00,106.80,TARGET,1380.60,931.66
fast_pair,PNB,2025-07-02,SHORT,2025-07-02T10:10:00,112.70,113.12,112.07,2661,0.42,2025-07-02T11:30:00,113.12,STOP,-1121.53,-1572.21
fast_pair,PNB,2025-07-04,LONG,2025-07-04T10:20:00,110.69,110.39,111.14,2710,0.30,2025-07-04T10:30:00,110.50,REVERSE,-514.90,-964.47
fast_pair,PNB,2025-07-11,SHORT,2025-07-11T10:10:00,109.38,109.66,108.95,2742,0.28,2025-07-11T10:20:00,108.95,TARGET,1167.86,718.86
fast_pair,PNB,2025-07-14,SHORT,2025-07-14T11:30:00,110.89,111.28,110.31,2705,0.39,2025-07-14T11:40:00,110.31,TARGET,1562.46,1113.70
fast_pair,PNB,2025-07-15,SHORT,2025-07-15T13:30:00,112.40,112.67,112.00,2669,0.27,2025-07-15T15:20:00,112.31,TIME_STOP,240.21,-209.60
fast_pair,PNB,2025-07-17,SHORT,2025-07-17T12:10:00,113.57,113.92,113.05,2641,0.35,2025-07-17T14:00:00,113.58,REVERSE,-26.41,-476.34
fast_pair,PNB,2025-07-18,SHORT,2025-07-18T10:40:00,113.52,113.87,112.99,2642,0.35,2025-07-18T11:20:00,113.87,STOP,-931.38,-1381.96
fast_pair,PNB,2025-07-21,LONG,2025-07-21T12:30:00,112.74,112.43,113.20,2660,0.31,2025-07-21T12:50:00,113.20,TARGET,1218.58,767.84
fast_pair,PNB,2025-07-23,LONG,2025-07-23T11:20:00,109.41,109.05,109.95,2741,0.36,2025-07-23T11:20:00,109.05,STOP,-985.97,-1435.07
fast_pair,PNB,2025-07-25,SHORT,2025-07-25T10:50:00,109.77,110.15,109.20,2732,0.38,2025-07-25T11:20:00,109.20,TARGET,1545.94,1097.26
fast_pair,PNB,2025-07-28,LONG,2025-07-28T10:10:00,108.75,108.38,109.30,2758,0.37,2025-07-28T10:20:00,109.30,TARGET,1521.26,1070.22
fast_pair,PNB,2025-07-29,LONG,2025-07-29T10:00:00,107.57,107.14,108.21,2788,0.43,2025-07-29T10:30:00,107.14,STOP,-1190.64,-1639.60
fast_pair,PNB,2025-07-30,SHORT,2025-07-30T13:40:00,110.26,110.63,109.70,2720,0.37,2025-07-30T13:40:00,109.70,TARGET,1514.29,1065.56
fast_pair,PNB,2025-07-31,LONG,2025-07-31T11:50:00,106.40,105.78,107.33,2819,0.62,2025-07-31T12:00:00,105.78,STOP,-1739.88,-2188.49
fast_pair,PNB,2025-08-04,LONG,2025-08-04T12:40:00,104.16,103.82,104.67,2880,0.34,2025-08-04T14:00:00,104.67,TARGET,1473.51,1022.43
fast_pair,PNB,2025-08-05,SHORT,2025-08-05T10:10:00,104.40,104.71,103.93,2873,0.31,2025-08-05T10:30:00,103.93,TARGET,1353.06,904.17
fast_pair,PNB,2025-08-06,LONG,2025-08-06T10:00:00,103.91,103.63,104.33,2887,0.28,2025-08-06T10:00:00,103.63,STOP,-811.37,-1260.74
fast_pair,PNB,2025-08-07,SHORT,2025-08-07T11:00:00,103.98,104.32,103.47,2885,0.34,2025-08-07T11:30:00,103.47,TARGET,1484.85,1035.99
fast_pair,PNB,2025-08-08,SHORT,2025-08-08T10:20:00,104.06,104.39,103.56,2882,0.33,2025-08-08T11:40:00,104.20,REVERSE,-403.48,-853.63
fast_pair,PNB,2025-08-11,SHORT,2025-08-11T12:00:00,105.16,105.53,104.61,2852,0.37,2025-08-11T12:50:00,105.53,STOP,-1047.78,-1498.44
fast_pair,PNB,2025-08-12,SHORT,2025-08-12T10:50:00,106.25,106.55,105.80,2823,0.30,2025-08-12T11:20:00,106.55,STOP,-844.23,-1294.78
fast_pair,PNB,2025-08-13,SHORT,2025-08-13T10:50:00,106.81,107.04,106.46,2808,0.23,2025-08-13T11:30:00,107.04,STOP,-652.49,-1102.86
fast_pair,PNB,2025-08-14,LONG,2025-08-14T10:40:00,106.84,106.56,107.25,2807,0.28,2025-08-14T10:50:00,106.56,STOP,-774.74,-1224.01
fast_pair,PNB,2025-08-18,SHORT,2025-08-18T12:20:00,106.76,107.03,106.36,2810,0.27,2025-08-18T13:00:00,107.03,STOP,-753.13,-1203.69
fast_pair,PNB,2025-08-19,LONG,2025-08-19T10:20:00,107.17,106.88,107.60,2799,0.29,2025-08-19T10:20:00,107.60,TARGET,1210.10,759.24
fast_pair,PNB,2025-08-20,SHORT,2025-08-20T10:00:00,107.65,107.89,107.29,2786,0.24,2025-08-20T10:10:00,107.88,REVERSE,-640.78,-1091.13
fast_pair,PNB,2025-08-21,SHORT,2025-08-21T11:50:00,107.43,107.62,107.15,2792,0.19,2025-08-21T13:40:00,107.15,TARGET,775.74,326.41
fast_pair,PNB,2025-08-28,LONG,2025-08-28T12:30:00,102.32,102.05,102.72,2931,0.27,2025-08-28T13:00:00,102.05,STOP,-781.52,-1230.79
fast_pair,PNB,2025-08-29,LONG,2025-08-29T10:50:00,101.94,101.51,102.58,2942,0.43,2025-08-29T12:40:00,101.65,TIME_STOP,-853.18,-1302.40
fast_pair,PNB,2025-09-04,SHORT,2025-09-04T10:40:00,104.05,104.32,103.64,2883,0.27,2025-09-04T11:20:00,103.64,TARGET,1184.41,735.34
fast_pair,PNB,2025-09-05,SHORT,2025-09-05T10:20:00,103.24,103.54,102.79,2905,0.30,2025-09-05T10:50:00,103.54,STOP,-879.84,-1330.37
fast_pair,PNB,2025-09-08,SHORT,2025-09-08T13:50:00,104.43,104.66,104.09,2872,0.23,2025-09-08T14:30:00,104.66,STOP,-647.00,-1097.37
fast_pair,PNB,2025-09-09,LONG,2025-09-09T10:10:00,104.43,104.15,104.85,2872,0.28,2025-09-09T10:10:00,104.27,REVERSE,-459.52,-909.06
fast_pair,PNB,2025-09-12,LONG,2025-09-12T10:30:00,107.81,107.52,108.25,2782,0.29,2025-09-12T10:30:00,107.73,REVERSE,-222.56,-672.28
fast_pair,PNB,2025-09-16,SHORT,2025-09-16T12:30:00,108.68,108.94,108.30,2760,0.26,2025-09-16T13:10:00,108.30,TARGET,1061.36,612.22
fast_pair,PNB,2025-09-17,LONG,2025-09-17T10:30:00,108.87,108.63,109.22,2755,0.24,2025-09-17T10:30:00,109.22,TARGET,977.29,526.65
fast_pair,PNB,2025-09-19,SHORT,2025-09-19T14:10:00,113.70,114.01,113.23,2638,0.31,2025-09-19T15:10:00,113.23,TARGET,1227.29,778.30
fast_pair,PNB,2025-09-22,SHORT,2025-09-22T11:30:00,113.91,114.25,113.40,2633,0.34,2025-09-22T11:40:00,114.25,STOP,-890.15,-1340.70
fast_pair,PNB,2025-09-23,LONG,2025-09-23T11:00:00,113.29,112.90,113.87,2648,0.39,2025-09-23T11:30:00,113.02,REVERSE,-714.96,-1164.41
fast_pair,PNB,2025-09-24,LONG,2025-09-24T10:10:00,114.07,113.70,114.63,2629,0.37,2025-09-24T10:30:00,113.70,STOP,-977.31,-1426.41
fast_pair,PNB,2025-09-25,LONG,2025-09-25T10:30:00,111.67,111.27,112.26,2686,0.40,2025-09-25T12:20:00,111.56,REVERSE,-295.46,-745.16
fast_pair,PNB,2025-09-29,LONG,2025-09-29T13:20:00,109.91,109.55,110.45,2729,0.36,2025-09-29T15:00:00,109.55,STOP,-983.84,-1433.02
fast_pair,PNB,2025-09-30,SHORT,2025-09-30T14:00:00,112.50,112.84,111.99,2666,0.34,2025-09-30T14:30:00,112.84,STOP,-902.35,-1352.92
fast_pair,PNB,2025-10-01,SHORT,2025-10-01T10:30:00,112.69,113.18,111.96,2662,0.49,2025-10-01T10:40:00,111.96,TARGET,1948.49,1499.98
fast_pair,PNB,2025-10-03,SHORT,2025-10-03T11:20:00,112.64,113.03,112.06,2663,0.39,2025-10-03T11:50:00,113.03,STOP,-1027.97,-1478.68
fast_pair,PNB,2025-10-06,SHORT,2025-10-06T11:00:00,114.14,114.59,113.47,2628,0.45,2025-10-06T12:10:00,114.59,STOP,-1170.65,-1621.47
fast_pair,PNB,2025-10-07,SHORT,2025-10-07T11:10:00,114.45,114.80,113.93,2621,0.35,2025-10-07T12:10:00,114.72,REVERSE,-707.67,-1158.16
fast_pair,PNB,2025-10-08,LONG,2025-10-08T13:10:00,112.90,112.60,113.35,2657,0.30,2025-10-08T13:40:00,113.35,TARGET,1185.13,734.28
fast_pair,PNB,2025-10-13,LONG,2025-10-13T12:20:00,117.08,116.74,117.59,2562,0.34,2025-10-13T12:20:00,116.78,REVERSE,-768.60,-1217.96
fast_pair,PNB,2025-10-16,SHORT,2025-10-16T11:50:00,117.00,117.33,116.51,2564,0.33,2025-10-16T13:30:00,117.18,REVERSE,-461.52,-911.85
fast_pair,PNB,2025-10-21,LONG,2025-10-21T14:00:00,118.27,117.60,119.27,2536,0.67,2025-10-21T14:20:00,117.60,STOP,-1694.02,-2142.65
fast_pair,PNB,2025-10-23,SHORT,2025-10-23T12:30:00,118.70,119.15,118.03,2527,0.45,2025-10-23T12:30:00,119.15,STOP,-1134.40,-1585.18
fast_pair,PNB,2025-10-29,SHORT,2025-10-29T13:10:00,121.13,121.49,120.60,2476,0.36,2025-10-29T13:10:00,121.49,STOP,-881.30,-1331.84
fast_pair,PNB,2025-10-30,LONG,2025-10-30T10:40:00,121.09,120.65,121.74,2477,0.44,2025-10-30T11:20:00,121.74,TARGET,1616.79,1165.67
fast_pair,PNB,2025-11-03,SHORT,2025-11-03T11:30:00,123.40,123.87,122.69,2431,0.47,2025-11-03T12:10:00,123.87,STOP,-1152.94,-1603.78
fast_pair,PNB,2025-11-04,LONG,2025-11-04T13:20:00,123.04,122.73,123.51,2438,0.31,2025-11-04T13:40:00,123.51,TARGET,1143.07,692.25
fast_pair,PNB,2025-11-06,SHORT,2025-11-06T10:00:00,122.89,123.27,122.33,2441,0.38,2025-11-06T10:10:00,122.33,TARGET,1375.37,926.44
fast_pair,PNB,2025-11-07,LONG,2025-11-07T11:00:00,120.42,119.96,121.11,2491,0.46,2025-11-07T11:30:00,121.11,TARGET,1722.85,1271.61
fast_pair,PNB,2025-11-10,SHORT,2025-11-10T10:10:00,121.96,122.37,121.35,2459,0.41,2025-11-10T12:00:00,121.66,TIME_STOP,737.70,288.40
fast_pair,PNB,2025-11-11,LONG,2025-11-11T12:00:00,121.15,120.83,121.64,2476,0.32,2025-11-11T13:10:00,121.64,TARGET,1206.75,755.89
fast_pair,PNB,2025-11-12,SHORT,2025-11-12T11:40:00,122.33,122.63,121.87,2452,0.30,2025-11-12T11:50:00,122.47,REVERSE,-343.28,-793.47
fast_pair,PNB,2025-11-14,LONG,2025-11-14T12:50:00,121.97,121.70,122.37,2459,0.27,2025-11-14T13:00:00,121.70,STOP,-652.66,-1102.06
fast_pair,PNB,2025-11-17,SHORT,2025-11-17T12:40:00,123.81,124.13,123.34,2423,0.32,2025-11-17T14:30:00,123.50,TIME_STOP,751.13,301.71
fast_pair,PNB,2025-11-18,LONG,2025-11-18T11:30:00,123.28,122.96,123.76,2433,0.32,2025-11-18T11:30:00,122.96,STOP,-775.40,-1224.73
fast_pair,PNB,2025-11-19,LONG,2025-11-19T10:20:00,122.89,122.56,123.39,2441,0.33,2025-11-19T10:50:00,122.56,STOP,-813.81,-1263.16
fast_pair,PNB,2025-11-20,SHORT,2025-11-20T11:10:00,124.65,125.02,124.09,2406,0.37,2025-11-20T11:10:00,125.02,STOP,-898.43,-1348.96
fast_pair,PNB,2025-11-24,LONG,2025-11-24T12:50:00,123.05,122.74,123.51,2438,0.31,2025-11-24T13:50:00,122.81,REVERSE,-585.12,-1034.68
fast_pair,PNB,2025-11-25,LONG,2025-11-25T10:10:00,122.62,122.24,123.18,2446,0.38,2025-11-25T10:20:00,122.24,STOP,-917.25,-1366.46
fast_pair,PNB,2025-11-26,SHORT,2025-11-26T11:50:00,124.42,124.84,123.78,2411,0.42,2025-11-26T12:00:00,124.84,STOP,-1022.72,-1473.45
fast_pair,PNB,2025-11-27,SHORT,2025-11-27T10:00:00,124.63,125.01,124.06,2407,0.38,2025-11-27T10:00:00,125.01,STOP,-909.37,-1360.03
fast_pair,PNB,2025-11-28,SHORT,2025-11-28T10:10:00,124.55,124.87,124.07,2408,0.32,2025-11-28T11:00:00,124.87,STOP,-763.05,-1213.50
fast_pair,PNB,2025-12-01,SHORT,2025-12-01T12:10:00,125.37,125.72,124.85,2392,0.35,2025-12-01T12:30:00,125.72,STOP,-831.91,-1282.36
fast_pair,PNB,2025-12-02,SHORT,2025-12-02T13:10:00,127.11,127.45,126.60,2360,0.34,2025-12-02T14:40:00,126.60,TARGET,1211.76,762.70
fast_pair,PNB,2025-12-04,SHORT,2025-12-04T11:50:00,119.92,120.27,119.39,2501,0.35,2025-12-04T13:00:00,119.39,TARGET,1327.91,879.02
fast_pair,PNB,2025-12-05,SHORT,2025-12-05T14:10:00,121.20,121.58,120.63,2475,0.38,2025-12-05T14:10:00,121.58,STOP,-947.28,-1397.95
fast_pair,PNB,2025-12-09,LONG,2025-12-09T10:30:00,116.83,116.36,117.53,2567,0.47,2025-12-09T12:10:00,117.53,TARGET,1806.64,1355.43
fast_pair,PNB,2025-12-10,SHORT,2025-12-10T11:10:00,117.77,118.13,117.23,2547,0.36,2025-12-10T11:50:00,117.23,TARGET,1369.45,920.53
fast_pair,PNB,2025-12-11,LONG,2025-12-11T10:30:00,117.43,116.99,118.09,2554,0.44,2025-12-11T12:20:00,117.79,TIME_STOP,919.44,468.88
fast_pair,PNB,2025-12-12,SHORT,2025-12-12T10:30:00,117.38,117.69,116.92,2555,0.31,2025-12-12T10:50:00,116.92,TARGET,1174.80,725.83
fast_pair,PNB,2025-12-16,SHORT,2025-12-16T10:40:00,117.79,118.11,117.31,2546,0.32,2025-12-16T10:50:00,117.93,REVERSE,-356.44,-806.55
fast_pair,PNB,2025-12-17,SHORT,2025-12-17T13:20:00,118.78,119.09,118.32,2525,0.31,2025-12-17T13:20:00,119.09,STOP,-775.43,-1225.89
fast_pair,PNB,2025-12-18,LONG,2025-12-18T11:20:00,118.67,118.32,119.20,2528,0.35,2025-12-18T11:50:00,119.20,TARGET,1330.28,879.29
fast_pair,PNB,2025-12-19,SHORT,2025-12-19T11:20:00,118.92,119.23,118.45,2522,0.31,2025-12-19T11:40:00,119.23,STOP,-792.38,-1242.84
fast_pair,PNB,2025-12-22,SHORT,2025-12-22T13:00:00,120.50,120.73,120.15,2489,0.23,2025-12-22T13:10:00,120.64,REVERSE,-348.46,-798.61
fast_pair,PNB,2025-12-24,SHORT,2025-12-24T11:10:00,120.98,121.29,120.51,2479,0.31,2025-12-24T11:10:00,121.17,REVERSE,-471.01,-921.23
fast_pair,PNB,2025-12-26,LONG,2025-12-26T12:30:00,120.51,120.23,120.94,2489,0.28,2025-12-26T12:30:00,120.23,STOP,-709.05,-1158.44
fast_pair,PNB,2025-12-29,LONG,2025-12-29T11:50:00,120.54,120.10,121.20,2488,0.44,2025-12-29T13:10:00,120.10,STOP,-1090.38,-1539.41
fast_pair,PNB,2025-12-30,LONG,2025-12-30T10:20:00,120.41,120.01,121.01,2491,0.40,2025-12-30T10:20:00,121.01,TARGET,1489.04,1038.01
fast_pair,PNB,2026-01-01,SHORT,2026-01-01T12:50:00,123.81,124.17,123.27,2423,0.36,2026-01-01T14:40:00,123.71,TIME_STOP,242.30,-207.51
fast_pair,PNB,2026-01-05,SHORT,2026-01-05T11:30:00,125.83,126.33,125.08,2384,0.50,2026-01-05T11:50:00,126.33,STOP,-1189.40,-1640.26
fast_pair,PNB,2026-01-06,SHORT,2026-01-06T10:00:00,125.18,125.59,124.57,2396,0.41,2026-01-06T10:00:00,125.41,REVERSE,-551.08,-1001.39
fast_pair,PNB,2026-01-07,SHORT,2026-01-07T12:40:00,126.16,126.46,125.71,2377,0.30,2026-01-07T13:00:00,125.71,TARGET,1061.69,612.66
fast_pair,PNB,2026-01-12,LONG,2026-01-12T12:30:00,122.36,121.82,123.17,2451,0.54,2026-01-12T13:10:00,123.17,TARGET,1977.07,1525.73
fast_pair,PNB,2026-01-13,SHORT,2026-01-13T11:10:00,123.07,123.52,122.40,2437,0.45,2026-01-13T11:30:00,123.25,REVERSE,-438.66,-888.87
fast_pair,PNB,2026-01-19,SHORT,2026-01-19T14:00:00,128.00,129.07,126.40,2343,1.07,2026-01-19T14:00:00,126.40,TARGET,3743.11,3296.06
fast_pair,PNB,2026-01-21,LONG,2026-01-21T12:50:00,124.90,124.29,125.81,2401,0.61,2026-01-21T13:40:00,124.29,STOP,-1456.43,-1905.17
fast_pair,PNB,2026-01-22,SHORT,2026-01-22T11:30:00,125.07,125.60,124.28,2398,0.53,2026-01-22T12:30:00,125.38,REVERSE,-743.38,-1193.81
fast_pair,PNB,2026-01-27,LONG,2026-01-27T10:30:00,120.95,120.37,121.81,2480,0.58,2026-01-27T10:40:00,120.56,REVERSE,-967.20,-1416.41
fast_pair,PNB,2026-01-28,SHORT,2026-01-28T10:40:00,122.11,122.61,121.36,2456,0.50,2026-01-28T10:40:00,122.52,REVERSE,-1006.96,-1457.57
fast_pair,PNB,2026-01-29,SHORT,2026-01-29T12:20:00,124.72,125.18,124.04,2405,0.46,2026-01-29T13:00:00,125.18,STOP,-1096.48,-1547.23
fast_pair,PNB,2026-01-30,LONG,2026-01-30T11:10:00,125.07,124.58,125.81,2398,0.49,2026-01-30T11:30:00,125.81,TARGET,1763.85,1312.65
fast_pair,PNB,2026-02-02,LONG,2026-02-02T13:10:00,120.58,119.90,121.60,2487,0.68,2026-02-02T13:20:00,119.90,STOP,-1683.06,-2131.62
fast_pair,PNB,2026-02-03,SHORT,2026-02-03T13:20:00,123.37,123.83,122.68,2431,0.46,2026-02-03T13:20:00,123.55,REVERSE,-437.58,-887.78
fast_pair,PNB,2026-02-04,LONG,2026-02-04T10:30:00,123.82,123.44,124.39,2422,0.38,2026-02-04T10:30:00,123.61,REVERSE,-508.62,-958.08
fast_pair,PNB,2026-02-05,SHORT,2026-02-05T11:00:00,123.60,124.05,122.92,2427,0.45,2026-02-05T11:10:00,124.05,STOP,-1098.95,-1549.74
fast_pair,PNB,2026-02-10,SHORT,2026-02-10T12:20:00,123.36,123.68,122.88,2431,0.32,2026-02-10T12:50:00,123.61,REVERSE,-607.75,-1058.04
fast_pair,PNB,2026-02-11,LONG,2026-02-11T11:10:00,122.38,121.97,122.99,2451,0.41,2026-02-11T13:00:00,122.72,TIME_STOP,833.34,382.78
fast_pair,PNB,2026-02-13,LONG,2026-02-13T12:50:00,119.26,118.92,119.77,2515,0.34,2026-02-13T12:50:00,119.02,REVERSE,-603.60,-1053.06
fast_pair,PNB,2026-02-16,LONG,2026-02-16T11:30:00,118.78,118.42,119.32,2525,0.36,2026-02-16T12:30:00,119.32,TARGET,1357.13,906.23
fast_pair,PNB,2026-02-23,SHORT,2026-02-23T12:00:00,131.14,131.61,130.44,2287,0.47,2026-02-23T13:20:00,130.44,TARGET,1605.60,1156.93
fast_pair,PNB,2026-02-24,LONG,2026-02-24T10:00:00,130.71,130.24,131.41,2295,0.47,2026-02-24T10:10:00,131.41,TARGET,1610.38,1159.21
fast_pair,PNB,2026-02-26,SHORT,2026-02-26T10:30:00,130.75,131.28,129.95,2294,0.53,2026-02-26T12:20:00,129.95,TARGET,1826.11,1377.57
fast_pair,PNB,2026-02-27,SHORT,2026-02-27T10:00:00,129.54,130.04,128.80,2315,0.50,2026-02-27T10:30:00,130.04,STOP,-1147.98,-1598.67
fast_pair,PNB,2026-03-06,SHORT,2026-03-06T10:50:00,121.54,122.04,120.78,2468,0.50,2026-03-06T12:40:00,121.14,TIME_STOP,987.20,538.00
fast_pair,PNB,2026-03-09,LONG,2026-03-09T13:40:00,114.35,113.71,115.31,2623,0.64,2026-03-09T14:20:00,113.71,STOP,-1675.07,-2123.72
fast_pair,PNB,2026-03-10,SHORT,2026-03-10T12:30:00,115.85,116.33,115.13,2589,0.48,2026-03-10T12:40:00,116.33,STOP,-1239.26,-1690.10
fast_pair,PNB,2026-03-11,SHORT,2026-03-11T10:50:00,117.40,117.80,116.80,2555,0.40,2026-03-11T11:30:00,116.80,TARGET,1525.43,1076.64
fast_pair,PNB,2026-03-12,LONG,2026-03-12T10:50:00,116.32,115.73,117.21,2579,0.59,2026-03-12T12:20:00,117.21,TARGET,2289.83,1838.13
fast_pair,BANKBARODA,2024-03-18,LONG,2024-03-18T12:30:00,240.27,238.03,243.63,1114,2.24,2024-03-18T12:50:00,238.03,STOP,-2498.26,-2897.87
fast_pair,BANKBARODA,2024-03-19,SHORT,2024-03-19T10:00:00,237.95,239.20,236.07,1260,1.25,2024-03-19T10:10:00,236.07,TARGET,2363.00,1915.05
fast_pair,BANKBARODA,2024-03-20,SHORT,2024-03-20T10:10:00,232.83,234.10,230.93,1288,1.27,2024-03-20T10:30:00,230.93,TARGET,2451.27,2003.28
fast_pair,BANKBARODA,2024-03-21,SHORT,2024-03-21T12:20:00,238.48,239.66,236.71,1257,1.18,2024-03-21T12:20:00,239.35,REVERSE,-1093.59,-1544.06
fast_pair,BANKBARODA,2024-03-22,LONG,2024-03-22T10:00:00,239.93,238.89,241.49,1250,1.04,2024-03-22T10:30:00,241.49,TARGET,1948.02,1496.69
fast_pair,BANKBARODA,2024-03-26,SHORT,2024-03-26T14:00:00,245.83,246.47,244.86,1220,0.64,2024-03-26T15:20:00,245.92,EOD,-109.80,-559.75
fast_pair,BANKBARODA,2024-03-27,SHORT,2024-03-27T10:00:00,244.67,245.58,243.31,1226,0.91,2024-03-27T10:30:00,245.58,STOP,-1114.90,-1565.68
fast_pair,BANKBARODA,2024-04-01,SHORT,2024-04-01T12:00:00,250.03,250.89,248.73,1199,0.86,2024-04-01T13:40:00,250.18,REVERSE,-179.85,-629.66
fast_pair,BANKBARODA,2024-04-03,LONG,2024-04-03T12:30:00,252.50,251.65,253.77,1188,0.85,2024-04-03T14:00:00,253.77,TARGET,1506.67,1055.59
fast_pair,BANKBARODA,2024-04-04,SHORT,2024-04-04T10:50:00,254.82,256.13,252.86,1177,1.31,2024-04-04T11:50:00,252.86,TARGET,2310.76,1862.61
fast_pair,BANKBARODA,2024-04-05,SHORT,2024-04-05T11:50:00,252.88,253.84,251.44,1186,0.96,2024-04-05T12:30:00,251.44,TARGET,1705.60,1257.01
fast_pair,BANKBARODA,2024-04-09,LONG,2024-04-09T10:00:00,252.69,251.60,254.33,1187,1.09,2024-04-09T10:20:00,251.60,STOP,-1295.48,-1744.42
fast_pair,BANKBARODA,2024-04-12,SHORT,2024-04-12T12:50:00,253.51,254.39,252.19,1183,0.88,2024-04-12T13:10:00,254.39,STOP,-1040.37,-1491.00
fast_pair,BANKBARODA,2024-04-15,LONG,2024-04-15T12:30:00,248.44,247.29,250.16,1207,1.15,2024-04-15T13:20:00,250.16,TARGET,2077.72,1626.36
fast_pair,BANKBARODA,2024-04-18,LONG,2024-04-18T11:20:00,246.26,245.02,248.12,1218,1.24,2024-04-18T13:10:00,246.84,TIME_STOP,706.44,255.99
fast_pair,BANKBARODA,2024-04-19,LONG,2024-04-19T12:50:00,240.27,239.00,242.18,1248,1.27,2024-04-19T14:40:00,239.40,REVERSE,-1085.76,-1534.73
fast_pair,BANKBARODA,2024-04-23,SHORT,2024-04-23T13:30:00,245.63,246.39,244.49,1221,0.76,2024-04-23T13:40:00,246.39,STOP,-930.96,-1381.53
fast_pair,BANKBARODA,2024-04-26,SHORT,2024-04-26T13:00:00,253.66,254.47,252.45,1182,0.81,2024-04-26T13:30:00,252.45,TARGET,1428.05,979.38
fast_pair,BANKBARODA,2024-04-29,LONG,2024-04-29T11:20:00,252.01,251.05,253.46,1190,0.96,2024-04-29T11:30:00,253.46,TARGET,1719.88,1268.76
fast_pair,BANKBARODA,2024-04-30,SHORT,2024-04-30T11:30:00,256.94,258.01,255.34,1167,1.07,2024-04-30T12:30:00,258.01,STOP,-1246.47,-1697.18
fast_pair,BANKBARODA,2024-05-03,SHORT,2024-05-03T10:50:00,263.81,265.18,261.76,1137,1.37,2024-05-03T11:30:00,261.76,TARGET,2331.48,1883.30
fast_pair,BANKBARODA,2024-05-07,SHORT,2024-05-07T10:40:00,247.28,248.89,244.86,1213,1.61,2024-05-07T11:20:00,244.86,TARGET,2931.81,2484.09
fast_pair,BANKBARODA,2024-05-08,SHORT,2024-05-08T11:00:00,245.30,246.85,242.98,1222,1.55,2024-05-08T11:20:00,246.85,STOP,-1892.09,-2343.14
fast_pair,BANKBARODA,2024-05-09,SHORT,2024-05-09T11:30:00,248.82,250.27,246.65,1205,1.45,2024-05-09T11:50:00,250.27,STOP,-1747.24,-2198.29
fast_pair,BANKBARODA,2024-05-13,LONG,2024-05-13T11:50:00,243.65,241.57,246.77,1203,2.08,2024-05-13T13:40:00,243.12,TIME_STOP,-637.59,-1076.78
fast_pair,BANKBARODA,2024-05-14,SHORT,2024-05-14T10:00:00,242.30,243.95,239.82,1238,1.65,2024-05-14T11:50:00,242.25,TIME_STOP,61.90,-388.00
fast_pair,BANKBARODA,2024-05-15,SHORT,2024-05-15T12:50:00,248.00,248.90,246.65,1209,0.90,2024-05-15T13:40:00,248.78,REVERSE,-943.02,-1393.48
fast_pair,BANKBARODA,2024-05-16,SHORT,2024-05-16T10:40:00,247.81,248.83,246.28,1210,1.02,2024-05-16T11:10:00,246.28,TARGET,1854.80,1406.41
fast_pair,BANKBARODA,2024-05-17,SHORT,2024-05-17T11:10:00,246.55,247.66,244.89,1216,1.11,2024-05-17T11:10:00,247.18,REVERSE,-766.08,-1216.36
fast_pair,BANKBARODA,2024-05-21,LONG,2024-05-21T10:10:00,246.94,245.80,248.65,1214,1.14,2024-05-21T10:20:00,248.65,TARGET,2076.13,1624.90
fast_pair,BANKBARODA,2024-05-22,SHORT,2024-05-22T10:00:00,248.34,249.59,246.46,1208,1.25,2024-05-22T11:50:00,248.05,TIME_STOP,350.32,-99.41
fast_pair,BANKBARODA,2024-05-23,SHORT,2024-05-23T13:30:00,252.69,253.64,251.26,1187,0.95,2024-05-23T13:30:00,253.64,STOP,-1129.34,-1580.11
fast_pair,BANKBARODA,2024-05-24,SHORT,2024-05-24T10:20:00,253.27,254.35,251.66,1184,1.08,2024-05-24T10:20:00,254.35,STOP,-1273.92,-1724.68
fast_pair,BANKBARODA,2024-05-27,LONG,2024-05-27T12:10:00,253.13,252.26,254.44,1185,0.87,2024-05-27T12:10:00,252.26,STOP,-1033.49,-1482.66
fast_pair,BANKBARODA,2024-05-29,LONG,2024-05-29T12:00:00,248.68,247.79,250.01,1206,0.89,2024-05-29T12:10:00,247.79,STOP,-1069.94,-1519.00
fast_pair,BANKBARODA,2024-05-30,SHORT,2024-05-30T10:20:00,246.99,247.92,245.59,1214,0.93,2024-05-30T11:30:00,245.59,TARGET,1694.64,1246.14
fast_pair,BANKBARODA,2024-05-31,LONG,2024-05-31T11:50:00,247.23,246.21,248.76,1213,1.02,2024-05-31T12:10:00,246.21,STOP,-1238.57,-1687.47
fast_pair,BANKBARODA,2024-06-04,SHORT,2024-06-04T11:00:00,251.72,255.14,246.60,731,3.42,2024-06-04T11:10:00,246.60,TARGET,3745.44,3472.24
fast_pair,BANKBARODA,2024-06-05,LONG,2024-06-05T11:20:00,233.74,229.34,240.34,568,4.40,2024-06-05T11:50:00,229.34,STOP,-2498.20,-2695.47
fast_pair,BANKBARODA,2024-06-06,SHORT,2024-06-06T12:50:00,252.69,254.60,249.83,1187,1.91,2024-06-06T14:40:00,251.87,TIME_STOP,973.34,524.16
fast_pair,BANKBARODA,2024-06-07,SHORT,2024-06-07T12:30:00,252.69,253.80,251.02,1187,1.11,2024-06-07T12:50:00,253.80,STOP,-1321.33,-1772.23
fast_pair,BANKBARODA,2024-06-12,LONG,2024-06-12T10:20:00,261.73,260.62,263.40,1146,1.11,2024-06-12T10:40:00,263.40,TARGET,1914.70,1463.35
fast_pair,BANKBARODA,2024-06-13,SHORT,2024-06-13T10:00:00,265.60,266.80,263.80,1129,1.20,2024-06-13T10:00:00,266.80,STOP,-1351.07,-1801.87
fast_pair,BANKBARODA,2024-06-14,LONG,2024-06-14T10:00:00,265.89,265.09,267.09,1128,0.80,2024-06-14T10:20:00,267.09,TARGET,1350.37,899.47
fast_pair,BANKBARODA,2024-06-18,SHORT,2024-06-18T10:20:00,268.84,269.80,267.40,1115,0.96,2024-06-18T10:40:00,269.80,STOP,-1070.31,-1520.75
fast_pair,BANKBARODA,2024-06-20,LONG,2024-06-20T12:30:00,268.55,267.74,269.77,1117,0.81,2024-06-20T14:20:00,268.26,TIME_STOP,-323.93,-773.64
fast_pair,BANKBARODA,2024-06-21,SHORT,2024-06-21T10:20:00,267.82,268.83,266.30,1120,1.01,2024-06-21T11:50:00,266.30,TARGET,1700.58,1251.92
fast_pair,BANKBARODA,2024-06-24,LONG,2024-06-24T10:50:00,262.70,261.38,264.67,1141,1.32,2024-06-24T11:50:00,264.67,TARGET,2250.68,1799.38
fast_pair,BANKBARODA,2024-06-25,SHORT,2024-06-25T11:20:00,264.92,265.74,263.69,1132,0.82,2024-06-25T12:20:00,263.69,TARGET,1389.41,940.62
fast_pair,BANKBARODA,2024-06-26,SHORT,2024-06-26T13:00:00,264.29,265.22,262.89,1135,0.93,2024-06-26T14:50:00,264.24,TIME_STOP,56.75,-393.16
fast_pair,BANKBARODA,2024-06-28,SHORT,2024-06-28T12:20:00,267.34,268.49,265.62,1122,1.15,2024-06-28T13:40:00,267.48,REVERSE,-157.08,-607.13
fast_pair,BANKBARODA,2024-07-01,LONG,2024-07-01T11:20:00,266.37,265.47,267.72,1126,0.90,2024-07-01T11:40:00,265.47,STOP,-1011.91,-1461.05
fast_pair,BANKBARODA,2024-07-03,SHORT,2024-07-03T11:20:00,257.23,258.36,255.54,1166,1.13,2024-07-03T12:10:00,258.36,STOP,-1316.62,-1767.50
fast_pair,BANKBARODA,2024-07-04,SHORT,2024-07-04T10:00:00,258.49,259.44,257.07,1160,0.95,2024-07-04T10:00:00,259.44,STOP,-1099.56,-1550.16
fast_pair,BANKBARODA,2024-07-09,LONG,2024-07-09T10:50:00,254.62,253.68,256.04,1178,0.94,2024-07-09T12:40:00,254.43,REVERSE,-223.82,-673.57
fast_pair,BANKBARODA,2024-07-11,SHORT,2024-07-11T10:50:00,248.15,249.04,246.81,1208,0.89,2024-07-11T12:40:00,247.57,TIME_STOP,700.64,251.52
fast_pair,BANKBARODA,2024-07-12,SHORT,2024-07-12T11:40:00,247.86,248.64,246.68,1210,0.78,2024-07-12T12:30:00,246.68,TARGET,1422.33,973.53
fast_pair,BANKBARODA,2024-07-15,LONG,2024-07-15T10:40:00,244.76,243.83,246.15,1225,0.93,2024-07-15T10:50:00,246.15,TARGET,1704.46,1253.43
fast_pair,BANKBARODA,2024-07-16,SHORT,2024-07-16T10:40:00,249.16,250.19,247.62,1204,1.03,2024-07-16T10:40:00,249.65,REVERSE,-589.96,-1040.39
fast_pair,BANKBARODA,2024-07-19,SHORT,2024-07-19T10:10:00,245.92,246.93,244.41,1219,1.01,2024-07-19T10:20:00,246.93,STOP,-1226.09,-1676.68
fast_pair,BANKBARODA,2024-07-22,SHORT,2024-07-22T13:30:00,246.02,246.99,244.56,1219,0.97,2024-07-22T14:00:00,246.26,REVERSE,-292.56,-742.63
fast_pair,BANKBARODA,2024-07-24,SHORT,2024-07-24T10:40:00,242.11,243.49,240.03,1239,1.38,2024-07-24T11:30:00,240.03,TARGET,2571.91,2123.88
fast_pair,BANKBARODA,2024-07-25,SHORT,2024-07-25T10:00:00,239.88,241.10,238.04,1250,1.22,2024-07-25T11:50:00,239.06,TIME_STOP,1025.00,575.99
fast_pair,BANKBARODA,2024-07-26,LONG,2024-07-26T10:40:00,238.34,237.37,239.80,1258,0.97,2024-07-26T12:30:00,239.35,TIME_STOP,1270.58,819.88
fast_pair,BANKBARODA,2024-08-01,SHORT,2024-08-01T11:00:00,244.57,245.84,242.67,1226,1.27,2024-08-01T12:50:00,243.56,TIME_STOP,1238.26,789.42
fast_pair,BANKBARODA,2024-08-02,LONG,2024-08-02T14:00:00,237.51,236.69,238.74,1263,0.82,2024-08-02T14:30:00,236.93,REVERSE,-732.54,-1181.95
fast_pair,BANKBARODA,2024-08-05,LONG,2024-08-05T13:40:00,227.51,226.26,229.39,1318,1.25,2024-08-05T13:40:00,229.39,TARGET,2476.53,2024.89
fast_pair,BANKBARODA,2024-08-07,SHORT,2024-08-07T11:20:00,231.57,232.86,229.63,1295,1.29,2024-08-07T11:50:00,231.86,REVERSE,-375.55,-825.66
fast_pair,BANKBARODA,2024-08-08,SHORT,2024-08-08T10:00:00,233.12,234.11,231.63,1286,0.99,2024-08-08T10:10:00,234.11,STOP,-1273.52,-1724.17
fast_pair,BANKBARODA,2024-08-09,SHORT,2024-08-09T12:30:00,234.86,235.53,233.86,1277,0.67,2024-08-09T13:10:00,235.53,STOP,-850.52,-1301.04
fast_pair,BANKBARODA,2024-08-12,LONG,2024-08-12T10:40:00,237.80,236.65,239.53,1261,1.15,2024-08-12T12:30:00,237.22,REVERSE,-731.38,-1180.63
fast_pair,BANKBARODA,2024-08-13,LONG,2024-08-13T10:20:00,237.56,236.74,238.79,1262,0.82,2024-08-13T10:20:00,236.74,STOP,-1035.06,-1483.98
fast_pair,BANKBARODA,2024-08-16,LONG,2024-08-16T12:20:00,233.70,233.03,234.71,1283,0.67,2024-08-16T13:50:00,234.71,TARGET,1294.93,844.21
fast_pair,BANKBARODA,2024-08-19,SHORT,2024-08-19T13:20:00,239.69,240.33,238.73,1251,0.64,2024-08-19T14:00:00,238.73,TARGET,1197.34,748.46
fast_pair,BANKBARODA,2024-08-21,SHORT,2024-08-21T10:00:00,244.52,245.34,243.29,1226,0.82,2024-08-21T11:30:00,245.34,STOP,-1002.70,-1453.13
fast_pair,BANKBARODA,2024-08-23,SHORT,2024-08-23T13:00:00,245.05,245.67,244.11,1224,0.62,2024-08-23T14:40:00,244.11,TARGET,1147.33,698.28
fast_pair,BANKBARODA,2024-08-26,SHORT,2024-08-26T10:00:00,244.28,244.90,243.35,1228,0.62,2024-08-26T10:10:00,244.90,STOP,-765.19,-1215.73
fast_pair,BANKBARODA,2024-08-27,LONG,2024-08-27T10:30:00,243.12,242.53,244.01,1233,0.59,2024-08-27T10:30:00,242.73,REVERSE,-480.87,-930.16
fast_pair,BANKBARODA,2024-08-28,LONG,2024-08-28T12:10:00,242.11,241.63,242.82,1239,0.48,2024-08-28T12:40:00,242.82,TARGET,883.30,432.68
fast_pair,BANKBARODA,2024-08-29,LONG,2024-08-29T10:00:00,241.57,240.88,242.61,1241,0.69,2024-08-29T10:40:00,240.88,STOP,-859.44,-1308.48
fast_pair,BANKBARODA,2024-09-02,SHORT,2024-09-02T10:00:00,240.85,241.62,239.69,1245,0.77,2024-09-02T10:50:00,241.38,REVERSE,-659.85,-1110.13
fast_pair,BANKBARODA,2024-09-03,SHORT,2024-09-03T10:30:00,244.18,245.01,242.93,1228,0.83,2024-09-03T11:30:00,245.01,STOP,-1019.43,-1469.98
fast_pair,BANKBARODA,2024-09-05,LONG,2024-09-05T11:50:00,234.90,234.10,236.10,1277,0.80,2024-09-05T13:40:00,236.10,TARGET,1537.11,1086.01
fast_pair,BANKBARODA,2024-09-09,LONG,2024-09-09T11:40:00,226.78,225.70,228.39,1322,1.08,2024-09-09T12:00:00,225.70,STOP,-1422.09,-1870.73
fast_pair,BANKBARODA,2024-09-10,SHORT,2024-09-10T11:10:00,227.56,228.43,226.26,1318,0.87,2024-09-10T11:30:00,228.19,REVERSE,-830.34,-1280.85
fast_pair,BANKBARODA,2024-09-11,SHORT,2024-09-11T10:30:00,227.75,228.55,226.55,1317,0.80,2024-09-11T10:30:00,228.55,STOP,-1057.64,-1508.35
fast_pair,BANKBARODA,2024-09-12,SHORT,2024-09-12T11:00:00,225.53,226.35,224.31,1330,0.82,2024-09-12T11:00:00,226.35,STOP,-1085.82,-1536.56
fast_pair,BANKBARODA,2024-09-13,SHORT,2024-09-13T12:00:00,229.30,229.98,228.27,1308,0.68,2024-09-13T12:30:00,229.98,STOP,-895.91,-1346.47
fast_pair,BANKBARODA,2024-09-16,SHORT,2024-09-16T10:40:00,231.42,232.20,230.25,1296,0.78,2024-09-16T11:00:00,232.20,STOP,-1007.66,-1458.29
fast_pair,BANKBARODA,2024-09-17,LONG,2024-09-17T11:50:00,231.71,231.14,232.56,1294,0.57,2024-09-17T11:50:00,231.14,STOP,-734.96,-1184.16
fast_pair,BANKBARODA,2024-09-18,LONG,2024-09-18T10:00:00,232.20,231.59,233.12,1291,0.61,2024-09-18T10:10:00,231.59,STOP,-793.46,-1242.52
fast_pair,BANKBARODA,2024-09-19,SHORT,2024-09-19T10:10:00,230.07,231.10,228.53,1303,1.03,2024-09-19T10:40:00,228.53,TARGET,2012.40,1564.23
fast_pair,BANKBARODA,2024-09-20,SHORT,2024-09-20T13:10:00,229.78,230.50,228.71,1305,0.72,2024-09-20T13:40:00,228.71,TARGET,1402.58,953.83
fast_pair,BANKBARODA,2024-09-24,SHORT,2024-09-24T14:00:00,236.74,237.41,235.73,1267,0.67,2024-09-24T14:10:00,237.08,REVERSE,-430.78,-881.03
fast_pair,BANKBARODA,2024-09-25,LONG,2024-09-25T13:30:00,233.99,233.30,235.02,1282,0.69,2024-09-25T13:50:00,235.02,TARGET,1317.45,866.50
fast_pair,BANKBARODA,2024-09-26,LONG,2024-09-26T10:10:00,235.48,234.67,236.70,1273,0.81,2024-09-26T10:30:00,236.70,TARGET,1547.53,1096.72
fast_pair,BANKBARODA,2024-09-27,SHORT,2024-09-27T13:30:00,238.14,238.90,237.00,1259,0.76,2024-09-27T13:50:00,238.90,STOP,-959.11,-1409.56
fast_pair,BANKBARODA,2024-09-30,SHORT,2024-09-30T10:00:00,239.16,240.26,237.51,1254,1.10,2024-09-30T10:00:00,240.26,STOP,-1376.18,-1827.07
fast_pair,BANKBARODA,2024-10-03,LONG,2024-10-03T10:10:00,240.69,239.57,242.37,1246,1.12,2024-10-03T10:50:00,239.57,STOP,-1396.06,-1844.86
fast_pair,BANKBARODA,2024-10-04,SHORT,2024-10-04T13:50:00,244.21,245.51,242.25,1228,1.30,2024-10-04T14:50:00,242.25,TARGET,2401.11,1953.07
fast_pair,BANKBARODA,2024-10-08,SHORT,2024-10-08T12:50:00,236.68,238.01,234.68,1267,1.33,2024-10-08T13:10:00,238.01,STOP,-1688.92,-2140.00
fast_pair,BANKBARODA,2024-10-10,SHORT,2024-10-10T12:10:00,240.70,241.62,239.32,1246,0.92,2024-10-10T12:20:00,241.62,STOP,-1150.02,-1600.75
fast_pair,BANKBARODA,2024-10-11,LONG,2024-10-11T10:10:00,239.38,238.56,240.61,1253,0.82,2024-10-11T10:30:00,238.56,STOP,-1028.52,-1477.67
fast_pair,BANKBARODA,2024-10-14,SHORT,2024-10-14T12:20:00,235.39,236.03,234.43,1274,0.64,2024-10-14T14:10:00,235.44,REVERSE,-63.70,-513.58
fast_pair,BANKBARODA,2024-10-15,SHORT,2024-10-15T11:10:00,236.72,237.41,235.68,1267,0.69,2024-10-15T11:50:00,237.41,STOP,-875.73,-1326.27
fast_pair,BANKBARODA,2024-10-16,SHORT,2024-10-16T10:40:00,235.77,236.41,234.81,1272,0.64,2024-10-16T11:40:00,236.06,REVERSE,-368.88,-819.01
fast_pair,BANKBARODA,2024-10-18,LONG,2024-10-18T10:30:00,235.71,234.62,237.35,1272,1.09,2024-10-18T11:20:00,234.62,STOP,-1390.04,-1838.73
fast_pair,BANKBARODA,2024-10-21,SHORT,2024-10-21T11:00:00,239.00,240.09,237.37,1255,1.09,2024-10-21T11:00:00,239.97,REVERSE,-1217.35,-1668.18
fast_pair,BANKBARODA,2024-10-23,LONG,2024-10-23T11:10:00,227.19,225.71,229.42,1320,1.48,2024-10-23T11:10:00,225.71,STOP,-1959.90,-2408.27
fast_pair,BANKBARODA,2024-10-24,SHORT,2024-10-24T13:10:00,233.84,234.85,232.33,1282,1.01,2024-10-24T13:30:00,234.85,STOP,-1289.62,-1740.26
fast_pair,BANKBARODA,2024-10-29,LONG,2024-10-29T11:50:00,241.63,240.60,243.17,1241,1.03,2024-10-29T12:00:00,243.17,TARGET,1914.42,1463.19
fast_pair,BANKBARODA,2024-10-30,SHORT,2024-10-30T10:40:00,244.73,245.81,243.10,1225,1.08,2024-10-30T10:40:00,245.81,STOP,-1327.82,-1778.51
fast_pair,BANKBARODA,2024-10-31,LONG,2024-10-31T10:00:00,245.41,244.38,246.95,1222,1.03,2024-10-31T10:20:00,244.38,STOP,-1253.01,-1701.90
fast_pair,BANKBARODA,2024-11-04,SHORT,2024-11-04T10:50:00,242.11,243.16,240.54,1239,1.05,2024-11-04T10:50:00,240.54,TARGET,1946.66,1498.16
fast_pair,BANKBARODA,2024-11-05,SHORT,2024-11-05T11:50:00,243.70,244.82,242.02,1231,1.12,2024-11-05T13:00:00,244.72,REVERSE,-1255.62,-1706.55
fast_pair,BANKBARODA,2024-11-06,SHORT,2024-11-06T13:50:00,253.75,254.66,252.39,1182,0.91,2024-11-06T14:20:00,254.29,REVERSE,-638.28,-1088.66
fast_pair,BANKBARODA,2024-11-07,SHORT,2024-11-07T10:20:00,253.46,254.53,251.85,1183,1.07,2024-11-07T10:50:00,254.53,STOP,-1268.34,-1719.06
fast_pair,BANKBARODA,2024-11-08,LONG,2024-11-08T13:10:00,249.65,248.57,251.27,1201,1.08,2024-11-08T13:30:00,251.27,TARGET,1945.80,1494.60
fast_pair,BANKBARODA,2024-11-11,LONG,2024-11-11T11:00:00,248.10,246.72,250.17,1209,1.38,2024-11-11T11:10:00,250.17,TARGET,2498.61,2046.81
fast_pair,BANKBARODA,2024-11-12,SHORT,2024-11-12T10:00:00,248.78,249.86,247.17,1205,1.08,2024-11-12T10:00:00,249.86,STOP,-1295.59,-1746.23
fast_pair,BANKBARODA,2024-11-19,SHORT,2024-11-19T11:50:00,235.63,236.50,234.33,1273,0.87,2024-11-19T12:00:00,234.33,TARGET,1659.23,1210.54
fast_pair,BANKBARODA,2024-11-21,LONG,2024-11-21T12:10:00,221.27,219.57,223.82,1355,1.70,2024-11-21T12:30:00,219.57,STOP,-2301.89,-2749.90
fast_pair,BANKBARODA,2024-11-27,LONG,2024-11-27T11:50:00,238.82,237.97,240.10,1256,0.85,2024-11-27T12:00:00,240.10,TARGET,1603.26,1152.12
fast_pair,BANKBARODA,2024-11-28,LONG,2024-11-28T10:00:00,239.93,238.99,241.34,1250,0.94,2024-11-28T10:20:00,241.34,TARGET,1757.22,1306.04
fast_pair,BANKBARODA,2024-11-29,SHORT,2024-11-29T10:30:00,238.48,239.59,236.82,1257,1.11,2024-11-29T11:50:00,236.82,TARGET,2089.38,1641.29
fast_pair,BANKBARODA,2024-12-02,LONG,2024-12-02T12:30:00,237.53,236.82,238.59,1262,0.71,2024-12-02T13:30:00,237.14,REVERSE,-492.18,-941.46
fast_pair,BANKBARODA,2024-12-05,SHORT,2024-12-05T14:10:00,250.95,251.83,249.64,1195,0.88,2024-12-05T14:30:00,251.83,STOP,-1045.97,-1496.59
fast_pair,BANKBARODA,2024-12-09,LONG,2024-12-09T11:20:00,254.74,253.84,256.09,1177,0.90,2024-12-09T12:30:00,254.33,REVERSE,-482.57,-931.95
fast_pair,BANKBARODA,2024-12-10,LONG,2024-12-10T12:10:00,253.90,253.24,254.89,1181,0.66,2024-12-10T12:40:00,253.24,STOP,-781.96,-1231.16
fast_pair,BANKBARODA,2024-12-11,SHORT,2024-12-11T10:20:00,253.83,254.55,252.75,1181,0.72,2024-12-11T10:30:00,254.55,STOP,-853.96,-1304.26
fast_pair,BANKBARODA,2024-12-13,LONG,2024-12-13T12:30:00,246.71,245.65,248.30,1216,1.06,2024-12-13T13:00:00,248.30,TARGET,1931.39,1479.94
fast_pair,BANKBARODA,2024-12-16,SHORT,2024-12-16T10:50:00,248.89,249.71,247.65,1205,0.82,2024-12-16T11:30:00,249.71,STOP,-992.63,-1443.24
fast_pair,BANKBARODA,2024-12-17,LONG,2024-12-17T11:20:00,250.01,249.20,251.23,1199,0.81,2024-12-17T11:30:00,249.20,STOP,-976.26,-1425.17
fast_pair,BANKBARODA,2024-12-19,LONG,2024-12-19T11:30:00,241.03,239.98,242.60,1244,1.05,2024-12-19T11:40:00,242.60,TARGET,1956.69,1505.46
fast_pair,BANKBARODA,2024-12-23,LONG,2024-12-23T11:10:00,237.51,236.25,239.40,1263,1.26,2024-12-23T13:00:00,237.64,TIME_STOP,164.19,-285.90
fast_pair,BANKBARODA,2024-12-24,SHORT,2024-12-24T11:20:00,238.14,238.94,236.94,1259,0.80,2024-12-24T11:30:00,236.94,TARGET,1514.64,1066.05
fast_pair,BANKBARODA,2024-12-26,SHORT,2024-12-26T12:20:00,237.69,238.50,236.48,1262,0.81,2024-12-26T13:10:00,238.14,REVERSE,-567.90,-1018.27
fast_pair,BANKBARODA,2024-12-27,SHORT,2024-12-27T11:50:00,238.53,239.29,237.39,1257,0.76,2024-12-27T12:20:00,237.39,TARGET,1427.76,979.08
fast_pair,BANKBARODA,2024-12-30,LONG,2024-12-30T11:40:00,237.68,236.89,238.86,1262,0.79,2024-12-30T11:50:00,238.86,TARGET,1491.39,1040.34
fast_pair,BANKBARODA,2024-12-31,LONG,2024-12-31T13:00:00,232.29,231.41,233.61,1291,0.88,2024-12-31T14:50:00,232.85,TIME_STOP,722.96,272.59
fast_pair,BANKBARODA,2025-01-01,LONG,2025-01-01T11:00:00,233.27,232.43,234.53,1286,0.84,2025-01-01T11:40:00,232.43,STOP,-1080.23,-1529.40
fast_pair,BANKBARODA,2025-01-02,LONG,2025-01-02T13:00:00,229.30,228.53,230.46,1308,0.77,2025-01-02T13:30:00,230.46,TARGET,1510.99,1059.97
fast_pair,BANKBARODA,2025-01-03,SHORT,2025-01-03T13:00:00,234.87,235.67,233.67,1277,0.80,2025-01-03T13:10:00,235.67,STOP,-1020.21,-1470.86
fast_pair,BANKBARODA,2025-01-08,LONG,2025-01-08T10:00:00,225.67,224.82,226.95,1329,0.85,2025-01-08T10:10:00,224.82,STOP,-1135.18,-1584.20
fast_pair,BANKBARODA,2025-01-09,LONG,2025-01-09T10:10:00,225.27,224.48,226.46,1331,0.79,2025-01-09T10:20:00,224.48,STOP,-1057.19,-1506.15
fast_pair,BANKBARODA,2025-01-10,LONG,2025-01-10T11:20:00,222.82,221.81,224.33,1346,1.01,2025-01-10T11:30:00,221.81,STOP,-1359.45,-1808.30
fast_pair,BANKBARODA,2025-01-14,LONG,2025-01-14T11:20:00,217.39,216.23,219.14,1380,1.16,2025-01-14T11:50:00,216.23,STOP,-1606.55,-2055.35
fast_pair,BANKBARODA,2025-01-15,SHORT,2025-01-15T11:20:00,216.79,217.73,215.38,1383,0.94,2025-01-15T12:00:00,217.31,REVERSE,-719.16,-1169.43
fast_pair,BANKBARODA,2025-01-17,LONG,2025-01-17T12:30:00,220.15,219.51,221.11,1362,0.64,2025-01-17T13:10:00,219.58,REVERSE,-776.34,-1225.52
fast_pair,BANKBARODA,2025-01-23,SHORT,2025-01-23T11:50:00,219.58,220.49,218.22,1366,0.91,2025-01-23T12:20:00,220.49,STOP,-1239.65,-1690.50
fast_pair,BANKBARODA,2025-01-24,LONG,2025-01-24T11:20:00,221.07,220.16,222.43,1357,0.91,2025-01-24T12:40:00,220.16,STOP,-1233.93,-1682.99
fast_pair,BANKBARODA,2025-01-27,LONG,2025-01-27T12:30:00,216.03,215.00,217.57,1388,1.03,2025-01-27T13:40:00,215.00,STOP,-1424.70,-1873.41
fast_pair,BANKBARODA,2025-01-28,SHORT,2025-01-28T10:40:00,213.82,215.26,211.66,1403,1.44,2025-01-28T11:30:00,214.46,REVERSE,-897.92,-1348.58
fast_pair,BANKBARODA,2025-01-30,SHORT,2025-01-30T11:40:00,216.15,217.11,214.71,1387,0.96,2025-01-30T13:30:00,215.55,TIME_STOP,832.20,383.12
fast_pair,BANKBARODA,2025-01-31,LONG,2025-01-31T12:40:00,207.64,206.46,209.40,1444,1.18,2025-01-31T13:30:00,209.40,TARGET,2547.74,2096.08
fast_pair,BANKBARODA,2025-02-01,SHORT,2025-02-01T12:00:00,205.04,206.12,203.42,1463,1.08,2025-02-01T12:00:00,206.12,STOP,-1581.91,-2033.06
fast_pair,BANKBARODA,2025-02-04,SHORT,2025-02-04T11:40:00,204.46,205.40,203.06,1467,0.94,2025-02-04T12:40:00,204.99,REVERSE,-777.51,-1228.01
fast_pair,BANKBARODA,2025-02-10,LONG,2025-02-10T11:30:00,208.13,207.28,209.41,1441,0.85,2025-02-10T12:00:00,207.28,STOP,-1230.72,-1679.67
fast_pair,BANKBARODA,2025-02-12,LONG,2025-02-12T11:00:00,204.26,203.15,205.93,1468,1.11,2025-02-12T11:00:00,203.15,STOP,-1634.69,-2083.25
fast_pair,BANKBARODA,2025-02-13,SHORT,2025-02-13T10:30:00,204.98,205.86,203.66,1463,0.88,2025-02-13T10:30:00,205.74,REVERSE,-1111.88,-1562.54
fast_pair,BANKBARODA,2025-02-17,LONG,2025-02-17T13:30:00,198.50,197.50,200.00,1511,1.00,2025-02-17T15:00:00,200.00,TARGET,2273.29,1821.68
fast_pair,BANKBARODA,2025-02-18,LONG,2025-02-18T11:10:00,199.01,198.07,200.43,1507,0.94,2025-02-18T11:10:00,198.07,STOP,-1421.97,-1870.77
fast_pair,BANKBARODA,2025-02-21,SHORT,2025-02-21T10:00:00,205.73,206.48,204.61,1458,0.75,2025-02-21T10:10:00,204.61,TARGET,1633.15,1184.45
fast_pair,BANKBARODA,2025-02-24,LONG,2025-02-24T12:00:00,202.18,201.40,203.34,1483,0.78,2025-02-24T12:00:00,201.40,STOP,-1150.75,-1599.64
fast_pair,BANKBARODA,2025-02-25,SHORT,2025-02-25T10:10:00,201.22,201.91,200.19,1490,0.69,2025-02-25T10:20:00,200.19,TARGET,1533.50,1084.92
fast_pair,BANKBARODA,2025-02-27,SHORT,2025-02-27T10:00:00,198.06,198.96,196.71,1514,0.90,2025-02-27T10:40:00,198.96,STOP,-1358.35,-1809.16
fast_pair,BANKBARODA,2025-03-03,LONG,2025-03-03T13:20:00,189.45,188.58,190.76,1583,0.87,2025-03-03T13:30:00,188.58,STOP,-1381.10,-1829.92
fast_pair,BANKBARODA,2025-03-04,SHORT,2025-03-04T12:20:00,189.81,190.70,188.48,1580,0.89,2025-03-04T12:20:00,190.01,REVERSE,-316.00,-766.09
fast_pair,BANKBARODA,2025-03-06,SHORT,2025-03-06T14:10:00,201.16,201.81,200.18,1491,0.65,2025-03-06T15:10:00,200.18,TARGET,1456.02,1007.22
fast_pair,BANKBARODA,2025-03-11,LONG,2025-03-11T11:50:00,197.69,196.83,198.98,1517,0.86,2025-03-11T12:00:00,196.97,REVERSE,-1092.24,-1541.26
fast_pair,BANKBARODA,2025-03-12,SHORT,2025-03-12T11:50:00,196.27,197.09,195.04,1528,0.82,2025-03-12T13:00:00,195.04,TARGET,1875.00,1426.55
fast_pair,BANKBARODA,2025-03-13,SHORT,2025-03-13T11:50:00,197.93,198.71,196.76,1515,0.78,2025-03-13T12:00:00,198.71,STOP,-1182.92,-1633.60
fast_pair,BANKBARODA,2025-03-17,LONG,2025-03-17T11:10:00,198.75,198.10,199.73,1509,0.65,2025-03-17T12:00:00,198.10,STOP,-983.93,-1433.06
fast_pair,BANKBARODA,2025-03-20,SHORT,2025-03-20T13:20:00,208.78,209.41,207.84,1436,0.63,2025-03-20T15:10:00,208.48,TIME_STOP,430.80,-18.59
fast_pair,BANKBARODA,2025-03-21,SHORT,2025-03-21T11:50:00,208.45,209.02,207.59,1439,0.57,2025-03-21T11:50:00,209.02,STOP,-822.05,-1272.61
fast_pair,BANKBARODA,2025-03-25,SHORT,2025-03-25T10:20:00,215.19,216.09,213.84,1394,0.90,2025-03-25T10:20:00,216.09,STOP,-1259.05,-1709.96
fast_pair,BANKBARODA,2025-03-27,SHORT,2025-03-27T12:40:00,219.62,220.40,218.46,1365,0.78,2025-03-27T13:50:00,219.88,REVERSE,-354.90,-804.84
fast_pair,BANKBARODA,2025-03-28,SHORT,2025-03-28T11:30:00,222.64,223.69,221.06,1347,1.05,2025-03-28T12:30:00,221.06,TARGET,2128.77,1680.53
fast_pair,BANKBARODA,2025-04-01,SHORT,2025-04-01T10:40:00,221.12,222.14,219.59,1356,1.02,2025-04-01T11:40:00,219.59,TARGET,2073.06,1624.86
fast_pair,BANKBARODA,2025-04-02,SHORT,2025-04-02T10:00:00,219.34,220.53,217.56,1367,1.19,2025-04-02T10:50:00,220.53,STOP,-1622.40,-2073.37
fast_pair,BANKBARODA,2025-04-04,SHORT,2025-04-04T13:20:00,227.64,228.81,225.89,1317,1.17,2025-04-04T13:50:00,225.89,TARGET,2304.94,1856.96
fast_pair,BANKBARODA,2025-04-07,LONG,2025-04-07T13:40:00,221.49,220.00,223.73,1354,1.49,2025-04-07T15:20:00,221.84,EOD,473.90,23.70
fast_pair,BANKBARODA,2025-04-15,SHORT,2025-04-15T12:20:00,224.73,225.41,223.71,1334,0.68,2025-04-15T12:40:00,225.41,STOP,-908.91,-1359.27
fast_pair,BANKBARODA,2025-04-16,SHORT,2025-04-16T13:30:00,231.03,231.75,229.95,1298,0.72,2025-04-16T14:00:00,231.75,STOP,-933.16,-1383.67
fast_pair,BANKBARODA,2025-04-22,SHORT,2025-04-22T13:20:00,246.17,246.97,244.97,1218,0.80,2025-04-22T13:50:00,244.97,TARGET,1457.20,1008.54
fast_pair,BANKBARODA,2025-04-23,LONG,2025-04-23T13:10:00,241.19,240.46,242.29,1243,0.73,2025-04-23T14:00:00,242.29,TARGET,1361.90,911.18
fast_pair,BANKBARODA,2025-04-24,SHORT,2025-04-24T11:40:00,244.44,245.31,243.13,1227,0.87,2025-04-24T11:40:00,244.95,REVERSE,-625.77,-1076.13
fast_pair,BANKBARODA,2025-04-25,LONG,2025-04-25T12:40:00,239.50,238.38,241.17,1252,1.12,2025-04-25T14:00:00,241.17,TARGET,2096.50,1645.15
fast_pair,BANKBARODA,2025-04-29,SHORT,2025-04-29T11:30:00,246.11,247.24,244.41,1218,1.13,2025-04-29T12:00:00,244.41,TARGET,2068.31,1620.22
fast_pair,BANKBARODA,2025-04-30,LONG,2025-04-30T13:00:00,242.87,242.04,244.12,1235,0.83,2025-04-30T14:00:00,242.04,STOP,-1030.83,-1479.97
fast_pair,BANKBARODA,2025-05-02,SHORT,2025-05-02T11:00:00,241.50,242.35,240.22,1242,0.85,2025-05-02T11:00:00,242.35,STOP,-1056.36,-1507.07
fast_pair,BANKBARODA,2025-05-06,SHORT,2025-05-06T10:00:00,237.85,238.97,236.18,1261,1.12,2025-05-06T10:40:00,238.97,STOP,-1408.01,-1858.96
fast_pair,BANKBARODA,2025-05-08,SHORT,2025-05-08T10:50:00,215.72,216.77,214.15,1390,1.05,2025-05-08T11:10:00,216.77,STOP,-1456.60,-1907.47
fast_pair,BANKBARODA,2025-05-09,LONG,2025-05-09T11:10:00,211.03,209.81,212.86,1421,1.22,2025-05-09T13:00:00,211.26,TIME_STOP,326.83,-123.23
fast_pair,BANKBARODA,2025-05-14,SHORT,2025-05-14T12:10:00,224.72,225.57,223.45,1334,0.85,2025-05-14T12:50:00,223.45,TARGET,1692.30,1243.91
fast_pair,BANKBARODA,2025-05-15,SHORT,2025-05-15T13:50:00,226.54,227.11,225.68,1324,0.57,2025-05-15T15:20:00,226.60,EOD,-79.44,-529.41
fast_pair,BANKBARODA,2025-05-19,SHORT,2025-05-19T14:10:00,231.89,232.63,230.78,1293,0.74,2025-05-19T15:20:00,231.90,EOD,-12.93,-462.69
fast_pair,BANKBARODA,2025-05-20,SHORT,2025-05-20T11:30:00,232.13,232.83,231.08,1292,0.70,2025-05-20T11:50:00,232.83,STOP,-902.03,-1352.58
fast_pair,BANKBARODA,2025-05-22,SHORT,2025-05-22T11:20:00,231.19,232.12,229.80,1297,0.93,2025-05-22T12:10:00,232.12,STOP,-1205.47,-1656.15
fast_pair,BANKBARODA,2025-05-26,SHORT,2025-05-26T10:20:00,235.10,235.69,234.21,1276,0.59,2025-05-26T10:30:00,234.21,TARGET,1137.57,688.45
fast_pair,BANKBARODA,2025-05-27,LONG,2025-05-27T11:50:00,232.05,231.34,233.11,1292,0.71,2025-05-27T12:10:00,233.11,TARGET,1368.71,917.97
fast_pair,BANKBARODA,2025-05-28,SHORT,2025-05-28T12:40:00,233.89,234.36,233.18,1282,0.47,2025-05-28T12:50:00,234.22,REVERSE,-423.06,-873.15
fast_pair,BANKBARODA,2025-05-30,SHORT,2025-05-30T10:50:00,234.39,234.96,233.53,1279,0.57,2025-05-30T11:00:00,234.96,STOP,-734.30,-1184.53
fast_pair,BANKBARODA,2025-06-03,SHORT,2025-06-03T11:20:00,246.26,247.04,245.09,1218,0.78,2025-06-03T11:30:00,245.09,TARGET,1423.72,974.87
fast_pair,BANKBARODA,2025-06-04,LONG,2025-06-04T10:50:00,245.15,244.37,246.32,1223,0.78,2025-06-04T11:20:00,246.32,TARGET,1429.59,978.79
fast_pair,BANKBARODA,2025-06-10,LONG,2025-06-10T13:30:00,247.16,246.55,248.07,1213,0.61,2025-06-10T14:20:00,246.55,STOP,-737.04,-1186.20
fast_pair,BANKBARODA,2025-06-11,LONG,2025-06-11T12:20:00,246.24,245.64,247.15,1218,0.60,2025-06-11T12:40:00,245.64,STOP,-735.06,-1184.39
fast_pair,BANKBARODA,2025-06-12,LONG,2025-06-12T10:00:00,244.05,243.32,245.14,1229,0.73,2025-06-12T10:00:00,243.32,STOP,-894.95,-1344.18
fast_pair,BANKBARODA,2025-06-16,LONG,2025-06-16T11:40:00,237.84,236.91,239.23,1261,0.93,2025-06-16T12:10:00,239.23,TARGET,1755.09,1303.90
fast_pair,BANKBARODA,2025-06-17,SHORT,2025-06-17T11:00:00,240.02,240.76,238.91,1249,0.74,2025-06-17T11:20:00,238.91,TARGET,1389.27,940.63
fast_pair,BANKBARODA,2025-06-18,SHORT,2025-06-18T11:00:00,237.66,238.35,236.62,1262,0.69,2025-06-18T11:10:00,238.35,STOP,-872.83,-1323.37
fast_pair,BANKBARODA,2025-06-19,LONG,2025-06-19T13:40:00,232.02,231.25,233.17,1292,0.77,2025-06-19T14:20:00,233.17,TARGET,1488.85,1038.08
fast_pair,BANKBARODA,2025-06-20,SHORT,2025-06-20T12:40:00,233.28,234.10,232.06,1286,0.82,2025-06-20T12:50:00,234.10,STOP,-1049.43,-1500.22
fast_pair,BANKBARODA,2025-06-23,LONG,2025-06-23T11:30:00,234.11,233.27,235.37,1281,0.84,2025-06-23T11:50:00,235.37,TARGET,1617.41,1166.35
fast_pair,BANKBARODA,2025-06-24,SHORT,2025-06-24T13:20:00,239.10,239.73,238.15,1254,0.63,2025-06-24T13:30:00,238.15,TARGET,1188.55,739.69
fast_pair,BANKBARODA,2025-06-25,SHORT,2025-06-25T13:50:00,239.45,240.00,238.62,1252,0.55,2025-06-25T15:20:00,239.34,EOD,137.72,-311.86
fast_pair,BANKBARODA,2025-06-26,LONG,2025-06-26T12:20:00,237.35,236.62,238.45,1263,0.73,2025-06-26T12:40:00,236.62,STOP,-925.29,-1374.26
fast_pair,BANKBARODA,2025-06-27,SHORT,2025-06-27T13:10:00,242.45,243.17,241.37,1237,0.72,2025-06-27T14:50:00,241.37,TARGET,1339.85,890.99
fast_pair,BANKBARODA,2025-07-01,SHORT,2025-07-01T12:20:00,244.53,245.32,243.34,1226,0.79,2025-07-01T12:20:00,245.12,REVERSE,-723.34,-1173.57
fast_pair,BANKBARODA,2025-07-02,LONG,2025-07-02T11:50:00,245.04,244.19,246.31,1224,0.85,2025-07-02T12:40:00,244.19,STOP,-1035.00,-1484.12
fast_pair,BANKBARODA,2025-07-03,LONG,2025-07-03T10:30:00,243.31,242.55,244.45,1232,0.76,2025-07-03T10:40:00,242.55,STOP,-936.70,-1385.64
fast_pair,BANKBARODA,2025-07-07,SHORT,2025-07-07T12:20:00,242.80,243.53,241.71,1235,0.73,2025-07-07T13:00:00,241.71,TARGET,1350.06,901.28
fast_pair,BANKBARODA,2025-07-09,LONG,2025-07-09T10:30:00,241.69,241.02,242.69,1241,0.67,2025-07-09T12:00:00,241.02,STOP,-826.66,-1275.95
fast_pair,BANKBARODA,2025-07-10,LONG,2025-07-10T10:40:00,240.95,240.43,241.73,1245,0.52,2025-07-10T11:00:00,240.43,STOP,-646.04,-1095.53
fast_pair,BANKBARODA,2025-07-11,LONG,2025-07-11T12:40:00,239.33,238.57,240.48,1253,0.76,2025-07-11T13:10:00,238.57,STOP,-958.31,-1407.41
fast_pair,BANKBARODA,2025-07-14,SHORT,2025-07-14T12:00:00,239.91,240.69,238.74,1250,0.78,2025-07-14T13:00:00,240.58,REVERSE,-837.50,-1287.96
fast_pair,BANKBARODA,2025-07-17,SHORT,2025-07-17T12:00:00,246.85,247.63,245.68,1215,0.78,2025-07-17T12:20:00,245.68,TARGET,1426.08,977.27
fast_pair,BANKBARODA,2025-07-18,SHORT,2025-07-18T10:20:00,245.52,246.25,244.42,1221,0.73,2025-07-18T11:30:00,246.25,STOP,-895.65,-1345.99
fast_pair,BANKBARODA,2025-07-21,LONG,2025-07-21T12:20:00,243.87,243.13,244.98,1230,0.74,2025-07-21T12:40:00,244.98,TARGET,1368.78,917.81
fast_pair,BANKBARODA,2025-07-23,LONG,2025-07-23T11:10:00,240.30,239.59,241.37,1248,0.71,2025-07-23T11:10:00,241.37,TARGET,1330.28,879.44
fast_pair,BANKBARODA,2025-07-25,SHORT,2025-07-25T11:30:00,245.08,246.02,243.67,1224,0.94,2025-07-25T12:30:00,243.67,TARGET,1722.78,1274.11
fast_pair,BANKBARODA,2025-07-28,SHORT,2025-07-28T10:00:00,242.30,243.80,240.05,1238,1.50,2025-07-28T10:10:00,243.80,STOP,-1857.92,-2309.26
fast_pair,BANKBARODA,2025-07-29,SHORT,2025-07-29T13:50:00,242.21,242.92,241.14,1238,0.71,2025-07-29T14:10:00,242.62,REVERSE,-507.58,-957.74
fast_pair,BANKBARODA,2025-07-30,LONG,2025-07-30T11:50:00,242.37,241.69,243.40,1237,0.68,2025-07-30T13:30:00,242.07,REVERSE,-371.10,-820.54
fast_pair,BANKBARODA,2025-07-31,LONG,2025-07-31T11:30:00,239.50,238.70,240.70,1252,0.80,2025-07-31T11:30:00,240.70,TARGET,1502.44,1051.53
fast_pair,BANKBARODA,2025-08-04,LONG,2025-08-04T12:00:00,238.34,237.49,239.62,1258,0.85,2025-08-04T13:20:00,239.62,TARGET,1610.63,1159.68
fast_pair,BANKBARODA,2025-08-05,SHORT,2025-08-05T10:10:00,240.56,241.29,239.47,1247,0.73,2025-08-05T10:50:00,241.29,STOP,-909.97,-1360.62
fast_pair,BANKBARODA,2025-08-06,SHORT,2025-08-06T10:50:00,240.19,241.02,238.94,1249,0.83,2025-08-06T12:20:00,241.02,STOP,-1039.64,-1490.42
fast_pair,BANKBARODA,2025-08-07,LONG,2025-08-07T10:00:00,242.02,241.30,243.10,1239,0.72,2025-08-07T10:00:00,241.62,REVERSE,-495.60,-945.02
fast_pair,BANKBARODA,2025-08-08,SHORT,2025-08-08T10:40:00,240.58,241.36,239.42,1246,0.78,2025-08-08T12:30:00,240.26,TIME_STOP,398.72,-50.62
fast_pair,BANKBARODA,2025-08-11,SHORT,2025-08-11T11:50:00,242.35,243.15,241.16,1237,0.80,2025-08-11T12:20:00,243.15,STOP,-985.37,-1435.79
fast_pair,BANKBARODA,2025-08-12,SHORT,2025-08-12T11:10:00,243.94,244.51,243.09,1229,0.57,2025-08-12T11:20:00,244.51,STOP,-696.62,-1146.85
fast_pair,BANKBARODA,2025-08-13,SHORT,2025-08-13T10:50:00,242.98,243.56,242.11,1234,0.58,2025-08-13T11:50:00,242.11,TARGET,1072.11,623.16
fast_pair,BANKBARODA,2025-08-14,SHORT,2025-08-14T12:10:00,242.46,242.97,241.70,1237,0.51,2025-08-14T12:20:00,242.87,REVERSE,-507.17,-957.43
fast_pair,BANKBARODA,2025-08-18,SHORT,2025-08-18T11:40:00,243.80,244.44,242.83,1230,0.64,2025-08-18T12:10:00,242.83,TARGET,1188.15,739.23
fast_pair,BANKBARODA,2025-08-19,LONG,2025-08-19T10:20:00,243.46,242.84,244.39,1232,0.62,2025-08-19T10:20:00,244.39,TARGET,1151.74,700.96
fast_pair,BANKBARODA,2025-08-20,SHORT,2025-08-20T11:50:00,245.81,246.41,244.91,1220,0.60,2025-08-20T13:00:00,244.91,TARGET,1101.97,652.97
fast_pair,BANKBARODA,2025-08-21,SHORT,2025-08-21T12:20:00,245.44,245.92,244.72,1222,0.48,2025-08-21T13:20:00,244.72,TARGET,882.09,432.86
fast_pair,BANKBARODA,2025-08-28,LONG,2025-08-28T11:50:00,234.86,234.07,236.05,1277,0.79,2025-08-28T12:00:00,234.07,STOP,-1009.23,-1458.35
fast_pair,BANKBARODA,2025-08-29,LONG,2025-08-29T10:50:00,233.50,232.60,234.84,1284,0.90,2025-08-29T12:40:00,233.45,TIME_STOP,-64.20,-513.87
fast_pair,BANKBARODA,2025-09-01,SHORT,2025-09-01T12:10:00,233.94,234.47,233.15,1282,0.53,2025-09-01T13:00:00,234.21,REVERSE,-346.14,-796.27
fast_pair,BANKBARODA,2025-09-03,SHORT,2025-09-03T12:00:00,237.35,237.89,236.54,1263,0.54,2025-09-03T12:00:00,237.89,STOP,-679.85,-1130.02
fast_pair,BANKBARODA,2025-09-04,SHORT,2025-09-04T10:20:00,237.58,238.24,236.60,1262,0.66,2025-09-04T11:10:00,236.60,TARGET,1240.51,791.71
fast_pair,BANKBARODA,2025-09-05,LONG,2025-09-05T10:00:00,234.64,234.03,235.55,1278,0.61,2025-09-05T10:00:00,234.45,REVERSE,-242.82,-692.44
fast_pair,BANKBARODA,2025-09-08,SHORT,2025-09-08T13:10:00,235.62,236.17,234.80,1273,0.55,2025-09-08T13:50:00,234.80,TARGET,1046.56,597.43
fast_pair,BANKBARODA,2025-09-09,LONG,2025-09-09T13:20:00,234.31,233.81,235.07,1280,0.50,2025-09-09T13:20:00,234.07,REVERSE,-307.20,-756.84
fast_pair,BANKBARODA,2025-09-11,SHORT,2025-09-11T13:10:00,238.95,239.60,237.98,1255,0.65,2025-09-11T15:00:00,238.37,TIME_STOP,727.90,278.62
fast_pair,BANKBARODA,2025-09-12,LONG,2025-09-12T13:40:00,237.51,236.94,238.36,1263,0.57,2025-09-12T13:50:00,236.94,STOP,-715.67,-1165.10
fast_pair,BANKBARODA,2025-09-15,SHORT,2025-09-15T11:20:00,237.74,238.32,236.87,1261,0.58,2025-09-15T12:00:00,238.32,STOP,-731.53,-1181.77
fast_pair,BANKBARODA,2025-09-16,SHORT,2025-09-16T13:00:00,239.14,239.67,238.34,1254,0.53,2025-09-16T13:10:00,239.50,REVERSE,-451.44,-901.60
fast_pair,BANKBARODA,2025-09-22,SHORT,2025-09-22T11:20:00,252.92,253.70,251.75,1186,0.78,2025-09-22T11:50:00,253.70,STOP,-921.36,-1372.00
fast_pair,BANKBARODA,2025-09-23,LONG,2025-09-23T10:30:00,251.50,250.60,252.85,1192,0.90,2025-09-23T11:50:00,251.09,REVERSE,-488.72,-938.04
fast_pair,BANKBARODA,2025-09-24,SHORT,2025-09-24T11:40:00,255.00,255.98,253.53,1176,0.98,2025-09-24T12:20:00,255.98,STOP,-1152.91,-1603.60
fast_pair,BANKBARODA,2025-09-25,LONG,2025-09-25T10:10:00,255.23,254.39,256.49,1175,0.84,2025-09-25T10:40:00,254.39,STOP,-986.55,-1435.65
fast_pair,BANKBARODA,2025-09-29,LONG,2025-09-29T13:20:00,253.58,252.77,254.80,1183,0.81,2025-09-29T13:20:00,252.77,STOP,-959.80,-1409.06
fast_pair,BANKBARODA,2025-09-30,SHORT,2025-09-30T13:30:00,258.13,258.83,257.07,1162,0.70,2025-09-30T14:40:00,258.83,STOP,-818.05,-1268.59
fast_pair,BANKBARODA,2025-10-01,SHORT,2025-10-01T10:30:00,258.25,259.39,256.54,1161,1.14,2025-10-01T10:40:00,256.54,TARGET,1984.18,1535.93
fast_pair,BANKBARODA,2025-10-03,SHORT,2025-10-03T10:50:00,258.60,259.73,256.90,1160,1.13,2025-10-03T11:20:00,259.73,STOP,-1312.26,-1763.21
fast_pair,BANKBARODA,2025-10-06,SHORT,2025-10-06T11:40:00,265.80,267.02,263.96,1128,1.22,2025-10-06T12:00:00,266.65,REVERSE,-958.80,-1409.25
fast_pair,BANKBARODA,2025-10-08,LONG,2025-10-08T12:50:00,260.75,259.93,261.97,1150,0.82,2025-10-08T13:40:00,261.97,TARGET,1406.15,955.30
fast_pair,BANKBARODA,2025-10-09,LONG,2025-10-09T10:30:00,262.35,261.47,263.67,1143,0.88,2025-10-09T11:50:00,263.67,TARGET,1506.24,1055.31
fast_pair,BANKBARODA,2025-10-13,LONG,2025-10-13T10:30:00,267.70,266.88,268.93,1120,0.82,2025-10-13T11:00:00,266.88,STOP,-916.31,-1365.36
fast_pair,BANKBARODA,2025-10-15,SHORT,2025-10-15T14:10:00,268.05,268.74,267.01,1119,0.69,2025-10-15T14:30:00,268.74,STOP,-773.39,-1223.89
fast_pair,BANKBARODA,2025-10-16,SHORT,2025-10-16T10:00:00,268.40,269.19,267.21,1117,0.79,2025-10-16T10:50:00,267.21,TARGET,1326.38,877.67
fast_pair,BANKBARODA,2025-10-17,LONG,2025-10-17T11:20:00,267.20,266.33,268.50,1122,0.87,2025-10-17T11:20:00,266.33,STOP,-972.13,-1421.10
fast_pair,BANKBARODA,2025-10-23,SHORT,2025-10-23T11:40:00,269.25,270.23,267.77,1114,0.98,2025-10-23T11:50:00,269.70,REVERSE,-501.30,-951.59
fast_pair,BANKBARODA,2025-10-29,SHORT,2025-10-29T14:00:00,275.30,276.00,274.26,1089,0.70,2025-10-29T14:00:00,274.26,TARGET,1135.88,687.03
fast_pair,BANKBARODA,2025-10-30,LONG,2025-10-30T10:30:00,276.35,275.33,277.88,1085,1.02,2025-10-30T10:30:00,275.33,STOP,-1105.98,-1554.91
fast_pair,BANKBARODA,2025-11-06,SHORT,2025-11-06T10:20:00,286.85,288.07,285.02,1045,1.22,2025-11-06T10:40:00,288.07,STOP,-1272.93,-1723.52
fast_pair,BANKBARODA,2025-11-07,LONG,2025-11-07T10:50:00,287.65,286.52,289.35,1042,1.13,2025-11-07T11:00:00,286.52,STOP,-1178.26,-1626.97
fast_pair,BANKBARODA,2025-11-10,SHORT,2025-11-10T10:00:00,288.80,289.78,287.33,1038,0.98,2025-11-10T10:20:00,287.33,TARGET,1527.72,1079.21
fast_pair,BANKBARODA,2025-11-11,LONG,2025-11-11T12:40:00,283.80,282.98,285.04,1057,0.82,2025-11-11T13:40:00,285.04,TARGET,1307.08,856.14
fast_pair,BANKBARODA,2025-11-12,SHORT,2025-11-12T11:10:00,286.00,286.94,284.59,1048,0.94,2025-11-12T12:50:00,286.50,REVERSE,-524.00,-973.99
fast_pair,BANKBARODA,2025-11-14,SHORT,2025-11-14T10:40:00,284.80,285.74,283.39,1053,0.94,2025-11-14T11:00:00,285.74,STOP,-988.26,-1438.84
fast_pair,BANKBARODA,2025-11-17,SHORT,2025-11-17T12:10:00,289.85,290.81,288.41,1035,0.96,2025-11-17T13:20:00,288.41,TARGET,1488.88,1040.01
fast_pair,BANKBARODA,2025-11-18,SHORT,2025-11-18T10:00:00,287.70,288.64,286.29,1042,0.94,2025-11-18T10:10:00,288.64,STOP,-981.60,-1432.01
fast_pair,BANKBARODA,2025-11-19,LONG,2025-11-19T10:10:00,288.60,287.85,289.72,1039,0.75,2025-11-19T10:10:00,289.72,TARGET,1162.96,712.30
fast_pair,BANKBARODA,2025-11-20,SHORT,2025-11-20T10:00:00,292.10,292.90,290.90,1027,0.80,2025-11-20T11:30:00,290.90,TARGET,1230.09,781.04
fast_pair,BANKBARODA,2025-11-24,LONG,2025-11-24T13:30:00,284.00,283.20,285.20,1056,0.80,2025-11-24T14:30:00,283.20,STOP,-847.24,-1296.46
fast_pair,BANKBARODA,2025-11-25,LONG,2025-11-25T10:00:00,283.60,282.73,284.90,1057,0.87,2025-11-25T11:50:00,284.50,TIME_STOP,951.30,500.94
fast_pair,BANKBARODA,2025-11-26,SHORT,2025-11-26T11:50:00,289.25,290.10,287.98,1037,0.85,2025-11-26T13:40:00,288.60,TIME_STOP,674.05,224.63
fast_pair,BANKBARODA,2025-11-27,LONG,2025-11-27T12:40:00,288.45,287.66,289.64,1040,0.79,2025-11-27T13:10:00,287.66,STOP,-822.94,-1272.30
fast_pair,BANKBARODA,2025-11-28,SHORT,2025-11-28T13:30:00,290.60,291.34,289.49,1032,0.74,2025-11-28T13:30:00,290.85,REVERSE,-258.00,-708.04
fast_pair,BANKBARODA,2025-12-01,SHORT,2025-12-01T12:20:00,294.75,295.71,293.31,1017,0.96,2025-12-01T12:20:00,295.65,REVERSE,-915.30,-1365.63
fast_pair,BANKBARODA,2025-12-02,SHORT,2025-12-02T12:30:00,300.10,301.24,298.39,999,1.14,2025-12-02T13:10:00,301.24,STOP,-1136.24,-1586.79
fast_pair,BANKBARODA,2025-12-04,SHORT,2025-12-04T12:00:00,287.90,288.86,286.47,1042,0.96,2025-12-04T12:10:00,288.20,REVERSE,-312.60,-762.82
fast_pair,BANKBARODA,2025-12-05,LONG,2025-12-05T10:10:00,289.15,288.11,290.71,1037,1.04,2025-12-05T10:10:00,288.11,STOP,-1079.07,-1528.04
fast_pair,BANKBARODA,2025-12-09,LONG,2025-12-09T10:30:00,286.00,284.83,287.76,1048,1.17,2025-12-09T11:20:00,287.76,TARGET,1844.07,1393.10
fast_pair,BANKBARODA,2025-12-10,SHORT,2025-12-10T10:50:00,289.10,289.94,287.84,1037,0.84,2025-12-10T11:00:00,287.84,TARGET,1310.09,861.37
fast_pair,BANKBARODA,2025-12-11,LONG,2025-12-11T12:40:00,285.65,284.73,287.03,1050,0.92,2025-12-11T13:10:00,284.73,STOP,-962.81,-1411.99
fast_pair,BANKBARODA,2025-12-12,SHORT,2025-12-12T10:20:00,284.55,285.41,283.26,1054,0.86,2025-12-12T10:40:00,283.26,TARGET,1360.40,911.54
fast_pair,BANKBARODA,2025-12-16,LONG,2025-12-16T13:50:00,281.80,281.18,282.73,1064,0.62,2025-12-16T15:00:00,282.73,TARGET,994.60,544.10
fast_pair,BANKBARODA,2025-12-18,LONG,2025-12-18T10:50:00,287.65,286.73,289.03,1042,0.92,2025-12-18T11:30:00,289.03,TARGET,1442.46,991.79
fast_pair,BANKBARODA,2025-12-19,SHORT,2025-12-19T11:00:00,288.50,289.36,287.22,1039,0.86,2025-12-19T11:00:00,289.36,STOP,-889.85,-1340.15
fast_pair,BANKBARODA,2025-12-22,SHORT,2025-12-22T11:50:00,293.15,293.93,291.99,1023,0.78,2025-12-22T11:50:00,293.93,STOP,-793.98,-1244.41
fast_pair,BANKBARODA,2025-12-26,LONG,2025-12-26T13:40:00,289.10,288.59,289.87,1037,0.51,2025-12-26T14:10:00,288.59,STOP,-530.53,-979.82
fast_pair,BANKBARODA,2025-12-29,LONG,2025-12-29T11:00:00,288.40,287.81,289.29,1040,0.59,2025-12-29T11:00:00,288.20,REVERSE,-208.00,-657.75
fast_pair,BANKBARODA,2025-12-30,LONG,2025-12-30T10:20:00,288.15,287.36,289.33,1041,0.79,2025-12-30T10:20:00,289.33,TARGET,1226.60,775.74
fast_pair,BANKBARODA,2026-01-05,SHORT,2026-01-05T12:50:00,306.85,308.00,305.12,977,1.15,2026-01-05T13:50:00,305.12,TARGET,1689.06,1240.64
fast_pair,BANKBARODA,2026-01-06,LONG,2026-01-06T11:00:00,306.85,305.83,308.38,977,1.02,2026-01-06T11:20:00,305.83,STOP,-994.77,-1443.71
fast_pair,BANKBARODA,2026-01-07,SHORT,2026-01-07T13:10:00,307.55,308.36,306.33,975,0.81,2026-01-07T14:50:00,307.90,REVERSE,-341.25,-791.30
fast_pair,BANKBARODA,2026-01-12,LONG,2026-01-12T12:30:00,299.45,298.03,301.58,1001,1.42,2026-01-12T14:20:00,301.00,TIME_STOP,1551.55,1100.76
fast_pair,BANKBARODA,2026-01-13,SHORT,2026-01-13T11:00:00,300.50,301.74,298.64,998,1.24,2026-01-13T12:30:00,301.74,STOP,-1235.96,-1686.74
fast_pair,BANKBARODA,2026-01-14,SHORT,2026-01-14T10:30:00,300.15,301.24,298.52,999,1.09,2026-01-14T10:30:00,301.24,STOP,-1087.28,-1537.87
fast_pair,BANKBARODA,2026-01-19,SHORT,2026-01-19T10:00:00,304.75,306.06,302.79,984,1.31,2026-01-19T10:00:00,306.06,STOP,-1288.69,-1739.47
fast_pair,BANKBARODA,2026-01-21,SHORT,2026-01-21T10:50:00,300.95,302.34,298.86,996,1.39,2026-01-21T10:50:00,298.86,TARGET,2081.96,1633.90
fast_pair,BANKBARODA,2026-01-22,SHORT,2026-01-22T11:50:00,303.55,304.78,301.71,988,1.23,2026-01-22T12:00:00,304.78,STOP,-1215.07,-1665.84
fast_pair,BANKBARODA,2026-01-27,SHORT,2026-01-27T13:00:00,297.95,298.98,296.41,1006,1.03,2026-01-27T13:10:00,296.41,TARGET,1548.19,1099.75
fast_pair,BANKBARODA,2026-01-29,SHORT,2026-01-29T10:50:00,305.25,306.40,303.52,982,1.15,2026-01-29T11:00:00,306.10,REVERSE,-834.70,-1284.96
fast_pair,BANKBARODA,2026-01-30,LONG,2026-01-30T14:10:00,300.55,299.26,302.49,998,1.29,2026-01-30T14:20:00,300.10,REVERSE,-449.10,-898.69
fast_pair,BANKBARODA,2026-02-02,LONG,2026-02-02T14:00:00,278.50,276.41,281.64,1077,2.09,2026-02-02T14:20:00,276.41,STOP,-2254.70,-2702.93
fast_pair,BANKBARODA,2026-02-03,SHORT,2026-02-03T12:50:00,283.65,285.12,281.44,1057,1.47,2026-02-03T14:00:00,284.70,REVERSE,-1109.85,-1560.41
fast_pair,BANKBARODA,2026-02-04,LONG,2026-02-04T10:00:00,285.65,284.35,287.60,1050,1.30,2026-02-04T11:30:00,285.10,REVERSE,-577.50,-1026.97
fast_pair,BANKBARODA,2026-02-05,SHORT,2026-02-05T11:00:00,289.95,291.10,288.22,1034,1.15,2026-02-05T12:50:00,290.00,TIME_STOP,-51.70,-501.45
fast_pair,BANKBARODA,2026-02-10,SHORT,2026-02-10T12:10:00,290.40,291.20,289.19,1033,0.80,2026-02-10T12:50:00,291.20,STOP,-830.48,-1281.08
fast_pair,BANKBARODA,2026-02-11,LONG,2026-02-11T11:00:00,289.50,288.52,290.97,1036,0.98,2026-02-11T11:10:00,290.97,TARGET,1522.98,1071.96
fast_pair,BANKBARODA,2026-02-12,LONG,2026-02-12T10:20:00,291.25,290.35,292.59,1030,0.90,2026-02-12T10:30:00,290.70,REVERSE,-566.50,-1016.06
fast_pair,BANKBARODA,2026-02-13,LONG,2026-02-13T12:40:00,286.95,286.09,288.24,1045,0.86,2026-02-13T12:50:00,286.30,REVERSE,-679.25,-1128.53
fast_pair,BANKBARODA,2026-02-16,SHORT,2026-02-16T10:00:00,286.55,287.49,285.14,1046,0.94,2026-02-16T10:00:00,286.95,REVERSE,-418.40,-868.31
fast_pair,BANKBARODA,2026-02-19,LONG,2026-02-19T11:10:00,304.95,304.00,306.38,983,0.95,2026-02-19T11:40:00,304.10,REVERSE,-835.55,-1284.57
fast_pair,BANKBARODA,2026-02-23,SHORT,2026-02-23T12:40:00,312.05,313.04,310.57,961,0.99,2026-02-23T12:50:00,313.04,STOP,-948.89,-1399.42
fast_pair,BANKBARODA,2026-02-24,LONG,2026-02-24T11:20:00,312.40,311.19,314.22,960,1.21,2026-02-24T11:50:00,311.19,STOP,-1163.23,-1612.21
fast_pair,BANKBARODA,2026-02-26,SHORT,2026-02-26T13:20:00,318.80,319.96,317.05,941,1.16,2026-02-26T13:30:00,319.96,STOP,-1095.25,-1546.06
fast_pair,BANKBARODA,2026-02-27,SHORT,2026-02-27T10:10:00,321.30,322.60,319.35,933,1.30,2026-02-27T10:30:00,322.60,STOP,-1215.01,-1665.58
fast_pair,BANKBARODA,2026-03-04,LONG,2026-03-04T14:10:00,299.75,298.37,301.82,1000,1.38,2026-03-04T15:10:00,298.37,STOP,-1382.62,-1831.21
fast_pair,BANKBARODA,2026-03-06,LONG,2026-03-06T11:50:00,299.00,297.66,301.00,1003,1.34,2026-03-06T12:00:00,297.66,STOP,-1340.20,-1789.04
fast_pair,BANKBARODA,2026-03-09,LONG,2026-03-09T11:50:00,286.80,284.75,289.88,1046,2.05,2026-03-09T13:10:00,285.25,REVERSE,-1621.30,-2070.07
fast_pair,BANKBARODA,2026-03-11,SHORT,2026-03-11T10:20:00,293.95,295.07,292.27,1020,1.12,2026-03-11T10:20:00,294.60,REVERSE,-663.00,-1113.24
fast_pair,BANKBARODA,2026-03-12,LONG,2026-03-12T11:10:00,289.55,288.14,291.66,1036,1.41,2026-03-12T11:20:00,288.14,STOP,-1456.29,-1905.15
fast_pair,WIPRO,2024-03-19,LONG,2024-03-19T13:20:00,240.40,239.63,241.55,1247,0.77,2024-03-19T14:00:00,239.63,STOP,-955.68,-1404.64
fast_pair,WIPRO,2024-03-20,LONG,2024-03-20T11:50:00,237.15,236.02,238.84,1265,1.13,2024-03-20T13:40:00,236.85,TIME_STOP,-379.50,-829.21
fast_pair,WIPRO,2024-03-21,SHORT,2024-03-21T12:20:00,239.15,240.07,237.77,1254,0.92,2024-03-21T13:30:00,240.07,STOP,-1155.06,-1605.77
fast_pair,WIPRO,2024-04-02,LONG,2024-04-02T13:00:00,230.15,229.73,230.79,1303,0.42,2024-04-02T13:00:00,229.95,REVERSE,-260.60,-710.23
fast_pair,WIPRO,2024-04-03,LONG,2024-04-03T10:20:00,230.35,229.72,231.29,1302,0.63,2024-04-03T10:20:00,231.29,TARGET,1225.10,774.30
fast_pair,WIPRO,2024-04-04,LONG,2024-04-04T11:40:00,230.95,230.12,232.19,1298,0.83,2024-04-04T13:20:00,232.19,TARGET,1608.93,1158.06
fast_pair,WIPRO,2024-04-05,LONG,2024-04-05T14:00:00,232.20,231.74,232.89,1291,0.46,2024-04-05T14:30:00,231.74,STOP,-596.31,-1045.51
fast_pair,WIPRO,2024-04-10,LONG,2024-04-10T11:20:00,227.50,226.94,228.34,1318,0.56,2024-04-10T11:20:00,226.94,STOP,-736.79,-1186.01
fast_pair,WIPRO,2024-04-12,LONG,2024-04-12T10:50:00,229.35,228.56,230.53,1308,0.79,2024-04-12T10:50:00,228.56,STOP,-1030.14,-1479.36
fast_pair,WIPRO,2024-04-18,LONG,2024-04-18T12:30:00,216.70,215.82,218.02,1384,0.88,2024-04-18T13:00:00,215.82,STOP,-1218.37,-1667.33
fast_pair,WIPRO,2024-04-19,LONG,2024-04-19T11:10:00,212.25,211.20,213.83,1413,1.05,2024-04-19T13:00:00,213.50,TIME_STOP,1766.25,1315.06
fast_pair,WIPRO,2024-04-22,SHORT,2024-04-22T13:00:00,220.65,221.47,219.42,1359,0.82,2024-04-22T14:50:00,220.90,REVERSE,-339.75,-789.80
fast_pair,WIPRO,2024-04-23,SHORT,2024-04-23T10:50:00,220.30,221.00,219.25,1361,0.70,2024-04-23T12:00:00,221.00,STOP,-949.04,-1399.49
fast_pair,WIPRO,2024-04-25,LONG,2024-04-25T14:00:00,219.80,219.27,220.60,1364,0.53,2024-04-25T14:10:00,220.60,TARGET,1087.49,636.97
fast_pair,WIPRO,2024-04-26,SHORT,2024-04-26T13:10:00,225.40,226.24,224.14,1330,0.84,2024-04-26T13:10:00,225.75,REVERSE,-465.50,-915.52
fast_pair,WIPRO,2024-04-30,SHORT,2024-04-30T10:50:00,221.55,222.09,220.75,1354,0.54,2024-04-30T11:20:00,220.75,TARGET,1088.83,639.68
fast_pair,WIPRO,2024-05-06,SHORT,2024-05-06T13:30:00,219.55,220.12,218.69,1366,0.57,2024-05-06T14:10:00,220.12,STOP,-782.80,-1233.24
fast_pair,WIPRO,2024-05-07,SHORT,2024-05-07T10:20:00,219.30,219.93,218.36,1367,0.63,2024-05-07T10:30:00,218.36,TARGET,1284.38,835.67
fast_pair,WIPRO,2024-05-08,SHORT,2024-05-08T13:10:00,221.70,222.31,220.78,1353,0.61,2024-05-08T14:20:00,220.78,TARGET,1242.73,793.72
fast_pair,WIPRO,2024-05-09,LONG,2024-05-09T11:40:00,220.60,219.88,221.68,1359,0.72,2024-05-09T12:10:00,221.68,TARGET,1472.97,1022.17
fast_pair,WIPRO,2024-05-13,LONG,2024-05-13T12:40:00,214.75,214.10,215.72,1396,0.65,2024-05-13T13:40:00,214.65,REVERSE,-139.60,-589.18
fast_pair,WIPRO,2024-05-15,SHORT,2024-05-15T10:20:00,218.15,218.84,217.11,1375,0.69,2024-05-15T11:00:00,218.84,STOP,-954.36,-1405.01
fast_pair,WIPRO,2024-05-16,SHORT,2024-05-16T11:30:00,219.60,220.43,218.36,1366,0.83,2024-05-16T11:40:00,220.43,STOP,-1132.73,-1583.54
fast_pair,WIPRO,2024-05-17,SHORT,2024-05-17T10:20:00,220.30,221.11,219.09,1361,0.81,2024-05-17T10:30:00,220.90,REVERSE,-816.60,-1266.95
fast_pair,WIPRO,2024-05-21,SHORT,2024-05-21T10:00:00,220.25,220.84,219.37,1362,0.59,2024-05-21T10:40:00,220.84,STOP,-798.38,-1248.95
fast_pair,WIPRO,2024-05-23,SHORT,2024-05-23T13:20:00,222.50,223.05,221.67,1348,0.55,2024-05-23T14:30:00,223.05,STOP,-747.48,-1197.94
fast_pair,WIPRO,2024-05-24,SHORT,2024-05-24T12:00:00,223.45,224.01,222.60,1342,0.56,2024-05-24T13:10:00,224.01,STOP,-757.34,-1207.71
fast_pair,WIPRO,2024-05-28,SHORT,2024-05-28T12:00:00,217.30,217.79,216.56,1380,0.49,2024-05-28T12:40:00,216.56,TARGET,1017.79,568.74
fast_pair,WIPRO,2024-05-31,SHORT,2024-05-31T10:00:00,209.45,210.22,208.30,1432,0.77,2024-05-31T11:00:00,209.95,REVERSE,-716.00,-1166.44
fast_pair,WIPRO,2024-06-04,LONG,2024-06-04T10:00:00,211.35,209.98,213.40,1419,1.37,2024-06-04T10:50:00,209.98,STOP,-1944.02,-2392.42
fast_pair,WIPRO,2024-06-06,SHORT,2024-06-06T12:10:00,217.10,217.96,215.82,1381,0.86,2024-06-06T12:30:00,217.96,STOP,-1181.02,-1631.63
fast_pair,WIPRO,2024-06-07,SHORT,2024-06-07T13:30:00,230.35,231.24,229.02,1302,0.89,2024-06-07T14:50:00,231.24,STOP,-1157.59,-1608.34
fast_pair,WIPRO,2024-06-12,SHORT,2024-06-12T12:40:00,229.25,229.85,228.35,1308,0.60,2024-06-12T14:10:00,228.35,TARGET,1182.03,733.12
fast_pair,WIPRO,2024-06-13,SHORT,2024-06-13T12:10:00,230.25,230.91,229.27,1302,0.66,2024-06-13T12:20:00,230.55,REVERSE,-390.60,-840.57
fast_pair,WIPRO,2024-06-14,LONG,2024-06-14T13:00:00,229.05,228.57,229.77,1309,0.48,2024-06-14T13:30:00,228.70,REVERSE,-458.15,-907.55
fast_pair,WIPRO,2024-06-20,SHORT,2024-06-20T11:50:00,235.35,236.00,234.38,1274,0.65,2024-06-20T13:10:00,235.55,REVERSE,-254.80,-704.74
fast_pair,WIPRO,2024-06-21,SHORT,2024-06-21T12:30:00,236.20,237.03,234.95,1270,0.83,2024-06-21T12:40:00,234.95,TARGET,1583.84,1135.06
fast_pair,WIPRO,2024-06-24,SHORT,2024-06-24T11:00:00,235.25,236.17,233.87,1275,0.92,2024-06-24T12:50:00,234.45,TIME_STOP,1020.00,570.85
fast_pair,WIPRO,2024-06-25,SHORT,2024-06-25T10:00:00,234.25,234.82,233.40,1280,0.57,2024-06-25T10:10:00,234.55,REVERSE,-384.00,-834.05
fast_pair,WIPRO,2024-06-26,SHORT,2024-06-26T12:20:00,236.75,237.36,235.83,1267,0.61,2024-06-26T13:30:00,237.05,REVERSE,-380.10,-830.33
fast_pair,WIPRO,2024-07-01,SHORT,2024-07-01T14:00:00,253.70,254.63,252.30,1182,0.93,2024-07-01T15:00:00,252.30,TARGET,1657.63,1209.06
fast_pair,WIPRO,2024-07-02,SHORT,2024-07-02T14:00:00,257.70,258.83,256.00,1164,1.13,2024-07-02T14:40:00,258.83,STOP,-1319.35,-1770.29
fast_pair,WIPRO,2024-07-03,LONG,2024-07-03T10:10:00,258.50,257.38,260.18,1160,1.12,2024-07-03T10:20:00,257.38,STOP,-1297.62,-1746.43
fast_pair,WIPRO,2024-07-04,SHORT,2024-07-04T10:10:00,257.80,258.88,256.17,1163,1.08,2024-07-04T10:20:00,258.88,STOP,-1261.22,-1711.90
fast_pair,WIPRO,2024-07-09,LONG,2024-07-09T11:40:00,258.40,257.59,259.61,1160,0.81,2024-07-09T13:30:00,258.90,TIME_STOP,580.00,129.95
fast_pair,WIPRO,2024-07-10,SHORT,2024-07-10T10:00:00,257.80,258.46,256.81,1163,0.66,2024-07-10T10:10:00,256.81,TARGET,1151.57,702.70
fast_pair,WIPRO,2024-07-11,SHORT,2024-07-11T10:30:00,255.05,256.02,253.60,1176,0.97,2024-07-11T11:10:00,253.60,TARGET,1703.94,1255.31
fast_pair,WIPRO,2024-07-15,LONG,2024-07-15T10:00:00,268.45,267.17,270.36,1117,1.28,2024-07-15T10:10:00,267.85,REVERSE,-670.20,-1119.49
fast_pair,WIPRO,2024-07-16,LONG,2024-07-16T10:00:00,267.55,266.63,268.94,1121,0.92,2024-07-16T10:10:00,266.63,STOP,-1035.77,-1484.87
fast_pair,WIPRO,2024-07-18,LONG,2024-07-18T10:20:00,267.60,266.73,268.91,1121,0.87,2024-07-18T10:20:00,267.25,REVERSE,-392.35,-842.03
fast_pair,WIPRO,2024-07-19,LONG,2024-07-19T13:10:00,270.05,268.82,271.89,1110,1.23,2024-07-19T13:20:00,268.82,STOP,-1363.35,-1811.96
fast_pair,WIPRO,2024-07-23,LONG,2024-07-23T14:00:00,240.50,239.16,242.51,1247,1.34,2024-07-23T14:20:00,239.16,STOP,-1674.32,-2122.92
fast_pair,WIPRO,2024-07-24,SHORT,2024-07-24T12:30:00,240.35,241.16,239.14,1248,0.81,2024-07-24T12:50:00,239.14,TARGET,1510.70,1061.90
fast_pair,WIPRO,2024-07-25,LONG,2024-07-25T10:40:00,239.90,239.04,241.20,1250,0.86,2024-07-25T10:40:00,239.04,STOP,-1080.16,-1529.16
fast_pair,WIPRO,2024-07-30,SHORT,2024-07-30T10:00:00,250.10,250.97,248.79,1199,0.87,2024-07-30T11:00:00,250.40,REVERSE,-359.70,-809.77
fast_pair,WIPRO,2024-07-31,LONG,2024-07-31T10:20:00,250.45,249.72,251.54,1197,0.73,2024-07-31T10:50:00,249.72,STOP,-873.22,-1322.25
fast_pair,WIPRO,2024-08-01,SHORT,2024-08-01T12:00:00,250.45,251.14,249.42,1197,0.69,2024-08-01T12:40:00,249.42,TARGET,1232.32,783.56
fast_pair,WIPRO,2024-08-05,LONG,2024-08-05T14:10:00,231.85,230.85,233.36,1293,1.00,2024-08-05T15:20:00,231.95,EOD,129.30,-320.47
fast_pair,WIPRO,2024-08-07,SHORT,2024-08-07T13:10:00,236.70,237.45,235.57,1267,0.75,2024-08-07T13:30:00,235.57,TARGET,1426.62,977.84
fast_pair,WIPRO,2024-08-09,SHORT,2024-08-09T11:20:00,234.45,235.20,233.33,1279,0.75,2024-08-09T11:50:00,234.85,REVERSE,-511.60,-961.78
fast_pair,WIPRO,2024-08-12,LONG,2024-08-12T11:20:00,235.05,234.30,236.17,1276,0.75,2024-08-12T13:10:00,235.10,TIME_STOP,63.80,-386.13
fast_pair,WIPRO,2024-08-13,LONG,2024-08-13T10:20:00,234.65,233.95,235.70,1278,0.70,2024-08-13T10:30:00,233.95,STOP,-892.10,-1341.26
fast_pair,WIPRO,2024-08-19,SHORT,2024-08-19T13:50:00,248.35,248.92,247.49,1207,0.57,2024-08-19T14:00:00,248.85,REVERSE,-603.50,-1053.59
fast_pair,WIPRO,2024-08-20,SHORT,2024-08-20T11:30:00,250.05,250.72,249.05,1199,0.67,2024-08-20T11:30:00,250.72,STOP,-799.44,-1249.76
fast_pair,WIPRO,2024-08-21,SHORT,2024-08-21T11:10:00,250.30,250.88,249.43,1198,0.58,2024-08-21T12:40:00,249.43,TARGET,1042.35,593.34
fast_pair,WIPRO,2024-08-29,SHORT,2024-08-29T11:30:00,255.90,256.99,254.27,1172,1.09,2024-08-29T11:50:00,256.99,STOP,-1272.91,-1723.74
fast_pair,WIPRO,2024-09-02,SHORT,2024-09-02T10:10:00,255.85,256.79,254.44,1172,0.94,2024-09-02T10:30:00,256.79,STOP,-1099.11,-1549.72
fast_pair,WIPRO,2024-09-03,SHORT,2024-09-03T14:00:00,256.15,256.72,255.29,1171,0.57,2024-09-03T14:00:00,256.60,REVERSE,-526.95,-977.27
fast_pair,WIPRO,2024-09-05,SHORT,2024-09-05T12:00:00,249.10,249.74,248.15,1204,0.64,2024-09-05T12:00:00,249.55,REVERSE,-541.80,-992.08
fast_pair,WIPRO,2024-09-06,SHORT,2024-09-06T10:10:00,250.25,250.99,249.14,1198,0.74,2024-09-06T10:30:00,249.14,TARGET,1329.03,880.33
fast_pair,WIPRO,2024-09-09,LONG,2024-09-09T11:00:00,248.25,247.35,249.59,1208,0.90,2024-09-09T12:10:00,247.85,REVERSE,-483.20,-932.67
fast_pair,WIPRO,2024-09-10,LONG,2024-09-10T11:00:00,247.55,246.78,248.70,1211,0.77,2024-09-10T12:30:00,248.70,TARGET,1397.50,946.78
fast_pair,WIPRO,2024-09-11,LONG,2024-09-11T12:00:00,250.25,249.54,251.31,1198,0.71,2024-09-11T12:30:00,251.31,TARGET,1275.64,824.99
fast_pair,WIPRO,2024-09-17,LONG,2024-09-17T11:00:00,264.05,263.26,265.24,1136,0.79,2024-09-17T11:10:00,263.26,STOP,-900.89,-1350.15
fast_pair,WIPRO,2024-09-18,LONG,2024-09-18T12:50:00,257.60,256.74,258.89,1164,0.86,2024-09-18T13:00:00,256.74,STOP,-1002.10,-1451.11
fast_pair,WIPRO,2024-09-19,SHORT,2024-09-19T10:10:00,256.00,257.57,253.64,1171,1.57,2024-09-19T11:10:00,257.57,STOP,-1844.30,-2295.35
fast_pair,WIPRO,2024-09-20,SHORT,2024-09-20T10:20:00,254.50,255.63,252.80,1178,1.13,2024-09-20T10:40:00,255.63,STOP,-1334.59,-1785.30
fast_pair,WIPRO,2024-09-24,LONG,2024-09-24T11:10:00,255.90,254.92,257.38,1172,0.98,2024-09-24T11:30:00,254.92,STOP,-1154.33,-1603.34
fast_pair,WIPRO,2024-09-25,LONG,2024-09-25T14:00:00,255.30,254.61,256.33,1175,0.69,2024-09-25T15:10:00,256.33,TARGET,1210.86,759.99
fast_pair,WIPRO,2024-09-26,SHORT,2024-09-26T13:50:00,257.80,258.39,256.92,1163,0.59,2024-09-26T14:30:00,258.39,STOP,-681.86,-1132.10
fast_pair,WIPRO,2024-09-27,SHORT,2024-09-27T11:50:00,261.35,262.54,259.57,1147,1.19,2024-09-27T13:10:00,259.57,TARGET,2042.52,1594.40
fast_pair,WIPRO,2024-09-30,LONG,2024-09-30T10:50:00,259.55,258.46,261.18,1155,1.09,2024-09-30T11:20:00,258.65,REVERSE,-1039.50,-1488.39
fast_pair,WIPRO,2024-10-04,SHORT,2024-10-04T13:10:00,256.55,257.59,255.00,1169,1.04,2024-10-04T14:20:00,255.00,TARGET,1815.80,1367.30
fast_pair,WIPRO,2024-10-07,SHORT,2024-10-07T10:50:00,254.65,255.78,252.96,1178,1.13,2024-10-07T11:00:00,252.96,TARGET,1992.19,1543.72
fast_pair,WIPRO,2024-10-08,LONG,2024-10-08T14:00:00,250.80,249.95,252.08,1196,0.85,2024-10-08T15:20:00,252.08,TARGET,1525.66,1074.58
fast_pair,WIPRO,2024-10-10,SHORT,2024-10-10T12:50:00,254.65,255.31,253.67,1178,0.66,2024-10-10T12:50:00,253.67,TARGET,1158.31,709.22
fast_pair,WIPRO,2024-10-11,SHORT,2024-10-11T11:10:00,252.15,253.21,250.55,1189,1.06,2024-10-11T13:00:00,251.40,TIME_STOP,891.75,442.71
fast_pair,WIPRO,2024-10-15,SHORT,2024-10-15T10:00:00,260.60,261.69,258.97,1151,1.09,2024-10-15T10:20:00,258.97,TARGET,1881.88,1433.36
fast_pair,WIPRO,2024-10-16,SHORT,2024-10-16T10:50:00,254.55,255.58,253.00,1178,1.03,2024-10-16T10:50:00,255.58,STOP,-1214.35,-1665.05
fast_pair,WIPRO,2024-10-18,SHORT,2024-10-18T11:30:00,259.20,261.13,256.30,1157,1.93,2024-10-18T11:40:00,261.13,STOP,-2236.43,-2687.95
fast_pair,WIPRO,2024-10-21,SHORT,2024-10-21T11:30:00,264.10,265.41,262.13,1135,1.31,2024-10-21T13:00:00,262.13,TARGET,2237.09,1789.14
fast_pair,WIPRO,2024-10-22,SHORT,2024-10-22T10:40:00,262.35,263.56,260.54,1143,1.21,2024-10-22T12:30:00,261.70,TIME_STOP,742.95,293.71
fast_pair,WIPRO,2024-10-23,LONG,2024-10-23T10:10:00,262.00,260.98,263.53,1145,1.02,2024-10-23T10:20:00,263.53,TARGET,1754.32,1303.02
fast_pair,WIPRO,2024-10-24,LONG,2024-10-24T12:30:00,261.50,260.82,262.52,1147,0.68,2024-10-24T12:30:00,261.40,REVERSE,-114.70,-564.52
fast_pair,WIPRO,2024-10-28,LONG,2024-10-28T10:20:00,261.80,261.02,262.98,1145,0.78,2024-10-28T10:30:00,262.98,TARGET,1347.86,897.21
fast_pair,WIPRO,2024-10-29,SHORT,2024-10-29T10:00:00,265.80,266.85,264.23,1128,1.05,2024-10-29T11:50:00,265.75,TIME_STOP,56.40,-393.29
fast_pair,WIPRO,2024-10-30,SHORT,2024-10-30T13:20:00,273.85,274.76,272.48,1095,0.91,2024-10-30T14:00:00,272.48,TARGET,1501.92,1053.25
fast_pair,WIPRO,2024-10-31,LONG,2024-10-31T14:00:00,264.00,263.12,265.32,1136,0.88,2024-10-31T14:00:00,263.70,REVERSE,-340.80,-790.40
fast_pair,WIPRO,2024-11-04,LONG,2024-11-04T13:20:00,258.00,256.91,259.64,1162,1.09,2024-11-04T13:20:00,257.20,REVERSE,-929.60,-1378.60
fast_pair,WIPRO,2024-11-05,SHORT,2024-11-05T12:30:00,258.90,259.66,257.77,1158,0.76,2024-11-05T13:00:00,259.66,STOP,-874.67,-1325.04
fast_pair,WIPRO,2024-11-07,SHORT,2024-11-07T10:20:00,268.30,269.36,266.72,1118,1.06,2024-11-07T10:20:00,266.72,TARGET,1771.91,1323.30
fast_pair,WIPRO,2024-11-08,SHORT,2024-11-08T13:20:00,274.00,274.95,272.58,1094,0.95,2024-11-08T13:40:00,272.58,TARGET,1556.55,1108.08
fast_pair,WIPRO,2024-11-11,SHORT,2024-11-11T13:20:00,275.80,276.76,274.37,1087,0.96,2024-11-11T14:20:00,274.37,TARGET,1559.18,1110.66
fast_pair,WIPRO,2024-11-12,SHORT,2024-11-12T11:50:00,275.45,276.28,274.21,1089,0.83,2024-11-12T12:50:00,274.21,TARGET,1347.91,898.97
fast_pair,WIPRO,2024-11-13,LONG,2024-11-13T11:00:00,273.75,272.58,275.50,1095,1.17,2024-11-13T11:00:00,272.58,STOP,-1280.58,-1729.25
fast_pair,WIPRO,2024-11-14,SHORT,2024-11-14T10:50:00,272.35,273.34,270.87,1101,0.99,2024-11-14T11:20:00,270.87,TARGET,1631.18,1182.62
fast_pair,WIPRO,2024-11-19,LONG,2024-11-19T11:30:00,270.00,269.12,271.32,1111,0.88,2024-11-19T11:40:00,271.32,TARGET,1461.26,1010.21
fast_pair,WIPRO,2024-11-22,SHORT,2024-11-22T12:40:00,270.20,271.10,268.85,1110,0.90,2024-11-22T12:40:00,271.10,STOP,-1002.13,-1452.77
fast_pair,WIPRO,2024-11-25,SHORT,2024-11-25T13:50:00,277.35,278.39,275.79,1081,1.04,2024-11-25T14:20:00,278.39,STOP,-1122.74,-1573.31
fast_pair,WIPRO,2024-11-27,SHORT,2024-11-27T11:20:00,280.25,281.40,278.53,1070,1.15,2024-11-27T13:00:00,280.30,REVERSE,-53.50,-503.34
fast_pair,WIPRO,2024-11-28,LONG,2024-11-28T14:00:00,275.10,274.23,276.41,1090,0.87,2024-11-28T14:10:00,274.23,STOP,-948.89,-1397.97
fast_pair,WIPRO,2024-11-29,SHORT,2024-11-29T13:00:00,275.70,276.41,274.64,1088,0.71,2024-11-29T13:00:00,276.41,STOP,-767.84,-1218.36
fast_pair,WIPRO,2024-12-03,LONG,2024-12-03T10:00:00,279.00,278.07,280.39,1075,0.93,2024-12-03T10:10:00,278.45,REVERSE,-591.25,-1040.69
fast_pair,WIPRO,2024-12-09,SHORT,2024-12-09T10:20:00,283.70,284.59,282.36,1057,0.89,2024-12-09T11:40:00,284.59,STOP,-945.48,-1396.00
fast_pair,WIPRO,2024-12-10,SHORT,2024-12-10T14:10:00,295.10,296.02,293.72,1016,0.92,2024-12-10T14:20:00,293.72,TARGET,1402.80,954.12
fast_pair,WIPRO,2024-12-11,LONG,2024-12-11T11:00:00,294.00,292.99,295.51,1020,1.01,2024-12-11T11:10:00,293.60,REVERSE,-408.00,-857.51
fast_pair,WIPRO,2024-12-13,LONG,2024-12-13T12:10:00,294.80,293.68,296.47,1017,1.12,2024-12-13T13:00:00,296.47,TARGET,1703.26,1252.27
fast_pair,WIPRO,2024-12-16,LONG,2024-12-16T14:10:00,295.00,294.16,296.26,1016,0.84,2024-12-16T15:20:00,295.40,EOD,406.40,-43.48
fast_pair,WIPRO,2024-12-17,SHORT,2024-12-17T10:30:00,294.60,295.61,293.09,1018,1.01,2024-12-17T12:10:00,295.61,STOP,-1026.51,-1477.13
fast_pair,WIPRO,2024-12-19,LONG,2024-12-19T11:00:00,296.10,294.53,298.45,1013,1.57,2024-12-19T11:40:00,295.65,REVERSE,-455.85,-905.43
fast_pair,WIPRO,2024-12-23,LONG,2024-12-23T11:40:00,296.60,295.25,298.62,1011,1.35,2024-12-23T12:00:00,295.25,STOP,-1364.83,-1813.60
fast_pair,WIPRO,2024-12-24,LONG,2024-12-24T10:30:00,294.30,293.27,295.84,1019,1.03,2024-12-24T11:40:00,293.27,STOP,-1045.28,-1494.33
fast_pair,WIPRO,2024-12-26,SHORT,2024-12-26T11:50:00,291.40,292.31,290.04,1029,0.91,2024-12-26T13:40:00,291.60,TIME_STOP,-205.80,-655.73
fast_pair,WIPRO,2024-12-31,LONG,2024-12-31T12:20:00,286.50,285.27,288.34,1047,1.23,2024-12-31T13:40:00,288.34,TARGET,1927.92,1476.52
fast_pair,WIPRO,2025-01-01,LONG,2025-01-01T12:50:00,287.30,286.41,288.63,1044,0.89,2025-01-01T14:10:00,288.63,TARGET,1387.53,936.58
fast_pair,WIPRO,2025-01-02,LONG,2025-01-02T11:10:00,288.80,287.62,290.56,1038,1.18,2025-01-02T11:50:00,287.62,STOP,-1219.65,-1668.40
fast_pair,WIPRO,2025-01-06,SHORT,2025-01-06T10:00:00,281.50,282.49,280.01,1065,0.99,2025-01-06T10:00:00,282.49,STOP,-1055.44,-1505.93
fast_pair,WIPRO,2025-01-07,SHORT,2025-01-07T10:10:00,278.70,279.99,276.76,1076,1.29,2025-01-07T10:10:00,279.99,STOP,-1392.47,-1843.34
fast_pair,WIPRO,2025-01-08,LONG,2025-01-08T13:20:00,278.10,277.34,279.24,1078,0.76,2025-01-08T13:40:00,279.24,TARGET,1229.45,778.84
fast_pair,WIPRO,2025-01-09,SHORT,2025-01-09T11:00:00,281.35,282.60,279.48,1066,1.25,2025-01-09T12:30:00,279.48,TARGET,1997.13,1548.75
fast_pair,WIPRO,2025-01-10,SHORT,2025-01-10T14:10:00,287.45,288.56,285.78,1043,1.11,2025-01-10T15:20:00,287.40,EOD,52.15,-397.53
fast_pair,WIPRO,2025-01-14,LONG,2025-01-14T13:50:00,280.20,279.12,281.81,1070,1.08,2025-01-14T15:20:00,280.10,EOD,-107.00,-556.64
fast_pair,WIPRO,2025-01-15,LONG,2025-01-15T10:50:00,280.45,279.28,282.21,1069,1.17,2025-01-15T11:00:00,279.28,STOP,-1255.71,-1704.47
fast_pair,WIPRO,2025-01-16,SHORT,2025-01-16T10:00:00,277.45,278.51,275.86,1081,1.06,2025-01-16T10:00:00,278.51,STOP,-1146.10,-1596.85
fast_pair,WIPRO,2025-01-20,SHORT,2025-01-20T13:10:00,285.75,286.97,283.92,1049,1.22,2025-01-20T13:10:00,286.45,REVERSE,-734.30,-1184.48
fast_pair,WIPRO,2025-01-22,SHORT,2025-01-22T12:40:00,291.55,292.57,290.02,1028,1.02,2025-01-22T13:00:00,292.57,STOP,-1046.37,-1496.72
fast_pair,WIPRO,2025-01-23,SHORT,2025-01-23T13:00:00,304.95,306.20,303.08,983,1.25,2025-01-23T14:50:00,303.70,TIME_STOP,1228.75,780.02
fast_pair,WIPRO,2025-01-24,SHORT,2025-01-24T10:10:00,303.65,304.91,301.76,987,1.26,2025-01-24T10:30:00,304.91,STOP,-1244.23,-1694.72
fast_pair,WIPRO,2025-01-28,SHORT,2025-01-28T10:50:00,294.45,295.96,292.19,1018,1.51,2025-01-28T11:10:00,295.96,STOP,-1536.39,-1987.16
fast_pair,WIPRO,2025-01-30,SHORT,2025-01-30T12:10:00,301.65,302.92,299.75,994,1.27,2025-01-30T13:30:00,299.75,TARGET,1891.56,1443.22
fast_pair,WIPRO,2025-01-31,SHORT,2025-01-31T12:00:00,303.85,305.02,302.09,987,1.17,2025-01-31T13:00:00,302.09,TARGET,1734.86,1286.31
fast_pair,WIPRO,2025-02-01,LONG,2025-02-01T14:00:00,300.50,299.14,302.55,998,1.36,2025-02-01T14:30:00,299.14,STOP,-1360.74,-1809.57
fast_pair,WIPRO,2025-02-04,SHORT,2025-02-04T11:50:00,306.35,307.54,304.56,979,1.19,2025-02-04T11:50:00,307.54,STOP,-1169.68,-1620.43
fast_pair,WIPRO,2025-02-05,SHORT,2025-02-05T11:20:00,308.45,309.56,306.78,972,1.11,2025-02-05T13:10:00,307.60,TIME_STOP,826.20,377.10
fast_pair,WIPRO,2025-02-07,LONG,2025-02-07T10:40:00,308.90,307.79,310.57,971,1.11,2025-02-07T12:30:00,310.40,TIME_STOP,1456.50,1005.49
fast_pair,WIPRO,2025-02-10,SHORT,2025-02-10T12:30:00,310.85,311.86,309.34,965,1.01,2025-02-10T12:40:00,311.25,REVERSE,-386.00,-836.24
fast_pair,WIPRO,2025-02-12,SHORT,2025-02-12T10:10:00,304.00,305.10,302.35,986,1.10,2025-02-12T10:10:00,302.35,TARGET,1629.89,1181.50
fast_pair,WIPRO,2025-02-13,LONG,2025-02-13T10:00:00,304.05,302.94,305.71,986,1.11,2025-02-13T10:40:00,302.94,STOP,-1089.57,-1538.44
fast_pair,WIPRO,2025-02-17,LONG,2025-02-17T13:50:00,297.00,296.06,298.41,1010,0.94,2025-02-17T14:10:00,296.06,STOP,-949.78,-1399.03
fast_pair,WIPRO,2025-02-18,SHORT,2025-02-18T11:30:00,298.85,300.06,297.03,1003,1.21,2025-02-18T11:50:00,299.55,REVERSE,-702.10,-1152.25
fast_pair,WIPRO,2025-02-19,LONG,2025-02-19T10:00:00,305.35,304.22,307.04,982,1.13,2025-02-19T10:00:00,307.04,TARGET,1657.17,1206.15
fast_pair,WIPRO,2025-02-20,LONG,2025-02-20T12:20:00,306.00,305.17,307.25,980,0.83,2025-02-20T12:30:00,305.17,STOP,-816.43,-1265.64
fast_pair,WIPRO,2025-02-25,LONG,2025-02-25T10:20:00,287.95,286.68,289.85,1041,1.27,2025-02-25T10:30:00,286.68,STOP,-1319.71,-1768.36
fast_pair,WIPRO,2025-02-27,SHORT,2025-02-27T12:20:00,285.25,286.20,283.82,1051,0.95,2025-02-27T12:40:00,286.20,STOP,-998.50,-1448.95
fast_pair,WIPRO,2025-03-04,LONG,2025-03-04T11:50:00,275.30,274.19,276.96,1089,1.11,2025-03-04T12:20:00,274.35,REVERSE,-1034.55,-1483.48
fast_pair,WIPRO,2025-03-05,SHORT,2025-03-05T13:20:00,277.00,277.82,275.77,1083,0.82,2025-03-05T14:00:00,277.82,STOP,-885.96,-1336.61
fast_pair,WIPRO,2025-03-06,SHORT,2025-03-06T10:20:00,277.90,279.09,276.11,1079,1.19,2025-03-06T12:10:00,277.65,TIME_STOP,269.75,-179.83
fast_pair,WIPRO,2025-03-07,SHORT,2025-03-07T11:40:00,277.80,278.67,276.50,1079,0.87,2025-03-07T12:00:00,276.50,TARGET,1400.22,951.65
fast_pair,WIPRO,2025-03-11,LONG,2025-03-11T13:50:00,269.50,268.65,270.77,1113,0.85,2025-03-11T14:30:00,270.77,TARGET,1411.76,960.77
fast_pair,WIPRO,2025-03-12,LONG,2025-03-12T13:30:00,258.45,257.40,260.03,1160,1.05,2025-03-12T14:20:00,260.03,TARGET,1829.06,1377.99
fast_pair,WIPRO,2025-03-13,SHORT,2025-03-13T11:00:00,260.30,261.34,258.74,1152,1.04,2025-03-13T11:30:00,258.74,TARGET,1793.97,1345.52
fast_pair,WIPRO,2025-03-19,LONG,2025-03-19T10:10:00,253.90,252.77,255.60,1181,1.13,2025-03-19T10:20:00,255.60,TARGET,2005.09,1553.80
fast_pair,WIPRO,2025-03-20,SHORT,2025-03-20T11:40:00,261.45,262.62,259.69,1147,1.17,2025-03-20T11:50:00,262.20,REVERSE,-860.25,-1310.72
fast_pair,WIPRO,2025-03-21,LONG,2025-03-21T12:10:00,261.30,260.08,263.13,1148,1.22,2025-03-21T13:10:00,260.08,STOP,-1401.45,-1850.36
fast_pair,WIPRO,2025-03-25,SHORT,2025-03-25T11:00:00,263.90,265.16,262.02,1136,1.26,2025-03-25T12:20:00,264.90,REVERSE,-1136.00,-1586.54
fast_pair,WIPRO,2025-03-27,LONG,2025-03-27T11:30:00,265.30,264.28,266.83,1130,1.02,2025-03-27T12:50:00,264.28,STOP,-1154.77,-1603.59
fast_pair,WIPRO,2025-04-01,LONG,2025-04-01T12:20:00,254.65,253.75,256.00,1178,0.90,2025-04-01T12:30:00,256.00,TARGET,1585.89,1134.74
fast_pair,WIPRO,2025-04-02,SHORT,2025-04-02T10:30:00,255.35,256.32,253.90,1174,0.97,2025-04-02T10:30:00,256.32,STOP,-1138.43,-1588.96
fast_pair,WIPRO,2025-04-07,LONG,2025-04-07T11:40:00,233.25,231.48,235.91,1286,1.77,2025-04-07T12:00:00,231.48,STOP,-2276.28,-2724.51
fast_pair,WIPRO,2025-04-08,SHORT,2025-04-08T14:10:00,241.10,242.30,239.30,1244,1.20,2025-04-08T14:20:00,241.75,REVERSE,-808.60,-1259.10
fast_pair,WIPRO,2025-04-09,LONG,2025-04-09T12:50:00,231.40,230.42,232.87,1296,0.98,2025-04-09T13:40:00,230.42,STOP,-1272.13,-1721.02
fast_pair,WIPRO,2025-04-16,SHORT,2025-04-16T13:40:00,238.85,239.65,237.65,1256,0.80,2025-04-16T13:40:00,239.30,REVERSE,-565.20,-1015.62
fast_pair,WIPRO,2025-04-17,LONG,2025-04-17T12:50:00,230.65,229.66,232.14,1300,0.99,2025-04-17T13:30:00,229.66,STOP,-1288.97,-1737.77
fast_pair,WIPRO,2025-04-21,SHORT,2025-04-21T13:50:00,232.60,233.29,231.57,1289,0.69,2025-04-21T15:20:00,232.30,EOD,386.70,-62.74
fast_pair,WIPRO,2025-04-24,LONG,2025-04-24T11:20:00,237.90,237.06,239.16,1261,0.84,2025-04-24T13:00:00,237.06,STOP,-1062.03,-1511.22
fast_pair,WIPRO,2025-04-25,LONG,2025-04-25T12:20:00,235.10,233.90,236.90,1276,1.20,2025-04-25T13:50:00,236.90,TARGET,2291.26,1839.56
fast_pair,WIPRO,2025-04-28,LONG,2025-04-28T12:10:00,234.50,233.64,235.80,1279,0.86,2025-04-28T13:40:00,234.15,REVERSE,-447.65,-897.20
fast_pair,WIPRO,2025-04-29,SHORT,2025-04-29T10:40:00,234.40,235.16,233.27,1279,0.76,2025-04-29T10:40:00,235.16,STOP,-965.84,-1416.26
fast_pair,WIPRO,2025-04-30,SHORT,2025-04-30T11:20:00,235.80,236.51,234.73,1272,0.71,2025-04-30T11:50:00,234.73,TARGET,1359.35,910.47
fast_pair,WIPRO,2025-05-02,SHORT,2025-05-02T11:40:00,236.35,237.32,234.90,1269,0.97,2025-05-02T12:30:00,234.90,TARGET,1839.28,1390.77
fast_pair,WIPRO,2025-05-06,SHORT,2025-05-06T11:50:00,237.15,237.89,236.04,1265,0.74,2025-05-06T11:50:00,237.75,REVERSE,-759.00,-1209.56
fast_pair,WIPRO,2025-05-07,LONG,2025-05-07T10:40:00,236.50,235.48,238.03,1268,1.02,2025-05-07T10:50:00,235.48,STOP,-1296.19,-1745.04
fast_pair,WIPRO,2025-05-08,SHORT,2025-05-08T10:20:00,237.35,238.09,236.24,1263,0.74,2025-05-08T10:40:00,236.24,TARGET,1401.88,953.28
fast_pair,WIPRO,2025-05-09,LONG,2025-05-09T10:40:00,235.20,234.12,236.82,1275,1.08,2025-05-09T11:30:00,236.82,TARGET,2064.16,1612.79
fast_pair,WIPRO,2025-05-15,LONG,2025-05-15T12:20:00,245.75,244.96,246.94,1220,0.79,2025-05-15T13:10:00,246.94,TARGET,1451.96,1001.15
fast_pair,WIPRO,2025-05-16,SHORT,2025-05-16T10:00:00,248.50,249.32,247.27,1207,0.82,2025-05-16T11:30:00,247.27,TARGET,1488.92,1040.13
fast_pair,WIPRO,2025-05-19,LONG,2025-05-19T10:30:00,247.90,247.34,248.75,1210,0.56,2025-05-19T10:40:00,247.34,STOP,-682.72,-1132.14
fast_pair,WIPRO,2025-05-20,SHORT,2025-05-20T11:30:00,245.80,246.42,244.88,1220,0.62,2025-05-20T12:50:00,244.88,TARGET,1125.58,676.61
fast_pair,WIPRO,2025-05-23,SHORT,2025-05-23T12:20:00,242.00,242.72,240.92,1239,0.72,2025-05-23T14:10:00,242.35,TIME_STOP,-433.65,-883.73
fast_pair,WIPRO,2025-05-27,LONG,2025-05-27T11:30:00,243.25,242.69,244.09,1233,0.56,2025-05-27T11:30:00,244.09,TARGET,1038.81,588.14
fast_pair,WIPRO,2025-05-28,SHORT,2025-05-28T10:40:00,242.55,243.05,241.79,1236,0.50,2025-05-28T11:10:00,241.79,TARGET,935.24,486.25
fast_pair,WIPRO,2025-06-02,LONG,2025-06-02T12:50:00,241.50,240.99,242.26,1242,0.51,2025-06-02T13:00:00,241.25,REVERSE,-310.50,-760.18
fast_pair,WIPRO,2025-06-04,SHORT,2025-06-04T11:50:00,240.75,241.27,239.96,1246,0.52,2025-06-04T13:10:00,241.00,REVERSE,-311.50,-761.70
fast_pair,WIPRO,2025-06-05,SHORT,2025-06-05T11:00:00,241.05,241.43,240.47,1244,0.38,2025-06-05T11:30:00,241.43,STOP,-477.24,-927.40
fast_pair,WIPRO,2025-06-09,SHORT,2025-06-09T11:40:00,243.45,243.99,242.65,1232,0.54,2025-06-09T12:30:00,243.70,REVERSE,-308.00,-758.13
fast_pair,WIPRO,2025-06-11,LONG,2025-06-11T10:10:00,248.90,248.29,249.82,1205,0.61,2025-06-11T12:00:00,249.75,TIME_STOP,1024.25,573.60
fast_pair,WIPRO,2025-06-12,LONG,2025-06-12T11:10:00,251.85,251.07,253.02,1191,0.78,2025-06-12T11:20:00,253.02,TARGET,1395.50,944.53
fast_pair,WIPRO,2025-06-13,LONG,2025-06-13T10:30:00,253.75,252.57,255.51,1182,1.18,2025-06-13T11:10:00,255.51,TARGET,2083.97,1632.51
fast_pair,WIPRO,2025-06-16,LONG,2025-06-16T10:50:00,254.45,253.54,255.82,1179,0.91,2025-06-16T12:10:00,253.54,STOP,-1073.20,-1522.39
fast_pair,WIPRO,2025-06-17,SHORT,2025-06-17T13:20:00,257.55,258.27,256.47,1164,0.72,2025-06-17T15:00:00,256.47,TARGET,1255.81,807.07
fast_pair,WIPRO,2025-06-18,SHORT,2025-06-18T10:30:00,256.05,256.88,254.81,1171,0.83,2025-06-18T12:00:00,254.81,TARGET,1455.22,1006.56
fast_pair,WIPRO,2025-06-20,LONG,2025-06-20T11:00:00,258.40,257.53,259.70,1160,0.87,2025-06-20T11:50:00,259.70,TARGET,1512.84,1062.09
fast_pair,WIPRO,2025-06-23,LONG,2025-06-23T13:20:00,256.75,256.17,257.63,1168,0.58,2025-06-23T13:30:00,257.63,TARGET,1024.38,573.79
fast_pair,WIPRO,2025-06-24,SHORT,2025-06-24T13:30:00,260.10,260.70,259.21,1153,0.60,2025-06-24T13:40:00,259.21,TARGET,1031.93,582.86
fast_pair,WIPRO,2025-06-26,SHORT,2025-06-26T10:50:00,262.15,262.86,261.09,1144,0.71,2025-06-26T11:00:00,262.86,STOP,-811.77,-1262.22
fast_pair,WIPRO,2025-07-01,SHORT,2025-07-01T10:30:00,259.05,259.77,257.97,1158,0.72,2025-07-01T11:50:00,257.97,TARGET,1250.38,801.35
fast_pair,WIPRO,2025-07-02,SHORT,2025-07-02T11:10:00,258.60,259.46,257.31,1160,0.86,2025-07-02T11:30:00,259.46,STOP,-995.57,-1446.28
fast_pair,WIPRO,2025-07-03,SHORT,2025-07-03T12:00:00,261.65,262.44,260.47,1146,0.79,2025-07-03T13:10:00,262.44,STOP,-900.50,-1350.95
fast_pair,WIPRO,2025-07-04,SHORT,2025-07-04T11:50:00,261.55,262.35,260.36,1147,0.80,2025-07-04T12:00:00,262.35,STOP,-913.19,-1363.87
fast_pair,WIPRO,2025-07-09,LONG,2025-07-09T10:40:00,261.20,260.29,262.57,1148,0.91,2025-07-09T11:10:00,260.29,STOP,-1049.57,-1498.57
fast_pair,WIPRO,2025-07-10,LONG,2025-07-10T14:10:00,257.95,257.32,258.89,1163,0.63,2025-07-10T15:20:00,258.30,EOD,407.05,-43.25
fast_pair,WIPRO,2025-07-15,SHORT,2025-07-15T10:10:00,247.00,247.76,245.86,1214,0.76,2025-07-15T10:30:00,247.76,STOP,-921.05,-1371.53
fast_pair,WIPRO,2025-07-17,SHORT,2025-07-17T13:30:00,254.40,255.11,253.33,1179,0.71,2025-07-17T13:50:00,255.11,STOP,-840.54,-1291.08
fast_pair,WIPRO,2025-07-18,SHORT,2025-07-18T12:30:00,259.45,260.64,257.67,1156,1.19,2025-07-18T12:30:00,260.05,REVERSE,-693.60,-1144.01
fast_pair,WIPRO,2025-07-22,LONG,2025-07-22T11:00:00,254.25,253.51,255.35,1179,0.74,2025-07-22T11:50:00,253.51,STOP,-867.26,-1316.25
fast_pair,WIPRO,2025-07-23,LONG,2025-07-23T11:00:00,252.95,252.37,253.82,1186,0.58,2025-07-23T11:50:00,252.75,REVERSE,-237.20,-687.02
fast_pair,WIPRO,2025-07-25,LONG,2025-07-25T13:30:00,251.15,250.53,252.08,1194,0.62,2025-07-25T15:10:00,252.08,TARGET,1106.59,655.95
fast_pair,WIPRO,2025-07-29,LONG,2025-07-29T11:00:00,243.35,242.61,244.47,1232,0.74,2025-07-29T12:00:00,242.95,REVERSE,-492.80,-942.14
fast_pair,WIPRO,2025-07-30,SHORT,2025-07-30T10:00:00,243.75,244.55,242.55,1230,0.80,2025-07-30T11:30:00,244.55,STOP,-981.32,-1431.78
fast_pair,WIPRO,2025-07-31,LONG,2025-07-31T11:50:00,241.85,241.25,242.76,1240,0.60,2025-07-31T12:40:00,242.76,TARGET,1123.65,672.96
fast_pair,WIPRO,2025-08-04,LONG,2025-08-04T13:10:00,238.50,237.83,239.51,1257,0.67,2025-08-04T13:50:00,239.51,TARGET,1266.32,815.68
fast_pair,WIPRO,2025-08-05,LONG,2025-08-05T11:10:00,239.55,238.91,240.51,1252,0.64,2025-08-05T11:30:00,238.91,STOP,-797.97,-1247.24
fast_pair,WIPRO,2025-08-06,LONG,2025-08-06T13:10:00,236.05,235.51,236.86,1270,0.54,2025-08-06T13:40:00,235.51,STOP,-683.38,-1132.54
fast_pair,WIPRO,2025-08-07,LONG,2025-08-07T10:00:00,235.15,234.57,236.01,1275,0.58,2025-08-07T10:00:00,234.57,STOP,-734.41,-1183.58
fast_pair,WIPRO,2025-08-08,SHORT,2025-08-08T10:20:00,234.35,235.00,233.38,1280,0.65,2025-08-08T12:10:00,234.15,TIME_STOP,256.00,-193.76
fast_pair,WIPRO,2025-08-11,LONG,2025-08-11T10:40:00,234.35,233.71,235.30,1280,0.64,2025-08-11T12:30:00,234.55,TIME_STOP,256.00,-194.14
fast_pair,WIPRO,2025-08-12,SHORT,2025-08-12T11:10:00,237.05,237.88,235.80,1265,0.83,2025-08-12T13:00:00,236.75,TIME_STOP,379.50,-70.02
fast_pair,WIPRO,2025-08-13,LONG,2025-08-13T12:50:00,235.65,235.14,236.42,1273,0.51,2025-08-13T14:20:00,236.42,TARGET,981.24,530.54
fast_pair,WIPRO,2025-08-18,SHORT,2025-08-18T11:00:00,240.45,241.18,239.35,1247,0.73,2025-08-18T12:00:00,239.35,TARGET,1372.70,923.97
fast_pair,WIPRO,2025-08-19,LONG,2025-08-19T10:30:00,240.05,239.46,240.93,1249,0.59,2025-08-19T12:00:00,240.93,TARGET,1096.15,645.59
fast_pair,WIPRO,2025-08-20,LONG,2025-08-20T10:00:00,241.35,240.68,242.36,1243,0.67,2025-08-20T10:40:00,242.36,TARGET,1253.47,802.53
fast_pair,WIPRO,2025-08-21,LONG,2025-08-21T10:50:00,245.00,244.36,245.95,1224,0.64,2025-08-21T10:50:00,244.36,STOP,-779.14,-1228.38
fast_pair,WIPRO,2025-08-22,LONG,2025-08-22T12:00:00,243.45,242.70,244.58,1232,0.75,2025-08-22T12:00:00,244.58,TARGET,1394.17,943.22
fast_pair,WIPRO,2025-08-26,SHORT,2025-08-26T12:20:00,245.95,246.62,244.95,1219,0.67,2025-08-26T12:20:00,246.40,REVERSE,-548.55,-998.68
fast_pair,WIPRO,2025-08-28,LONG,2025-08-28T12:20:00,244.35,243.74,245.26,1227,0.61,2025-08-28T12:20:00,244.00,REVERSE,-429.45,-878.85
fast_pair,WIPRO,2025-08-29,SHORT,2025-08-29T10:10:00,244.55,245.40,243.27,1226,0.85,2025-08-29T10:40:00,245.05,REVERSE,-613.00,-1063.19
fast_pair,WIPRO,2025-09-01,SHORT,2025-09-01T12:40:00,245.05,245.60,244.23,1224,0.55,2025-09-01T12:40:00,244.23,TARGET,1003.64,554.48
fast_pair,WIPRO,2025-09-03,SHORT,2025-09-03T10:40:00,244.20,244.68,243.47,1228,0.48,2025-09-03T10:40:00,243.47,TARGET,892.09,442.94
fast_pair,WIPRO,2025-09-05,SHORT,2025-09-05T10:20:00,236.80,237.67,235.49,1266,0.87,2025-09-05T10:20:00,235.49,TARGET,1652.54,1204.09
fast_pair,WIPRO,2025-09-08,LONG,2025-09-08T10:00:00,238.00,237.15,239.27,1260,0.85,2025-09-08T10:00:00,237.75,REVERSE,-315.00,-764.58
fast_pair,WIPRO,2025-09-12,LONG,2025-09-12T11:40:00,246.10,245.49,247.02,1219,0.61,2025-09-12T12:10:00,245.49,STOP,-747.08,-1196.52
fast_pair,WIPRO,2025-09-15,LONG,2025-09-15T12:10:00,244.65,244.22,245.29,1226,0.43,2025-09-15T14:00:00,244.70,TIME_STOP,61.30,-388.66
fast_pair,WIPRO,2025-09-16,SHORT,2025-09-16T11:00:00,244.70,245.20,243.95,1225,0.50,2025-09-16T11:10:00,245.00,REVERSE,-367.50,-817.41
fast_pair,WIPRO,2025-09-17,SHORT,2025-09-17T13:50:00,247.90,248.37,247.19,1210,0.47,2025-09-17T14:10:00,247.19,TARGET,858.78,409.48
fast_pair,WIPRO,2025-09-19,SHORT,2025-09-19T12:20:00,249.10,249.63,248.31,1204,0.53,2025-09-19T12:40:00,248.31,TARGET,948.39,499.22
fast_pair,WIPRO,2025-09-22,LONG,2025-09-22T12:50:00,244.80,244.14,245.79,1225,0.66,2025-09-22T12:50:00,244.14,STOP,-809.56,-1258.78
fast_pair,WIPRO,2025-09-23,LONG,2025-09-23T12:20:00,244.15,243.58,245.01,1228,0.57,2025-09-23T13:40:00,245.01,TARGET,1050.79,600.28
fast_pair,WIPRO,2025-09-25,SHORT,2025-09-25T10:20:00,238.50,239.05,237.67,1257,0.55,2025-09-25T10:40:00,237.67,TARGET,1042.23,593.32
fast_pair,WIPRO,2025-09-29,LONG,2025-09-29T13:00:00,233.50,232.83,234.50,1284,0.67,2025-09-29T13:20:00,234.50,TARGET,1280.86,830.18
fast_pair,WIPRO,2025-09-30,SHORT,2025-09-30T12:10:00,234.10,234.61,233.33,1281,0.51,2025-09-30T12:20:00,234.61,STOP,-654.73,-1105.04
fast_pair,WIPRO,2025-10-01,LONG,2025-10-01T12:10:00,233.70,233.13,234.56,1283,0.57,2025-10-01T14:00:00,233.70,TIME_STOP,0.00,-449.76
fast_pair,WIPRO,2025-10-03,LONG,2025-10-03T13:00:00,233.80,233.29,234.56,1283,0.51,2025-10-03T14:40:00,234.56,TARGET,974.00,523.32
fast_pair,WIPRO,2025-10-06,LONG,2025-10-06T10:30:00,234.85,234.28,235.70,1277,0.57,2025-10-06T11:10:00,235.70,TARGET,1084.12,633.45
fast_pair,WIPRO,2025-10-07,SHORT,2025-10-07T11:10:00,236.40,237.00,235.49,1269,0.60,2025-10-07T12:10:00,237.00,STOP,-765.87,-1216.44
fast_pair,WIPRO,2025-10-08,SHORT,2025-10-08T11:20:00,237.65,238.35,236.60,1262,0.70,2025-10-08T12:20:00,236.60,TARGET,1318.96,870.08
fast_pair,WIPRO,2025-10-10,SHORT,2025-10-10T13:20:00,243.30,243.90,242.40,1233,0.60,2025-10-10T13:20:00,243.35,REVERSE,-61.65,-511.68
fast_pair,WIPRO,2025-10-13,LONG,2025-10-13T13:30:00,239.15,238.60,239.97,1254,0.55,2025-10-13T13:50:00,238.85,REVERSE,-376.20,-825.76
fast_pair,WIPRO,2025-10-15,SHORT,2025-10-15T11:20:00,242.60,243.52,241.22,1236,0.92,2025-10-15T11:50:00,243.52,STOP,-1139.50,-1590.14
fast_pair,WIPRO,2025-10-16,SHORT,2025-10-16T10:20:00,243.15,243.91,242.01,1233,0.76,2025-10-16T10:50:00,243.91,STOP,-934.50,-1384.91
fast_pair,WIPRO,2025-10-23,SHORT,2025-10-23T13:20:00,239.85,240.46,238.93,1250,0.61,2025-10-23T15:00:00,238.93,TARGET,1151.87,703.02
fast_pair,WIPRO,2025-10-27,SHORT,2025-10-27T11:50:00,237.95,238.47,237.17,1260,0.52,2025-10-27T12:00:00,238.35,REVERSE,-504.00,-954.10
fast_pair,WIPRO,2025-10-29,LONG,2025-10-29T12:30:00,236.70,236.28,237.32,1267,0.42,2025-10-29T13:10:00,236.28,STOP,-525.83,-975.28
fast_pair,WIPRO,2025-10-31,SHORT,2025-10-31T10:50:00,235.75,236.19,235.08,1272,0.44,2025-10-31T12:40:00,235.50,TIME_STOP,318.00,-131.57
fast_pair,WIPRO,2025-11-03,LONG,2025-11-03T10:50:00,235.10,234.64,235.80,1276,0.46,2025-11-03T10:50:00,234.64,STOP,-591.23,-1040.77
fast_pair,WIPRO,2025-11-11,LONG,2025-11-11T12:30:00,233.60,233.12,234.33,1284,0.48,2025-11-11T12:50:00,234.33,TARGET,931.04,480.43
fast_pair,WIPRO,2025-11-14,LONG,2025-11-14T12:30:00,237.45,236.93,238.23,1263,0.52,2025-11-14T12:30:00,237.40,REVERSE,-63.15,-512.95
fast_pair,WIPRO,2025-11-17,SHORT,2025-11-17T10:20:00,237.55,238.22,236.54,1262,0.67,2025-11-17T12:10:00,237.35,TIME_STOP,252.40,-197.09
fast_pair,WIPRO,2025-11-18,LONG,2025-11-18T13:30:00,236.05,235.71,236.56,1270,0.34,2025-11-18T14:20:00,235.71,STOP,-428.34,-877.70
fast_pair,WIPRO,2025-11-20,SHORT,2025-11-20T11:20:00,239.90,240.39,239.16,1250,0.49,2025-11-20T13:00:00,240.00,REVERSE,-125.00,-574.91
fast_pair,WIPRO,2025-11-24,SHORT,2025-11-24T12:50:00,241.50,242.09,240.62,1242,0.59,2025-11-24T14:40:00,242.09,STOP,-732.38,-1182.85
fast_pair,WIPRO,2025-11-25,LONG,2025-11-25T11:40:00,240.35,239.68,241.36,1248,0.67,2025-11-25T13:20:00,239.68,STOP,-841.81,-1291.12
fast_pair,WIPRO,2025-11-27,SHORT,2025-11-27T11:10:00,243.85,244.52,242.85,1230,0.67,2025-11-27T11:50:00,242.85,TARGET,1233.44,784.47
fast_pair,WIPRO,2025-11-28,SHORT,2025-11-28T13:10:00,243.15,243.68,242.36,1233,0.53,2025-11-28T13:10:00,242.36,TARGET,973.75,524.78
fast_pair,WIPRO,2025-12-01,SHORT,2025-12-01T11:10:00,243.20,243.74,242.39,1233,0.54,2025-12-01T12:00:00,243.74,STOP,-668.87,-1119.17
fast_pair,WIPRO,2025-12-02,LONG,2025-12-02T12:10:00,243.85,243.38,244.56,1230,0.47,2025-12-02T14:00:00,244.00,TIME_STOP,184.50,-265.54
fast_pair,WIPRO,2025-12-03,SHORT,2025-12-03T13:20:00,248.80,249.52,247.71,1205,0.72,2025-12-03T15:10:00,248.45,TIME_STOP,421.75,-27.64
fast_pair,WIPRO,2025-12-04,SHORT,2025-12-04T13:20:00,250.50,251.03,249.70,1197,0.53,2025-12-04T14:50:00,249.70,TARGET,957.81,508.75
fast_pair,WIPRO,2025-12-05,SHORT,2025-12-05T14:10:00,253.10,253.63,252.31,1185,0.53,2025-12-05T15:10:00,253.40,REVERSE,-355.50,-805.65
fast_pair,WIPRO,2025-12-08,SHORT,2025-12-08T12:20:00,254.65,255.31,253.66,1178,0.66,2025-12-08T13:30:00,253.66,TARGET,1167.48,718.39
fast_pair,WIPRO,2025-12-09,LONG,2025-12-09T12:10:00,252.60,251.79,253.81,1187,0.81,2025-12-09T12:40:00,251.79,STOP,-956.10,-1405.14
fast_pair,WIPRO,2025-12-10,SHORT,2025-12-10T11:20:00,251.80,252.49,250.76,1191,0.69,2025-12-10T12:20:00,252.49,STOP,-825.23,-1275.69
fast_pair,WIPRO,2025-12-11,SHORT,2025-12-11T10:00:00,251.65,252.34,250.61,1192,0.69,2025-12-11T10:00:00,252.10,REVERSE,-536.40,-986.75
fast_pair,WIPRO,2025-12-12,LONG,2025-12-12T11:00:00,252.10,251.52,252.97,1190,0.58,2025-12-12T12:50:00,252.60,TIME_STOP,595.00,144.56
fast_pair,WIPRO,2025-12-16,SHORT,2025-12-16T10:50:00,253.45,254.00,252.62,1183,0.55,2025-12-16T12:40:00,253.55,TIME_STOP,-118.30,-568.14
fast_pair,WIPRO,2025-12-17,SHORT,2025-12-17T12:30:00,253.90,254.39,253.17,1181,0.49,2025-12-17T13:00:00,254.39,STOP,-573.84,-1024.05
fast_pair,WIPRO,2025-12-18,SHORT,2025-12-18T13:10:00,256.60,257.12,255.82,1169,0.52,2025-12-18T13:30:00,255.82,TARGET,913.00,463.73
fast_pair,WIPRO,2025-12-19,SHORT,2025-12-19T11:40:00,257.15,257.76,256.24,1166,0.61,2025-12-19T12:10:00,257.76,STOP,-710.75,-1161.04
fast_pair,WIPRO,2025-12-26,LONG,2025-12-26T10:10:00,261.70,261.15,262.53,1146,0.55,2025-12-26T10:20:00,261.15,STOP,-634.03,-1083.42
fast_pair,WIPRO,2025-12-29,SHORT,2025-12-29T10:40:00,259.70,260.28,258.83,1155,0.58,2025-12-29T11:00:00,258.83,TARGET,999.37,550.19
fast_pair,WIPRO,2025-12-30,LONG,2025-12-30T13:00:00,257.50,257.02,258.22,1165,0.48,2025-12-30T13:00:00,257.20,REVERSE,-349.50,-799.22
fast_pair,WIPRO,2026-01-02,SHORT,2026-01-02T13:40:00,263.55,264.12,262.70,1138,0.57,2026-01-02T14:20:00,262.70,TARGET,972.03,522.88
fast_pair,WIPRO,2026-01-05,LONG,2026-01-05T12:30:00,258.10,257.19,259.46,1162,0.91,2026-01-05T13:00:00,257.40,REVERSE,-813.40,-1262.66
fast_pair,WIPRO,2026-01-06,SHORT,2026-01-06T13:40:00,257.70,258.21,256.94,1164,0.51,2026-01-06T14:50:00,258.21,STOP,-591.30,-1041.68
fast_pair,WIPRO,2026-01-07,SHORT,2026-01-07T12:50:00,262.55,263.42,261.25,1142,0.87,2026-01-07T14:20:00,263.00,REVERSE,-513.90,-964.03
fast_pair,WIPRO,2026-01-12,SHORT,2026-01-12T10:50:00,255.45,256.35,254.10,1174,0.90,2026-01-12T11:30:00,254.10,TARGET,1583.47,1134.81
fast_pair,WIPRO,2026-01-13,LONG,2026-01-13T10:40:00,257.15,256.15,258.65,1166,1.00,2026-01-13T12:00:00,256.30,REVERSE,-991.10,-1440.11
fast_pair,WIPRO,2026-01-14,LONG,2026-01-14T11:50:00,255.65,254.92,256.74,1173,0.73,2026-01-14T12:20:00,254.92,STOP,-854.85,-1304.03
fast_pair,WIPRO,2026-01-21,LONG,2026-01-21T10:20:00,235.45,234.34,237.12,1274,1.11,2026-01-21T10:30:00,234.34,STOP,-1414.99,-1863.88
fast_pair,WIPRO,2026-01-22,SHORT,2026-01-22T11:50:00,234.10,234.79,233.07,1281,0.69,2026-01-22T13:40:00,233.60,TIME_STOP,640.50,191.16
fast_pair,WIPRO,2026-01-23,SHORT,2026-01-23T11:00:00,234.90,235.54,233.94,1277,0.64,2026-01-23T11:30:00,233.94,TARGET,1221.91,772.88
fast_pair,WIPRO,2026-01-27,LONG,2026-01-27T10:00:00,233.70,232.86,234.97,1283,0.84,2026-01-27T10:40:00,232.86,STOP,-1083.92,-1532.87
fast_pair,WIPRO,2026-01-28,SHORT,2026-01-28T13:50:00,236.20,236.71,235.44,1270,0.51,2026-01-28T14:00:00,236.71,STOP,-646.77,-1097.21
fast_pair,WIPRO,2026-01-29,SHORT,2026-01-29T10:00:00,236.40,237.05,235.42,1269,0.65,2026-01-29T11:20:00,237.05,STOP,-825.73,-1276.34
fast_pair,WIPRO,2026-01-30,LONG,2026-01-30T12:40:00,237.10,236.48,238.03,1265,0.62,2026-01-30T13:00:00,236.48,STOP,-785.90,-1235.21
fast_pair,WIPRO,2026-02-02,SHORT,2026-02-02T12:30:00,239.88,240.78,238.53,1250,0.90,2026-02-02T13:00:00,240.78,STOP,-1127.20,-1577.82
fast_pair,WIPRO,2026-02-03,SHORT,2026-02-03T12:10:00,244.60,246.07,242.40,1226,1.47,2026-02-03T14:00:00,243.79,TIME_STOP,993.06,543.99
fast_pair,WIPRO,2026-02-04,LONG,2026-02-04T14:00:00,233.09,232.31,234.26,1287,0.78,2026-02-04T15:20:00,233.51,EOD,540.54,90.15
fast_pair,WIPRO,2026-02-05,SHORT,2026-02-05T11:20:00,233.71,234.44,232.61,1283,0.73,2026-02-05T11:50:00,232.61,TARGET,1409.54,960.82
fast_pair,WIPRO,2026-02-06,LONG,2026-02-06T13:50:00,230.20,229.67,231.00,1303,0.53,2026-02-06T15:10:00,231.00,TARGET,1045.33,594.62
fast_pair,WIPRO,2026-02-10,LONG,2026-02-10T10:20:00,230.70,229.99,231.77,1300,0.71,2026-02-10T10:20:00,231.77,TARGET,1389.63,938.72
fast_pair,WIPRO,2026-02-11,SHORT,2026-02-11T10:00:00,231.20,231.78,230.33,1297,0.58,2026-02-11T11:50:00,230.93,TIME_STOP,350.19,-99.35
fast_pair,WIPRO,2026-02-13,LONG,2026-02-13T11:50:00,214.87,213.60,216.77,1396,1.27,2026-02-13T13:40:00,214.55,TIME_STOP,-446.72,-896.32
fast_pair,WIPRO,2026-02-18,SHORT,2026-02-18T10:00:00,211.49,212.45,210.06,1418,0.96,2026-02-18T11:50:00,212.45,STOP,-1356.01,-1806.87
fast_pair,WIPRO,2026-02-19,SHORT,2026-02-19T11:50:00,212.58,213.18,211.67,1411,0.60,2026-02-19T12:20:00,211.67,TARGET,1279.67,830.71
fast_pair,WIPRO,2026-02-20,LONG,2026-02-20T10:40:00,211.70,210.85,212.97,1417,0.85,2026-02-20T10:50:00,210.85,STOP,-1202.51,-1651.58
fast_pair,WIPRO,2026-02-26,SHORT,2026-02-26T11:10:00,201.60,202.39,200.42,1488,0.79,2026-02-26T11:50:00,200.42,TARGET,1761.78,1313.13
fast_pair,WIPRO,2026-02-27,SHORT,2026-02-27T12:20:00,201.45,201.89,200.79,1489,0.44,2026-02-27T13:10:00,201.59,REVERSE,-208.46,-658.55
fast_pair,WIPRO,2026-03-06,SHORT,2026-03-06T11:30:00,196.69,197.35,195.71,1525,0.66,2026-03-06T13:20:00,196.05,TIME_STOP,976.00,526.80
fast_pair,WIPRO,2026-03-09,LONG,2026-03-09T11:00:00,196.14,195.32,197.38,1529,0.82,2026-03-09T11:40:00,197.38,TARGET,1890.43,1439.17
fast_pair,WIPRO,2026-03-10,SHORT,2026-03-10T12:30:00,198.24,198.87,197.30,1513,0.63,2026-03-10T13:00:00,198.87,STOP,-947.58,-1398.20
fast_pair,WIPRO,2026-03-12,LONG,2026-03-12T11:00:00,202.36,201.56,203.56,1482,0.80,2026-03-12T12:50:00,202.46,TIME_STOP,148.20,-301.76
fast_pair,HCLTECH,2024-03-18,LONG,2024-03-18T11:40:00,1657.80,1651.57,1667.15,180,6.23,2024-03-18T12:50:00,1652.60,REVERSE,-936.00,-1382.90
fast_pair,HCLTECH,2024-03-20,LONG,2024-03-20T12:00:00,1599.25,1594.49,1606.38,187,4.76,2024-03-20T12:00:00,1597.50,REVERSE,-327.25,-775.59
fast_pair,HCLTECH,2024-03-21,SHORT,2024-03-21T12:00:00,1597.80,1603.82,1588.76,187,6.02,2024-03-21T12:10:00,1588.76,TARGET,1689.78,1242.87
fast_pair,HCLTECH,2024-03-22,LONG,2024-03-22T11:30:00,1561.75,1552.01,1576.36,192,9.74,2024-03-22T12:10:00,1552.01,STOP,-1870.55,-2318.93
fast_pair,HCLTECH,2024-03-26,SHORT,2024-03-26T11:00:00,1559.15,1566.37,1548.32,192,7.22,2024-03-26T12:50:00,1562.70,REVERSE,-681.60,-1131.15
fast_pair,HCLTECH,2024-03-27,SHORT,2024-03-27T12:50:00,1570.35,1573.82,1565.15,191,3.47,2024-03-27T14:40:00,1565.15,TARGET,994.02,544.86
fast_pair,HCLTECH,2024-03-28,LONG,2024-03-28T12:50:00,1547.25,1542.71,1554.07,193,4.54,2024-03-28T13:20:00,1554.07,TARGET,1315.67,866.75
fast_pair,HCLTECH,2024-04-01,SHORT,2024-04-01T12:40:00,1558.35,1562.86,1551.59,192,4.51,2024-04-01T12:40:00,1560.40,REVERSE,-393.60,-842.70
fast_pair,HCLTECH,2024-04-03,LONG,2024-04-03T10:00:00,1539.90,1534.92,1547.37,194,4.98,2024-04-03T10:00:00,1547.37,TARGET,1448.37,999.17
fast_pair,HCLTECH,2024-04-04,LONG,2024-04-04T11:30:00,1534.90,1529.23,1543.41,195,5.67,2024-04-04T13:20:00,1542.00,TIME_STOP,1384.50,934.50
fast_pair,HCLTECH,2024-04-05,LONG,2024-04-05T10:40:00,1540.00,1534.63,1548.05,194,5.37,2024-04-05T11:20:00,1536.85,REVERSE,-611.10,-1058.78
fast_pair,HCLTECH,2024-04-09,SHORT,2024-04-09T11:50:00,1545.70,1549.75,1539.62,194,4.05,2024-04-09T12:30:00,1539.62,TARGET,1178.78,729.86
fast_pair,HCLTECH,2024-04-10,SHORT,2024-04-10T12:40:00,1546.10,1549.93,1540.36,194,3.83,2024-04-10T12:40:00,1548.05,REVERSE,-378.30,-828.50
fast_pair,HCLTECH,2024-04-15,LONG,2024-04-15T10:10:00,1525.30,1519.51,1533.99,196,5.79,2024-04-15T10:10:00,1519.51,STOP,-1135.07,-1582.66
fast_pair,HCLTECH,2024-04-18,LONG,2024-04-18T11:50:00,1470.85,1464.63,1480.18,203,6.22,2024-04-18T11:50:00,1466.60,REVERSE,-862.75,-1309.98
fast_pair,HCLTECH,2024-04-19,LONG,2024-04-19T13:00:00,1448.25,1443.23,1455.78,207,5.02,2024-04-19T13:20:00,1446.65,REVERSE,-331.20,-780.63
fast_pair,HCLTECH,2024-04-22,SHORT,2024-04-22T13:00:00,1461.15,1465.54,1454.56,205,4.39,2024-04-22T14:30:00,1454.56,TARGET,1351.32,903.03
fast_pair,HCLTECH,2024-04-25,SHORT,2024-04-25T11:10:00,1492.95,1497.98,1485.40,200,5.03,2024-04-25T11:10:00,1497.98,STOP,-1006.88,-1455.52
fast_pair,HCLTECH,2024-04-26,SHORT,2024-04-26T12:30:00,1517.00,1521.93,1509.60,197,4.93,2024-04-26T13:10:00,1509.60,TARGET,1458.04,1010.86
fast_pair,HCLTECH,2024-04-30,SHORT,2024-04-30T10:20:00,1385.95,1391.07,1378.26,216,5.12,2024-04-30T10:20:00,1391.07,STOP,-1106.76,-1556.64
fast_pair,HCLTECH,2024-05-07,LONG,2024-05-07T13:50:00,1337.80,1333.94,1343.60,224,3.86,2024-05-07T14:30:00,1333.94,STOP,-865.59,-1314.44
fast_pair,HCLTECH,2024-05-08,LONG,2024-05-08T13:40:00,1315.10,1311.74,1320.14,228,3.36,2024-05-08T13:40:00,1314.05,REVERSE,-239.40,-688.98
fast_pair,HCLTECH,2024-05-09,SHORT,2024-05-09T13:10:00,1327.05,1331.33,1320.62,226,4.28,2024-05-09T14:10:00,1330.80,REVERSE,-847.50,-1298.01
fast_pair,HCLTECH,2024-05-13,LONG,2024-05-13T12:00:00,1311.05,1307.33,1316.63,228,3.72,2024-05-13T12:40:00,1316.63,TARGET,1273.34,824.00
fast_pair,HCLTECH,2024-05-14,SHORT,2024-05-14T10:10:00,1311.40,1315.10,1305.85,228,3.70,2024-05-14T11:10:00,1315.10,STOP,-843.31,-1292.44
fast_pair,HCLTECH,2024-05-16,SHORT,2024-05-16T11:30:00,1343.35,1348.44,1335.71,223,5.09,2024-05-16T11:40:00,1348.44,STOP,-1135.70,-1585.90
fast_pair,HCLTECH,2024-05-17,SHORT,2024-05-17T10:00:00,1341.00,1346.34,1332.99,223,5.34,2024-05-17T10:00:00,1345.00,REVERSE,-892.00,-1341.23
fast_pair,HCLTECH,2024-05-21,LONG,2024-05-21T13:00:00,1334.35,1330.41,1340.26,224,3.94,2024-05-21T13:40:00,1340.26,TARGET,1324.72,875.39
fast_pair,HCLTECH,2024-05-22,SHORT,2024-05-22T12:30:00,1345.00,1348.49,1339.76,223,3.49,2024-05-22T12:30:00,1346.90,REVERSE,-423.70,-873.92
fast_pair,HCLTECH,2024-05-23,SHORT,2024-05-23T13:30:00,1350.30,1353.53,1345.46,222,3.23,2024-05-23T13:30:00,1353.53,STOP,-716.08,-1166.27
fast_pair,HCLTECH,2024-05-24,SHORT,2024-05-24T10:10:00,1350.50,1354.75,1344.13,222,4.25,2024-05-24T11:20:00,1352.55,REVERSE,-455.10,-905.16
fast_pair,HCLTECH,2024-05-27,LONG,2024-05-27T10:20:00,1348.15,1344.60,1353.48,222,3.55,2024-05-27T10:50:00,1344.60,STOP,-788.74,-1237.09
fast_pair,HCLTECH,2024-05-28,LONG,2024-05-28T10:40:00,1355.00,1351.00,1361.00,221,4.00,2024-05-28T12:20:00,1353.70,REVERSE,-287.30,-736.27
fast_pair,HCLTECH,2024-05-29,SHORT,2024-05-29T10:20:00,1357.20,1360.37,1352.45,221,3.17,2024-05-29T11:50:00,1352.45,TARGET,1049.66,600.54
fast_pair,HCLTECH,2024-05-30,LONG,2024-05-30T12:50:00,1338.85,1335.84,1343.36,224,3.01,2024-05-30T13:00:00,1337.70,REVERSE,-257.60,-707.26
fast_pair,HCLTECH,2024-05-31,LONG,2024-05-31T11:30:00,1334.25,1329.25,1341.76,224,5.00,2024-05-31T13:00:00,1330.35,REVERSE,-873.60,-1321.25
fast_pair,HCLTECH,2024-06-04,LONG,2024-06-04T11:40:00,1317.30,1309.09,1329.61,227,8.21,2024-06-04T12:00:00,1309.09,STOP,-1863.19,-2310.33
fast_pair,HCLTECH,2024-06-05,SHORT,2024-06-05T13:40:00,1345.65,1352.28,1335.71,222,6.63,2024-06-05T15:20:00,1346.80,REVERSE,-255.30,-703.59
fast_pair,HCLTECH,2024-06-07,SHORT,2024-06-07T14:10:00,1424.20,1429.39,1416.42,210,5.19,2024-06-07T14:10:00,1426.20,REVERSE,-420.00,-868.94
fast_pair,HCLTECH,2024-06-10,LONG,2024-06-10T11:40:00,1418.75,1412.74,1427.77,211,6.01,2024-06-10T13:30:00,1416.50,TIME_STOP,-474.75,-923.43
fast_pair,HCLTECH,2024-06-12,SHORT,2024-06-12T12:20:00,1443.55,1448.75,1435.76,207,5.20,2024-06-12T12:20:00,1444.45,REVERSE,-186.30,-634.66
fast_pair,HCLTECH,2024-06-13,SHORT,2024-06-13T12:10:00,1446.50,1450.59,1440.37,207,4.09,2024-06-13T12:50:00,1440.37,TARGET,1269.31,821.12
fast_pair,HCLTECH,2024-06-14,LONG,2024-06-14T12:50:00,1431.40,1428.24,1436.13,209,3.16,2024-06-14T13:30:00,1436.13,TARGET,989.53,540.05
fast_pair,HCLTECH,2024-06-18,SHORT,2024-06-18T10:00:00,1430.95,1434.76,1425.24,209,3.81,2024-06-18T11:50:00,1433.20,REVERSE,-470.25,-919.21
fast_pair,HCLTECH,2024-06-20,LONG,2024-06-20T11:10:00,1435.20,1431.99,1440.01,209,3.21,2024-06-20T11:10:00,1440.01,TARGET,1006.33,555.64
fast_pair,HCLTECH,2024-06-21,SHORT,2024-06-21T11:10:00,1452.10,1458.78,1442.08,206,6.68,2024-06-21T11:10:00,1458.78,STOP,-1376.32,-1826.05
fast_pair,HCLTECH,2024-06-24,LONG,2024-06-24T11:20:00,1440.90,1435.93,1448.35,208,4.97,2024-06-24T11:20:00,1439.05,REVERSE,-384.80,-834.07
fast_pair,HCLTECH,2024-06-25,LONG,2024-06-25T10:50:00,1441.00,1437.40,1446.40,208,3.60,2024-06-25T12:30:00,1437.40,STOP,-748.69,-1197.72
fast_pair,HCLTECH,2024-06-26,SHORT,2024-06-26T10:50:00,1441.60,1445.63,1435.55,208,4.03,2024-06-26T12:40:00,1441.15,TIME_STOP,93.60,-356.11
fast_pair,HCLTECH,2024-06-28,SHORT,2024-06-28T10:50:00,1445.00,1449.53,1438.20,207,4.53,2024-06-28T11:50:00,1447.50,REVERSE,-517.50,-966.56
fast_pair,HCLTECH,2024-07-01,SHORT,2024-07-01T14:10:00,1472.20,1475.66,1467.01,203,3.46,2024-07-01T15:20:00,1467.01,TARGET,1054.21,606.72
fast_pair,HCLTECH,2024-07-02,SHORT,2024-07-02T13:50:00,1483.00,1487.12,1476.82,202,4.12,2024-07-02T15:20:00,1479.80,EOD,646.40,197.54
fast_pair,HCLTECH,2024-07-03,LONG,2024-07-03T12:10:00,1478.10,1474.33,1483.76,202,3.77,2024-07-03T12:30:00,1483.76,TARGET,1143.10,694.38
fast_pair,HCLTECH,2024-07-08,LONG,2024-07-08T12:40:00,1516.35,1511.85,1523.10,197,4.50,2024-07-08T12:50:00,1523.10,TARGET,1330.52,881.44
fast_pair,HCLTECH,2024-07-09,SHORT,2024-07-09T10:50:00,1529.75,1535.41,1521.26,196,5.66,2024-07-09T10:50:00,1535.41,STOP,-1108.97,-1559.55
fast_pair,HCLTECH,2024-07-10,LONG,2024-07-10T12:30:00,1508.45,1502.87,1516.82,198,5.58,2024-07-10T14:20:00,1507.25,TIME_STOP,-237.60,-685.43
fast_pair,HCLTECH,2024-07-11,SHORT,2024-07-11T11:40:00,1516.80,1521.95,1509.07,197,5.15,2024-07-11T12:20:00,1521.95,STOP,-1014.82,-1463.80
fast_pair,HCLTECH,2024-07-15,SHORT,2024-07-15T11:40:00,1584.00,1593.72,1569.42,189,9.72,2024-07-15T13:30:00,1575.40,TIME_STOP,1625.40,1177.56
fast_pair,HCLTECH,2024-07-16,LONG,2024-07-16T10:10:00,1579.05,1571.75,1590.00,189,7.30,2024-07-16T10:10:00,1571.75,STOP,-1379.59,-1826.22
fast_pair,HCLTECH,2024-07-18,LONG,2024-07-18T10:00:00,1574.60,1568.83,1583.26,190,5.77,2024-07-18T10:20:00,1568.83,STOP,-1096.70,-1544.64
fast_pair,HCLTECH,2024-07-19,SHORT,2024-07-19T12:40:00,1601.55,1606.81,1593.66,187,5.26,2024-07-19T13:40:00,1593.66,TARGET,1475.35,1027.22
fast_pair,HCLTECH,2024-07-23,LONG,2024-07-23T11:10:00,1574.10,1569.60,1580.85,190,4.50,2024-07-23T12:20:00,1569.60,STOP,-855.03,-1303.01
fast_pair,HCLTECH,2024-07-24,LONG,2024-07-24T11:00:00,1588.95,1582.66,1598.39,188,6.29,2024-07-24T12:20:00,1586.45,REVERSE,-470.00,-917.73
fast_pair,HCLTECH,2024-07-25,LONG,2024-07-25T10:10:00,1592.95,1586.62,1602.44,188,6.33,2024-07-25T10:40:00,1586.62,STOP,-1189.29,-1637.61
fast_pair,HCLTECH,2024-07-30,LONG,2024-07-30T12:50:00,1625.15,1621.36,1630.83,184,3.79,2024-07-30T13:10:00,1621.85,REVERSE,-607.20,-1055.29
fast_pair,HCLTECH,2024-07-31,LONG,2024-07-31T10:20:00,1632.50,1628.62,1638.32,183,3.88,2024-07-31T10:40:00,1638.32,TARGET,1065.91,616.99
fast_pair,HCLTECH,2024-08-01,SHORT,2024-08-01T12:00:00,1647.35,1651.07,1641.77,182,3.72,2024-08-01T13:20:00,1641.77,TARGET,1015.41,566.45
fast_pair,HCLTECH,2024-08-02,LONG,2024-08-02T11:40:00,1628.55,1623.24,1636.51,184,5.31,2024-08-02T11:50:00,1623.24,STOP,-976.87,-1425.62
fast_pair,HCLTECH,2024-08-05,LONG,2024-08-05T13:40:00,1564.75,1558.12,1574.69,191,6.63,2024-08-05T15:20:00,1560.90,REVERSE,-735.35,-1183.10
fast_pair,HCLTECH,2024-08-07,SHORT,2024-08-07T13:10:00,1595.05,1600.53,1586.83,188,5.48,2024-08-07T15:00:00,1595.65,TIME_STOP,-112.80,-562.69
fast_pair,HCLTECH,2024-08-08,LONG,2024-08-08T12:20:00,1599.40,1593.36,1608.45,187,6.04,2024-08-08T12:30:00,1593.36,STOP,-1128.66,-1576.45
fast_pair,HCLTECH,2024-08-09,SHORT,2024-08-09T13:50:00,1596.00,1600.49,1589.27,187,4.49,2024-08-09T14:20:00,1589.27,TARGET,1259.21,812.48
fast_pair,HCLTECH,2024-08-12,LONG,2024-08-12T11:10:00,1588.00,1583.21,1595.19,188,4.79,2024-08-12T11:20:00,1595.19,TARGET,1351.78,902.95
fast_pair,HCLTECH,2024-08-13,SHORT,2024-08-13T12:10:00,1595.40,1600.62,1587.57,188,5.22,2024-08-13T13:40:00,1587.57,TARGET,1471.94,1023.15
fast_pair,HCLTECH,2024-08-20,LONG,2024-08-20T10:30:00,1680.80,1676.34,1687.49,178,4.46,2024-08-20T11:20:00,1676.34,STOP,-793.74,-1241.92
fast_pair,HCLTECH,2024-08-21,SHORT,2024-08-21T10:50:00,1681.15,1685.39,1674.79,178,4.24,2024-08-21T11:10:00,1682.95,REVERSE,-320.40,-769.51
fast_pair,HCLTECH,2024-08-27,SHORT,2024-08-27T10:50:00,1716.90,1725.40,1704.15,174,8.50,2024-08-27T12:40:00,1713.70,TIME_STOP,556.80,109.11
fast_pair,HCLTECH,2024-08-28,LONG,2024-08-28T10:30:00,1719.25,1712.28,1729.71,174,6.97,2024-08-28T11:20:00,1729.71,TARGET,1819.53,1369.44
fast_pair,HCLTECH,2024-08-29,LONG,2024-08-29T10:10:00,1737.45,1730.66,1747.63,172,6.79,2024-08-29T10:20:00,1747.63,TARGET,1751.81,1302.23
fast_pair,HCLTECH,2024-09-03,LONG,2024-09-03T10:00:00,1804.15,1798.55,1812.56,166,5.60,2024-09-03T10:00:00,1812.56,TARGET,1395.54,945.26
fast_pair,HCLTECH,2024-09-04,LONG,2024-09-04T12:40:00,1783.95,1779.98,1789.91,168,3.97,2024-09-04T12:40:00,1789.91,TARGET,1000.51,550.21
fast_pair,HCLTECH,2024-09-05,LONG,2024-09-05T13:50:00,1774.00,1770.46,1779.31,169,3.54,2024-09-05T14:40:00,1779.31,TARGET,897.33,446.94
fast_pair,HCLTECH,2024-09-06,SHORT,2024-09-06T10:00:00,1762.10,1768.95,1751.83,170,6.85,2024-09-06T10:30:00,1751.83,TARGET,1746.04,1298.01
fast_pair,HCLTECH,2024-09-09,SHORT,2024-09-09T13:10:00,1754.10,1758.83,1747.00,171,4.73,2024-09-09T15:00:00,1747.00,TARGET,1213.25,764.23
fast_pair,HCLTECH,2024-09-10,LONG,2024-09-10T10:00:00,1752.90,1747.74,1760.65,171,5.16,2024-09-10T10:50:00,1760.65,TARGET,1324.79,874.18
fast_pair,HCLTECH,2024-09-11,SHORT,2024-09-11T10:30:00,1777.80,1784.93,1767.10,168,7.13,2024-09-11T10:40:00,1781.90,REVERSE,-688.80,-1137.32
fast_pair,HCLTECH,2024-09-12,SHORT,2024-09-12T10:40:00,1780.80,1787.42,1770.86,168,6.62,2024-09-12T12:10:00,1785.20,REVERSE,-739.20,-1188.52
fast_pair,HCLTECH,2024-09-13,SHORT,2024-09-13T13:00:00,1808.35,1813.55,1800.54,165,5.20,2024-09-13T13:00:00,1810.85,REVERSE,-412.50,-860.38
fast_pair,HCLTECH,2024-09-16,SHORT,2024-09-16T12:00:00,1817.05,1821.37,1810.58,165,4.32,2024-09-16T13:40:00,1810.58,TARGET,1068.25,619.33
fast_pair,HCLTECH,2024-09-20,SHORT,2024-09-20T13:50:00,1731.70,1740.81,1718.03,173,9.11,2024-09-20T13:50:00,1740.81,STOP,-1576.85,-2027.40
fast_pair,HCLTECH,2024-09-24,LONG,2024-09-24T10:10:00,1753.95,1743.94,1768.96,171,10.01,2024-09-24T10:10:00,1746.80,REVERSE,-1222.65,-1671.62
fast_pair,HCLTECH,2024-09-25,LONG,2024-09-25T10:00:00,1772.15,1765.24,1782.52,169,6.91,2024-09-25T10:20:00,1765.24,STOP,-1168.62,-1616.98
fast_pair,HCLTECH,2024-09-26,SHORT,2024-09-26T12:40:00,1792.00,1797.46,1783.81,167,5.46,2024-09-26T12:40:00,1797.46,STOP,-911.41,-1360.99
fast_pair,HCLTECH,2024-09-30,LONG,2024-09-30T10:00:00,1814.10,1807.98,1823.28,165,6.12,2024-09-30T11:30:00,1813.50,REVERSE,-99.00,-547.92
fast_pair,HCLTECH,2024-10-04,SHORT,2024-10-04T12:50:00,1785.85,1793.64,1774.17,167,7.79,2024-10-04T14:30:00,1774.17,TARGET,1950.79,1504.90
fast_pair,HCLTECH,2024-10-07,SHORT,2024-10-07T10:40:00,1781.70,1789.00,1770.75,168,7.30,2024-10-07T11:00:00,1770.75,TARGET,1839.05,1391.44
fast_pair,HCLTECH,2024-10-08,LONG,2024-10-08T11:10:00,1769.00,1762.11,1779.34,169,6.89,2024-10-08T12:40:00,1762.11,STOP,-1165.06,-1612.63
fast_pair,HCLTECH,2024-10-10,SHORT,2024-10-10T13:10:00,1815.30,1822.84,1803.99,165,7.54,2024-10-10T13:20:00,1803.99,TARGET,1865.96,1418.07
fast_pair,HCLTECH,2024-10-11,SHORT,2024-10-11T13:30:00,1831.55,1837.80,1822.17,163,6.25,2024-10-11T13:30:00,1833.00,REVERSE,-236.35,-684.34
fast_pair,HCLTECH,2024-10-14,SHORT,2024-10-14T10:40:00,1837.60,1844.20,1827.70,163,6.60,2024-10-14T11:40:00,1841.50,REVERSE,-635.70,-1085.47
fast_pair,HCLTECH,2024-10-15,SHORT,2024-10-15T10:40:00,1854.85,1863.57,1841.77,161,8.72,2024-10-15T10:50:00,1863.57,STOP,-1403.97,-1852.97
fast_pair,HCLTECH,2024-10-16,SHORT,2024-10-16T11:30:00,1866.45,1871.77,1858.47,160,5.32,2024-10-16T11:40:00,1858.47,TARGET,1276.37,829.38
fast_pair,HCLTECH,2024-10-18,LONG,2024-10-18T12:50:00,1854.80,1849.81,1862.29,161,4.99,2024-10-18T14:20:00,1862.29,TARGET,1205.54,756.70
fast_pair,HCLTECH,2024-10-21,SHORT,2024-10-21T10:00:00,1856.60,1863.38,1846.42,161,6.78,2024-10-21T10:00:00,1861.45,REVERSE,-780.85,-1229.80
fast_pair,HCLTECH,2024-10-22,LONG,2024-10-22T12:40:00,1837.85,1832.69,1845.59,163,5.16,2024-10-22T13:40:00,1834.00,REVERSE,-627.55,-1076.43
fast_pair,HCLTECH,2024-10-23,LONG,2024-10-23T10:10:00,1835.15,1828.55,1845.05,163,6.60,2024-10-23T10:30:00,1845.05,TARGET,1613.49,1163.59
fast_pair,HCLTECH,2024-10-24,SHORT,2024-10-24T10:20:00,1843.80,1849.69,1834.96,162,5.89,2024-10-24T11:20:00,1849.69,STOP,-954.18,-1402.94
fast_pair,HCLTECH,2024-10-29,LONG,2024-10-29T13:50:00,1865.85,1861.42,1872.49,160,4.43,2024-10-29T14:00:00,1872.49,TARGET,1062.71,614.11
fast_pair,HCLTECH,2024-11-04,LONG,2024-11-04T12:20:00,1769.50,1761.36,1781.70,169,8.14,2024-11-04T12:20:00,1761.36,STOP,-1375.00,-1822.53
fast_pair,HCLTECH,2024-11-05,SHORT,2024-11-05T12:20:00,1767.75,1773.35,1759.35,169,5.60,2024-11-05T12:30:00,1769.75,REVERSE,-338.00,-786.38
fast_pair,HCLTECH,2024-11-07,SHORT,2024-11-07T10:00:00,1833.10,1840.67,1821.75,163,7.57,2024-11-07T10:20:00,1821.75,TARGET,1850.27,1403.47
fast_pair,HCLTECH,2024-11-08,SHORT,2024-11-08T12:10:00,1842.70,1847.72,1835.17,162,5.02,2024-11-08T12:50:00,1844.20,REVERSE,-243.00,-690.96
fast_pair,HCLTECH,2024-11-11,SHORT,2024-11-11T13:50:00,1862.95,1867.20,1856.57,161,4.25,2024-11-11T14:40:00,1867.20,STOP,-684.99,-1135.41
fast_pair,HCLTECH,2024-11-12,SHORT,2024-11-12T13:40:00,1878.30,1882.93,1871.36,159,4.63,2024-11-12T14:30:00,1882.93,STOP,-735.69,-1184.22
fast_pair,HCLTECH,2024-11-13,LONG,2024-11-13T13:00:00,1870.00,1865.21,1877.18,160,4.79,2024-11-13T13:00:00,1865.21,STOP,-766.38,-1214.60
fast_pair,HCLTECH,2024-11-14,SHORT,2024-11-14T10:30:00,1862.75,1869.41,1852.76,161,6.66,2024-11-14T11:00:00,1852.76,TARGET,1608.74,1160.09
fast_pair,HCLTECH,2024-11-19,LONG,2024-11-19T10:10:00,1862.90,1855.80,1873.55,161,7.10,2024-11-19T10:50:00,1855.80,STOP,-1142.96,-1592.00
fast_pair,HCLTECH,2024-11-21,LONG,2024-11-21T10:50:00,1835.25,1828.97,1844.67,163,6.28,2024-11-21T10:50:00,1829.35,REVERSE,-961.70,-1409.70
fast_pair,HCLTECH,2024-11-25,SHORT,2024-11-25T11:00:00,1893.00,1899.42,1883.37,158,6.42,2024-11-25T11:00:00,1899.42,STOP,-1014.32,-1463.72
fast_pair,HCLTECH,2024-11-27,SHORT,2024-11-27T11:40:00,1900.90,1907.06,1891.66,157,6.16,2024-11-27T12:40:00,1907.06,STOP,-967.18,-1415.57
fast_pair,HCLTECH,2024-11-29,SHORT,2024-11-29T13:10:00,1858.80,1864.49,1850.26,161,5.69,2024-11-29T15:00:00,1850.26,TARGET,1375.03,927.16
fast_pair,HCLTECH,2024-12-02,LONG,2024-12-02T10:00:00,1862.95,1856.98,1871.90,161,5.97,2024-12-02T10:10:00,1856.98,STOP,-960.80,-1409.98
fast_pair,HCLTECH,2024-12-03,SHORT,2024-12-03T12:30:00,1881.60,1886.47,1874.30,159,4.87,2024-12-03T12:50:00,1886.47,STOP,-773.72,-1223.06
fast_pair,HCLTECH,2024-12-05,SHORT,2024-12-05T11:30:00,1890.55,1896.63,1881.42,158,6.08,2024-12-05T12:10:00,1896.63,STOP,-961.27,-1410.06
fast_pair,HCLTECH,2024-12-06,SHORT,2024-12-06T11:30:00,1921.90,1929.49,1910.51,156,7.59,2024-12-06T12:20:00,1924.30,REVERSE,-374.40,-824.41
fast_pair,HCLTECH,2024-12-09,SHORT,2024-12-09T10:00:00,1915.10,1921.00,1906.25,156,5.90,2024-12-09T10:30:00,1906.25,TARGET,1380.63,933.53
fast_pair,HCLTECH,2024-12-10,SHORT,2024-12-10T12:20:00,1924.85,1929.27,1918.22,155,4.42,2024-12-10T12:30:00,1929.27,STOP,-685.17,-1133.21
fast_pair,HCLTECH,2024-12-11,LONG,2024-12-11T11:00:00,1929.40,1924.63,1936.56,155,4.77,2024-12-11T11:20:00,1924.63,STOP,-739.36,-1187.39
fast_pair,HCLTECH,2024-12-13,LONG,2024-12-13T11:40:00,1929.70,1923.77,1938.60,155,5.93,2024-12-13T12:00:00,1938.60,TARGET,1378.79,929.10
fast_pair,HCLTECH,2024-12-16,SHORT,2024-12-16T10:40:00,1963.70,1969.64,1954.79,152,5.94,2024-12-16T10:40:00,1969.64,STOP,-902.52,-1350.92
fast_pair,HCLTECH,2024-12-17,SHORT,2024-12-17T10:30:00,1946.70,1952.15,1938.53,154,5.45,2024-12-17T10:40:00,1938.53,TARGET,1258.37,809.63
fast_pair,HCLTECH,2024-12-18,SHORT,2024-12-18T13:30:00,1960.90,1965.27,1954.34,152,4.37,2024-12-18T15:20:00,1959.40,TIME_STOP,228.00,-218.91
fast_pair,HCLTECH,2024-12-19,LONG,2024-12-19T12:40:00,1942.30,1936.67,1950.75,154,5.63,2024-12-19T12:50:00,1936.67,STOP,-867.33,-1315.35
fast_pair,HCLTECH,2024-12-23,LONG,2024-12-23T11:40:00,1926.05,1918.96,1936.68,155,7.09,2024-12-23T12:10:00,1918.96,STOP,-1098.41,-1545.39
fast_pair,HCLTECH,2024-12-24,SHORT,2024-12-24T11:50:00,1909.15,1914.04,1901.81,157,4.89,2024-12-24T12:10:00,1901.81,TARGET,1151.89,703.15
fast_pair,HCLTECH,2024-12-26,SHORT,2024-12-26T10:20:00,1890.55,1896.09,1882.24,158,5.54,2024-12-26T10:30:00,1896.09,STOP,-875.51,-1324.23
fast_pair,HCLTECH,2024-12-27,LONG,2024-12-27T10:30:00,1897.75,1891.94,1906.46,158,5.81,2024-12-27T11:30:00,1891.94,STOP,-917.81,-1366.89
fast_pair,HCLTECH,2024-12-30,LONG,2024-12-30T10:40:00,1893.00,1887.26,1901.60,158,5.74,2024-12-30T11:30:00,1901.60,TARGET,1359.51,909.85
fast_pair,HCLTECH,2024-12-31,LONG,2024-12-31T11:20:00,1910.05,1898.99,1926.64,157,11.06,2024-12-31T13:10:00,1911.75,TIME_STOP,266.90,-183.12
fast_pair,HCLTECH,2025-01-01,SHORT,2025-01-01T10:30:00,1917.30,1924.27,1906.85,156,6.97,2025-01-01T10:50:00,1924.27,STOP,-1087.27,-1536.73
fast_pair,HCLTECH,2025-01-03,SHORT,2025-01-03T10:20:00,1962.55,1970.03,1951.33,152,7.48,2025-01-03T10:50:00,1951.33,TARGET,1705.35,1259.16
fast_pair,HCLTECH,2025-01-06,SHORT,2025-01-06T10:50:00,1949.65,1956.65,1939.15,153,7.00,2025-01-06T11:20:00,1939.15,TARGET,1606.55,1160.31
fast_pair,HCLTECH,2025-01-07,SHORT,2025-01-07T10:00:00,1942.30,1951.45,1928.57,154,9.15,2025-01-07T10:40:00,1928.57,TARGET,2114.66,1667.58
fast_pair,HCLTECH,2025-01-08,LONG,2025-01-08T11:50:00,1910.80,1903.76,1921.37,157,7.04,2025-01-08T12:10:00,1903.76,STOP,-1106.03,-1555.19
fast_pair,HCLTECH,2025-01-15,SHORT,2025-01-15T10:00:00,1817.85,1827.12,1803.95,165,9.27,2025-01-15T11:50:00,1822.80,REVERSE,-816.75,-1267.28
fast_pair,HCLTECH,2025-01-17,LONG,2025-01-17T12:30:00,1780.35,1773.75,1790.24,168,6.60,2025-01-17T13:10:00,1774.80,REVERSE,-932.40,-1380.35
fast_pair,HCLTECH,2025-01-20,SHORT,2025-01-20T10:00:00,1780.45,1788.77,1767.97,168,8.32,2025-01-20T10:00:00,1788.77,STOP,-1397.36,-1847.09
fast_pair,HCLTECH,2025-01-23,SHORT,2025-01-23T10:00:00,1818.75,1825.70,1808.33,164,6.95,2025-01-23T11:20:00,1808.33,TARGET,1708.58,1262.45
fast_pair,HCLTECH,2025-01-24,LONG,2025-01-24T11:30:00,1812.10,1805.74,1821.63,165,6.36,2025-01-24T11:30:00,1821.63,TARGET,1572.95,1123.27
fast_pair,HCLTECH,2025-01-28,LONG,2025-01-28T10:10:00,1725.15,1716.48,1738.16,173,8.67,2025-01-28T10:30:00,1719.15,REVERSE,-1038.00,-1484.90
fast_pair,HCLTECH,2025-01-30,SHORT,2025-01-30T13:40:00,1715.40,1720.51,1707.73,174,5.11,2025-01-30T13:50:00,1707.73,TARGET,1334.25,887.53
fast_pair,HCLTECH,2025-01-31,SHORT,2025-01-31T11:20:00,1718.60,1724.91,1709.13,174,6.31,2025-01-31T13:10:00,1724.91,STOP,-1098.14,-1547.52
fast_pair,HCLTECH,2025-02-03,LONG,2025-02-03T12:10:00,1686.65,1680.44,1695.96,177,6.21,2025-02-03T12:20:00,1682.55,REVERSE,-725.70,-1172.96
fast_pair,HCLTECH,2025-02-04,SHORT,2025-02-04T12:10:00,1699.95,1706.40,1690.28,176,6.45,2025-02-04T12:50:00,1706.40,STOP,-1135.00,-1584.64
fast_pair,HCLTECH,2025-02-05,SHORT,2025-02-05T10:30:00,1722.05,1729.48,1710.90,174,7.43,2025-02-05T11:20:00,1710.90,TARGET,1940.23,1492.23
fast_pair,HCLTECH,2025-02-07,LONG,2025-02-07T10:30:00,1714.30,1708.96,1722.30,174,5.34,2025-02-07T10:40:00,1722.30,TARGET,1392.78,944.30
fast_pair,HCLTECH,2025-02-10,LONG,2025-02-10T10:00:00,1725.10,1719.81,1733.04,173,5.29,2025-02-10T10:10:00,1719.81,STOP,-915.92,-1362.90
fast_pair,HCLTECH,2025-02-11,SHORT,2025-02-11T12:00:00,1735.40,1740.14,1728.29,172,4.74,2025-02-11T13:00:00,1728.29,TARGET,1222.20,775.39
fast_pair,HCLTECH,2025-02-12,SHORT,2025-02-12T10:20:00,1720.50,1726.86,1710.96,174,6.36,2025-02-12T10:50:00,1710.96,TARGET,1660.16,1212.35
fast_pair,HCLTECH,2025-02-13,LONG,2025-02-13T10:00:00,1722.00,1715.54,1731.69,174,6.46,2025-02-13T10:30:00,1715.54,STOP,-1124.21,-1572.81
fast_pair,HCLTECH,2025-02-17,LONG,2025-02-17T10:20:00,1712.85,1705.28,1724.20,175,7.57,2025-02-17T10:20:00,1705.95,REVERSE,-1207.50,-1656.22
fast_pair,HCLTECH,2025-02-18,SHORT,2025-02-18T11:20:00,1712.05,1716.91,1704.77,175,4.86,2025-02-18T13:10:00,1709.15,TIME_STOP,507.50,58.47
fast_pair,HCLTECH,2025-02-19,LONG,2025-02-19T10:20:00,1720.90,1715.36,1729.21,174,5.54,2025-02-19T11:00:00,1715.36,STOP,-963.77,-1412.20
fast_pair,HCLTECH,2025-02-20,LONG,2025-02-20T12:20:00,1707.45,1703.26,1713.74,175,4.19,2025-02-20T12:30:00,1703.26,STOP,-733.48,-1181.14
fast_pair,HCLTECH,2025-02-21,LONG,2025-02-21T10:00:00,1692.05,1687.76,1698.48,177,4.29,2025-02-21T10:20:00,1698.48,TARGET,1138.92,688.82
fast_pair,HCLTECH,2025-02-25,SHORT,2025-02-25T11:20:00,1643.95,1649.17,1636.11,182,5.22,2025-02-25T11:50:00,1647.35,REVERSE,-618.80,-1068.06
fast_pair,HCLTECH,2025-02-27,LONG,2025-02-27T12:50:00,1624.55,1619.97,1631.41,184,4.58,2025-02-27T13:20:00,1622.05,REVERSE,-460.00,-908.03
fast_pair,HCLTECH,2025-02-28,LONG,2025-02-28T13:40:00,1574.85,1570.35,1581.59,190,4.50,2025-02-28T13:40:00,1574.00,REVERSE,-161.50,-610.21
fast_pair,HCLTECH,2025-03-03,SHORT,2025-03-03T11:50:00,1580.60,1585.75,1572.88,189,5.15,2025-03-03T13:40:00,1578.35,TIME_STOP,425.25,-22.53
fast_pair,HCLTECH,2025-03-06,SHORT,2025-03-06T11:40:00,1579.15,1584.30,1571.43,189,5.15,2025-03-06T11:50:00,1584.30,STOP,-972.72,-1421.14
fast_pair,HCLTECH,2025-03-11,LONG,2025-03-11T12:00:00,1551.25,1546.35,1558.60,193,4.90,2025-03-11T13:50:00,1554.75,TIME_STOP,675.50,225.91
fast_pair,HCLTECH,2025-03-12,LONG,2025-03-12T12:40:00,1525.40,1520.11,1533.34,196,5.29,2025-03-12T13:50:00,1533.34,TARGET,1555.78,1106.15
fast_pair,HCLTECH,2025-03-13,SHORT,2025-03-13T10:50:00,1534.40,1539.98,1526.02,195,5.58,2025-03-13T10:50:00,1539.98,STOP,-1088.85,-1538.48
fast_pair,HCLTECH,2025-03-17,LONG,2025-03-17T12:00:00,1530.00,1525.44,1536.84,196,4.56,2025-03-17T12:30:00,1525.44,STOP,-893.41,-1342.56
fast_pair,HCLTECH,2025-03-19,LONG,2025-03-19T13:30:00,1534.50,1530.68,1540.24,195,3.82,2025-03-19T14:30:00,1540.24,TARGET,1118.66,668.98
fast_pair,HCLTECH,2025-03-21,LONG,2025-03-21T10:40:00,1570.10,1561.85,1582.48,191,8.25,2025-03-21T11:30:00,1582.48,TARGET,2363.71,1912.11
fast_pair,HCLTECH,2025-03-24,LONG,2025-03-24T10:10:00,1575.80,1567.53,1588.21,190,8.27,2025-03-24T10:30:00,1569.45,REVERSE,-1206.50,-1654.70
fast_pair,HCLTECH,2025-03-25,SHORT,2025-03-25T13:30:00,1631.95,1638.52,1622.10,183,6.57,2025-03-25T15:20:00,1622.10,TARGET,1803.32,1356.70
fast_pair,HCLTECH,2025-03-27,LONG,2025-03-27T10:00:00,1633.85,1627.27,1643.72,183,6.58,2025-03-27T11:20:00,1627.27,STOP,-1203.93,-1651.52
fast_pair,HCLTECH,2025-03-28,LONG,2025-03-28T12:00:00,1617.20,1611.57,1625.64,185,5.63,2025-03-28T12:20:00,1611.57,STOP,-1041.00,-1488.99
fast_pair,HCLTECH,2025-04-02,LONG,2025-04-02T11:10:00,1531.80,1525.19,1541.71,195,6.61,2025-04-02T11:20:00,1525.19,STOP,-1288.65,-1735.73
fast_pair,HCLTECH,2025-04-07,LONG,2025-04-07T13:50:00,1346.60,1339.16,1357.76,222,7.44,2025-04-07T14:20:00,1357.76,TARGET,2478.57,2028.29
fast_pair,HCLTECH,2025-04-09,LONG,2025-04-09T12:20:00,1379.25,1373.65,1387.65,217,5.60,2025-04-09T13:30:00,1387.65,TARGET,1823.83,1373.52
fast_pair,HCLTECH,2025-04-15,SHORT,2025-04-15T14:10:00,1415.50,1419.61,1409.34,211,4.11,2025-04-15T14:30:00,1419.61,STOP,-866.68,-1315.34
fast_pair,HCLTECH,2025-04-16,SHORT,2025-04-16T10:20:00,1419.80,1425.65,1411.03,211,5.85,2025-04-16T11:50:00,1422.00,REVERSE,-464.20,-913.91
fast_pair,HCLTECH,2025-04-17,LONG,2025-04-17T11:50:00,1411.50,1404.74,1421.64,212,6.76,2025-04-17T12:30:00,1421.64,TARGET,2150.42,1699.95
fast_pair,HCLTECH,2025-04-22,LONG,2025-04-22T11:50:00,1481.30,1474.78,1491.08,202,6.52,2025-04-22T13:20:00,1491.08,TARGET,1974.74,1524.42
fast_pair,HCLTECH,2025-04-24,LONG,2025-04-24T11:30:00,1593.10,1587.40,1601.66,188,5.70,2025-04-24T12:10:00,1587.40,STOP,-1072.30,-1520.75
fast_pair,HCLTECH,2025-04-25,SHORT,2025-04-25T10:10:00,1574.30,1582.32,1562.27,190,8.02,2025-04-25T10:10:00,1582.32,STOP,-1524.30,-1974.12
fast_pair,HCLTECH,2025-04-28,LONG,2025-04-28T12:40:00,1552.80,1547.57,1560.65,193,5.23,2025-04-28T12:50:00,1549.40,REVERSE,-656.20,-1105.24
fast_pair,HCLTECH,2025-04-29,SHORT,2025-04-29T12:10:00,1554.10,1559.08,1546.63,193,4.98,2025-04-29T12:10:00,1558.30,REVERSE,-810.60,-1261.12
fast_pair,HCLTECH,2025-04-30,SHORT,2025-04-30T11:20:00,1567.20,1573.17,1558.24,191,5.97,2025-04-30T11:50:00,1573.17,STOP,-1140.48,-1590.33
fast_pair,HCLTECH,2025-05-02,LONG,2025-05-02T10:00:00,1576.50,1568.93,1587.86,190,7.57,2025-05-02T10:40:00,1568.93,STOP,-1438.37,-1886.60
fast_pair,HCLTECH,2025-05-06,LONG,2025-05-06T11:40:00,1575.00,1570.38,1581.93,190,4.62,2025-05-06T12:30:00,1570.38,STOP,-878.41,-1326.62
fast_pair,HCLTECH,2025-05-07,LONG,2025-05-07T11:20:00,1572.40,1566.92,1580.62,190,5.48,2025-05-07T12:10:00,1566.92,STOP,-1040.62,-1487.97
fast_pair,HCLTECH,2025-05-08,SHORT,2025-05-08T13:10:00,1583.50,1590.08,1573.63,189,6.58,2025-05-08T14:30:00,1584.80,REVERSE,-245.70,-694.81
fast_pair,HCLTECH,2025-05-09,LONG,2025-05-09T11:40:00,1574.50,1568.62,1583.32,190,5.88,2025-05-09T13:30:00,1571.00,REVERSE,-665.00,-1113.23
fast_pair,HCLTECH,2025-05-15,SHORT,2025-05-15T10:00:00,1630.90,1637.07,1621.64,183,6.17,2025-05-15T10:10:00,1637.07,STOP,-1129.53,-1578.06
fast_pair,HCLTECH,2025-05-16,LONG,2025-05-16T13:50:00,1665.40,1661.14,1671.79,180,4.26,2025-05-16T14:20:00,1663.00,REVERSE,-432.00,-881.33
fast_pair,HCLTECH,2025-05-20,SHORT,2025-05-20T11:50:00,1653.50,1658.05,1646.67,181,4.55,2025-05-20T12:50:00,1646.67,TARGET,1236.23,788.24
fast_pair,HCLTECH,2025-05-22,LONG,2025-05-22T12:10:00,1631.80,1626.89,1639.17,183,4.91,2025-05-22T12:50:00,1626.89,STOP,-899.21,-1346.46
fast_pair,HCLTECH,2025-05-23,SHORT,2025-05-23T12:20:00,1653.50,1659.28,1644.84,181,5.78,2025-05-23T14:10:00,1650.00,TIME_STOP,633.50,185.05
fast_pair,HCLTECH,2025-05-27,LONG,2025-05-27T11:20:00,1664.30,1658.34,1673.23,180,5.96,2025-05-27T11:30:00,1673.23,TARGET,1607.85,1157.28
fast_pair,HCLTECH,2025-05-28,SHORT,2025-05-28T10:10:00,1651.80,1657.29,1643.57,181,5.49,2025-05-28T11:00:00,1657.29,STOP,-992.92,-1442.13
fast_pair,HCLTECH,2025-05-30,LONG,2025-05-30T10:20:00,1658.80,1653.91,1666.14,180,4.89,2025-05-30T12:00:00,1653.91,STOP,-880.59,-1327.81
fast_pair,HCLTECH,2025-06-02,LONG,2025-06-02T11:30:00,1629.60,1623.69,1638.47,184,5.91,2025-06-02T11:40:00,1623.69,STOP,-1087.86,-1536.82
fast_pair,HCLTECH,2025-06-03,LONG,2025-06-03T10:30:00,1634.70,1628.78,1643.58,183,5.92,2025-06-03T10:30:00,1628.78,STOP,-1082.97,-1530.88
fast_pair,HCLTECH,2025-06-04,LONG,2025-06-04T10:10:00,1632.60,1628.19,1639.21,183,4.41,2025-06-04T10:30:00,1639.21,TARGET,1209.94,760.89
fast_pair,HCLTECH,2025-06-05,SHORT,2025-06-05T13:30:00,1636.90,1641.61,1629.84,183,4.71,2025-06-05T13:30:00,1629.84,TARGET,1292.72,844.36
fast_pair,HCLTECH,2025-06-09,SHORT,2025-06-09T12:10:00,1644.10,1648.74,1637.14,182,4.64,2025-06-09T12:40:00,1648.74,STOP,-844.99,-1294.47
fast_pair,HCLTECH,2025-06-10,SHORT,2025-06-10T13:30:00,1673.10,1677.37,1666.69,179,4.27,2025-06-10T14:10:00,1666.69,TARGET,1146.85,698.48
fast_pair,HCLTECH,2025-06-11,LONG,2025-06-11T10:10:00,1672.90,1668.64,1679.28,179,4.26,2025-06-11T11:10:00,1679.28,TARGET,1142.72,692.68
fast_pair,HCLTECH,2025-06-12,LONG,2025-06-12T11:30:00,1714.30,1708.46,1723.05,174,5.84,2025-06-12T13:20:00,1715.10,TIME_STOP,139.20,-308.34
fast_pair,HCLTECH,2025-06-13,LONG,2025-06-13T10:40:00,1701.20,1693.69,1712.47,176,7.51,2025-06-13T12:30:00,1708.80,TIME_STOP,1337.60,887.48
fast_pair,HCLTECH,2025-06-17,SHORT,2025-06-17T13:30:00,1731.20,1735.36,1724.96,173,4.16,2025-06-17T13:30:00,1734.60,REVERSE,-588.20,-1037.89
fast_pair,HCLTECH,2025-06-18,SHORT,2025-06-18T10:00:00,1733.20,1738.45,1725.33,173,5.25,2025-06-18T10:20:00,1725.33,TARGET,1361.69,912.95
fast_pair,HCLTECH,2025-06-23,LONG,2025-06-23T13:20:00,1713.10,1708.77,1719.60,175,4.33,2025-06-23T13:20:00,1719.60,TARGET,1137.37,686.82
fast_pair,HCLTECH,2025-06-24,SHORT,2025-06-24T12:50:00,1713.30,1718.68,1705.23,175,5.38,2025-06-24T12:50:00,1718.68,STOP,-941.67,-1392.12
fast_pair,HCLTECH,2025-06-26,SHORT,2025-06-26T10:50:00,1715.40,1720.08,1708.38,174,4.68,2025-06-26T10:50:00,1720.08,STOP,-814.17,-1262.50
fast_pair,HCLTECH,2025-06-27,SHORT,2025-06-27T11:00:00,1726.80,1733.22,1717.17,173,6.42,2025-06-27T11:30:00,1733.22,STOP,-1110.62,-1559.56
fast_pair,HCLTECH,2025-07-01,SHORT,2025-07-01T11:10:00,1726.00,1731.16,1718.26,173,5.16,2025-07-01T11:10:00,1731.16,STOP,-892.43,-1340.99
fast_pair,HCLTECH,2025-07-02,SHORT,2025-07-02T10:50:00,1717.60,1722.39,1710.41,174,4.79,2025-07-02T12:20:00,1721.70,REVERSE,-713.40,-1162.23
fast_pair,HCLTECH,2025-07-03,SHORT,2025-07-03T12:20:00,1718.60,1722.89,1712.17,174,4.29,2025-07-03T12:40:00,1722.89,STOP,-746.28,-1195.39
fast_pair,HCLTECH,2025-07-04,LONG,2025-07-04T10:50:00,1713.80,1709.70,1719.95,175,4.10,2025-07-04T11:20:00,1719.95,TARGET,1076.96,626.28
fast_pair,HCLTECH,2025-07-07,LONG,2025-07-07T13:20:00,1714.50,1711.29,1719.32,174,3.21,2025-07-07T14:20:00,1711.29,STOP,-558.97,-1006.03
fast_pair,HCLTECH,2025-07-10,LONG,2025-07-10T12:50:00,1660.00,1655.57,1666.65,180,4.43,2025-07-10T14:40:00,1666.65,TARGET,1196.20,747.10
fast_pair,HCLTECH,2025-07-11,LONG,2025-07-11T12:50:00,1643.80,1638.89,1651.16,182,4.91,2025-07-11T12:50:00,1639.90,REVERSE,-709.80,-1158.03
fast_pair,HCLTECH,2025-07-14,LONG,2025-07-14T13:50:00,1617.80,1613.27,1624.60,185,4.53,2025-07-14T15:20:00,1619.90,EOD,388.50,-60.73
fast_pair,HCLTECH,2025-07-15,LONG,2025-07-15T12:50:00,1575.20,1569.48,1583.78,190,5.72,2025-07-15T14:30:00,1570.70,REVERSE,-855.00,-1303.29
fast_pair,HCLTECH,2025-07-18,LONG,2025-07-18T12:00:00,1545.10,1541.09,1551.12,194,4.01,2025-07-18T12:00:00,1541.09,STOP,-778.58,-1227.62
fast_pair,HCLTECH,2025-07-22,SHORT,2025-07-22T10:10:00,1529.80,1532.66,1525.51,196,2.86,2025-07-22T10:10:00,1530.60,REVERSE,-156.80,-606.68
fast_pair,HCLTECH,2025-07-23,LONG,2025-07-23T10:50:00,1522.50,1519.59,1526.86,197,2.91,2025-07-23T11:00:00,1526.86,TARGET,859.09,408.54
fast_pair,HCLTECH,2025-07-29,SHORT,2025-07-29T10:50:00,1467.60,1471.61,1461.58,204,4.01,2025-07-29T12:00:00,1461.58,TARGET,1228.15,779.98
fast_pair,HCLTECH,2025-07-30,SHORT,2025-07-30T10:50:00,1470.90,1474.79,1465.06,203,3.89,2025-07-30T11:20:00,1474.79,STOP,-789.74,-1238.22
fast_pair,HCLTECH,2025-07-31,LONG,2025-07-31T11:10:00,1471.00,1467.53,1476.20,203,3.47,2025-07-31T11:30:00,1476.20,TARGET,1055.99,607.28
fast_pair,HCLTECH,2025-08-04,LONG,2025-08-04T12:40:00,1456.40,1452.75,1461.88,205,3.65,2025-08-04T13:00:00,1461.88,TARGET,1123.09,674.40
fast_pair,HCLTECH,2025-08-05,SHORT,2025-08-05T11:50:00,1476.30,1480.08,1470.62,203,3.78,2025-08-05T11:50:00,1478.30,REVERSE,-406.00,-855.84
fast_pair,HCLTECH,2025-08-06,LONG,2025-08-06T13:50:00,1466.90,1464.25,1470.87,204,2.65,2025-08-06T13:50:00,1464.25,STOP,-539.64,-988.10
fast_pair,HCLTECH,2025-08-07,LONG,2025-08-07T11:50:00,1458.90,1455.60,1463.86,205,3.30,2025-08-07T12:40:00,1463.86,TARGET,1016.24,566.86
fast_pair,HCLTECH,2025-08-08,SHORT,2025-08-08T10:10:00,1466.00,1469.62,1460.57,204,3.62,2025-08-08T10:20:00,1460.57,TARGET,1108.17,660.41
fast_pair,HCLTECH,2025-08-11,LONG,2025-08-11T10:40:00,1480.20,1476.35,1485.97,202,3.85,2025-08-11T11:20:00,1485.97,TARGET,1166.47,717.09
fast_pair,HCLTECH,2025-08-12,SHORT,2025-08-12T13:20:00,1501.40,1505.37,1495.44,199,3.97,2025-08-12T15:10:00,1499.50,TIME_STOP,378.10,-69.78
fast_pair,HCLTECH,2025-08-13,LONG,2025-08-13T11:20:00,1499.30,1495.87,1504.44,200,3.43,2025-08-13T11:20:00,1496.70,REVERSE,-520.00,-969.40
fast_pair,HCLTECH,2025-08-14,LONG,2025-08-14T10:40:00,1504.30,1500.99,1509.27,199,3.31,2025-08-14T10:40:00,1500.99,STOP,-659.63,-1108.17
fast_pair,HCLTECH,2025-08-18,LONG,2025-08-18T13:10:00,1483.00,1479.87,1487.69,202,3.13,2025-08-18T14:30:00,1487.69,TARGET,948.02,497.96
fast_pair,HCLTECH,2025-08-19,LONG,2025-08-19T12:00:00,1476.00,1472.82,1480.77,203,3.18,2025-08-19T13:00:00,1480.77,TARGET,967.31,517.14
fast_pair,HCLTECH,2025-08-20,LONG,2025-08-20T10:50:00,1474.80,1469.81,1482.28,203,4.99,2025-08-20T10:50:00,1482.28,TARGET,1518.33,1068.12
fast_pair,HCLTECH,2025-08-21,LONG,2025-08-21T10:40:00,1494.20,1489.78,1500.84,200,4.42,2025-08-21T12:30:00,1497.70,TIME_STOP,700.00,251.22
fast_pair,HCLTECH,2025-08-26,SHORT,2025-08-26T13:40:00,1495.00,1498.62,1489.58,200,3.62,2025-08-26T14:40:00,1489.58,TARGET,1084.99,637.31
fast_pair,HCLTECH,2025-08-29,LONG,2025-08-29T10:40:00,1454.70,1449.78,1462.07,206,4.92,2025-08-29T11:00:00,1462.07,TARGET,1519.01,1068.36
fast_pair,HCLTECH,2025-09-01,SHORT,2025-09-01T12:50:00,1460.90,1465.04,1454.69,205,4.14,2025-09-01T13:00:00,1465.04,STOP,-849.23,-1299.09
fast_pair,HCLTECH,2025-09-03,LONG,2025-09-03T12:20:00,1461.80,1458.46,1466.81,205,3.34,2025-09-03T12:50:00,1458.46,STOP,-684.83,-1133.82
fast_pair,HCLTECH,2025-09-04,SHORT,2025-09-04T10:20:00,1461.00,1463.84,1456.74,205,2.84,2025-09-04T10:50:00,1456.74,TARGET,872.45,423.84
fast_pair,HCLTECH,2025-09-05,LONG,2025-09-05T14:00:00,1424.00,1419.80,1430.29,210,4.20,2025-09-05T14:40:00,1419.80,STOP,-881.14,-1329.04
fast_pair,HCLTECH,2025-09-08,SHORT,2025-09-08T10:10:00,1419.10,1423.27,1412.84,211,4.17,2025-09-08T11:30:00,1412.84,TARGET,1321.12,872.96
fast_pair,HCLTECH,2025-09-12,SHORT,2025-09-12T11:00:00,1464.10,1467.51,1458.98,204,3.41,2025-09-12T11:30:00,1467.51,STOP,-695.90,-1144.43
fast_pair,HCLTECH,2025-09-15,LONG,2025-09-15T12:20:00,1461.70,1458.86,1465.96,205,2.84,2025-09-15T14:10:00,1465.96,TARGET,872.96,422.83
fast_pair,HCLTECH,2025-09-16,SHORT,2025-09-16T13:50:00,1470.00,1472.05,1466.93,204,2.05,2025-09-16T14:00:00,1471.60,REVERSE,-326.40,-776.46
fast_pair,HCLTECH,2025-09-17,SHORT,2025-09-17T12:30:00,1485.30,1488.54,1480.44,201,3.24,2025-09-17T13:10:00,1488.54,STOP,-650.93,-1099.24
fast_pair,HCLTECH,2025-09-19,LONG,2025-09-19T10:00:00,1482.80,1479.11,1488.33,202,3.69,2025-09-19T10:40:00,1480.60,REVERSE,-444.40,-893.36
fast_pair,HCLTECH,2025-09-22,LONG,2025-09-22T12:10:00,1448.00,1443.49,1454.76,207,4.51,2025-09-22T13:00:00,1443.49,STOP,-933.25,-1382.16
fast_pair,HCLTECH,2025-09-23,LONG,2025-09-23T12:50:00,1428.20,1425.14,1432.79,210,3.06,2025-09-23T13:30:00,1432.79,TARGET,964.87,514.26
fast_pair,HCLTECH,2025-09-24,LONG,2025-09-24T10:10:00,1437.50,1433.04,1444.18,208,4.46,2025-09-24T12:00:00,1440.20,TIME_STOP,561.60,112.68
fast_pair,HCLTECH,2025-09-29,LONG,2025-09-29T13:30:00,1392.80,1389.17,1398.24,215,3.63,2025-09-29T13:30:00,1391.30,REVERSE,-322.50,-771.44
fast_pair,HCLTECH,2025-09-30,SHORT,2025-09-30T13:40:00,1398.70,1401.42,1394.62,214,2.72,2025-09-30T13:50:00,1394.62,TARGET,872.96,424.63
fast_pair,HCLTECH,2025-10-01,LONG,2025-10-01T11:10:00,1392.90,1388.90,1398.90,215,4.00,2025-10-01T11:20:00,1388.90,STOP,-859.50,-1308.06
fast_pair,HCLTECH,2025-10-03,SHORT,2025-10-03T10:30:00,1386.80,1390.45,1381.32,216,3.65,2025-10-03T10:30:00,1390.45,STOP,-789.26,-1239.18
fast_pair,HCLTECH,2025-10-08,SHORT,2025-10-08T11:20:00,1443.80,1448.45,1436.83,207,4.65,2025-10-08T12:00:00,1448.45,STOP,-962.46,-1411.48
fast_pair,HCLTECH,2025-10-10,SHORT,2025-10-10T10:00:00,1482.60,1489.18,1472.73,202,6.58,2025-10-10T10:00:00,1489.18,STOP,-1329.38,-1779.61
fast_pair,HCLTECH,2025-10-13,LONG,2025-10-13T12:40:00,1487.90,1483.22,1494.93,201,4.68,2025-10-13T13:20:00,1494.93,TARGET,1412.11,962.45
fast_pair,HCLTECH,2025-10-14,SHORT,2025-10-14T11:30:00,1500.60,1507.06,1490.91,199,6.46,2025-10-14T12:00:00,1507.06,STOP,-1285.41,-1734.30
fast_pair,HCLTECH,2025-10-15,LONG,2025-10-15T12:00:00,1496.80,1492.21,1503.69,200,4.59,2025-10-15T13:10:00,1494.50,REVERSE,-460.00,-908.69
fast_pair,HCLTECH,2025-10-17,LONG,2025-10-17T12:10:00,1499.20,1495.43,1504.85,200,3.77,2025-10-17T12:50:00,1495.43,STOP,-753.60,-1202.80
fast_pair,HCLTECH,2025-10-21,LONG,2025-10-21T14:00:00,1499.30,1494.90,1505.89,200,4.40,2025-10-21T14:30:00,1494.90,STOP,-879.29,-1328.42
fast_pair,HCLTECH,2025-10-23,SHORT,2025-10-23T14:10:00,1538.20,1542.18,1532.23,195,3.98,2025-10-23T14:30:00,1532.23,TARGET,1163.65,714.60
fast_pair,HCLTECH,2025-10-24,LONG,2025-10-24T12:20:00,1524.90,1520.65,1531.27,196,4.25,2025-10-24T13:30:00,1520.65,STOP,-832.87,-1280.57
fast_pair,HCLTECH,2025-10-27,SHORT,2025-10-27T13:10:00,1540.00,1543.26,1535.11,194,3.26,2025-10-27T14:20:00,1535.11,TARGET,948.69,501.26
fast_pair,HCLTECH,2025-10-29,LONG,2025-10-29T10:30:00,1538.20,1534.48,1543.77,195,3.72,2025-10-29T10:30:00,1543.77,TARGET,1086.79,636.05
fast_pair,HCLTECH,2025-10-30,LONG,2025-10-30T11:40:00,1547.10,1543.28,1552.83,193,3.82,2025-10-30T12:30:00,1543.28,STOP,-736.92,-1184.25
fast_pair,HCLTECH,2025-10-31,SHORT,2025-10-31T10:40:00,1546.20,1549.99,1540.52,194,3.79,2025-10-31T11:30:00,1549.99,STOP,-734.53,-1185.02
fast_pair,HCLTECH,2025-11-03,LONG,2025-11-03T11:10:00,1540.00,1536.13,1545.80,194,3.87,2025-11-03T11:20:00,1545.80,TARGET,1125.07,676.08
fast_pair,HCLTECH,2025-11-04,LONG,2025-11-04T11:50:00,1534.00,1530.45,1539.33,195,3.55,2025-11-04T12:30:00,1530.45,STOP,-692.97,-1141.14
fast_pair,HCLTECH,2025-11-06,LONG,2025-11-06T11:50:00,1524.90,1521.32,1530.27,196,3.58,2025-11-06T12:00:00,1530.27,TARGET,1051.97,602.86
fast_pair,HCLTECH,2025-11-07,LONG,2025-11-07T11:40:00,1509.20,1504.73,1515.91,198,4.47,2025-11-07T12:20:00,1506.20,REVERSE,-594.00,-1041.79
fast_pair,HCLTECH,2025-11-14,LONG,2025-11-14T11:10:00,1594.20,1590.37,1599.94,188,3.83,2025-11-14T11:40:00,1590.37,STOP,-719.21,-1168.23
fast_pair,HCLTECH,2025-11-17,SHORT,2025-11-17T10:50:00,1587.60,1592.38,1580.43,188,4.78,2025-11-17T11:10:00,1592.38,STOP,-898.88,-1347.26
fast_pair,HCLTECH,2025-11-18,LONG,2025-11-18T11:50:00,1599.20,1595.93,1604.10,187,3.27,2025-11-18T12:20:00,1595.93,STOP,-610.84,-1058.96
fast_pair,HCLTECH,2025-11-25,LONG,2025-11-25T13:00:00,1604.50,1601.09,1609.62,186,3.41,2025-11-25T14:00:00,1601.09,STOP,-634.41,-1081.59
fast_pair,HCLTECH,2025-11-27,LONG,2025-11-27T10:10:00,1631.30,1627.00,1637.75,183,4.30,2025-11-27T10:10:00,1627.00,STOP,-787.37,-1234.57
fast_pair,HCLTECH,2025-11-28,SHORT,2025-11-28T11:00:00,1626.70,1630.79,1620.57,184,4.09,2025-11-28T11:10:00,1629.70,REVERSE,-552.00,-1001.38
fast_pair,HCLTECH,2025-12-02,SHORT,2025-12-02T10:00:00,1635.20,1639.69,1628.47,183,4.49,2025-12-02T10:50:00,1628.47,TARGET,1231.95,784.01
fast_pair,HCLTECH,2025-12-03,LONG,2025-12-03T10:40:00,1637.30,1632.51,1644.48,183,4.79,2025-12-03T10:50:00,1634.10,REVERSE,-585.60,-1034.60
fast_pair,HCLTECH,2025-12-04,SHORT,2025-12-04T13:00:00,1660.50,1665.06,1653.66,180,4.56,2025-12-04T14:00:00,1653.66,TARGET,1230.95,783.54
fast_pair,HCLTECH,2025-12-08,SHORT,2025-12-08T13:20:00,1689.20,1692.73,1683.90,177,3.53,2025-12-08T13:20:00,1692.73,STOP,-625.57,-1074.52
fast_pair,HCLTECH,2025-12-09,LONG,2025-12-09T13:40:00,1670.40,1666.27,1676.59,179,4.13,2025-12-09T13:40:00,1669.30,REVERSE,-196.90,-645.25
fast_pair,HCLTECH,2025-12-10,SHORT,2025-12-10T11:00:00,1660.20,1664.51,1653.74,180,4.31,2025-12-10T12:50:00,1662.10,TIME_STOP,-342.00,-790.51
fast_pair,HCLTECH,2025-12-11,LONG,2025-12-11T12:00:00,1664.10,1659.52,1670.97,180,4.58,2025-12-11T12:30:00,1670.97,TARGET,1237.14,786.91
fast_pair,HCLTECH,2025-12-12,SHORT,2025-12-12T10:10:00,1663.90,1667.90,1657.89,180,4.00,2025-12-12T11:20:00,1667.90,STOP,-720.78,-1170.57
fast_pair,HCLTECH,2025-12-17,SHORT,2025-12-17T11:40:00,1652.90,1656.30,1647.80,181,3.40,2025-12-17T12:10:00,1647.80,TARGET,923.20,475.13
fast_pair,HCLTECH,2025-12-18,SHORT,2025-12-18T11:10:00,1656.30,1660.33,1650.25,181,4.03,2025-12-18T11:30:00,1660.33,STOP,-729.97,-1180.20
fast_pair,HCLTECH,2025-12-19,SHORT,2025-12-19T10:00:00,1654.90,1659.85,1647.48,181,4.95,2025-12-19T10:10:00,1647.48,TARGET,1343.31,895.01
fast_pair,HCLTECH,2025-12-22,SHORT,2025-12-22T14:10:00,1664.90,1667.67,1660.74,180,2.77,2025-12-22T14:10:00,1667.67,STOP,-499.27,-949.17
fast_pair,HCLTECH,2025-12-24,SHORT,2025-12-24T13:40:00,1675.00,1677.30,1671.54,179,2.30,2025-12-24T14:00:00,1671.54,TARGET,618.83,169.56
fast_pair,HCLTECH,2025-12-26,LONG,2025-12-26T13:50:00,1661.00,1658.04,1665.44,180,2.96,2025-12-26T14:20:00,1658.04,STOP,-533.01,-981.08
fast_pair,HCLTECH,2025-12-30,LONG,2025-12-30T11:30:00,1631.50,1626.84,1638.48,183,4.66,2025-12-30T11:40:00,1626.84,STOP,-851.89,-1299.10
fast_pair,HCLTECH,2026-01-01,LONG,2026-01-01T10:00:00,1626.90,1621.81,1634.54,184,5.09,2026-01-01T10:50:00,1634.54,TARGET,1406.22,956.14
fast_pair,HCLTECH,2026-01-02,LONG,2026-01-02T11:10:00,1636.60,1632.42,1642.87,183,4.18,2026-01-02T13:00:00,1642.87,TARGET,1147.88,697.78
fast_pair,HCLTECH,2026-01-05,LONG,2026-01-05T12:30:00,1609.20,1603.94,1617.09,186,5.26,2026-01-05T13:20:00,1603.94,STOP,-978.12,-1426.35
fast_pair,HCLTECH,2026-01-06,SHORT,2026-01-06T12:10:00,1614.00,1618.80,1606.80,185,4.80,2026-01-06T12:30:00,1618.10,REVERSE,-758.50,-1206.95
fast_pair,HCLTECH,2026-01-09,SHORT,2026-01-09T12:30:00,1660.90,1666.41,1652.63,180,5.51,2026-01-09T13:10:00,1666.41,STOP,-992.66,-1441.84
fast_pair,HCLTECH,2026-01-12,SHORT,2026-01-12T10:00:00,1660.10,1666.49,1650.52,180,6.39,2026-01-12T10:10:00,1650.52,TARGET,1724.82,1277.88
fast_pair,HCLTECH,2026-01-13,LONG,2026-01-13T11:00:00,1660.20,1647.95,1678.58,180,12.25,2026-01-13T12:50:00,1659.00,REVERSE,-216.00,-664.09
fast_pair,HCLTECH,2026-01-14,LONG,2026-01-14T11:00:00,1664.40,1657.09,1675.37,180,7.31,2026-01-14T12:10:00,1675.37,TARGET,1974.78,1523.91
fast_pair,HCLTECH,2026-01-21,LONG,2026-01-21T12:30:00,1681.40,1676.25,1689.12,178,5.15,2026-01-21T12:30:00,1676.25,STOP,-916.28,-1364.53
fast_pair,HCLTECH,2026-01-22,SHORT,2026-01-22T11:10:00,1683.20,1687.70,1676.44,178,4.50,2026-01-22T11:20:00,1687.70,STOP,-801.74,-1251.75
fast_pair,HCLTECH,2026-01-23,SHORT,2026-01-23T13:40:00,1708.50,1712.96,1701.82,175,4.46,2026-01-23T14:10:00,1701.82,TARGET,1169.58,721.97
fast_pair,HCLTECH,2026-01-27,SHORT,2026-01-27T11:00:00,1701.90,1708.04,1692.68,176,6.14,2026-01-27T11:20:00,1708.04,STOP,-1081.44,-1531.55
fast_pair,HCLTECH,2026-01-28,LONG,2026-01-28T10:00:00,1717.70,1710.55,1728.43,174,7.15,2026-01-28T10:10:00,1714.30,REVERSE,-591.60,-1039.48
fast_pair,HCLTECH,2026-01-29,LONG,2026-01-29T11:50:00,1710.40,1704.95,1718.58,175,5.45,2026-01-29T11:50:00,1708.00,REVERSE,-420.00,-868.67
fast_pair,HCLTECH,2026-01-30,LONG,2026-01-30T13:50:00,1699.80,1695.10,1706.85,176,4.70,2026-01-30T14:20:00,1695.10,STOP,-827.21,-1275.34
fast_pair,HCLTECH,2026-02-02,LONG,2026-02-02T11:50:00,1686.10,1679.19,1696.46,177,6.91,2026-02-02T13:20:00,1679.19,STOP,-1222.23,-1668.98
fast_pair,HCLTECH,2026-02-03,SHORT,2026-02-03T13:00:00,1709.30,1716.33,1698.76,175,7.03,2026-02-03T13:30:00,1698.76,TARGET,1845.28,1397.97
fast_pair,HCLTECH,2026-02-04,LONG,2026-02-04T13:40:00,1617.50,1610.87,1627.44,185,6.63,2026-02-04T14:00:00,1610.87,STOP,-1225.91,-1673.85
fast_pair,HCLTECH,2026-02-05,SHORT,2026-02-05T11:10:00,1617.00,1623.56,1607.16,185,6.56,2026-02-05T11:50:00,1607.16,TARGET,1821.25,1373.90
fast_pair,HCLTECH,2026-02-06,LONG,2026-02-06T12:50:00,1594.80,1588.33,1604.50,188,6.47,2026-02-06T14:40:00,1593.50,TIME_STOP,-244.40,-693.95
fast_pair,HCLTECH,2026-02-10,SHORT,2026-02-10T11:20:00,1594.80,1599.68,1587.48,188,4.88,2026-02-10T12:10:00,1587.48,TARGET,1375.27,926.57
fast_pair,HCLTECH,2026-02-12,LONG,2026-02-12T13:00:00,1500.30,1494.73,1508.66,199,5.57,2026-02-12T13:10:00,1498.30,REVERSE,-398.00,-845.54
fast_pair,HCLTECH,2026-02-13,LONG,2026-02-13T11:30:00,1445.00,1434.89,1460.17,207,10.11,2026-02-13T12:10:00,1460.17,TARGET,3139.80,2688.78
fast_pair,HCLTECH,2026-02-16,SHORT,2026-02-16T11:00:00,1454.10,1460.82,1444.03,206,6.72,2026-02-16T12:50:00,1452.30,TIME_STOP,370.80,-78.24
fast_pair,HCLTECH,2026-02-18,SHORT,2026-02-18T10:20:00,1454.60,1461.61,1444.08,206,7.01,2026-02-18T11:10:00,1461.61,STOP,-1444.64,-1895.19
fast_pair,HCLTECH,2026-02-19,SHORT,2026-02-19T11:20:00,1476.20,1482.65,1466.52,203,6.45,2026-02-19T11:40:00,1466.52,TARGET,1965.51,1517.48
fast_pair,HCLTECH,2026-02-20,LONG,2026-02-20T10:50:00,1452.60,1446.34,1461.99,206,6.26,2026-02-20T11:10:00,1447.90,REVERSE,-968.20,-1416.33
fast_pair,HCLTECH,2026-02-23,LONG,2026-02-23T12:00:00,1433.70,1427.82,1442.52,209,5.88,2026-02-23T12:40:00,1427.82,STOP,-1228.27,-1676.81
fast_pair,HCLTECH,2026-02-26,SHORT,2026-02-26T12:20:00,1380.30,1386.93,1370.36,217,6.63,2026-02-26T13:20:00,1370.36,TARGET,2156.71,1709.04
fast_pair,HCLTECH,2026-02-27,SHORT,2026-02-27T12:30:00,1389.20,1394.61,1381.08,215,5.41,2026-02-27T13:10:00,1392.20,REVERSE,-645.00,-1093.50
fast_pair,HCLTECH,2026-03-04,SHORT,2026-03-04T10:40:00,1365.80,1372.45,1355.83,219,6.65,2026-03-04T12:30:00,1364.30,TIME_STOP,328.50,-119.92
fast_pair,HCLTECH,2026-03-06,SHORT,2026-03-06T10:10:00,1366.60,1372.33,1358.01,219,5.73,2026-03-06T10:20:00,1369.40,REVERSE,-613.20,-1062.59
fast_pair,HCLTECH,2026-03-09,LONG,2026-03-09T10:50:00,1357.80,1352.18,1366.23,220,5.62,2026-03-09T11:00:00,1366.23,TARGET,1853.98,1404.51
fast_pair,HCLTECH,2026-03-10,LONG,2026-03-10T11:50:00,1355.00,1350.51,1361.73,221,4.49,2026-03-10T12:40:00,1350.51,STOP,-991.35,-1439.79
fast_pair,HCLTECH,2026-03-11,LONG,2026-03-11T11:20:00,1359.00,1354.51,1365.73,220,4.49,2026-03-11T13:10:00,1356.80,TIME_STOP,-484.00,-932.11
fast_pair,HCLTECH,2026-03-12,LONG,2026-03-12T10:40:00,1353.00,1347.83,1360.76,221,5.17,2026-03-12T11:00:00,1360.76,TARGET,1715.35,1265.55
fast_pair,MARUTI,2024-03-18,LONG,2024-03-18T10:00:00,11429.00,11358.08,11535.38,26,70.92,2024-03-18T11:50:00,11453.10,TIME_STOP,626.60,180.40
fast_pair,MARUTI,2024-03-19,SHORT,2024-03-19T10:00:00,11527.95,11566.95,11469.46,26,39.00,2024-03-19T10:10:00,11469.46,TARGET,1520.85,1072.40
fast_pair,MARUTI,2024-03-21,LONG,2024-03-21T10:50:00,11950.00,11909.46,12010.82,25,40.54,2024-03-21T11:40:00,11909.46,STOP,-1013.61,-1460.97
fast_pair,MARUTI,2024-03-26,LONG,2024-03-26T11:40:00,12229.70,12188.50,12291.49,24,41.20,2024-03-26T11:50:00,12291.49,TARGET,1483.02,1041.64
fast_pair,MARUTI,2024-03-27,SHORT,2024-03-27T14:00:00,12598.55,12638.62,12538.45,23,40.07,2024-03-27T14:50:00,12538.45,TARGET,1382.34,948.73
fast_pair,MARUTI,2024-03-28,LONG,2024-03-28T10:50:00,12529.55,12480.40,12603.28,23,49.15,2024-03-28T10:50:00,12506.80,REVERSE,-523.25,-955.13
fast_pair,MARUTI,2024-04-01,LONG,2024-04-01T13:40:00,12602.70,12578.19,12639.46,23,24.51,2024-04-01T14:30:00,12578.19,STOP,-563.68,-998.05
fast_pair,MARUTI,2024-04-02,LONG,2024-04-02T10:30:00,12575.00,12536.09,12633.36,23,38.91,2024-04-02T10:40:00,12633.36,TARGET,1342.25,907.41
fast_pair,MARUTI,2024-04-04,LONG,2024-04-04T12:50:00,12410.00,12375.29,12462.06,24,34.71,2024-04-04T13:10:00,12462.06,TARGET,1249.54,801.85
fast_pair,MARUTI,2024-04-10,SHORT,2024-04-10T10:00:00,12860.40,12896.71,12805.93,23,36.31,2024-04-10T10:00:00,12805.93,TARGET,1252.83,810.09
fast_pair,MARUTI,2024-04-15,LONG,2024-04-15T10:50:00,12311.20,12248.96,12404.57,24,62.24,2024-04-15T11:20:00,12248.96,STOP,-1493.85,-1935.93
fast_pair,MARUTI,2024-04-18,SHORT,2024-04-18T13:50:00,12513.90,12557.27,12448.84,23,43.37,2024-04-18T14:20:00,12448.84,TARGET,1496.33,1065.72
fast_pair,MARUTI,2024-04-19,LONG,2024-04-19T11:50:00,12418.20,12359.32,12506.52,24,58.88,2024-04-19T11:50:00,12506.52,TARGET,2119.80,1671.15
fast_pair,MARUTI,2024-04-22,SHORT,2024-04-22T11:40:00,12726.95,12780.57,12646.52,23,53.62,2024-04-22T11:50:00,12780.57,STOP,-1233.29,-1673.30
fast_pair,MARUTI,2024-04-25,LONG,2024-04-25T13:10:00,12822.40,12786.07,12876.89,23,36.33,2024-04-25T13:50:00,12876.89,TARGET,1253.26,809.94
fast_pair,MARUTI,2024-04-26,SHORT,2024-04-26T11:20:00,12886.15,12933.67,12814.88,23,47.52,2024-04-26T12:20:00,12814.88,TARGET,1639.29,1195.95
fast_pair,MARUTI,2024-04-29,SHORT,2024-04-29T10:20:00,12730.65,12796.07,12632.52,23,65.42,2024-04-29T10:50:00,12632.52,TARGET,2256.97,1819.46
fast_pair,MARUTI,2024-04-30,SHORT,2024-04-30T11:30:00,12803.75,12857.80,12722.67,23,54.05,2024-04-30T11:50:00,12857.80,STOP,-1243.22,-1685.88
fast_pair,MARUTI,2024-05-06,SHORT,2024-05-06T11:50:00,12492.20,12538.01,12423.49,24,45.81,2024-05-06T13:30:00,12423.49,TARGET,1649.13,1200.65
fast_pair,MARUTI,2024-05-08,SHORT,2024-05-08T10:40:00,12361.20,12413.81,12282.28,24,52.61,2024-05-08T11:00:00,12413.81,STOP,-1262.74,-1708.69
fast_pair,MARUTI,2024-05-09,SHORT,2024-05-09T11:10:00,12593.75,12639.86,12524.58,23,46.11,2024-05-09T11:10:00,12639.86,STOP,-1060.58,-1495.86
fast_pair,MARUTI,2024-05-13,LONG,2024-05-13T10:00:00,12540.00,12482.93,12625.60,23,57.07,2024-05-13T10:00:00,12482.93,STOP,-1312.56,-1744.21
fast_pair,MARUTI,2024-05-15,LONG,2024-05-15T11:50:00,12773.00,12742.19,12819.21,23,30.81,2024-05-15T13:40:00,12786.35,TIME_STOP,307.05,-133.85
fast_pair,MARUTI,2024-05-17,SHORT,2024-05-17T10:10:00,12405.00,12464.14,12316.29,24,59.14,2024-05-17T10:10:00,12449.30,REVERSE,-1063.20,-1510.58
fast_pair,MARUTI,2024-05-21,SHORT,2024-05-21T11:50:00,12543.75,12593.78,12468.71,23,50.03,2024-05-21T13:40:00,12526.45,TIME_STOP,397.90,-34.56
fast_pair,MARUTI,2024-05-22,LONG,2024-05-22T10:20:00,12511.90,12470.13,12574.55,23,41.77,2024-05-22T12:10:00,12552.40,TIME_STOP,931.50,499.14
fast_pair,MARUTI,2024-05-24,SHORT,2024-05-24T11:50:00,12894.85,12929.13,12843.44,23,34.28,2024-05-24T12:10:00,12921.90,REVERSE,-622.15,-1067.49
fast_pair,MARUTI,2024-05-27,LONG,2024-05-27T11:50:00,12902.15,12866.24,12956.02,23,35.91,2024-05-27T12:40:00,12956.02,TARGET,1238.90,792.85
fast_pair,MARUTI,2024-05-28,LONG,2024-05-28T11:10:00,12936.55,12901.21,12989.56,23,35.34,2024-05-28T11:50:00,12901.21,STOP,-812.86,-1258.56
fast_pair,MARUTI,2024-05-29,LONG,2024-05-29T11:40:00,12823.00,12792.80,12868.29,23,30.20,2024-05-29T11:50:00,12802.90,REVERSE,-462.30,-904.35
fast_pair,MARUTI,2024-05-31,LONG,2024-05-31T10:40:00,12612.85,12561.96,12689.18,23,50.89,2024-05-31T11:50:00,12561.96,STOP,-1170.44,-1604.71
fast_pair,MARUTI,2024-06-04,LONG,2024-06-04T13:30:00,12222.75,12080.12,12436.70,17,142.63,2024-06-04T14:00:00,12122.85,REVERSE,-1698.30,-2008.71
fast_pair,MARUTI,2024-06-07,SHORT,2024-06-07T10:30:00,12638.40,12686.84,12565.73,23,48.44,2024-06-07T11:30:00,12674.40,REVERSE,-828.00,-1264.65
fast_pair,MARUTI,2024-06-10,SHORT,2024-06-10T10:30:00,12774.05,12820.97,12703.68,23,46.92,2024-06-10T12:10:00,12703.68,TARGET,1618.57,1179.08
fast_pair,MARUTI,2024-06-12,SHORT,2024-06-12T13:20:00,12874.60,12909.24,12822.64,23,34.64,2024-06-12T13:50:00,12889.05,REVERSE,-332.35,-776.77
fast_pair,MARUTI,2024-06-13,LONG,2024-06-13T12:30:00,12819.05,12787.29,12866.70,23,31.76,2024-06-13T14:20:00,12823.90,TIME_STOP,111.55,-330.79
fast_pair,MARUTI,2024-06-14,LONG,2024-06-14T11:40:00,12839.00,12815.82,12873.78,23,23.18,2024-06-14T11:50:00,12873.78,TARGET,799.85,356.30
fast_pair,MARUTI,2024-06-21,LONG,2024-06-21T10:40:00,12345.00,12294.43,12420.85,24,50.57,2024-06-21T10:40:00,12294.43,STOP,-1213.63,-1657.14
fast_pair,MARUTI,2024-06-24,LONG,2024-06-24T10:20:00,12225.00,12176.81,12297.28,24,48.19,2024-06-24T11:40:00,12205.10,REVERSE,-477.60,-917.34
fast_pair,MARUTI,2024-06-25,SHORT,2024-06-25T10:30:00,12176.90,12209.27,12128.34,24,32.37,2024-06-25T10:30:00,12128.34,TARGET,1165.35,727.85
fast_pair,MARUTI,2024-06-26,LONG,2024-06-26T10:00:00,12145.00,12113.96,12191.56,24,31.04,2024-06-26T10:30:00,12191.56,TARGET,1117.32,679.26
fast_pair,MARUTI,2024-07-01,SHORT,2024-07-01T11:00:00,12095.95,12134.52,12038.10,24,38.57,2024-07-01T12:50:00,12077.45,TIME_STOP,444.00,8.88
fast_pair,MARUTI,2024-07-02,LONG,2024-07-02T11:10:00,12077.00,12043.46,12127.31,24,33.54,2024-07-02T11:50:00,12074.50,REVERSE,-60.00,-494.73
fast_pair,MARUTI,2024-07-03,LONG,2024-07-03T10:40:00,12040.00,12008.11,12087.84,24,31.89,2024-07-03T12:00:00,12087.84,TARGET,1148.20,713.90
fast_pair,MARUTI,2024-07-04,SHORT,2024-07-04T10:30:00,12100.00,12130.50,12054.25,24,30.50,2024-07-04T10:40:00,12130.50,STOP,-731.96,-1168.11
fast_pair,MARUTI,2024-07-08,LONG,2024-07-08T13:30:00,12026.55,12002.17,12063.12,24,24.38,2024-07-08T13:40:00,12002.17,STOP,-585.15,-1017.67
fast_pair,MARUTI,2024-07-10,SHORT,2024-07-10T11:10:00,12995.05,13077.31,12871.65,23,82.26,2024-07-10T11:10:00,12871.65,TARGET,2838.13,2391.93
fast_pair,MARUTI,2024-07-11,LONG,2024-07-11T10:00:00,12863.85,12796.28,12965.20,23,67.57,2024-07-11T10:00:00,12826.95,REVERSE,-848.70,-1291.87
fast_pair,MARUTI,2024-07-12,LONG,2024-07-12T12:20:00,12651.85,12611.51,12712.36,23,40.34,2024-07-12T12:30:00,12611.51,STOP,-927.84,-1363.63
fast_pair,MARUTI,2024-07-16,SHORT,2024-07-16T10:20:00,12653.90,12702.56,12580.90,23,48.66,2024-07-16T11:10:00,12681.30,REVERSE,-630.20,-1067.23
fast_pair,MARUTI,2024-07-18,LONG,2024-07-18T13:20:00,12557.20,12525.48,12604.78,23,31.72,2024-07-18T13:30:00,12604.78,TARGET,1094.32,660.28
fast_pair,MARUTI,2024-07-19,SHORT,2024-07-19T10:30:00,12615.00,12661.32,12545.51,23,46.32,2024-07-19T11:50:00,12545.51,TARGET,1598.20,1164.18
fast_pair,MARUTI,2024-07-22,LONG,2024-07-22T10:20:00,12586.00,12544.25,12648.62,23,41.75,2024-07-22T12:10:00,12586.00,TIME_STOP,0.00,-434.22
fast_pair,MARUTI,2024-07-23,SHORT,2024-07-23T10:20:00,12607.30,12641.95,12555.32,23,34.65,2024-07-23T10:50:00,12641.95,STOP,-797.06,-1232.61
fast_pair,MARUTI,2024-07-24,LONG,2024-07-24T11:30:00,12557.00,12511.94,12624.59,23,45.06,2024-07-24T11:40:00,12511.94,STOP,-1036.31,-1468.75
fast_pair,MARUTI,2024-07-25,LONG,2024-07-25T12:10:00,12470.00,12441.28,12513.07,24,28.72,2024-07-25T12:30:00,12513.07,TARGET,1033.76,584.07
fast_pair,MARUTI,2024-07-26,LONG,2024-07-26T10:00:00,12494.35,12458.34,12548.36,24,36.01,2024-07-26T10:00:00,12548.36,TARGET,1296.28,845.51
fast_pair,MARUTI,2024-07-31,SHORT,2024-07-31T12:30:00,12934.35,12976.76,12870.73,23,42.41,2024-07-31T13:20:00,12976.76,STOP,-975.51,-1422.48
fast_pair,MARUTI,2024-08-01,SHORT,2024-08-01T11:20:00,13259.55,13341.46,13136.69,22,81.91,2024-08-01T11:40:00,13136.69,TARGET,2702.99,2267.45
fast_pair,MARUTI,2024-08-05,LONG,2024-08-05T14:10:00,12245.80,12183.70,12338.95,24,62.10,2024-08-05T14:20:00,12183.70,STOP,-1490.41,-1930.14
fast_pair,MARUTI,2024-08-07,SHORT,2024-08-07T12:50:00,12301.35,12347.40,12232.28,24,46.05,2024-08-07T14:10:00,12347.40,STOP,-1105.11,-1548.79
fast_pair,MARUTI,2024-08-08,SHORT,2024-08-08T10:00:00,12311.95,12349.22,12256.04,24,37.27,2024-08-08T10:10:00,12256.04,TARGET,1341.80,899.58
fast_pair,MARUTI,2024-08-09,SHORT,2024-08-09T11:10:00,12244.05,12279.71,12190.56,24,35.66,2024-08-09T12:20:00,12250.00,REVERSE,-142.80,-583.69
fast_pair,MARUTI,2024-08-12,SHORT,2024-08-12T13:20:00,12282.55,12312.02,12238.34,24,29.47,2024-08-12T14:10:00,12312.02,STOP,-707.37,-1150.07
fast_pair,MARUTI,2024-08-13,SHORT,2024-08-13T10:30:00,12270.80,12311.29,12210.06,24,40.49,2024-08-13T11:30:00,12295.05,REVERSE,-582.00,-1024.19
fast_pair,MARUTI,2024-08-16,SHORT,2024-08-16T10:20:00,12184.00,12230.38,12114.43,24,46.38,2024-08-16T10:30:00,12114.43,TARGET,1669.57,1232.20
fast_pair,MARUTI,2024-08-19,SHORT,2024-08-19T10:20:00,12200.00,12231.84,12152.24,24,31.84,2024-08-19T11:00:00,12152.24,TARGET,1146.12,707.78
fast_pair,MARUTI,2024-08-21,LONG,2024-08-21T12:50:00,12220.00,12201.47,12247.79,24,18.53,2024-08-21T14:40:00,12225.45,TIME_STOP,130.80,-309.22
fast_pair,MARUTI,2024-08-23,SHORT,2024-08-23T13:10:00,12300.00,12324.03,12263.95,24,24.03,2024-08-23T13:10:00,12324.03,STOP,-576.79,-1020.03
fast_pair,MARUTI,2024-08-26,LONG,2024-08-26T10:00:00,12306.00,12275.34,12351.99,24,30.66,2024-08-26T10:00:00,12275.34,STOP,-735.88,-1178.34
fast_pair,MARUTI,2024-08-27,LONG,2024-08-27T10:10:00,12306.00,12280.89,12343.67,24,25.11,2024-08-27T10:10:00,12343.67,TARGET,903.98,460.28
fast_pair,MARUTI,2024-08-29,LONG,2024-08-29T12:50:00,12308.50,12289.24,12337.39,24,19.26,2024-08-29T13:20:00,12337.39,TARGET,693.32,249.70
fast_pair,MARUTI,2024-09-02,SHORT,2024-09-02T11:50:00,12436.30,12470.99,12384.26,24,34.69,2024-09-02T12:00:00,12384.26,TARGET,1248.91,802.14
fast_pair,MARUTI,2024-09-03,LONG,2024-09-03T10:40:00,12417.00,12392.04,12454.43,24,24.96,2024-09-03T11:30:00,12454.43,TARGET,898.39,450.70
fast_pair,MARUTI,2024-09-04,LONG,2024-09-04T12:30:00,12315.80,12292.34,12350.98,24,23.46,2024-09-04T13:00:00,12292.34,STOP,-562.95,-1005.89
fast_pair,MARUTI,2024-09-05,LONG,2024-09-05T12:10:00,12280.00,12257.89,12313.16,24,22.11,2024-09-05T13:00:00,12257.89,STOP,-530.56,-972.24
fast_pair,MARUTI,2024-09-06,LONG,2024-09-06T11:50:00,12234.80,12206.77,12276.84,24,28.03,2024-09-06T12:00:00,12206.77,STOP,-672.60,-1112.55
fast_pair,MARUTI,2024-09-09,SHORT,2024-09-09T10:00:00,12157.00,12194.73,12100.41,24,37.73,2024-09-09T11:50:00,12146.00,TIME_STOP,264.00,-173.45
fast_pair,MARUTI,2024-09-10,SHORT,2024-09-10T10:00:00,12119.85,12143.99,12083.64,24,24.14,2024-09-10T10:50:00,12143.99,STOP,-579.42,-1016.17
fast_pair,MARUTI,2024-09-11,SHORT,2024-09-11T13:10:00,12268.80,12297.66,12225.52,24,28.86,2024-09-11T14:10:00,12225.52,TARGET,1038.80,597.90
fast_pair,MARUTI,2024-09-12,LONG,2024-09-12T11:40:00,12228.90,12198.40,12274.65,24,30.50,2024-09-12T13:30:00,12224.85,TIME_STOP,-97.20,-537.37
fast_pair,MARUTI,2024-09-13,SHORT,2024-09-13T10:30:00,12335.05,12367.97,12285.67,24,32.92,2024-09-13T12:20:00,12330.95,TIME_STOP,98.40,-345.59
fast_pair,MARUTI,2024-09-16,SHORT,2024-09-16T10:30:00,12314.70,12339.87,12276.95,24,25.17,2024-09-16T12:20:00,12286.95,TIME_STOP,666.00,223.17
fast_pair,MARUTI,2024-09-17,LONG,2024-09-17T13:50:00,12200.00,12180.63,12229.06,24,19.37,2024-09-17T14:30:00,12229.06,TARGET,697.37,257.65
fast_pair,MARUTI,2024-09-18,SHORT,2024-09-18T12:10:00,12277.00,12299.21,12243.69,24,22.21,2024-09-18T12:50:00,12243.69,TARGET,799.39,358.02
fast_pair,MARUTI,2024-09-20,SHORT,2024-09-20T13:50:00,12513.55,12554.26,12452.49,23,40.71,2024-09-20T13:50:00,12554.26,STOP,-936.22,-1368.64
fast_pair,MARUTI,2024-09-24,SHORT,2024-09-24T14:10:00,12715.00,12741.14,12675.78,23,26.14,2024-09-24T15:20:00,12741.14,STOP,-601.33,-1040.45
fast_pair,MARUTI,2024-09-25,SHORT,2024-09-25T10:10:00,12663.30,12700.75,12607.13,23,37.45,2024-09-25T12:00:00,12665.15,TIME_STOP,-42.55,-479.47
fast_pair,MARUTI,2024-09-27,SHORT,2024-09-27T13:00:00,13421.75,13462.92,13359.99,22,41.17,2024-09-27T13:40:00,13462.92,STOP,-905.79,-1349.39
fast_pair,MARUTI,2024-09-30,LONG,2024-09-30T10:30:00,13483.10,13435.23,13554.91,22,47.87,2024-09-30T10:50:00,13435.23,STOP,-1053.22,-1497.37
fast_pair,MARUTI,2024-10-04,LONG,2024-10-04T10:00:00,12820.85,12749.16,12928.38,23,71.69,2024-10-04T11:20:00,12749.16,STOP,-1648.80,-2089.88
fast_pair,MARUTI,2024-10-08,SHORT,2024-10-08T13:00:00,12508.60,12553.62,12441.08,23,45.02,2024-10-08T13:10:00,12553.62,STOP,-1035.35,-1467.67
fast_pair,MARUTI,2024-10-11,SHORT,2024-10-11T10:30:00,12901.55,12937.64,12847.41,23,36.09,2024-10-11T10:40:00,12847.41,TARGET,1245.17,801.00
fast_pair,MARUTI,2024-10-15,LONG,2024-10-15T13:50:00,12420.00,12386.97,12469.55,24,33.03,2024-10-15T14:10:00,12386.97,STOP,-792.75,-1239.28
fast_pair,MARUTI,2024-10-16,LONG,2024-10-16T14:10:00,12347.00,12319.78,12387.84,24,27.22,2024-10-16T14:10:00,12387.84,TARGET,980.05,534.82
fast_pair,MARUTI,2024-10-18,LONG,2024-10-18T12:30:00,12111.90,12064.36,12183.21,24,47.54,2024-10-18T13:00:00,12064.36,STOP,-1140.91,-1576.08
fast_pair,MARUTI,2024-10-21,LONG,2024-10-21T10:50:00,12106.30,12051.73,12188.15,24,54.57,2024-10-21T11:00:00,12188.15,TARGET,1964.51,1527.21
fast_pair,MARUTI,2024-10-23,LONG,2024-10-23T10:00:00,11965.00,11906.55,12052.68,25,58.45,2024-10-23T10:00:00,11906.55,STOP,-1461.37,-1908.96
fast_pair,MARUTI,2024-10-28,LONG,2024-10-28T12:20:00,11580.00,11534.70,11647.95,25,45.30,2024-10-28T14:00:00,11534.70,STOP,-1132.53,-1565.93
fast_pair,MARUTI,2024-10-29,LONG,2024-10-29T12:50:00,11290.15,11239.34,11366.36,26,50.81,2024-10-29T13:20:00,11239.34,STOP,-1321.03,-1760.36
fast_pair,MARUTI,2024-10-31,LONG,2024-10-31T13:40:00,11144.00,11107.48,11198.77,26,36.52,2024-10-31T14:00:00,11107.48,STOP,-949.41,-1383.32
fast_pair,MARUTI,2024-11-04,LONG,2024-11-04T13:20:00,10956.95,10915.31,11019.41,27,41.64,2024-11-04T13:20:00,10930.55,REVERSE,-712.80,-1156.02
fast_pair,MARUTI,2024-11-05,SHORT,2024-11-05T12:20:00,11149.00,11188.91,11089.14,26,39.91,2024-11-05T12:40:00,11188.91,STOP,-1037.58,-1473.17
fast_pair,MARUTI,2024-11-07,LONG,2024-11-07T11:50:00,11305.00,11266.17,11363.25,26,38.83,2024-11-07T12:10:00,11266.17,STOP,-1009.65,-1449.79
fast_pair,MARUTI,2024-11-08,LONG,2024-11-08T12:00:00,11244.40,11212.22,11292.67,26,32.18,2024-11-08T12:10:00,11292.67,TARGET,1255.02,815.54
fast_pair,MARUTI,2024-11-11,SHORT,2024-11-11T13:50:00,11388.35,11420.73,11339.78,26,32.38,2024-11-11T13:50:00,11420.73,STOP,-841.93,-1286.71
fast_pair,MARUTI,2024-11-13,LONG,2024-11-13T12:10:00,11055.00,11013.56,11117.15,27,41.44,2024-11-13T13:00:00,11013.56,STOP,-1118.77,-1565.66
fast_pair,MARUTI,2024-11-14,LONG,2024-11-14T13:10:00,10967.55,10931.54,11021.56,27,36.01,2024-11-14T13:20:00,11021.56,TARGET,1458.31,1013.03
fast_pair,MARUTI,2024-11-19,SHORT,2024-11-19T13:20:00,11120.00,11143.86,11084.21,26,23.86,2024-11-19T14:40:00,11084.21,TARGET,930.60,497.62
fast_pair,MARUTI,2024-11-21,LONG,2024-11-21T12:30:00,10934.80,10893.63,10996.56,27,41.17,2024-11-21T12:50:00,10893.63,STOP,-1111.66,-1553.69
fast_pair,MARUTI,2024-11-22,LONG,2024-11-22T10:10:00,10899.60,10861.02,10957.47,27,38.58,2024-11-22T10:40:00,10877.65,REVERSE,-592.65,-1033.64
fast_pair,MARUTI,2024-11-25,SHORT,2024-11-25T13:00:00,11147.80,11180.30,11099.06,26,32.50,2024-11-25T14:20:00,11099.06,TARGET,1267.36,833.54
fast_pair,MARUTI,2024-11-27,LONG,2024-11-27T10:40:00,11048.00,11004.77,11112.84,27,43.23,2024-11-27T12:30:00,11089.25,TIME_STOP,1113.75,665.47
fast_pair,MARUTI,2024-11-28,LONG,2024-11-28T14:10:00,10978.35,10954.57,11014.02,27,23.78,2024-11-28T14:10:00,10954.57,STOP,-642.04,-1086.18
fast_pair,MARUTI,2024-11-29,LONG,2024-11-29T10:00:00,10981.00,10943.97,11036.54,27,37.03,2024-11-29T10:20:00,10943.97,STOP,-999.75,-1443.73
fast_pair,MARUTI,2024-12-02,SHORT,2024-12-02T13:10:00,11192.30,11224.60,11143.86,26,32.30,2024-12-02T13:30:00,11224.60,STOP,-839.68,-1276.81
fast_pair,MARUTI,2024-12-03,SHORT,2024-12-03T11:30:00,11236.90,11264.29,11195.81,26,27.39,2024-12-03T12:30:00,11264.29,STOP,-712.23,-1151.01
fast_pair,MARUTI,2024-12-05,LONG,2024-12-05T13:50:00,11114.00,11087.50,11153.76,26,26.50,2024-12-05T13:50:00,11102.85,REVERSE,-289.90,-723.13
fast_pair,MARUTI,2024-12-06,SHORT,2024-12-06T10:10:00,11159.75,11204.57,11092.52,26,44.82,2024-12-06T11:00:00,11176.55,REVERSE,-436.80,-872.36
fast_pair,MARUTI,2024-12-09,LONG,2024-12-09T11:50:00,11309.55,11279.49,11354.64,26,30.06,2024-12-09T12:20:00,11285.05,REVERSE,-637.00,-1077.59
fast_pair,MARUTI,2024-12-10,LONG,2024-12-10T10:30:00,11300.00,11268.44,11347.35,26,31.56,2024-12-10T10:40:00,11268.44,STOP,-820.67,-1260.75
fast_pair,MARUTI,2024-12-11,SHORT,2024-12-11T13:00:00,11275.35,11296.77,11243.22,26,21.42,2024-12-11T13:00:00,11296.77,STOP,-556.93,-997.09
fast_pair,MARUTI,2024-12-13,LONG,2024-12-13T12:00:00,11193.10,11156.07,11248.65,26,37.03,2024-12-13T12:00:00,11248.65,TARGET,1444.33,1006.71
fast_pair,MARUTI,2024-12-16,LONG,2024-12-16T10:00:00,11290.00,11254.83,11342.75,26,35.17,2024-12-16T11:10:00,11254.83,STOP,-914.36,-1353.99
fast_pair,MARUTI,2024-12-18,LONG,2024-12-18T11:40:00,11048.00,11012.99,11100.51,27,35.01,2024-12-18T11:50:00,11031.05,REVERSE,-457.65,-904.75
fast_pair,MARUTI,2024-12-19,LONG,2024-12-19T11:10:00,10980.00,10946.50,11030.24,27,33.50,2024-12-19T11:40:00,11030.24,TARGET,1356.56,910.86
fast_pair,MARUTI,2024-12-23,LONG,2024-12-23T11:20:00,10963.45,10930.12,11013.44,27,33.33,2024-12-23T11:40:00,10930.12,STOP,-899.87,-1343.22
fast_pair,MARUTI,2024-12-24,SHORT,2024-12-24T12:00:00,10846.00,10872.05,10806.92,27,26.05,2024-12-24T12:20:00,10806.92,TARGET,1055.17,616.70
fast_pair,MARUTI,2024-12-26,SHORT,2024-12-26T13:30:00,10905.00,10932.80,10863.29,27,27.80,2024-12-26T13:40:00,10932.80,STOP,-750.71,-1192.92
fast_pair,MARUTI,2024-12-27,SHORT,2024-12-27T11:50:00,11010.30,11046.16,10956.50,27,35.86,2024-12-27T13:40:00,10996.75,TIME_STOP,365.85,-79.79
fast_pair,MARUTI,2024-12-30,LONG,2024-12-30T11:30:00,10892.90,10864.49,10935.52,27,28.41,2024-12-30T11:40:00,10935.52,TARGET,1150.70,708.68
fast_pair,MARUTI,2024-12-31,LONG,2024-12-31T11:20:00,10836.45,10801.20,10889.32,27,35.25,2024-12-31T12:00:00,10801.20,STOP,-951.64,-1389.80
fast_pair,MARUTI,2025-01-01,LONG,2025-01-01T11:00:00,10881.50,10853.75,10923.13,27,27.75,2025-01-01T11:20:00,10923.13,TARGET,1123.97,682.42
fast_pair,MARUTI,2025-01-03,SHORT,2025-01-03T13:40:00,11954.75,11993.05,11897.30,25,38.30,2025-01-03T13:40:00,11993.05,STOP,-957.54,-1406.56
fast_pair,MARUTI,2025-01-07,SHORT,2025-01-07T10:10:00,11738.85,11785.89,11668.29,25,47.04,2025-01-07T10:10:00,11769.00,REVERSE,-753.75,-1194.52
fast_pair,MARUTI,2025-01-09,LONG,2025-01-09T11:50:00,11757.05,11722.83,11808.39,25,34.22,2025-01-09T13:00:00,11808.39,TARGET,1283.38,841.52
fast_pair,MARUTI,2025-01-10,LONG,2025-01-10T13:20:00,11647.00,11610.91,11701.14,25,36.09,2025-01-10T14:00:00,11610.91,STOP,-902.28,-1338.37
fast_pair,MARUTI,2025-01-15,SHORT,2025-01-15T13:10:00,11932.50,11978.74,11863.13,25,46.24,2025-01-15T15:00:00,11930.60,TIME_STOP,47.50,-399.93
fast_pair,MARUTI,2025-01-17,SHORT,2025-01-17T10:10:00,12088.15,12124.71,12033.32,24,36.56,2025-01-17T11:00:00,12033.32,TARGET,1316.02,881.84
fast_pair,MARUTI,2025-01-20,LONG,2025-01-20T11:50:00,12090.90,12058.19,12139.96,24,32.71,2025-01-20T13:20:00,12058.19,STOP,-785.03,-1219.71
fast_pair,MARUTI,2025-01-22,LONG,2025-01-22T11:50:00,11979.35,11946.64,12028.42,25,32.71,2025-01-22T12:30:00,12028.42,TARGET,1226.76,776.62
fast_pair,MARUTI,2025-01-23,SHORT,2025-01-23T11:30:00,12015.25,12053.26,11958.23,24,38.01,2025-01-23T11:30:00,12053.26,STOP,-912.34,-1345.57
fast_pair,MARUTI,2025-01-24,LONG,2025-01-24T11:20:00,12027.35,11989.14,12084.67,24,38.21,2025-01-24T11:50:00,12084.67,TARGET,1375.73,941.72
fast_pair,MARUTI,2025-01-27,SHORT,2025-01-27T10:10:00,11931.20,11975.99,11864.01,25,44.79,2025-01-27T10:20:00,11975.99,STOP,-1119.84,-1568.10
fast_pair,MARUTI,2025-01-28,LONG,2025-01-28T12:00:00,11966.10,11937.83,12008.50,25,28.27,2025-01-28T12:50:00,12008.50,TARGET,1060.11,610.58
fast_pair,MARUTI,2025-01-30,LONG,2025-01-30T12:30:00,12010.55,11974.76,12064.24,24,35.79,2025-01-30T14:10:00,11980.00,REVERSE,-733.20,-1165.03
fast_pair,MARUTI,2025-02-03,SHORT,2025-02-03T12:30:00,13084.20,13150.88,12984.17,22,66.68,2025-02-03T13:00:00,13150.88,STOP,-1467.04,-1899.92
fast_pair,MARUTI,2025-02-04,LONG,2025-02-04T12:00:00,13071.00,13029.52,13133.22,22,41.48,2025-02-04T12:30:00,13048.05,REVERSE,-504.90,-935.86
fast_pair,MARUTI,2025-02-05,LONG,2025-02-05T13:30:00,13070.95,13041.43,13115.22,22,29.52,2025-02-05T15:20:00,13091.70,TIME_STOP,456.50,24.82
fast_pair,MARUTI,2025-02-07,LONG,2025-02-07T11:30:00,13075.00,13045.47,13119.30,22,29.53,2025-02-07T12:00:00,13045.47,STOP,-649.74,-1080.72
fast_pair,MARUTI,2025-02-10,LONG,2025-02-10T12:00:00,12986.65,12957.44,13030.46,23,29.21,2025-02-10T12:10:00,12957.44,STOP,-671.80,-1119.34
fast_pair,MARUTI,2025-02-11,SHORT,2025-02-11T10:30:00,12909.65,12943.50,12858.87,23,33.85,2025-02-11T11:30:00,12858.87,TARGET,1167.85,723.34
fast_pair,MARUTI,2025-02-12,LONG,2025-02-12T11:10:00,12702.55,12658.15,12769.15,23,44.40,2025-02-12T12:40:00,12692.35,REVERSE,-234.60,-672.66
fast_pair,MARUTI,2025-02-13,LONG,2025-02-13T10:00:00,12713.60,12675.61,12770.59,23,37.99,2025-02-13T10:10:00,12675.61,STOP,-873.84,-1311.80
fast_pair,MARUTI,2025-02-17,LONG,2025-02-17T10:50:00,12662.60,12626.46,12716.81,23,36.14,2025-02-17T12:40:00,12699.95,TIME_STOP,859.05,421.55
fast_pair,MARUTI,2025-02-18,SHORT,2025-02-18T12:00:00,12762.00,12794.43,12713.35,23,32.43,2025-02-18T13:30:00,12794.43,STOP,-745.96,-1186.81
fast_pair,MARUTI,2025-02-21,LONG,2025-02-21T12:10:00,12363.20,12331.64,12410.54,24,31.56,2025-02-21T12:30:00,12410.54,TARGET,1136.11,690.19
fast_pair,MARUTI,2025-02-24,SHORT,2025-02-24T11:00:00,12349.90,12390.18,12289.49,24,40.28,2025-02-24T11:30:00,12289.49,TARGET,1449.95,1006.44
fast_pair,MARUTI,2025-02-25,SHORT,2025-02-25T13:10:00,12425.30,12453.53,12382.96,24,28.23,2025-02-25T13:40:00,12453.53,STOP,-677.44,-1125.26
fast_pair,MARUTI,2025-02-28,LONG,2025-02-28T13:20:00,11950.00,11914.35,12003.48,25,35.65,2025-02-28T13:30:00,11935.55,REVERSE,-361.25,-809.10
fast_pair,MARUTI,2025-03-03,SHORT,2025-03-03T10:10:00,11923.25,11966.83,11857.89,25,43.58,2025-03-03T11:00:00,11857.89,TARGET,1634.12,1188.23
fast_pair,MARUTI,2025-03-05,SHORT,2025-03-05T13:50:00,11681.15,11713.67,11632.37,25,32.52,2025-03-05T14:00:00,11632.37,TARGET,1219.61,782.48
fast_pair,MARUTI,2025-03-06,LONG,2025-03-06T11:50:00,11576.05,11537.52,11633.84,25,38.53,2025-03-06T13:10:00,11633.84,TARGET,1444.75,1009.56
fast_pair,MARUTI,2025-03-07,SHORT,2025-03-07T10:10:00,11608.25,11649.22,11546.79,25,40.97,2025-03-07T10:20:00,11649.22,STOP,-1024.32,-1460.40
fast_pair,MARUTI,2025-03-11,LONG,2025-03-11T12:50:00,11588.75,11557.22,11636.05,25,31.53,2025-03-11T13:50:00,11636.05,TARGET,1182.50,747.04
fast_pair,MARUTI,2025-03-12,SHORT,2025-03-12T10:10:00,11612.25,11647.66,11559.14,25,35.41,2025-03-12T12:00:00,11580.90,TIME_STOP,783.75,348.88
fast_pair,MARUTI,2025-03-13,SHORT,2025-03-13T11:10:00,11625.25,11658.30,11575.67,25,33.05,2025-03-13T11:10:00,11647.10,REVERSE,-546.25,-982.61
fast_pair,MARUTI,2025-03-17,SHORT,2025-03-17T10:40:00,11568.25,11610.06,11505.54,25,41.81,2025-03-17T12:30:00,11505.54,TARGET,1567.69,1135.06
fast_pair,MARUTI,2025-03-19,SHORT,2025-03-19T13:40:00,11600.00,11622.17,11566.74,25,22.17,2025-03-19T13:50:00,11566.74,TARGET,831.41,397.03
fast_pair,MARUTI,2025-03-20,SHORT,2025-03-20T10:50:00,11625.00,11656.37,11577.94,25,31.37,2025-03-20T11:00:00,11635.00,REVERSE,-250.00,-686.12
fast_pair,MARUTI,2025-03-21,SHORT,2025-03-21T13:40:00,11860.25,11884.99,11823.14,25,24.74,2025-03-21T13:40:00,11823.14,TARGET,927.69,483.63
fast_pair,MARUTI,2025-03-24,LONG,2025-03-24T10:20:00,11789.55,11752.69,11844.84,25,36.86,2025-03-24T10:40:00,11844.84,TARGET,1382.31,939.17
fast_pair,MARUTI,2025-03-25,SHORT,2025-03-25T11:00:00,11904.05,11949.54,11835.81,25,45.49,2025-03-25T12:50:00,11901.00,TIME_STOP,76.25,-370.09
fast_pair,MARUTI,2025-03-27,LONG,2025-03-27T12:20:00,11803.00,11771.06,11850.91,25,31.94,2025-03-27T12:20:00,11796.15,REVERSE,-171.25,-613.73
fast_pair,MARUTI,2025-03-28,LONG,2025-03-28T11:00:00,11738.00,11691.30,11808.05,25,46.70,2025-03-28T11:30:00,11691.30,STOP,-1167.53,-1606.83
fast_pair,MARUTI,2025-04-01,LONG,2025-04-01T10:00:00,11508.20,11462.42,11576.87,26,45.78,2025-04-01T10:20:00,11462.42,STOP,-1190.22,-1638.14
fast_pair,MARUTI,2025-04-02,SHORT,2025-04-02T13:00:00,11638.45,11678.02,11579.10,25,39.57,2025-04-02T14:00:00,11669.90,REVERSE,-786.25,-1223.28
fast_pair,MARUTI,2025-04-04,LONG,2025-04-04T13:00:00,11435.95,11397.42,11493.74,26,38.53,2025-04-04T13:50:00,11425.60,REVERSE,-269.10,-714.90
fast_pair,MARUTI,2025-04-07,LONG,2025-04-07T13:40:00,11266.00,11214.55,11343.18,26,51.45,2025-04-07T15:10:00,11343.18,TARGET,2006.61,1565.73
fast_pair,MARUTI,2025-04-08,SHORT,2025-04-08T11:00:00,11318.15,11371.97,11237.41,26,53.82,2025-04-08T11:40:00,11371.97,STOP,-1399.45,-1841.91
fast_pair,MARUTI,2025-04-09,SHORT,2025-04-09T10:20:00,11456.95,11504.85,11385.10,26,47.90,2025-04-09T10:20:00,11483.05,REVERSE,-678.60,-1125.93
fast_pair,MARUTI,2025-04-17,LONG,2025-04-17T11:30:00,11635.00,11605.25,11679.63,25,29.75,2025-04-17T11:40:00,11679.63,TARGET,1115.77,678.62
fast_pair,MARUTI,2025-04-21,LONG,2025-04-21T10:40:00,11700.00,11667.47,11748.80,25,32.53,2025-04-21T10:50:00,11748.80,TARGET,1219.90,780.24
fast_pair,MARUTI,2025-04-22,LONG,2025-04-22T12:00:00,11695.00,11666.91,11737.13,25,28.09,2025-04-22T13:50:00,11737.13,TARGET,1053.26,613.91
fast_pair,MARUTI,2025-04-23,SHORT,2025-04-23T11:30:00,11789.00,11826.32,11733.02,25,37.32,2025-04-23T12:50:00,11802.00,REVERSE,-325.00,-767.33
fast_pair,MARUTI,2025-04-24,SHORT,2025-04-24T11:40:00,11904.00,11943.98,11844.04,25,39.98,2025-04-24T13:00:00,11926.00,REVERSE,-550.00,-996.81
fast_pair,MARUTI,2025-04-25,SHORT,2025-04-25T10:10:00,11843.00,11893.08,11767.88,25,50.08,2025-04-25T12:00:00,11830.00,TIME_STOP,325.00,-118.87
fast_pair,MARUTI,2025-04-28,LONG,2025-04-28T11:00:00,11700.00,11622.70,11815.96,25,77.30,2025-04-28T12:20:00,11815.96,TARGET,2898.90,2457.98
fast_pair,MARUTI,2025-04-29,LONG,2025-04-29T11:00:00,11833.00,11790.54,11896.69,25,42.46,2025-04-29T11:20:00,11790.54,STOP,-1061.54,-1504.48
fast_pair,MARUTI,2025-05-02,SHORT,2025-05-02T11:50:00,12510.00,12572.71,12415.93,23,62.71,2025-05-02T12:10:00,12415.93,TARGET,2163.65,1733.68
fast_pair,MARUTI,2025-05-07,LONG,2025-05-07T10:40:00,12585.00,12546.82,12642.26,23,38.18,2025-05-07T12:30:00,12610.00,TIME_STOP,575.00,140.39
fast_pair,MARUTI,2025-05-14,LONG,2025-05-14T10:30:00,12585.00,12551.69,12634.97,23,33.31,2025-05-14T12:20:00,12634.97,TARGET,1149.34,714.30
fast_pair,MARUTI,2025-05-15,LONG,2025-05-15T10:50:00,12687.00,12648.56,12744.66,23,38.44,2025-05-15T10:50:00,12648.56,STOP,-884.14,-1321.18
fast_pair,MARUTI,2025-05-16,SHORT,2025-05-16T11:40:00,12986.00,13027.26,12924.11,23,41.26,2025-05-16T13:30:00,12949.00,TIME_STOP,851.00,403.62
fast_pair,MARUTI,2025-05-19,SHORT,2025-05-19T10:20:00,12961.00,12992.08,12914.38,23,31.08,2025-05-19T11:10:00,12984.00,REVERSE,-529.00,-976.55
fast_pair,MARUTI,2025-05-23,SHORT,2025-05-23T11:50:00,12445.00,12471.29,12405.57,24,26.29,2025-05-23T13:40:00,12447.00,TIME_STOP,-48.00,-496.06
fast_pair,MARUTI,2025-05-26,SHORT,2025-05-26T10:40:00,12444.00,12476.02,12395.97,24,32.02,2025-05-26T11:20:00,12476.02,STOP,-768.50,-1217.06
fast_pair,MARUTI,2025-05-27,LONG,2025-05-27T11:10:00,12435.00,12400.84,12486.24,24,34.16,2025-05-27T11:10:00,12400.84,STOP,-819.82,-1266.86
fast_pair,MARUTI,2025-05-28,LONG,2025-05-28T11:10:00,12363.00,12332.50,12408.74,24,30.50,2025-05-28T12:00:00,12355.00,REVERSE,-192.00,-636.92
fast_pair,MARUTI,2025-05-30,SHORT,2025-05-30T11:00:00,12338.00,12368.93,12291.60,24,30.93,2025-05-30T11:40:00,12291.60,TARGET,1113.52,670.19
fast_pair,MARUTI,2025-06-02,LONG,2025-06-02T11:30:00,12263.00,12224.05,12321.43,24,38.95,2025-06-02T11:40:00,12224.05,STOP,-934.89,-1375.66
fast_pair,MARUTI,2025-06-03,LONG,2025-06-03T10:40:00,12271.00,12233.25,12327.62,24,37.75,2025-06-03T10:40:00,12233.25,STOP,-905.97,-1347.05
fast_pair,MARUTI,2025-06-04,SHORT,2025-06-04T12:00:00,12167.00,12196.17,12123.25,24,29.17,2025-06-04T13:10:00,12196.17,STOP,-699.96,-1138.50
fast_pair,MARUTI,2025-06-05,SHORT,2025-06-05T10:20:00,12062.00,12101.48,12002.78,24,39.48,2025-06-05T10:20:00,12101.48,STOP,-947.47,-1382.41
fast_pair,MARUTI,2025-06-10,SHORT,2025-06-10T10:50:00,12617.00,12643.16,12577.76,23,26.16,2025-06-10T11:00:00,12577.76,TARGET,902.58,467.97
fast_pair,MARUTI,2025-06-12,LONG,2025-06-12T11:40:00,12451.00,12424.15,12491.28,24,26.85,2025-06-12T11:40:00,12424.15,STOP,-644.44,-1092.19
fast_pair,MARUTI,2025-06-13,LONG,2025-06-13T11:00:00,12341.00,12301.66,12400.00,24,39.34,2025-06-13T12:50:00,12400.00,TARGET,1416.09,970.75
fast_pair,MARUTI,2025-06-17,LONG,2025-06-17T10:40:00,12567.00,12541.31,12605.53,23,25.69,2025-06-17T11:50:00,12541.31,STOP,-590.78,-1023.90
fast_pair,MARUTI,2025-06-18,SHORT,2025-06-18T12:10:00,12748.00,12780.95,12698.57,23,32.95,2025-06-18T13:00:00,12780.95,STOP,-757.87,-1198.24
fast_pair,MARUTI,2025-06-19,SHORT,2025-06-19T13:50:00,12796.00,12816.14,12765.80,23,20.14,2025-06-19T14:10:00,12807.00,REVERSE,-253.00,-694.65
fast_pair,MARUTI,2025-06-20,SHORT,2025-06-20T10:10:00,12789.00,12819.40,12743.40,23,30.40,2025-06-20T11:20:00,12743.40,TARGET,1048.81,608.37
fast_pair,MARUTI,2025-06-23,LONG,2025-06-23T13:20:00,12726.00,12704.72,12757.91,23,21.28,2025-06-23T14:30:00,12704.72,STOP,-489.33,-928.01
fast_pair,MARUTI,2025-06-24,SHORT,2025-06-24T11:10:00,12721.00,12753.98,12671.52,23,32.98,2025-06-24T11:10:00,12753.98,STOP,-758.62,-1198.06
fast_pair,MARUTI,2025-06-25,LONG,2025-06-25T10:00:00,12675.00,12636.39,12732.92,23,38.61,2025-06-25T11:10:00,12732.92,TARGET,1332.10,893.81
fast_pair,MARUTI,2025-06-26,SHORT,2025-06-26T10:40:00,12761.00,12788.73,12719.41,23,27.73,2025-06-26T10:40:00,12719.41,TARGET,956.59,517.05
fast_pair,MARUTI,2025-06-27,LONG,2025-06-27T11:30:00,12713.00,12683.65,12757.03,23,29.35,2025-06-27T11:40:00,12683.65,STOP,-675.14,-1113.23
fast_pair,MARUTI,2025-07-01,LONG,2025-07-01T12:30:00,12418.00,12386.46,12465.31,24,31.54,2025-07-01T14:20:00,12416.00,TIME_STOP,-48.00,-495.01
fast_pair,MARUTI,2025-07-04,LONG,2025-07-04T13:10:00,12651.00,12627.26,12686.60,23,23.74,2025-07-04T14:20:00,12627.26,STOP,-545.93,-981.98
fast_pair,MARUTI,2025-07-09,LONG,2025-07-09T11:40:00,12517.00,12492.00,12554.50,23,25.00,2025-07-09T12:40:00,12492.00,STOP,-574.93,-1006.33
fast_pair,MARUTI,2025-07-10,LONG,2025-07-10T10:10:00,12567.00,12534.11,12616.33,23,32.89,2025-07-10T10:10:00,12616.33,TARGET,1134.63,700.22
fast_pair,MARUTI,2025-07-14,SHORT,2025-07-14T10:30:00,12551.00,12582.40,12503.90,23,31.40,2025-07-14T10:30:00,12503.90,TARGET,1083.37,651.18
fast_pair,MARUTI,2025-07-15,SHORT,2025-07-15T10:30:00,12505.00,12532.90,12463.15,23,27.90,2025-07-15T10:30:00,12532.00,REVERSE,-621.00,-1052.89
fast_pair,MARUTI,2025-07-17,SHORT,2025-07-17T13:00:00,12550.00,12571.26,12518.12,23,21.26,2025-07-17T13:40:00,12518.12,TARGET,733.33,300.90
fast_pair,MARUTI,2025-07-18,LONG,2025-07-18T14:00:00,12407.00,12387.27,12436.60,24,19.73,2025-07-18T14:40:00,12436.60,TARGET,710.31,263.13
fast_pair,MARUTI,2025-07-21,LONG,2025-07-21T10:20:00,12428.00,12399.29,12471.07,24,28.71,2025-07-21T10:30:00,12399.29,STOP,-689.10,-1135.99
fast_pair,MARUTI,2025-07-22,LONG,2025-07-22T10:40:00,12392.00,12366.43,12430.35,24,25.57,2025-07-22T12:20:00,12430.35,TARGET,920.42,473.62
fast_pair,MARUTI,2025-07-23,SHORT,2025-07-23T13:20:00,12635.00,12657.61,12601.08,23,22.61,2025-07-23T14:40:00,12645.00,REVERSE,-230.00,-666.08
fast_pair,MARUTI,2025-07-25,LONG,2025-07-25T14:10:00,12421.00,12393.61,12462.09,24,27.39,2025-07-25T15:00:00,12398.00,REVERSE,-552.00,-998.74
fast_pair,MARUTI,2025-07-28,SHORT,2025-07-28T11:10:00,12410.00,12448.52,12352.21,24,38.52,2025-07-28T13:00:00,12352.21,TARGET,1386.88,941.16
fast_pair,MARUTI,2025-07-29,LONG,2025-07-29T10:00:00,12344.00,12310.51,12394.24,24,33.49,2025-07-29T10:00:00,12318.00,REVERSE,-624.00,-1067.92
fast_pair,MARUTI,2025-07-30,SHORT,2025-07-30T13:20:00,12557.00,12588.00,12510.49,23,31.00,2025-07-30T14:00:00,12588.00,STOP,-713.11,-1146.86
fast_pair,MARUTI,2025-07-31,LONG,2025-07-31T11:30:00,12616.00,12575.58,12676.64,23,40.42,2025-07-31T11:30:00,12575.58,STOP,-929.75,-1364.31
fast_pair,MARUTI,2025-08-04,LONG,2025-08-04T14:00:00,12341.00,12303.72,12396.93,24,37.28,2025-08-04T15:20:00,12373.00,EOD,768.00,323.15
fast_pair,MARUTI,2025-08-06,SHORT,2025-08-06T11:00:00,12535.00,12562.63,12493.55,23,27.63,2025-08-06T11:40:00,12562.63,STOP,-635.59,-1068.53
fast_pair,MARUTI,2025-08-08,SHORT,2025-08-08T11:20:00,12571.00,12600.82,12526.26,23,29.82,2025-08-08T11:30:00,12600.82,STOP,-685.97,-1120.19
fast_pair,MARUTI,2025-08-11,LONG,2025-08-11T12:50:00,12557.00,12531.33,12595.51,23,25.67,2025-08-11T13:20:00,12595.51,TARGET,885.70,451.82
fast_pair,MARUTI,2025-08-12,SHORT,2025-08-12T13:20:00,12853.00,12887.14,12801.79,23,34.14,2025-08-12T13:30:00,12801.79,TARGET,1177.80,735.25
fast_pair,MARUTI,2025-08-13,LONG,2025-08-13T10:10:00,12875.00,12832.27,12939.09,23,42.73,2025-08-13T10:50:00,12832.27,STOP,-982.76,-1426.21
fast_pair,MARUTI,2025-08-14,SHORT,2025-08-14T11:00:00,12859.00,12890.36,12811.97,23,31.36,2025-08-14T12:40:00,12867.00,REVERSE,-184.00,-627.77
fast_pair,MARUTI,2025-08-19,LONG,2025-08-19T10:00:00,14110.00,14063.81,14179.28,21,46.19,2025-08-19T10:50:00,14063.81,STOP,-969.92,-1413.66
fast_pair,MARUTI,2025-08-20,SHORT,2025-08-20T12:30:00,14254.00,14277.05,14219.42,21,23.05,2025-08-20T13:10:00,14219.42,TARGET,726.08,277.62
fast_pair,MARUTI,2025-08-21,LONG,2025-08-21T10:50:00,14234.00,14205.60,14276.60,21,28.40,2025-08-21T11:20:00,14205.60,STOP,-596.40,-1044.33
fast_pair,MARUTI,2025-08-22,LONG,2025-08-22T10:10:00,14299.00,14265.50,14349.24,20,33.50,2025-08-22T12:00:00,14335.00,TIME_STOP,720.00,290.49
fast_pair,MARUTI,2025-08-28,LONG,2025-08-28T11:30:00,14744.00,14701.94,14807.09,20,42.06,2025-08-28T13:20:00,14761.00,TIME_STOP,340.00,-102.57
fast_pair,MARUTI,2025-08-29,LONG,2025-08-29T10:10:00,14840.00,14801.28,14898.08,20,38.72,2025-08-29T10:20:00,14801.28,STOP,-774.46,-1219.08
fast_pair,MARUTI,2025-09-01,LONG,2025-09-01T11:20:00,14740.00,14705.98,14791.03,20,34.02,2025-09-01T12:00:00,14791.03,TARGET,1020.53,577.57
fast_pair,MARUTI,2025-09-03,LONG,2025-09-03T12:10:00,14823.00,14796.52,14862.72,20,26.48,2025-09-03T12:10:00,14862.72,TARGET,794.40,349.12
fast_pair,MARUTI,2025-09-04,SHORT,2025-09-04T10:20:00,14857.00,14921.35,14760.47,20,64.35,2025-09-04T12:10:00,14795.00,TIME_STOP,1240.00,795.22
fast_pair,MARUTI,2025-09-05,SHORT,2025-09-05T11:50:00,14782.00,14824.26,14718.61,20,42.26,2025-09-05T13:40:00,14812.00,REVERSE,-600.00,-1043.91
fast_pair,MARUTI,2025-09-09,SHORT,2025-09-09T10:30:00,15255.00,15295.84,15193.73,19,40.84,2025-09-09T11:00:00,15295.84,STOP,-776.03,-1211.38
fast_pair,MARUTI,2025-09-11,LONG,2025-09-11T12:10:00,15159.00,15119.14,15218.78,19,39.86,2025-09-11T12:30:00,15119.14,STOP,-757.25,-1188.71
fast_pair,MARUTI,2025-09-15,SHORT,2025-09-15T10:00:00,15318.00,15343.55,15279.67,19,25.55,2025-09-15T10:20:00,15343.55,STOP,-485.48,-922.41
fast_pair,MARUTI,2025-09-22,SHORT,2025-09-22T12:30:00,15932.00,15960.11,15889.84,18,28.11,2025-09-22T14:20:00,15889.84,TARGET,758.84,329.24
fast_pair,MARUTI,2025-09-23,SHORT,2025-09-23T12:00:00,16079.00,16130.61,16001.59,18,51.61,2025-09-23T13:50:00,16112.00,REVERSE,-594.00,-1028.58
fast_pair,MARUTI,2025-09-25,LONG,2025-09-25T12:10:00,16168.00,16135.21,16217.19,18,32.79,2025-09-25T12:20:00,16217.19,TARGET,885.39,448.19
fast_pair,MARUTI,2025-09-29,LONG,2025-09-29T13:30:00,16102.00,16054.89,16172.66,18,47.11,2025-09-29T14:00:00,16172.66,TARGET,1271.94,836.23
fast_pair,MARUTI,2025-09-30,LONG,2025-09-30T12:20:00,15998.00,15964.72,16047.92,18,33.28,2025-09-30T14:10:00,16006.00,TIME_STOP,144.00,-288.05
fast_pair,MARUTI,2025-10-01,SHORT,2025-10-01T10:00:00,15957.00,15998.70,15894.44,18,41.70,2025-10-01T10:30:00,15894.44,TARGET,1126.01,696.02
fast_pair,MARUTI,2025-10-08,SHORT,2025-10-08T12:20:00,16140.00,16168.89,16096.66,18,28.89,2025-10-08T14:10:00,16096.66,TARGET,780.05,344.86
fast_pair,MARUTI,2025-10-09,LONG,2025-10-09T11:40:00,15976.00,15936.18,16035.73,18,39.82,2025-10-09T11:40:00,15936.18,STOP,-716.75,-1147.57
fast_pair,MARUTI,2025-10-13,SHORT,2025-10-13T11:30:00,16300.00,16343.37,16234.95,18,43.37,2025-10-13T13:20:00,16281.00,TIME_STOP,342.00,-97.84
fast_pair,MARUTI,2025-10-14,LONG,2025-10-14T13:10:00,16196.00,16161.48,16247.78,18,34.52,2025-10-14T14:30:00,16247.78,TARGET,932.11,494.12
fast_pair,MARUTI,2025-10-15,SHORT,2025-10-15T12:10:00,16299.00,16329.84,16252.75,18,30.84,2025-10-15T13:40:00,16252.75,TARGET,832.55,393.11
fast_pair,MARUTI,2025-10-16,SHORT,2025-10-16T11:20:00,16242.00,16270.68,16198.98,18,28.68,2025-10-16T11:30:00,16270.68,STOP,-516.22,-955.14
fast_pair,MARUTI,2025-10-17,SHORT,2025-10-17T12:50:00,16426.00,16458.56,16377.16,18,32.56,2025-10-17T13:10:00,16377.16,TARGET,879.12,436.28
fast_pair,MARUTI,2025-10-21,LONG,2025-10-21T14:00:00,16442.00,16407.80,16493.30,18,34.20,2025-10-21T14:00:00,16407.80,STOP,-615.64,-1059.11
fast_pair,MARUTI,2025-10-23,SHORT,2025-10-23T10:40:00,16386.00,16436.46,16310.32,18,50.46,2025-10-23T12:30:00,16403.00,REVERSE,-306.00,-748.65
fast_pair,MARUTI,2025-10-27,SHORT,2025-10-27T13:20:00,16312.00,16337.19,16274.21,18,25.19,2025-10-27T13:50:00,16337.19,STOP,-453.44,-894.21
fast_pair,MARUTI,2025-10-29,LONG,2025-10-29T10:20:00,16371.00,16339.28,16418.58,18,31.72,2025-10-29T10:40:00,16418.58,TARGET,856.38,413.72
fast_pair,MARUTI,2025-10-30,LONG,2025-10-30T10:30:00,16203.00,16142.20,16294.20,18,60.80,2025-10-30T12:20:00,16186.00,TIME_STOP,-306.00,-743.25
fast_pair,MARUTI,2025-10-31,SHORT,2025-10-31T11:20:00,16299.00,16350.47,16221.80,18,51.47,2025-10-31T11:50:00,16350.47,STOP,-926.38,-1367.15
fast_pair,MARUTI,2025-11-06,SHORT,2025-11-06T10:20:00,15381.00,15416.84,15327.23,19,35.84,2025-11-06T10:30:00,15416.84,STOP,-681.05,-1119.92
fast_pair,MARUTI,2025-11-07,LONG,2025-11-07T12:00:00,15374.00,15336.96,15429.56,19,37.04,2025-11-07T12:30:00,15429.56,TARGET,1055.72,616.77
fast_pair,MARUTI,2025-11-11,SHORT,2025-11-11T10:00:00,15566.00,15601.59,15512.61,19,35.59,2025-11-11T10:40:00,15512.61,TARGET,1014.38,571.51
fast_pair,MARUTI,2025-11-12,LONG,2025-11-12T11:30:00,15623.00,15594.83,15665.25,19,28.17,2025-11-12T12:00:00,15594.83,STOP,-535.23,-980.08
fast_pair,MARUTI,2025-11-14,SHORT,2025-11-14T10:00:00,15645.00,15685.90,15583.66,19,40.90,2025-11-14T10:30:00,15583.66,TARGET,1165.52,720.51
fast_pair,MARUTI,2025-11-18,LONG,2025-11-18T11:00:00,15890.00,15859.19,15936.21,18,30.81,2025-11-18T11:40:00,15936.21,TARGET,831.74,402.09
fast_pair,MARUTI,2025-11-20,LONG,2025-11-20T13:30:00,15710.00,15685.43,15746.85,19,24.57,2025-11-20T13:30:00,15746.85,TARGET,700.19,251.93
fast_pair,MARUTI,2025-11-24,SHORT,2025-11-24T12:40:00,15962.00,15995.53,15911.70,18,33.53,2025-11-24T13:00:00,15995.53,STOP,-603.60,-1035.02
fast_pair,MARUTI,2025-11-25,SHORT,2025-11-25T11:00:00,15980.00,16013.24,15930.14,18,33.24,2025-11-25T11:30:00,16013.24,STOP,-598.26,-1030.17
fast_pair,MARUTI,2025-11-28,LONG,2025-11-28T10:10:00,15950.00,15912.54,16006.19,18,37.46,2025-11-28T10:40:00,16006.19,TARGET,1011.36,579.96
fast_pair,MARUTI,2025-12-01,SHORT,2025-12-01T11:10:00,15914.00,15952.49,15856.27,18,38.49,2025-12-01T12:10:00,15856.27,TARGET,1039.18,610.28
fast_pair,MARUTI,2025-12-02,SHORT,2025-12-02T13:40:00,16176.00,16208.28,16127.58,18,32.28,2025-12-02T14:00:00,16199.00,REVERSE,-414.00,-851.06
fast_pair,MARUTI,2025-12-03,LONG,2025-12-03T13:40:00,16070.00,16044.20,16108.70,18,25.80,2025-12-03T15:20:00,16081.00,EOD,198.00,-236.04
fast_pair,MARUTI,2025-12-04,SHORT,2025-12-04T10:20:00,15986.00,16019.08,15936.38,18,33.08,2025-12-04T10:40:00,16019.08,STOP,-595.48,-1027.55
fast_pair,MARUTI,2025-12-09,LONG,2025-12-09T12:00:00,16105.00,16070.26,16157.11,18,34.74,2025-12-09T12:20:00,16157.11,TARGET,937.90,502.37
fast_pair,MARUTI,2025-12-10,LONG,2025-12-10T10:10:00,16111.00,16067.09,16176.87,18,43.91,2025-12-10T10:20:00,16067.09,STOP,-790.39,-1224.79
fast_pair,MARUTI,2025-12-17,SHORT,2025-12-17T11:40:00,16383.00,16411.77,16339.85,18,28.77,2025-12-17T11:40:00,16411.77,STOP,-517.78,-960.51
fast_pair,MARUTI,2025-12-18,LONG,2025-12-18T12:00:00,16325.00,16294.84,16370.25,18,30.16,2025-12-18T13:00:00,16370.25,TARGET,814.44,373.05
fast_pair,MARUTI,2025-12-22,SHORT,2025-12-22T13:00:00,16493.00,16512.01,16464.49,18,19.01,2025-12-22T13:30:00,16512.01,STOP,-342.13,-787.70
fast_pair,MARUTI,2025-12-26,LONG,2025-12-26T13:20:00,16619.00,16595.97,16653.54,18,23.03,2025-12-26T13:30:00,16595.97,STOP,-414.48,-862.89
fast_pair,MARUTI,2025-12-29,SHORT,2025-12-29T10:30:00,16572.00,16602.01,16526.99,18,30.01,2025-12-29T11:10:00,16526.99,TARGET,810.24,363.40
fast_pair,MARUTI,2025-12-30,LONG,2025-12-30T10:00:00,16608.00,16570.45,16664.32,18,37.55,2025-12-30T10:30:00,16664.32,TARGET,1013.73,564.56
fast_pair,MARUTI,2026-01-01,SHORT,2026-01-01T12:40:00,16687.00,16732.63,16618.55,17,45.63,2026-01-01T14:00:00,16732.63,STOP,-775.72,-1201.82
fast_pair,MARUTI,2026-01-05,SHORT,2026-01-05T13:30:00,17219.00,17259.59,17158.12,17,40.59,2026-01-05T14:00:00,17158.12,TARGET,1034.96,596.66
fast_pair,MARUTI,2026-01-06,SHORT,2026-01-06T10:50:00,17185.00,17226.59,17122.62,17,41.59,2026-01-06T11:50:00,17201.00,REVERSE,-272.00,-710.42
fast_pair,MARUTI,2026-01-12,LONG,2026-01-12T12:30:00,16398.00,16354.65,16463.03,18,43.35,2026-01-12T12:50:00,16463.03,TARGET,1170.58,726.95
fast_pair,MARUTI,2026-01-13,SHORT,2026-01-13T11:00:00,16500.00,16553.47,16419.80,18,53.47,2026-01-13T11:50:00,16419.80,TARGET,1443.65,999.24
fast_pair,MARUTI,2026-01-19,LONG,2026-01-19T11:20:00,16075.00,16021.30,16155.56,18,53.70,2026-01-19T11:30:00,16021.30,STOP,-966.68,-1399.98
fast_pair,MARUTI,2026-01-21,LONG,2026-01-21T13:00:00,15832.00,15778.84,15911.74,18,53.16,2026-01-21T13:10:00,15778.84,STOP,-956.82,-1383.57
fast_pair,MARUTI,2026-01-22,SHORT,2026-01-22T11:10:00,15803.00,15852.68,15728.48,18,49.68,2026-01-22T11:50:00,15728.48,TARGET,1341.41,915.74
fast_pair,MARUTI,2026-01-23,SHORT,2026-01-23T10:20:00,15745.00,15790.18,15677.23,19,45.18,2026-01-23T11:00:00,15677.23,TARGET,1287.64,839.87
fast_pair,MARUTI,2026-01-27,LONG,2026-01-27T13:00:00,15195.00,15132.35,15288.98,19,62.65,2026-01-27T14:00:00,15161.00,REVERSE,-646.00,-1078.57
fast_pair,MARUTI,2026-01-28,LONG,2026-01-28T13:00:00,14967.00,14906.35,15057.97,20,60.65,2026-01-28T13:10:00,15057.97,TARGET,1819.37,1369.00
fast_pair,MARUTI,2026-01-29,LONG,2026-01-29T14:00:00,14515.00,14458.70,14599.45,20,56.30,2026-01-29T15:20:00,14494.00,EOD,-420.00,-855.13
fast_pair,MARUTI,2026-01-30,SHORT,2026-01-30T10:00:00,14435.00,14508.17,14325.25,20,73.17,2026-01-30T11:30:00,14325.25,TARGET,2195.03,1763.62
fast_pair,MARUTI,2026-02-02,LONG,2026-02-02T12:20:00,14267.00,14200.39,14366.91,21,66.61,2026-02-02T12:40:00,14200.39,STOP,-1398.81,-1847.17
fast_pair,MARUTI,2026-02-05,LONG,2026-02-05T11:40:00,15000.00,14954.60,15068.10,20,45.40,2026-02-05T13:00:00,15068.10,TARGET,1361.92,910.90
fast_pair,MARUTI,2026-02-06,LONG,2026-02-06T11:20:00,15077.00,15027.97,15150.54,19,49.03,2026-02-06T12:10:00,15027.97,STOP,-931.48,-1360.47
fast_pair,MARUTI,2026-02-10,SHORT,2026-02-10T13:20:00,15216.00,15253.40,15159.91,19,37.40,2026-02-10T13:50:00,15159.91,TARGET,1065.77,632.91
fast_pair,MARUTI,2026-02-12,LONG,2026-02-12T11:30:00,15398.00,15364.46,15448.31,19,33.54,2026-02-12T13:00:00,15370.00,REVERSE,-532.00,-970.44
fast_pair,MARUTI,2026-02-13,LONG,2026-02-13T11:10:00,15344.00,15309.60,15395.59,19,34.40,2026-02-13T11:50:00,15395.59,TARGET,980.30,542.26
fast_pair,MARUTI,2026-02-18,SHORT,2026-02-18T11:30:00,15079.00,15117.26,15021.61,19,38.26,2026-02-18T11:30:00,15117.26,STOP,-726.98,-1157.28
fast_pair,MARUTI,2026-02-19,SHORT,2026-02-19T10:50:00,15175.00,15209.42,15123.37,19,34.42,2026-02-19T10:50:00,15204.00,REVERSE,-551.00,-983.90
fast_pair,MARUTI,2026-02-20,LONG,2026-02-20T10:50:00,15000.00,14954.02,15068.96,20,45.98,2026-02-20T11:40:00,14954.02,STOP,-919.53,-1368.84
fast_pair,MARUTI,2026-02-23,SHORT,2026-02-23T12:40:00,15025.00,15056.30,14978.06,19,31.30,2026-02-23T12:50:00,15056.30,STOP,-594.61,-1023.27
fast_pair,MARUTI,2026-02-26,SHORT,2026-02-26T11:50:00,15063.00,15101.08,15005.89,19,38.08,2026-02-26T12:20:00,15101.08,STOP,-723.43,-1153.27
fast_pair,MARUTI,2026-02-27,LONG,2026-02-27T12:50:00,14982.00,14948.31,15032.53,20,33.69,2026-02-27T14:30:00,14970.00,REVERSE,-240.00,-689.28
fast_pair,MARUTI,2026-03-04,LONG,2026-03-04T13:40:00,13946.00,13895.09,14022.37,21,50.91,2026-03-04T14:10:00,14022.37,TARGET,1603.69,1163.19
fast_pair,MARUTI,2026-03-06,SHORT,2026-03-06T12:50:00,14320.00,14364.72,14252.93,20,44.72,2026-03-06T12:50:00,14364.72,STOP,-894.31,-1324.58
fast_pair,MARUTI,2026-03-10,SHORT,2026-03-10T12:40:00,13585.00,13630.17,13517.25,22,45.17,2026-03-10T12:40:00,13630.17,STOP,-993.63,-1442.68
fast_pair,MARUTI,2026-03-11,SHORT,2026-03-11T10:10:00,13773.00,13826.48,13692.78,21,53.48,2026-03-11T10:40:00,13692.78,TARGET,1684.67,1252.08
fast_pair,HEROMOTOCO,2024-03-18,LONG,2024-03-18T10:30:00,4454.25,4422.35,4502.10,67,31.90,2024-03-18T11:00:00,4435.70,REVERSE,-1242.85,-1689.57
fast_pair,HEROMOTOCO,2024-03-19,SHORT,2024-03-19T10:30:00,4424.65,4442.99,4397.15,67,18.34,2024-03-19T11:20:00,4442.99,STOP,-1228.54,-1674.14
fast_pair,HEROMOTOCO,2024-03-20,SHORT,2024-03-20T10:00:00,4408.00,4426.83,4379.75,68,18.83,2024-03-20T10:10:00,4426.83,STOP,-1280.44,-1731.02
fast_pair,HEROMOTOCO,2024-03-21,LONG,2024-03-21T13:30:00,4370.30,4356.37,4391.20,68,13.93,2024-03-21T13:50:00,4391.20,TARGET,1421.30,974.46
fast_pair,HEROMOTOCO,2024-03-26,LONG,2024-03-26T13:50:00,4549.05,4535.72,4569.05,65,13.33,2024-03-26T15:20:00,4560.55,EOD,747.50,303.41
fast_pair,HEROMOTOCO,2024-03-27,LONG,2024-03-27T13:20:00,4525.80,4514.16,4543.26,66,11.64,2024-03-27T13:30:00,4514.16,STOP,-768.32,-1215.80
fast_pair,HEROMOTOCO,2024-04-01,SHORT,2024-04-01T10:20:00,4591.20,4610.17,4562.75,65,18.97,2024-04-01T10:40:00,4562.75,TARGET,1849.31,1403.06
fast_pair,HEROMOTOCO,2024-04-02,LONG,2024-04-02T13:30:00,4461.45,4444.24,4487.26,67,17.21,2024-04-02T13:50:00,4454.30,REVERSE,-479.05,-927.07
fast_pair,HEROMOTOCO,2024-04-03,SHORT,2024-04-03T11:00:00,4456.15,4469.02,4436.85,67,12.87,2024-04-03T11:40:00,4436.85,TARGET,1293.43,846.56
fast_pair,HEROMOTOCO,2024-04-04,LONG,2024-04-04T13:40:00,4396.40,4382.27,4417.59,68,14.13,2024-04-04T14:40:00,4417.59,TARGET,1440.94,991.43
fast_pair,HEROMOTOCO,2024-04-05,SHORT,2024-04-05T13:20:00,4429.55,4439.44,4414.72,67,9.89,2024-04-05T13:40:00,4439.44,STOP,-662.44,-1108.11
fast_pair,HEROMOTOCO,2024-04-09,SHORT,2024-04-09T10:50:00,4457.25,4478.55,4425.29,67,21.30,2024-04-09T11:00:00,4425.29,TARGET,2141.07,1694.72
fast_pair,HEROMOTOCO,2024-04-10,SHORT,2024-04-10T10:00:00,4396.45,4412.57,4372.27,68,16.12,2024-04-10T11:00:00,4372.27,TARGET,1644.41,1197.21
fast_pair,HEROMOTOCO,2024-04-12,LONG,2024-04-12T10:50:00,4391.95,4380.31,4409.41,68,11.64,2024-04-12T12:20:00,4380.31,STOP,-791.60,-1238.99
fast_pair,HEROMOTOCO,2024-04-18,LONG,2024-04-18T12:50:00,4223.55,4209.74,4244.27,71,13.81,2024-04-18T13:20:00,4209.74,STOP,-980.59,-1429.66
fast_pair,HEROMOTOCO,2024-04-19,LONG,2024-04-19T12:30:00,4111.85,4094.99,4137.14,72,16.86,2024-04-19T12:30:00,4094.99,STOP,-1213.80,-1656.97
fast_pair,HEROMOTOCO,2024-04-23,SHORT,2024-04-23T10:30:00,4197.50,4212.91,4174.38,71,15.41,2024-04-23T11:20:00,4212.91,STOP,-1094.22,-1542.07
fast_pair,HEROMOTOCO,2024-04-26,LONG,2024-04-26T10:20:00,4400.60,4383.76,4425.85,68,16.84,2024-04-26T10:30:00,4425.85,TARGET,1717.26,1267.11
fast_pair,HEROMOTOCO,2024-04-30,SHORT,2024-04-30T13:40:00,4444.95,4458.76,4424.23,67,13.81,2024-04-30T13:40:00,4456.15,REVERSE,-750.40,-1197.68
fast_pair,HEROMOTOCO,2024-05-03,LONG,2024-05-03T10:10:00,4451.30,4434.48,4476.53,67,16.82,2024-05-03T11:20:00,4434.48,STOP,-1126.80,-1573.31
fast_pair,HEROMOTOCO,2024-05-06,LONG,2024-05-06T11:20:00,4420.20,4400.12,4450.31,67,20.08,2024-05-06T11:30:00,4405.45,REVERSE,-988.25,-1431.74
fast_pair,HEROMOTOCO,2024-05-07,SHORT,2024-05-07T10:50:00,4394.45,4410.86,4369.84,68,16.41,2024-05-07T10:50:00,4369.84,TARGET,1673.67,1226.69
fast_pair,HEROMOTOCO,2024-05-08,LONG,2024-05-08T11:20:00,4355.05,4333.22,4387.79,68,21.83,2024-05-08T11:50:00,4387.79,TARGET,2226.32,1780.44
fast_pair,HEROMOTOCO,2024-05-09,SHORT,2024-05-09T12:30:00,4663.00,4695.22,4614.67,64,32.22,2024-05-09T14:10:00,4680.55,REVERSE,-1123.20,-1571.69
fast_pair,HEROMOTOCO,2024-05-13,SHORT,2024-05-13T10:10:00,4645.60,4679.94,4594.09,64,34.34,2024-05-13T11:30:00,4660.95,REVERSE,-982.40,-1429.11
fast_pair,HEROMOTOCO,2024-05-15,SHORT,2024-05-15T10:50:00,4920.40,4941.27,4889.09,60,20.87,2024-05-15T10:50:00,4941.27,STOP,-1252.26,-1696.04
fast_pair,HEROMOTOCO,2024-05-16,SHORT,2024-05-16T11:30:00,4930.55,4952.28,4897.95,60,21.73,2024-05-16T11:40:00,4952.28,STOP,-1304.04,-1748.76
fast_pair,HEROMOTOCO,2024-05-17,SHORT,2024-05-17T10:50:00,4988.90,5012.52,4953.47,60,23.62,2024-05-17T11:40:00,5009.55,REVERSE,-1239.00,-1688.93
fast_pair,HEROMOTOCO,2024-05-22,LONG,2024-05-22T13:40:00,4863.30,4849.01,4884.74,61,14.29,2024-05-22T15:20:00,4873.80,EOD,640.50,195.03
fast_pair,HEROMOTOCO,2024-05-23,SHORT,2024-05-23T10:20:00,4870.35,4886.98,4845.41,61,16.63,2024-05-23T10:40:00,4845.41,TARGET,1521.28,1076.78
fast_pair,HEROMOTOCO,2024-05-24,SHORT,2024-05-24T10:10:00,4969.50,4990.51,4937.98,60,21.01,2024-05-24T10:10:00,4984.60,REVERSE,-906.00,-1353.93
fast_pair,HEROMOTOCO,2024-05-27,LONG,2024-05-27T11:50:00,4976.60,4955.58,5008.13,60,21.02,2024-05-27T13:00:00,4966.45,REVERSE,-609.00,-1056.44
fast_pair,HEROMOTOCO,2024-05-28,LONG,2024-05-28T10:40:00,4977.45,4960.30,5003.17,60,17.15,2024-05-28T10:50:00,5003.17,TARGET,1543.38,1094.26
fast_pair,HEROMOTOCO,2024-05-29,LONG,2024-05-29T11:00:00,5072.70,5051.95,5103.82,59,20.75,2024-05-29T11:00:00,5051.95,STOP,-1224.20,-1672.21
fast_pair,HEROMOTOCO,2024-05-30,SHORT,2024-05-30T11:30:00,5004.45,5024.67,4974.12,59,20.22,2024-05-30T13:00:00,5024.67,STOP,-1193.00,-1636.78
fast_pair,HEROMOTOCO,2024-05-31,SHORT,2024-05-31T10:30:00,4997.75,5022.83,4960.13,60,25.08,2024-05-31T11:20:00,4960.13,TARGET,2257.49,1809.39
fast_pair,HEROMOTOCO,2024-06-04,SHORT,2024-06-04T12:10:00,4959.95,5012.26,4881.48,47,52.31,2024-06-04T12:20:00,4881.48,TARGET,3688.14,3341.23
fast_pair,HEROMOTOCO,2024-06-05,SHORT,2024-06-05T12:50:00,5481.30,5529.21,5409.43,52,47.91,2024-06-05T14:40:00,5471.80,TIME_STOP,494.00,66.83
fast_pair,HEROMOTOCO,2024-06-06,LONG,2024-06-06T12:50:00,5415.80,5384.06,5463.41,55,31.74,2024-06-06T14:30:00,5403.40,REVERSE,-682.00,-1128.29
fast_pair,HEROMOTOCO,2024-06-07,SHORT,2024-06-07T13:50:00,5443.30,5458.62,5420.32,55,15.32,2024-06-07T14:00:00,5458.62,STOP,-842.53,-1292.24
fast_pair,HEROMOTOCO,2024-06-10,SHORT,2024-06-10T14:10:00,5603.90,5620.98,5578.28,53,17.08,2024-06-10T14:10:00,5616.10,REVERSE,-646.60,-1092.60
fast_pair,HEROMOTOCO,2024-06-12,SHORT,2024-06-12T13:40:00,5664.75,5681.27,5639.97,52,16.52,2024-06-12T15:20:00,5655.65,EOD,473.20,31.70
fast_pair,HEROMOTOCO,2024-06-13,LONG,2024-06-13T10:20:00,5664.85,5646.30,5692.67,52,18.55,2024-06-13T10:40:00,5646.30,STOP,-964.60,-1405.73
fast_pair,HEROMOTOCO,2024-06-14,LONG,2024-06-14T10:50:00,5665.75,5647.54,5693.07,52,18.21,2024-06-14T11:30:00,5693.07,TARGET,1420.42,977.42
fast_pair,HEROMOTOCO,2024-06-18,SHORT,2024-06-18T11:30:00,5695.45,5714.54,5666.82,52,19.09,2024-06-18T11:50:00,5666.82,TARGET,1488.99,1045.87
fast_pair,HEROMOTOCO,2024-06-21,SHORT,2024-06-21T12:20:00,5427.85,5447.30,5398.67,55,19.45,2024-06-21T12:30:00,5398.67,TARGET,1604.87,1158.27
fast_pair,HEROMOTOCO,2024-06-24,LONG,2024-06-24T11:00:00,5345.55,5321.70,5381.33,56,23.85,2024-06-24T11:10:00,5321.70,STOP,-1335.78,-1783.81
fast_pair,HEROMOTOCO,2024-06-25,SHORT,2024-06-25T11:40:00,5400.85,5419.47,5372.92,55,18.62,2024-06-25T11:50:00,5414.30,REVERSE,-739.75,-1185.87
fast_pair,HEROMOTOCO,2024-06-28,SHORT,2024-06-28T12:30:00,5387.30,5406.32,5358.78,55,19.02,2024-06-28T13:40:00,5395.20,REVERSE,-434.50,-879.28
fast_pair,HEROMOTOCO,2024-07-01,SHORT,2024-07-01T12:10:00,5509.70,5532.54,5475.44,54,22.84,2024-07-01T12:30:00,5475.44,TARGET,1849.91,1405.01
fast_pair,HEROMOTOCO,2024-07-02,LONG,2024-07-02T10:10:00,5485.35,5463.62,5517.94,54,21.73,2024-07-02T10:20:00,5517.94,TARGET,1759.73,1314.10
fast_pair,HEROMOTOCO,2024-07-03,SHORT,2024-07-03T11:10:00,5432.10,5449.68,5405.73,55,17.58,2024-07-03T11:50:00,5449.68,STOP,-966.96,-1415.83
fast_pair,HEROMOTOCO,2024-07-04,LONG,2024-07-04T11:50:00,5430.65,5416.84,5451.36,55,13.81,2024-07-04T12:20:00,5451.36,TARGET,1139.17,690.29
fast_pair,HEROMOTOCO,2024-07-08,SHORT,2024-07-08T11:20:00,5427.10,5446.24,5398.39,55,19.14,2024-07-08T11:50:00,5398.39,TARGET,1578.80,1132.25
fast_pair,HEROMOTOCO,2024-07-09,LONG,2024-07-09T10:00:00,5400.80,5383.24,5427.13,55,17.56,2024-07-09T10:20:00,5427.13,TARGET,1448.30,1001.65
fast_pair,HEROMOTOCO,2024-07-10,SHORT,2024-07-10T10:10:00,5417.10,5439.45,5383.57,55,22.35,2024-07-10T10:30:00,5383.57,TARGET,1843.92,1398.40
fast_pair,HEROMOTOCO,2024-07-11,SHORT,2024-07-11T13:00:00,5377.10,5392.44,5354.09,55,15.34,2024-07-11T14:10:00,5392.44,STOP,-843.75,-1287.99
fast_pair,HEROMOTOCO,2024-07-12,SHORT,2024-07-12T11:40:00,5398.10,5415.80,5371.55,55,17.70,2024-07-12T12:40:00,5371.55,TARGET,1460.36,1016.11
fast_pair,HEROMOTOCO,2024-07-15,SHORT,2024-07-15T14:10:00,5468.75,5481.26,5449.98,54,12.51,2024-07-15T15:00:00,5481.26,STOP,-675.64,-1119.12
fast_pair,HEROMOTOCO,2024-07-16,LONG,2024-07-16T10:50:00,5474.65,5459.76,5496.99,54,14.89,2024-07-16T11:30:00,5459.76,STOP,-804.12,-1246.96
fast_pair,HEROMOTOCO,2024-07-18,LONG,2024-07-18T13:40:00,5345.85,5326.72,5374.55,56,19.13,2024-07-18T13:50:00,5326.72,STOP,-1071.44,-1519.69
fast_pair,HEROMOTOCO,2024-07-22,SHORT,2024-07-22T12:30:00,5319.85,5336.18,5295.36,56,16.33,2024-07-22T13:10:00,5336.18,STOP,-914.32,-1361.87
fast_pair,HEROMOTOCO,2024-07-23,SHORT,2024-07-23T10:20:00,5315.00,5332.31,5289.03,56,17.31,2024-07-23T11:10:00,5332.31,STOP,-969.51,-1416.70
fast_pair,HEROMOTOCO,2024-07-24,LONG,2024-07-24T11:50:00,5357.90,5330.28,5399.34,55,27.62,2024-07-24T12:10:00,5330.28,STOP,-1519.32,-1960.21
fast_pair,HEROMOTOCO,2024-07-25,LONG,2024-07-25T10:20:00,5307.40,5283.72,5342.91,56,23.68,2024-07-25T10:30:00,5283.72,STOP,-1325.83,-1770.65
fast_pair,HEROMOTOCO,2024-07-26,SHORT,2024-07-26T13:50:00,5367.80,5382.48,5345.78,55,14.68,2024-07-26T13:50:00,5377.10,REVERSE,-511.50,-954.73
fast_pair,HEROMOTOCO,2024-07-30,LONG,2024-07-30T11:30:00,5350.75,5333.41,5376.76,56,17.34,2024-07-30T11:30:00,5376.76,TARGET,1456.29,1005.74
fast_pair,HEROMOTOCO,2024-07-31,SHORT,2024-07-31T10:30:00,5324.40,5344.04,5294.94,56,19.64,2024-07-31T10:50:00,5294.94,TARGET,1649.68,1203.66
fast_pair,HEROMOTOCO,2024-08-07,SHORT,2024-08-07T12:50:00,5126.35,5144.59,5098.98,58,18.24,2024-08-07T14:40:00,5118.40,TIME_STOP,461.10,15.45
fast_pair,HEROMOTOCO,2024-08-08,LONG,2024-08-08T12:30:00,5095.15,5078.97,5119.43,58,16.18,2024-08-08T13:00:00,5078.97,STOP,-938.63,-1381.21
fast_pair,HEROMOTOCO,2024-08-09,SHORT,2024-08-09T12:50:00,5076.55,5089.19,5057.59,59,12.64,2024-08-09T13:30:00,5089.19,STOP,-745.93,-1195.76
fast_pair,HEROMOTOCO,2024-08-12,LONG,2024-08-12T10:10:00,5089.00,5072.48,5113.78,58,16.52,2024-08-12T10:10:00,5072.48,STOP,-958.24,-1400.27
fast_pair,HEROMOTOCO,2024-08-13,SHORT,2024-08-13T12:00:00,5213.80,5236.85,5179.22,57,23.05,2024-08-13T12:00:00,5179.22,TARGET,1970.80,1526.50
fast_pair,HEROMOTOCO,2024-08-16,LONG,2024-08-16T12:50:00,4982.85,4958.96,5018.69,60,23.89,2024-08-16T14:40:00,4980.05,TIME_STOP,-168.00,-616.33
fast_pair,HEROMOTOCO,2024-08-19,SHORT,2024-08-19T10:40:00,4990.55,5018.45,4948.70,60,27.90,2024-08-19T10:50:00,5018.45,STOP,-1673.94,-2124.35
fast_pair,HEROMOTOCO,2024-08-20,SHORT,2024-08-20T12:10:00,5148.65,5171.93,5113.74,58,23.28,2024-08-20T12:10:00,5113.74,TARGET,2025.01,1578.60
fast_pair,HEROMOTOCO,2024-08-21,LONG,2024-08-21T10:10:00,5119.55,5101.56,5146.53,58,17.99,2024-08-21T10:20:00,5146.53,TARGET,1564.87,1118.29
fast_pair,HEROMOTOCO,2024-08-23,SHORT,2024-08-23T13:50:00,5279.90,5295.61,5256.34,56,15.71,2024-08-23T15:00:00,5256.34,TARGET,1319.39,876.87
fast_pair,HEROMOTOCO,2024-08-26,LONG,2024-08-26T10:30:00,5270.50,5251.26,5299.35,56,19.24,2024-08-26T11:10:00,5251.26,STOP,-1077.19,-1519.10
fast_pair,HEROMOTOCO,2024-08-27,LONG,2024-08-27T10:20:00,5230.20,5216.55,5250.67,57,13.65,2024-08-27T10:20:00,5250.67,TARGET,1166.70,718.65
fast_pair,HEROMOTOCO,2024-08-28,LONG,2024-08-28T13:30:00,5160.80,5149.11,5178.34,58,11.69,2024-08-28T13:40:00,5178.34,TARGET,1017.09,567.34
fast_pair,HEROMOTOCO,2024-08-29,SHORT,2024-08-29T14:00:00,5202.55,5214.48,5184.65,57,11.93,2024-08-29T14:00:00,5184.65,TARGET,1020.25,576.20
fast_pair,HEROMOTOCO,2024-09-02,SHORT,2024-09-02T13:00:00,5396.65,5414.68,5369.60,55,18.03,2024-09-02T14:10:00,5414.68,STOP,-991.75,-1437.72
fast_pair,HEROMOTOCO,2024-09-04,LONG,2024-09-04T10:00:00,5540.95,5518.45,5574.70,54,22.50,2024-09-04T10:10:00,5518.45,STOP,-1215.10,-1663.00
fast_pair,HEROMOTOCO,2024-09-05,SHORT,2024-09-05T10:40:00,5527.30,5544.23,5501.90,54,16.93,2024-09-05T10:40:00,5544.23,STOP,-914.22,-1362.62
fast_pair,HEROMOTOCO,2024-09-06,LONG,2024-09-06T12:30:00,5568.85,5548.53,5599.33,53,20.32,2024-09-06T12:50:00,5599.33,TARGET,1615.67,1171.73
fast_pair,HEROMOTOCO,2024-09-09,LONG,2024-09-09T10:20:00,5607.30,5586.02,5639.22,53,21.28,2024-09-09T11:50:00,5594.35,REVERSE,-686.35,-1131.62
fast_pair,HEROMOTOCO,2024-09-10,SHORT,2024-09-10T10:20:00,5570.25,5595.28,5532.70,53,25.03,2024-09-10T12:10:00,5560.60,TIME_STOP,511.45,69.00
fast_pair,HEROMOTOCO,2024-09-11,LONG,2024-09-11T11:50:00,5524.90,5507.05,5551.67,54,17.85,2024-09-11T12:20:00,5551.67,TARGET,1445.68,997.08
fast_pair,HEROMOTOCO,2024-09-13,SHORT,2024-09-13T10:00:00,5640.05,5658.68,5612.10,53,18.63,2024-09-13T11:00:00,5658.68,STOP,-987.41,-1436.53
fast_pair,HEROMOTOCO,2024-09-16,LONG,2024-09-16T10:30:00,5659.40,5641.42,5686.38,53,17.98,2024-09-16T11:00:00,5641.42,STOP,-953.18,-1402.39
fast_pair,HEROMOTOCO,2024-09-18,SHORT,2024-09-18T13:00:00,5879.35,5903.18,5843.60,51,23.83,2024-09-18T13:00:00,5843.60,TARGET,1823.08,1374.68
fast_pair,HEROMOTOCO,2024-09-19,SHORT,2024-09-19T13:00:00,5870.55,5890.43,5840.73,51,19.88,2024-09-19T14:50:00,5863.85,TIME_STOP,341.70,-107.14
fast_pair,HEROMOTOCO,2024-09-20,LONG,2024-09-20T10:00:00,5877.15,5858.56,5905.03,51,18.59,2024-09-20T10:30:00,5905.03,TARGET,1421.90,971.23
fast_pair,HEROMOTOCO,2024-09-24,SHORT,2024-09-24T12:30:00,5976.05,5996.04,5946.06,50,19.99,2024-09-24T13:30:00,5983.20,REVERSE,-357.50,-805.97
fast_pair,HEROMOTOCO,2024-09-25,SHORT,2024-09-25T10:00:00,5965.30,5983.36,5938.22,50,18.06,2024-09-25T10:20:00,5938.22,TARGET,1354.25,907.87
fast_pair,HEROMOTOCO,2024-09-26,LONG,2024-09-26T12:00:00,5834.20,5812.61,5866.58,51,21.59,2024-09-26T12:40:00,5866.58,TARGET,1651.62,1204.07
fast_pair,HEROMOTOCO,2024-09-27,SHORT,2024-09-27T10:50:00,5869.25,5894.68,5831.11,51,25.43,2024-09-27T11:10:00,5831.11,TARGET,1945.19,1497.65
fast_pair,HEROMOTOCO,2024-10-03,LONG,2024-10-03T11:50:00,5543.75,5521.40,5577.27,54,22.35,2024-10-03T13:20:00,5533.15,REVERSE,-572.40,-1021.01
fast_pair,HEROMOTOCO,2024-10-07,SHORT,2024-10-07T11:00:00,5375.40,5399.44,5339.33,55,24.04,2024-10-07T11:10:00,5339.33,TARGET,1983.64,1541.66
fast_pair,HEROMOTOCO,2024-10-08,LONG,2024-10-08T10:50:00,5345.45,5321.83,5380.88,56,23.62,2024-10-08T11:30:00,5380.88,TARGET,1983.82,1533.32
fast_pair,HEROMOTOCO,2024-10-10,SHORT,2024-10-10T11:20:00,5382.05,5400.83,5353.88,55,18.78,2024-10-10T12:50:00,5353.88,TARGET,1549.26,1106.40
fast_pair,HEROMOTOCO,2024-10-11,SHORT,2024-10-11T10:50:00,5323.25,5339.75,5298.50,56,16.50,2024-10-11T12:10:00,5339.75,STOP,-924.05,-1371.89
fast_pair,HEROMOTOCO,2024-10-14,SHORT,2024-10-14T11:40:00,5386.30,5404.39,5359.16,55,18.09,2024-10-14T12:00:00,5404.39,STOP,-995.08,-1440.20
fast_pair,HEROMOTOCO,2024-10-15,SHORT,2024-10-15T10:10:00,5400.70,5416.30,5377.30,55,15.60,2024-10-15T10:30:00,5377.30,TARGET,1286.95,842.36
fast_pair,HEROMOTOCO,2024-10-21,LONG,2024-10-21T10:50:00,5096.95,5066.28,5142.95,58,30.67,2024-10-21T11:10:00,5066.28,STOP,-1778.83,-2220.93
fast_pair,HEROMOTOCO,2024-10-22,SHORT,2024-10-22T10:20:00,5072.70,5096.73,5036.65,59,24.03,2024-10-22T10:30:00,5036.65,TARGET,2126.92,1679.58
fast_pair,HEROMOTOCO,2024-10-23,LONG,2024-10-23T10:00:00,5109.15,5082.29,5149.44,58,26.86,2024-10-23T10:10:00,5082.29,STOP,-1558.07,-2001.39
fast_pair,HEROMOTOCO,2024-10-24,LONG,2024-10-24T11:50:00,5053.20,5030.52,5087.22,59,22.68,2024-10-24T12:10:00,5030.52,STOP,-1337.96,-1784.16
fast_pair,HEROMOTOCO,2024-10-28,LONG,2024-10-28T12:50:00,4856.45,4837.76,4884.48,61,18.69,2024-10-28T13:00:00,4837.76,STOP,-1139.90,-1583.41
fast_pair,HEROMOTOCO,2024-11-04,LONG,2024-11-04T14:10:00,4666.50,4646.02,4697.22,64,20.48,2024-11-04T14:50:00,4697.22,TARGET,1966.12,1516.66
fast_pair,HEROMOTOCO,2024-11-05,SHORT,2024-11-05T10:50:00,4697.15,4719.03,4664.34,63,21.88,2024-11-05T11:00:00,4700.95,REVERSE,-239.40,-683.46
fast_pair,HEROMOTOCO,2024-11-06,SHORT,2024-11-06T13:50:00,4773.25,4786.48,4753.40,62,13.23,2024-11-06T15:00:00,4775.20,REVERSE,-120.90,-564.90
fast_pair,HEROMOTOCO,2024-11-08,LONG,2024-11-08T12:50:00,4656.65,4642.63,4677.68,64,14.02,2024-11-08T14:10:00,4649.55,REVERSE,-454.40,-901.10
fast_pair,HEROMOTOCO,2024-11-11,SHORT,2024-11-11T10:00:00,4637.65,4654.20,4612.82,64,16.55,2024-11-11T10:20:00,4612.82,TARGET,1588.83,1144.81
fast_pair,HEROMOTOCO,2024-11-12,SHORT,2024-11-12T10:50:00,4638.65,4653.83,4615.88,64,15.18,2024-11-12T11:10:00,4653.83,STOP,-971.37,-1417.41
fast_pair,HEROMOTOCO,2024-11-14,LONG,2024-11-14T10:30:00,4426.80,4403.78,4461.34,67,23.02,2024-11-14T10:40:00,4461.34,TARGET,2313.87,1867.25
fast_pair,HEROMOTOCO,2024-11-21,LONG,2024-11-21T10:50:00,4691.15,4668.45,4725.19,63,22.70,2024-11-21T11:30:00,4668.45,STOP,-1429.83,-1872.07
fast_pair,HEROMOTOCO,2024-11-22,SHORT,2024-11-22T10:00:00,4639.45,4656.23,4614.28,64,16.78,2024-11-22T10:00:00,4656.23,STOP,-1074.00,-1520.20
fast_pair,HEROMOTOCO,2024-11-27,LONG,2024-11-27T11:10:00,4743.75,4726.99,4768.88,63,16.76,2024-11-27T12:10:00,4726.99,STOP,-1055.66,-1503.15
fast_pair,HEROMOTOCO,2024-11-28,SHORT,2024-11-28T10:50:00,4744.25,4758.45,4722.95,63,14.20,2024-11-28T11:10:00,4722.95,TARGET,1341.63,894.31
fast_pair,HEROMOTOCO,2024-11-29,LONG,2024-11-29T13:40:00,4655.20,4640.74,4676.89,64,14.46,2024-11-29T13:50:00,4640.74,STOP,-925.29,-1371.49
fast_pair,HEROMOTOCO,2024-12-03,SHORT,2024-12-03T11:20:00,4635.75,4646.60,4619.47,64,10.85,2024-12-03T11:40:00,4619.47,TARGET,1041.79,597.54
fast_pair,HEROMOTOCO,2024-12-05,LONG,2024-12-05T12:30:00,4522.65,4508.30,4544.17,66,14.35,2024-12-05T13:30:00,4508.30,STOP,-946.94,-1393.97
fast_pair,HEROMOTOCO,2024-12-06,SHORT,2024-12-06T10:20:00,4515.70,4537.03,4483.71,66,21.33,2024-12-06T10:40:00,4537.03,STOP,-1407.52,-1855.63
fast_pair,HEROMOTOCO,2024-12-09,LONG,2024-12-09T12:20:00,4500.40,4491.06,4514.40,66,9.34,2024-12-09T12:30:00,4514.40,TARGET,924.24,478.00
fast_pair,HEROMOTOCO,2024-12-13,LONG,2024-12-13T12:20:00,4439.65,4423.52,4463.84,67,16.13,2024-12-13T13:50:00,4463.84,TARGET,1620.89,1173.49
fast_pair,HEROMOTOCO,2024-12-16,LONG,2024-12-16T14:00:00,4423.40,4413.93,4437.60,67,9.47,2024-12-16T15:20:00,4427.40,EOD,268.00,-176.75
fast_pair,HEROMOTOCO,2024-12-17,SHORT,2024-12-17T10:00:00,4410.30,4422.23,4392.40,68,11.93,2024-12-17T10:20:00,4392.40,TARGET,1217.30,768.36
fast_pair,HEROMOTOCO,2024-12-18,LONG,2024-12-18T11:30:00,4300.40,4285.10,4323.35,69,15.30,2024-12-18T12:40:00,4290.80,REVERSE,-662.40,-1106.99
fast_pair,HEROMOTOCO,2024-12-19,LONG,2024-12-19T10:50:00,4292.20,4274.29,4319.06,69,17.91,2024-12-19T11:10:00,4319.06,TARGET,1853.58,1407.94
fast_pair,HEROMOTOCO,2024-12-24,SHORT,2024-12-24T11:00:00,4162.95,4177.84,4140.61,72,14.89,2024-12-24T11:10:00,4177.84,STOP,-1072.30,-1522.71
fast_pair,HEROMOTOCO,2024-12-26,SHORT,2024-12-26T10:20:00,4158.70,4170.78,4140.57,72,12.08,2024-12-26T10:20:00,4170.78,STOP,-870.02,-1319.82
fast_pair,HEROMOTOCO,2024-12-27,SHORT,2024-12-27T11:10:00,4180.40,4196.62,4156.06,71,16.22,2024-12-27T11:50:00,4156.06,TARGET,1727.80,1283.88
fast_pair,HEROMOTOCO,2024-12-31,SHORT,2024-12-31T10:00:00,4068.20,4085.52,4042.22,73,17.32,2024-12-31T11:00:00,4085.52,STOP,-1264.41,-1710.82
fast_pair,HEROMOTOCO,2025-01-01,LONG,2025-01-01T12:30:00,4050.80,4040.40,4066.40,74,10.40,2025-01-01T13:00:00,4040.40,STOP,-769.68,-1218.74
fast_pair,HEROMOTOCO,2025-01-03,LONG,2025-01-03T13:50:00,4121.60,4107.85,4142.22,72,13.75,2025-01-03T14:40:00,4142.22,TARGET,1484.53,1038.29
fast_pair,HEROMOTOCO,2025-01-06,SHORT,2025-01-06T11:00:00,4135.25,4151.09,4111.48,72,15.84,2025-01-06T12:00:00,4111.48,TARGET,1711.13,1265.80
fast_pair,HEROMOTOCO,2025-01-07,LONG,2025-01-07T10:30:00,4108.55,4091.96,4133.44,73,16.59,2025-01-07T11:00:00,4099.15,REVERSE,-686.20,-1135.57
fast_pair,HEROMOTOCO,2025-01-08,LONG,2025-01-08T13:50:00,4031.70,4019.74,4049.64,74,11.96,2025-01-08T15:20:00,4034.70,EOD,222.00,-225.69
fast_pair,HEROMOTOCO,2025-01-09,LONG,2025-01-09T10:50:00,4040.20,4028.37,4057.95,74,11.83,2025-01-09T10:50:00,4028.37,STOP,-875.74,-1323.54
fast_pair,HEROMOTOCO,2025-01-10,LONG,2025-01-10T11:20:00,4038.45,4024.25,4059.75,74,14.20,2025-01-10T13:00:00,4059.75,TARGET,1576.31,1126.86
fast_pair,HEROMOTOCO,2025-01-14,LONG,2025-01-14T11:20:00,4024.05,4007.09,4049.49,74,16.96,2025-01-14T11:20:00,4007.09,STOP,-1255.20,-1700.92
fast_pair,HEROMOTOCO,2025-01-15,SHORT,2025-01-15T11:20:00,4018.20,4032.37,3996.95,74,14.17,2025-01-15T13:10:00,4005.00,TIME_STOP,976.80,531.51
fast_pair,HEROMOTOCO,2025-01-16,SHORT,2025-01-16T10:20:00,4009.40,4024.33,3987.00,74,14.93,2025-01-16T10:50:00,3987.00,TARGET,1657.38,1213.58
fast_pair,HEROMOTOCO,2025-01-17,SHORT,2025-01-17T13:40:00,3998.15,4009.01,3981.86,75,10.86,2025-01-17T14:50:00,4006.65,REVERSE,-637.50,-1087.77
fast_pair,HEROMOTOCO,2025-01-20,LONG,2025-01-20T11:30:00,3979.55,3969.15,3995.15,75,10.40,2025-01-20T11:40:00,3995.15,TARGET,1169.65,721.07
fast_pair,HEROMOTOCO,2025-01-23,LONG,2025-01-23T10:00:00,3961.20,3950.09,3977.87,75,11.11,2025-01-23T10:00:00,3977.87,TARGET,1249.94,803.37
fast_pair,HEROMOTOCO,2025-01-24,LONG,2025-01-24T11:30:00,3993.45,3981.90,4010.77,75,11.55,2025-01-24T11:50:00,4010.77,TARGET,1299.01,848.77
fast_pair,HEROMOTOCO,2025-01-28,SHORT,2025-01-28T10:20:00,3913.55,3929.15,3890.15,76,15.60,2025-01-28T11:00:00,3929.15,STOP,-1185.52,-1632.56
fast_pair,HEROMOTOCO,2025-02-01,LONG,2025-02-01T11:30:00,4201.60,4184.20,4227.71,71,17.40,2025-02-01T11:50:00,4184.20,STOP,-1235.71,-1682.25
fast_pair,HEROMOTOCO,2025-02-04,SHORT,2025-02-04T10:40:00,4160.60,4181.80,4128.80,72,21.20,2025-02-04T10:50:00,4128.80,TARGET,2289.93,1842.30
fast_pair,HEROMOTOCO,2025-02-05,LONG,2025-02-05T10:20:00,4140.45,4127.44,4159.97,72,13.01,2025-02-05T10:40:00,4127.44,STOP,-936.73,-1383.20
fast_pair,HEROMOTOCO,2025-02-07,LONG,2025-02-07T11:30:00,4162.55,4142.88,4192.05,72,19.67,2025-02-07T12:40:00,4147.85,REVERSE,-1058.40,-1507.16
fast_pair,HEROMOTOCO,2025-02-10,SHORT,2025-02-10T11:20:00,4164.45,4181.13,4139.43,72,16.68,2025-02-10T12:10:00,4139.43,TARGET,1801.32,1352.91
fast_pair,HEROMOTOCO,2025-02-12,LONG,2025-02-12T10:40:00,4004.00,3986.12,4030.82,74,17.88,2025-02-12T11:10:00,4030.82,TARGET,1985.03,1539.10
fast_pair,HEROMOTOCO,2025-02-13,LONG,2025-02-13T12:00:00,4008.45,3995.24,4028.26,74,13.21,2025-02-13T12:50:00,3998.60,REVERSE,-728.90,-1173.29
fast_pair,HEROMOTOCO,2025-02-17,LONG,2025-02-17T12:10:00,3845.00,3823.97,3876.55,78,21.03,2025-02-17T14:00:00,3849.40,TIME_STOP,343.20,-106.92
fast_pair,HEROMOTOCO,2025-02-18,LONG,2025-02-18T11:40:00,3850.70,3835.62,3873.31,77,15.08,2025-02-18T12:50:00,3835.62,STOP,-1160.83,-1604.72
fast_pair,HEROMOTOCO,2025-02-19,SHORT,2025-02-19T14:00:00,3876.55,3885.75,3862.75,77,9.20,2025-02-19T14:10:00,3885.75,STOP,-708.45,-1156.72
fast_pair,HEROMOTOCO,2025-02-20,SHORT,2025-02-20T12:50:00,3918.10,3927.99,3903.26,76,9.89,2025-02-20T12:50:00,3921.10,REVERSE,-228.00,-674.83
fast_pair,HEROMOTOCO,2025-02-21,LONG,2025-02-21T12:40:00,3873.05,3861.94,3889.71,77,11.11,2025-02-21T13:00:00,3861.94,STOP,-855.37,-1302.06
fast_pair,HEROMOTOCO,2025-02-24,LONG,2025-02-24T11:20:00,3847.65,3833.89,3868.28,77,13.76,2025-02-24T11:50:00,3868.28,TARGET,1588.80,1143.20
fast_pair,HEROMOTOCO,2025-02-25,LONG,2025-02-25T11:50:00,3862.85,3852.57,3878.27,77,10.28,2025-02-25T12:20:00,3878.27,TARGET,1186.98,739.93
fast_pair,HEROMOTOCO,2025-03-03,SHORT,2025-03-03T10:00:00,3656.00,3673.47,3629.79,82,17.47,2025-03-03T10:30:00,3673.47,STOP,-1432.74,-1883.50
fast_pair,HEROMOTOCO,2025-03-05,SHORT,2025-03-05T13:50:00,3582.15,3592.00,3567.38,83,9.85,2025-03-05T13:50:00,3592.00,STOP,-817.29,-1263.88
fast_pair,HEROMOTOCO,2025-03-07,SHORT,2025-03-07T12:00:00,3679.00,3692.45,3658.83,81,13.45,2025-03-07T12:20:00,3658.83,TARGET,1633.68,1187.91
fast_pair,HEROMOTOCO,2025-03-11,LONG,2025-03-11T11:20:00,3621.95,3605.05,3647.30,82,16.90,2025-03-11T11:20:00,3607.30,REVERSE,-1201.30,-1645.90
fast_pair,HEROMOTOCO,2025-03-12,SHORT,2025-03-12T10:20:00,3631.85,3645.75,3611.00,82,13.90,2025-03-12T10:30:00,3645.75,STOP,-1139.76,-1587.34
fast_pair,HEROMOTOCO,2025-03-17,LONG,2025-03-17T13:50:00,3492.75,3482.15,3508.65,85,10.60,2025-03-17T15:20:00,3491.90,EOD,-72.25,-517.52
fast_pair,HEROMOTOCO,2025-03-19,SHORT,2025-03-19T12:20:00,3530.35,3543.60,3510.47,84,13.25,2025-03-19T12:20:00,3543.60,STOP,-1113.41,-1559.07
fast_pair,HEROMOTOCO,2025-03-21,SHORT,2025-03-21T12:30:00,3656.65,3669.32,3637.65,82,12.67,2025-03-21T13:10:00,3669.32,STOP,-1038.86,-1489.41
fast_pair,HEROMOTOCO,2025-03-24,LONG,2025-03-24T12:30:00,3626.75,3612.28,3648.45,82,14.47,2025-03-24T14:20:00,3640.00,TIME_STOP,1086.50,639.59
fast_pair,HEROMOTOCO,2025-03-25,SHORT,2025-03-25T11:40:00,3637.40,3651.71,3615.93,82,14.31,2025-03-25T13:30:00,3625.45,TIME_STOP,979.90,533.23
fast_pair,HEROMOTOCO,2025-03-28,SHORT,2025-03-28T10:00:00,3754.60,3769.59,3732.12,79,14.99,2025-03-28T10:30:00,3769.59,STOP,-1184.20,-1630.01
fast_pair,HEROMOTOCO,2025-04-01,SHORT,2025-04-01T11:10:00,3751.00,3771.41,3720.38,79,20.41,2025-04-01T12:20:00,3771.41,STOP,-1612.41,-2058.11
fast_pair,HEROMOTOCO,2025-04-02,SHORT,2025-04-02T10:30:00,3745.85,3761.18,3722.85,80,15.33,2025-04-02T10:40:00,3761.18,STOP,-1226.67,-1677.10
fast_pair,HEROMOTOCO,2025-04-07,LONG,2025-04-07T13:50:00,3509.50,3489.85,3538.98,85,19.65,2025-04-07T15:20:00,3538.98,TARGET,2505.95,2056.61
fast_pair,HEROMOTOCO,2025-04-08,SHORT,2025-04-08T11:10:00,3525.25,3544.75,3496.00,85,19.50,2025-04-08T12:10:00,3536.80,REVERSE,-981.75,-1431.96
fast_pair,HEROMOTOCO,2025-04-09,LONG,2025-04-09T11:10:00,3573.80,3558.59,3596.62,83,15.21,2025-04-09T11:10:00,3596.62,TARGET,1894.24,1447.88
fast_pair,HEROMOTOCO,2025-04-15,SHORT,2025-04-15T14:00:00,3741.90,3752.19,3726.46,80,10.29,2025-04-15T14:10:00,3752.19,STOP,-823.53,-1273.17
fast_pair,HEROMOTOCO,2025-04-16,LONG,2025-04-16T12:40:00,3769.80,3758.11,3787.34,79,11.69,2025-04-16T12:50:00,3767.20,REVERSE,-205.40,-651.97
fast_pair,HEROMOTOCO,2025-04-17,LONG,2025-04-17T11:50:00,3718.80,3705.04,3739.44,80,13.76,2025-04-17T12:50:00,3739.44,TARGET,1650.83,1203.33
fast_pair,HEROMOTOCO,2025-04-22,LONG,2025-04-22T13:40:00,3836.80,3826.66,3852.01,78,10.14,2025-04-22T15:10:00,3835.80,REVERSE,-78.00,-526.85
fast_pair,HEROMOTOCO,2025-04-23,SHORT,2025-04-23T10:40:00,3840.00,3852.97,3820.55,78,12.97,2025-04-23T10:50:00,3852.97,STOP,-1011.40,-1461.44
fast_pair,HEROMOTOCO,2025-04-24,SHORT,2025-04-24T11:30:00,3939.20,3955.80,3914.30,76,16.60,2025-04-24T12:20:00,3955.80,STOP,-1261.66,-1711.68
fast_pair,HEROMOTOCO,2025-04-25,SHORT,2025-04-25T10:00:00,3918.00,3935.21,3892.19,76,17.21,2025-04-25T10:00:00,3892.19,TARGET,1961.75,1516.57
fast_pair,HEROMOTOCO,2025-04-28,LONG,2025-04-28T11:30:00,3883.10,3867.93,3905.85,77,15.17,2025-04-28T13:00:00,3905.85,TARGET,1751.76,1301.94
fast_pair,HEROMOTOCO,2025-04-29,SHORT,2025-04-29T10:30:00,3911.30,3927.08,3887.63,76,15.78,2025-04-29T11:10:00,3887.63,TARGET,1798.95,1354.41
fast_pair,HEROMOTOCO,2025-05-02,SHORT,2025-05-02T11:20:00,3846.00,3866.55,3815.17,78,20.55,2025-05-02T12:10:00,3815.17,TARGET,2404.50,1956.32
fast_pair,HEROMOTOCO,2025-05-07,LONG,2025-05-07T11:20:00,3884.70,3867.32,3910.77,77,17.38,2025-05-07T13:10:00,3875.20,REVERSE,-731.50,-1179.63
fast_pair,HEROMOTOCO,2025-05-09,LONG,2025-05-09T10:00:00,3810.20,3790.60,3839.60,78,19.60,2025-05-09T10:10:00,3839.60,TARGET,2293.52,1846.00
fast_pair,HEROMOTOCO,2025-05-14,SHORT,2025-05-14T13:10:00,4052.00,4074.48,4018.29,74,22.48,2025-05-14T14:50:00,4066.00,REVERSE,-1036.00,-1486.55
fast_pair,HEROMOTOCO,2025-05-16,SHORT,2025-05-16T11:50:00,4300.00,4314.21,4278.68,69,14.21,2025-05-16T12:10:00,4314.21,STOP,-980.68,-1426.46
fast_pair,HEROMOTOCO,2025-05-19,SHORT,2025-05-19T11:50:00,4390.80,4410.14,4361.79,68,19.34,2025-05-19T11:50:00,4408.60,REVERSE,-1210.40,-1659.17
fast_pair,HEROMOTOCO,2025-05-22,LONG,2025-05-22T11:20:00,4243.60,4228.84,4265.74,70,14.76,2025-05-22T12:40:00,4228.84,STOP,-1033.14,-1477.94
fast_pair,HEROMOTOCO,2025-05-23,SHORT,2025-05-23T11:30:00,4288.80,4302.82,4267.77,69,14.02,2025-05-23T11:30:00,4302.82,STOP,-967.16,-1411.78
fast_pair,HEROMOTOCO,2025-05-26,SHORT,2025-05-26T13:20:00,4385.10,4396.64,4367.79,68,11.54,2025-05-26T14:20:00,4367.79,TARGET,1177.00,730.60
fast_pair,HEROMOTOCO,2025-05-27,LONG,2025-05-27T11:40:00,4341.10,4324.74,4365.63,69,16.36,2025-05-27T13:10:00,4333.10,REVERSE,-552.00,-1000.89
fast_pair,HEROMOTOCO,2025-05-28,LONG,2025-05-28T11:10:00,4334.00,4321.25,4353.12,69,12.75,2025-05-28T11:20:00,4321.25,STOP,-879.63,-1327.54
fast_pair,HEROMOTOCO,2025-05-30,SHORT,2025-05-30T10:50:00,4349.00,4363.20,4327.70,68,14.20,2025-05-30T11:00:00,4363.20,STOP,-965.70,-1410.02
fast_pair,HEROMOTOCO,2025-06-02,LONG,2025-06-02T13:30:00,4221.70,4209.54,4239.94,71,12.16,2025-06-02T15:10:00,4239.94,TARGET,1295.10,844.52
fast_pair,HEROMOTOCO,2025-06-03,SHORT,2025-06-03T11:20:00,4227.90,4240.47,4209.04,70,12.57,2025-06-03T12:10:00,4240.47,STOP,-880.24,-1324.83
fast_pair,HEROMOTOCO,2025-06-04,LONG,2025-06-04T10:10:00,4230.00,4217.27,4249.09,70,12.73,2025-06-04T10:20:00,4217.27,STOP,-890.79,-1334.27
fast_pair,HEROMOTOCO,2025-06-05,LONG,2025-06-05T10:00:00,4218.40,4207.80,4234.30,71,10.60,2025-06-05T10:30:00,4207.80,STOP,-752.51,-1201.20
fast_pair,HEROMOTOCO,2025-06-11,SHORT,2025-06-11T12:20:00,4440.50,4456.46,4416.57,67,15.96,2025-06-11T14:10:00,4425.30,TIME_STOP,1018.40,572.89
fast_pair,HEROMOTOCO,2025-06-12,LONG,2025-06-12T13:00:00,4406.00,4392.32,4426.53,68,13.68,2025-06-12T13:00:00,4392.32,STOP,-930.53,-1379.24
fast_pair,HEROMOTOCO,2025-06-13,LONG,2025-06-13T13:40:00,4308.00,4295.97,4326.04,69,12.03,2025-06-13T15:00:00,4326.04,TARGET,1244.61,797.80
fast_pair,HEROMOTOCO,2025-06-17,LONG,2025-06-17T10:30:00,4371.50,4359.06,4390.15,68,12.44,2025-06-17T11:00:00,4359.06,STOP,-845.62,-1290.88
fast_pair,HEROMOTOCO,2025-06-18,SHORT,2025-06-18T11:10:00,4388.90,4401.96,4369.31,68,13.06,2025-06-18T13:00:00,4387.40,TIME_STOP,102.00,-345.59
fast_pair,HEROMOTOCO,2025-06-19,SHORT,2025-06-19T11:30:00,4375.00,4386.66,4357.51,68,11.66,2025-06-19T11:30:00,4357.51,TARGET,1189.15,743.79
fast_pair,HEROMOTOCO,2025-06-20,LONG,2025-06-20T12:00:00,4342.90,4322.22,4373.92,69,20.68,2025-06-20T12:20:00,4322.22,STOP,-1427.11,-1875.53
fast_pair,HEROMOTOCO,2025-06-24,SHORT,2025-06-24T13:50:00,4301.10,4312.10,4284.60,69,11.00,2025-06-24T15:20:00,4293.50,EOD,524.40,79.63
fast_pair,HEROMOTOCO,2025-06-25,SHORT,2025-06-25T10:50:00,4301.00,4315.70,4278.94,69,14.70,2025-06-25T12:40:00,4299.30,TIME_STOP,117.30,-327.77
fast_pair,HEROMOTOCO,2025-06-27,SHORT,2025-06-27T13:30:00,4323.80,4334.44,4307.84,69,10.64,2025-06-27T13:30:00,4334.44,STOP,-734.12,-1182.18
fast_pair,HEROMOTOCO,2025-07-02,SHORT,2025-07-02T11:10:00,4233.60,4246.70,4213.95,70,13.10,2025-07-02T11:10:00,4243.00,REVERSE,-658.00,-1103.02
fast_pair,HEROMOTOCO,2025-07-04,SHORT,2025-07-04T13:30:00,4351.20,4362.45,4334.33,68,11.25,2025-07-04T13:30:00,4334.33,TARGET,1147.14,704.18
fast_pair,HEROMOTOCO,2025-07-07,LONG,2025-07-07T10:00:00,4351.00,4338.16,4370.26,68,12.84,2025-07-07T10:10:00,4338.16,STOP,-873.30,-1316.45
fast_pair,HEROMOTOCO,2025-07-10,LONG,2025-07-10T10:20:00,4337.10,4327.65,4351.28,69,9.45,2025-07-10T10:50:00,4327.65,STOP,-652.10,-1100.51
fast_pair,HEROMOTOCO,2025-07-11,SHORT,2025-07-11T10:20:00,4310.10,4322.48,4291.53,69,12.38,2025-07-11T10:30:00,4291.53,TARGET,1281.22,836.08
fast_pair,HEROMOTOCO,2025-07-14,LONG,2025-07-14T11:00:00,4227.30,4212.11,4250.08,70,15.19,2025-07-14T12:50:00,4231.00,TIME_STOP,259.00,-185.06
fast_pair,HEROMOTOCO,2025-07-17,LONG,2025-07-17T11:40:00,4436.00,4423.22,4455.16,67,12.78,2025-07-17T11:50:00,4455.16,TARGET,1283.98,837.20
fast_pair,HEROMOTOCO,2025-07-18,SHORT,2025-07-18T10:00:00,4442.50,4454.55,4424.43,67,12.05,2025-07-18T10:10:00,4424.43,TARGET,1210.92,765.36
fast_pair,HEROMOTOCO,2025-07-21,LONG,2025-07-21T10:30:00,4398.40,4384.14,4419.79,68,14.26,2025-07-21T10:50:00,4384.14,STOP,-969.89,-1417.80
fast_pair,HEROMOTOCO,2025-07-22,LONG,2025-07-22T10:00:00,4416.50,4404.66,4434.27,67,11.84,2025-07-22T10:50:00,4404.66,STOP,-793.60,-1236.87
fast_pair,HEROMOTOCO,2025-07-23,SHORT,2025-07-23T11:20:00,4347.10,4359.76,4328.11,69,12.66,2025-07-23T13:10:00,4350.40,TIME_STOP,-227.70,-677.80
fast_pair,HEROMOTOCO,2025-07-25,LONG,2025-07-25T14:10:00,4227.40,4215.51,4245.24,70,11.89,2025-07-25T15:20:00,4227.60,EOD,14.00,-429.89
fast_pair,HEROMOTOCO,2025-07-28,SHORT,2025-07-28T13:10:00,4262.80,4275.08,4244.38,70,12.28,2025-07-28T13:50:00,4275.08,STOP,-859.46,-1307.70
fast_pair,HEROMOTOCO,2025-07-31,LONG,2025-07-31T11:10:00,4251.20,4235.48,4274.78,70,15.72,2025-07-31T12:30:00,4274.78,TARGET,1650.72,1203.11
fast_pair,HEROMOTOCO,2025-08-06,LONG,2025-08-06T13:10:00,4496.00,4482.58,4516.12,66,13.42,2025-08-06T13:50:00,4482.58,STOP,-885.41,-1329.85
fast_pair,HEROMOTOCO,2025-08-08,SHORT,2025-08-08T11:40:00,4646.90,4664.91,4619.88,64,18.01,2025-08-08T13:00:00,4651.90,REVERSE,-320.00,-766.34
fast_pair,HEROMOTOCO,2025-08-11,LONG,2025-08-11T12:50:00,4570.00,4556.09,4590.87,65,13.91,2025-08-11T14:20:00,4556.09,STOP,-904.24,-1349.14
fast_pair,HEROMOTOCO,2025-08-18,SHORT,2025-08-18T13:50:00,4992.10,5014.63,4958.31,60,22.53,2025-08-18T15:20:00,4988.20,EOD,234.00,-215.11
fast_pair,HEROMOTOCO,2025-08-20,SHORT,2025-08-20T11:30:00,5124.00,5140.11,5099.84,58,16.11,2025-08-20T11:50:00,5137.80,REVERSE,-800.40,-1246.79
fast_pair,HEROMOTOCO,2025-08-21,LONG,2025-08-21T10:40:00,5150.00,5135.73,5171.41,58,14.27,2025-08-21T11:10:00,5135.73,STOP,-827.72,-1275.14
fast_pair,HEROMOTOCO,2025-08-22,LONG,2025-08-22T13:50:00,5017.60,5003.84,5038.25,59,13.76,2025-08-22T13:50:00,5003.84,STOP,-812.06,-1255.51
fast_pair,HEROMOTOCO,2025-08-26,SHORT,2025-08-26T12:40:00,5092.60,5109.35,5067.48,58,16.75,2025-08-26T13:30:00,5109.35,STOP,-971.40,-1415.18
fast_pair,HEROMOTOCO,2025-08-28,SHORT,2025-08-28T13:00:00,5143.00,5160.85,5116.22,58,17.85,2025-08-28T14:40:00,5116.22,TARGET,1553.00,1106.73
fast_pair,HEROMOTOCO,2025-08-29,LONG,2025-08-29T10:30:00,5143.00,5123.00,5173.01,58,20.00,2025-08-29T10:40:00,5123.00,STOP,-1160.20,-1606.77
fast_pair,HEROMOTOCO,2025-09-03,SHORT,2025-09-03T13:40:00,5321.00,5335.46,5299.31,56,14.46,2025-09-03T13:50:00,5335.46,STOP,-809.87,-1257.45
fast_pair,HEROMOTOCO,2025-09-04,SHORT,2025-09-04T11:30:00,5354.00,5381.25,5313.13,56,27.25,2025-09-04T12:40:00,5381.25,STOP,-1525.79,-1976.67
fast_pair,HEROMOTOCO,2025-09-05,SHORT,2025-09-05T11:30:00,5358.50,5375.18,5333.49,55,16.68,2025-09-05T13:20:00,5359.50,TIME_STOP,-55.00,-497.12
fast_pair,HEROMOTOCO,2025-09-08,SHORT,2025-09-08T14:10:00,5494.00,5508.87,5471.70,54,14.87,2025-09-08T14:50:00,5471.70,TARGET,1204.17,760.06
fast_pair,HEROMOTOCO,2025-09-09,LONG,2025-09-09T14:00:00,5435.00,5420.29,5457.07,55,14.71,2025-09-09T14:00:00,5420.29,STOP,-809.08,-1256.86
fast_pair,HEROMOTOCO,2025-09-11,LONG,2025-09-11T14:00:00,5333.00,5317.99,5355.51,56,15.01,2025-09-11T14:00:00,5317.99,STOP,-840.36,-1287.70
fast_pair,HEROMOTOCO,2025-09-12,SHORT,2025-09-12T12:00:00,5322.00,5336.01,5300.99,56,14.01,2025-09-12T13:30:00,5300.99,TARGET,1176.75,730.58
fast_pair,HEROMOTOCO,2025-09-15,SHORT,2025-09-15T10:50:00,5310.50,5323.73,5290.66,56,13.23,2025-09-15T11:40:00,5290.66,TARGET,1111.15,665.90
fast_pair,HEROMOTOCO,2025-09-17,SHORT,2025-09-17T13:40:00,5369.50,5377.92,5356.87,55,8.42,2025-09-17T14:10:00,5356.87,TARGET,694.49,252.03
fast_pair,HEROMOTOCO,2025-09-19,SHORT,2025-09-19T13:00:00,5384.50,5393.55,5370.93,55,9.05,2025-09-19T13:50:00,5393.55,STOP,-497.48,-942.08
fast_pair,HEROMOTOCO,2025-09-25,LONG,2025-09-25T10:30:00,5318.00,5301.11,5343.33,56,16.89,2025-09-25T10:30:00,5301.11,STOP,-945.67,-1391.67
fast_pair,HEROMOTOCO,2025-09-29,LONG,2025-09-29T10:20:00,5355.00,5328.66,5394.52,56,26.34,2025-09-29T11:10:00,5328.66,STOP,-1475.30,-1924.01
fast_pair,HEROMOTOCO,2025-10-01,SHORT,2025-10-01T10:10:00,5427.50,5449.92,5393.87,55,22.42,2025-10-01T10:10:00,5449.92,STOP,-1233.21,-1681.90
fast_pair,HEROMOTOCO,2025-10-03,LONG,2025-10-03T11:00:00,5441.50,5419.36,5474.71,55,22.14,2025-10-03T11:00:00,5474.71,TARGET,1826.63,1376.33
fast_pair,HEROMOTOCO,2025-10-06,SHORT,2025-10-06T10:40:00,5547.00,5568.32,5515.02,54,21.32,2025-10-06T10:50:00,5568.32,STOP,-1151.34,-1601.51
fast_pair,HEROMOTOCO,2025-10-07,SHORT,2025-10-07T12:00:00,5607.50,5624.94,5581.34,53,17.44,2025-10-07T12:00:00,5624.94,STOP,-924.44,-1370.93
fast_pair,HEROMOTOCO,2025-10-08,SHORT,2025-10-08T10:10:00,5609.50,5625.15,5586.02,53,15.65,2025-10-08T10:20:00,5586.02,TARGET,1244.53,799.51
fast_pair,HEROMOTOCO,2025-10-09,LONG,2025-10-09T11:20:00,5518.50,5497.21,5550.44,54,21.29,2025-10-09T11:40:00,5497.21,STOP,-1149.72,-1595.85
fast_pair,HEROMOTOCO,2025-10-10,SHORT,2025-10-10T10:30:00,5499.00,5515.29,5474.57,54,16.29,2025-10-10T11:00:00,5515.29,STOP,-879.41,-1325.49
fast_pair,HEROMOTOCO,2025-10-13,SHORT,2025-10-13T11:30:00,5527.50,5543.85,5502.98,54,16.35,2025-10-13T11:40:00,5543.85,STOP,-882.85,-1331.24
fast_pair,HEROMOTOCO,2025-10-14,LONG,2025-10-14T10:40:00,5568.50,5552.57,5592.40,53,15.93,2025-10-14T11:10:00,5552.57,STOP,-844.44,-1286.51
fast_pair,HEROMOTOCO,2025-10-15,SHORT,2025-10-15T13:20:00,5582.00,5593.15,5565.28,53,11.15,2025-10-15T13:20:00,5565.28,TARGET,886.42,443.32
fast_pair,HEROMOTOCO,2025-10-16,SHORT,2025-10-16T14:10:00,5571.00,5582.39,5553.92,53,11.39,2025-10-16T14:20:00,5582.39,STOP,-603.56,-1046.91
fast_pair,HEROMOTOCO,2025-10-17,LONG,2025-10-17T10:40:00,5591.50,5577.43,5612.61,53,14.07,2025-10-17T11:00:00,5612.61,TARGET,1118.61,673.25
fast_pair,HEROMOTOCO,2025-10-21,LONG,2025-10-21T14:00:00,5650.50,5632.64,5677.30,53,17.86,2025-10-21T14:40:00,5632.64,STOP,-946.80,-1395.31
fast_pair,HEROMOTOCO,2025-10-23,SHORT,2025-10-23T11:50:00,5634.50,5654.45,5604.57,53,19.95,2025-10-23T12:10:00,5649.00,REVERSE,-768.50,-1217.02
fast_pair,HEROMOTOCO,2025-10-31,SHORT,2025-10-31T13:00:00,5573.50,5588.06,5551.66,53,14.56,2025-10-31T14:30:00,5551.66,TARGET,1157.65,715.43
fast_pair,HEROMOTOCO,2025-11-03,LONG,2025-11-03T11:20:00,5544.50,5527.59,5569.87,54,16.91,2025-11-03T12:30:00,5531.50,REVERSE,-702.00,-1150.58
fast_pair,HEROMOTOCO,2025-11-04,LONG,2025-11-04T13:40:00,5309.00,5289.29,5338.56,56,19.71,2025-11-04T15:20:00,5311.00,EOD,112.00,-334.04
fast_pair,HEROMOTOCO,2025-11-06,SHORT,2025-11-06T10:50:00,5327.50,5348.46,5296.06,56,20.96,2025-11-06T12:40:00,5348.46,STOP,-1173.93,-1622.32
fast_pair,HEROMOTOCO,2025-11-07,LONG,2025-11-07T12:30:00,5315.00,5296.80,5342.31,56,18.20,2025-11-07T13:00:00,5296.80,STOP,-1019.44,-1465.13
fast_pair,HEROMOTOCO,2025-11-11,LONG,2025-11-11T11:50:00,5369.50,5354.98,5391.28,55,14.52,2025-11-11T12:00:00,5391.28,TARGET,1198.04,754.16
fast_pair,HEROMOTOCO,2025-11-14,SHORT,2025-11-14T10:20:00,5521.00,5540.54,5491.69,54,19.54,2025-11-14T10:20:00,5491.69,TARGET,1583.00,1136.99
fast_pair,HEROMOTOCO,2025-11-18,SHORT,2025-11-18T11:20:00,5820.00,5841.32,5788.03,51,21.32,2025-11-18T13:10:00,5813.00,TIME_STOP,357.00,-87.96
fast_pair,HEROMOTOCO,2025-11-19,SHORT,2025-11-19T11:50:00,5850.50,5865.36,5828.21,51,14.86,2025-11-19T13:40:00,5844.50,TIME_STOP,306.00,-141.33
fast_pair,HEROMOTOCO,2025-11-20,SHORT,2025-11-20T12:50:00,5993.00,6008.68,5969.49,50,15.68,2025-11-20T13:20:00,6008.68,STOP,-783.78,-1233.84
fast_pair,HEROMOTOCO,2025-11-24,SHORT,2025-11-24T12:40:00,6021.00,6033.66,6002.01,49,12.66,2025-11-24T13:50:00,6002.01,TARGET,930.70,488.85
fast_pair,HEROMOTOCO,2025-11-27,SHORT,2025-11-27T11:20:00,6147.00,6161.00,6126.01,48,14.00,2025-11-27T12:00:00,6126.01,TARGET,1007.76,565.93
fast_pair,HEROMOTOCO,2025-11-28,SHORT,2025-11-28T13:00:00,6187.00,6202.39,6163.92,48,15.39,2025-11-28T13:10:00,6202.39,STOP,-738.65,-1184.66
fast_pair,HEROMOTOCO,2025-12-02,SHORT,2025-12-02T10:20:00,6279.00,6294.26,6256.11,47,15.26,2025-12-02T10:40:00,6256.11,TARGET,1075.82,633.96
fast_pair,HEROMOTOCO,2025-12-03,SHORT,2025-12-03T10:10:00,6245.00,6259.49,6223.27,48,14.49,2025-12-03T10:30:00,6223.27,TARGET,1043.12,594.26
fast_pair,HEROMOTOCO,2025-12-04,SHORT,2025-12-04T12:00:00,6293.00,6308.60,6269.60,47,15.60,2025-12-04T12:00:00,6308.60,STOP,-733.10,-1177.30
fast_pair,HEROMOTOCO,2025-12-05,SHORT,2025-12-05T12:20:00,6350.00,6365.03,6327.46,47,15.03,2025-12-05T14:10:00,6340.50,TIME_STOP,446.50,-0.84
fast_pair,HEROMOTOCO,2025-12-09,LONG,2025-12-09T12:50:00,6039.50,6013.81,6078.04,49,25.69,2025-12-09T14:20:00,6013.81,STOP,-1259.02,-1701.98
fast_pair,HEROMOTOCO,2025-12-11,SHORT,2025-12-11T12:00:00,5965.00,5984.86,5935.21,50,19.86,2025-12-11T12:20:00,5973.00,REVERSE,-400.00,-847.67
fast_pair,HEROMOTOCO,2025-12-12,SHORT,2025-12-12T11:00:00,5987.50,6004.88,5961.43,50,17.38,2025-12-12T12:50:00,5978.50,TIME_STOP,450.00,1.27
fast_pair,HEROMOTOCO,2025-12-16,LONG,2025-12-16T10:00:00,5977.50,5963.57,5998.39,50,13.93,2025-12-16T10:00:00,5963.57,STOP,-696.30,-1144.09
fast_pair,HEROMOTOCO,2025-12-18,LONG,2025-12-18T12:30:00,5717.50,5692.98,5754.28,52,24.52,2025-12-18T12:40:00,5754.28,TARGET,1912.38,1464.98
fast_pair,HEROMOTOCO,2025-12-19,SHORT,2025-12-19T10:10:00,5734.00,5756.99,5699.52,52,22.99,2025-12-19T10:30:00,5756.99,STOP,-1195.42,-1643.56
fast_pair,HEROMOTOCO,2025-12-22,SHORT,2025-12-22T10:00:00,5742.00,5761.08,5713.39,52,19.08,2025-12-22T11:20:00,5713.39,TARGET,1487.87,1041.11
fast_pair,HEROMOTOCO,2025-12-24,SHORT,2025-12-24T11:50:00,5706.00,5718.31,5687.54,52,12.31,2025-12-24T12:10:00,5718.31,STOP,-640.11,-1085.66
fast_pair,HEROMOTOCO,2026-01-02,SHORT,2026-01-02T12:00:00,5937.50,5961.08,5902.12,50,23.58,2026-01-02T12:50:00,5961.08,STOP,-1179.20,-1625.39
fast_pair,HEROMOTOCO,2026-01-05,SHORT,2026-01-05T13:50:00,6002.00,6016.51,5980.23,49,14.51,2026-01-05T14:00:00,5980.23,TARGET,1066.77,626.42
fast_pair,HEROMOTOCO,2026-01-06,SHORT,2026-01-06T10:50:00,5986.00,6002.12,5961.83,50,16.12,2026-01-06T12:40:00,5992.50,TIME_STOP,-325.00,-774.19
fast_pair,HEROMOTOCO,2026-01-07,LONG,2026-01-07T10:40:00,5993.00,5980.26,6012.11,50,12.74,2026-01-07T12:00:00,5989.50,REVERSE,-175.00,-624.34
fast_pair,HEROMOTOCO,2026-01-12,LONG,2026-01-12T12:30:00,5707.00,5681.95,5744.58,52,25.05,2026-01-12T13:40:00,5744.58,TARGET,1953.99,1507.38
fast_pair,HEROMOTOCO,2026-01-13,LONG,2026-01-13T10:40:00,5729.50,5707.96,5761.81,52,21.54,2026-01-13T10:40:00,5707.96,STOP,-1120.12,-1566.18
fast_pair,HEROMOTOCO,2026-01-14,SHORT,2026-01-14T10:10:00,5694.00,5715.87,5661.19,52,21.87,2026-01-14T10:40:00,5715.87,STOP,-1137.37,-1582.36
fast_pair,HEROMOTOCO,2026-01-20,SHORT,2026-01-20T10:10:00,5740.00,5763.31,5705.03,52,23.31,2026-01-20T10:30:00,5705.03,TARGET,1818.52,1372.16
fast_pair,HEROMOTOCO,2026-01-21,LONG,2026-01-21T12:50:00,5568.00,5544.12,5603.83,53,23.88,2026-01-21T12:50:00,5603.83,TARGET,1898.78,1454.70
fast_pair,HEROMOTOCO,2026-01-22,SHORT,2026-01-22T11:30:00,5589.00,5611.06,5555.90,53,22.06,2026-01-22T13:00:00,5555.90,TARGET,1754.07,1311.06
fast_pair,HEROMOTOCO,2026-01-27,LONG,2026-01-27T13:30:00,5347.50,5327.76,5377.11,56,19.74,2026-01-27T13:40:00,5329.00,REVERSE,-1036.00,-1484.41
fast_pair,HEROMOTOCO,2026-01-28,SHORT,2026-01-28T10:50:00,5356.00,5374.25,5328.63,56,18.25,2026-01-28T11:00:00,5374.25,STOP,-1021.81,-1472.48
fast_pair,HEROMOTOCO,2026-01-29,SHORT,2026-01-29T11:20:00,5508.00,5533.15,5470.27,54,25.15,2026-01-29T11:20:00,5533.15,STOP,-1358.31,-1805.48
fast_pair,HEROMOTOCO,2026-01-30,SHORT,2026-01-30T10:00:00,5560.00,5582.37,5526.44,53,22.37,2026-01-30T11:50:00,5537.50,TIME_STOP,1192.50,751.37
fast_pair,HEROMOTOCO,2026-02-02,LONG,2026-02-02T12:10:00,5490.00,5465.21,5527.18,54,24.79,2026-02-02T13:00:00,5527.18,TARGET,2007.88,1561.68
fast_pair,HEROMOTOCO,2026-02-03,SHORT,2026-02-03T12:50:00,5714.00,5734.75,5682.88,52,20.75,2026-02-03T13:50:00,5729.00,REVERSE,-780.00,-1226.28
fast_pair,HEROMOTOCO,2026-02-05,LONG,2026-02-05T13:10:00,5800.50,5783.58,5825.87,51,16.92,2026-02-05T13:10:00,5791.00,REVERSE,-484.50,-927.87
fast_pair,HEROMOTOCO,2026-02-06,LONG,2026-02-06T10:10:00,5796.00,5769.61,5835.59,51,26.39,2026-02-06T10:20:00,5835.59,TARGET,2019.07,1574.17
fast_pair,HEROMOTOCO,2026-02-10,SHORT,2026-02-10T13:20:00,5787.00,5808.88,5754.19,51,21.88,2026-02-10T14:40:00,5754.19,TARGET,1673.52,1232.07
fast_pair,HEROMOTOCO,2026-02-11,LONG,2026-02-11T11:10:00,5714.50,5685.34,5758.25,52,29.16,2026-02-11T12:40:00,5685.34,STOP,-1516.50,-1961.09
fast_pair,HEROMOTOCO,2026-02-12,SHORT,2026-02-12T11:40:00,5721.50,5741.94,5690.84,52,20.44,2026-02-12T13:30:00,5718.50,TIME_STOP,156.00,-290.16
fast_pair,HEROMOTOCO,2026-02-13,LONG,2026-02-13T14:10:00,5635.00,5618.59,5659.61,53,16.41,2026-02-13T14:30:00,5618.59,STOP,-869.63,-1316.96
fast_pair,HEROMOTOCO,2026-02-18,SHORT,2026-02-18T12:00:00,5553.00,5571.02,5525.97,54,18.02,2026-02-18T13:00:00,5571.02,STOP,-973.14,-1423.66
fast_pair,HEROMOTOCO,2026-02-19,SHORT,2026-02-19T10:20:00,5550.50,5568.80,5523.06,54,18.30,2026-02-19T11:20:00,5523.06,TARGET,1481.98,1033.50
fast_pair,HEROMOTOCO,2026-02-20,LONG,2026-02-20T12:30:00,5418.00,5402.81,5440.78,55,15.19,2026-02-20T14:00:00,5440.78,TARGET,1252.79,804.86
fast_pair,HEROMOTOCO,2026-02-23,SHORT,2026-02-23T11:50:00,5465.50,5484.19,5437.47,54,18.69,2026-02-23T13:40:00,5452.00,TIME_STOP,729.00,286.84
fast_pair,HEROMOTOCO,2026-02-24,SHORT,2026-02-24T12:10:00,5478.00,5493.75,5454.38,54,15.75,2026-02-24T12:40:00,5493.75,STOP,-850.47,-1294.82
fast_pair,HEROMOTOCO,2026-02-26,SHORT,2026-02-26T12:40:00,5725.00,5746.89,5692.16,52,21.89,2026-02-26T13:30:00,5746.89,STOP,-1138.32,-1585.72
fast_pair,HEROMOTOCO,2026-02-27,SHORT,2026-02-27T10:10:00,5749.50,5771.71,5716.18,52,22.21,2026-02-27T12:00:00,5741.00,TIME_STOP,442.00,-6.13
fast_pair,HEROMOTOCO,2026-03-04,LONG,2026-03-04T13:20:00,5471.00,5452.12,5499.32,54,18.88,2026-03-04T14:10:00,5499.32,TARGET,1529.02,1084.72
fast_pair,HEROMOTOCO,2026-03-06,SHORT,2026-03-06T13:00:00,5520.00,5537.45,5493.82,54,17.45,2026-03-06T13:20:00,5525.50,REVERSE,-297.00,-744.34
fast_pair,HEROMOTOCO,2026-03-09,LONG,2026-03-09T12:00:00,5451.50,5423.98,5492.79,55,27.52,2026-03-09T13:50:00,5449.00,TIME_STOP,-137.50,-587.15
fast_pair,HEROMOTOCO,2026-03-10,SHORT,2026-03-10T13:10:00,5630.00,5654.33,5593.50,53,24.33,2026-03-10T13:40:00,5648.50,REVERSE,-980.50,-1428.82
fast_pair,HEROMOTOCO,2026-03-11,SHORT,2026-03-11T10:20:00,5663.50,5688.69,5625.71,52,25.19,2026-03-11T10:30:00,5688.69,STOP,-1309.95,-1752.69
fast_pair,HEROMOTOCO,2026-03-12,LONG,2026-03-12T13:30:00,5466.00,5441.92,5502.12,54,24.08,2026-03-12T14:10:00,5441.92,STOP,-1300.50,-1742.27
fast_pair,EICHERMOT,2024-03-18,SHORT,2024-03-18T10:40:00,3692.70,3731.45,3634.58,64,38.75,2024-03-18T10:40:00,3708.00,REVERSE,-979.20,-1334.43
fast_pair,EICHERMOT,2024-03-19,LONG,2024-03-19T10:50:00,3705.75,3693.67,3723.88,80,12.08,2024-03-19T12:40:00,3702.50,TIME_STOP,-260.00,-704.50
fast_pair,EICHERMOT,2024-03-20,SHORT,2024-03-20T12:50:00,3866.50,3887.62,3834.82,77,21.12,2024-03-20T12:50:00,3887.62,STOP,-1626.42,-2074.22
fast_pair,EICHERMOT,2024-03-21,SHORT,2024-03-21T12:50:00,3913.65,3930.55,3888.30,76,16.90,2024-03-21T13:40:00,3918.95,REVERSE,-402.80,-849.26
fast_pair,EICHERMOT,2024-03-22,LONG,2024-03-22T11:20:00,3919.85,3901.44,3947.47,76,18.41,2024-03-22T11:30:00,3947.47,TARGET,2099.17,1650.74
fast_pair,EICHERMOT,2024-03-26,SHORT,2024-03-26T10:10:00,3975.95,3997.45,3943.71,75,21.50,2024-03-26T10:30:00,3943.71,TARGET,2418.27,1972.79
fast_pair,EICHERMOT,2024-03-27,SHORT,2024-03-27T13:20:00,3952.25,3961.58,3938.25,75,9.33,2024-03-27T13:20:00,3961.58,STOP,-699.78,-1144.94
fast_pair,EICHERMOT,2024-03-28,LONG,2024-03-28T10:00:00,3963.00,3944.49,3990.76,75,18.51,2024-03-28T10:00:00,3944.49,STOP,-1388.24,-1833.04
fast_pair,EICHERMOT,2024-04-01,SHORT,2024-04-01T10:00:00,4028.75,4048.67,3998.88,74,19.92,2024-04-01T11:00:00,3998.88,TARGET,2210.70,1765.16
fast_pair,EICHERMOT,2024-04-02,LONG,2024-04-02T13:00:00,3936.45,3926.61,3951.20,76,9.84,2024-04-02T14:30:00,3926.61,STOP,-747.53,-1195.72
fast_pair,EICHERMOT,2024-04-03,LONG,2024-04-03T12:10:00,3924.00,3914.48,3938.29,76,9.52,2024-04-03T12:10:00,3938.29,TARGET,1085.76,637.61
fast_pair,EICHERMOT,2024-04-04,SHORT,2024-04-04T10:00:00,3894.95,3909.87,3872.57,77,14.92,2024-04-04T10:00:00,3909.87,STOP,-1148.97,-1599.70
fast_pair,EICHERMOT,2024-04-05,SHORT,2024-04-05T13:00:00,4025.80,4035.84,4010.74,74,10.04,2024-04-05T13:20:00,4010.74,TARGET,1114.41,668.38
fast_pair,EICHERMOT,2024-04-10,SHORT,2024-04-10T11:30:00,4227.00,4244.77,4200.35,70,17.77,2024-04-10T11:40:00,4244.77,STOP,-1243.63,-1688.40
fast_pair,EICHERMOT,2024-04-12,SHORT,2024-04-12T13:40:00,4323.80,4339.24,4300.64,69,15.44,2024-04-12T14:20:00,4300.64,TARGET,1598.24,1151.93
fast_pair,EICHERMOT,2024-04-15,LONG,2024-04-15T12:00:00,4296.45,4278.89,4322.79,69,17.56,2024-04-15T12:30:00,4293.25,REVERSE,-220.80,-665.32
fast_pair,EICHERMOT,2024-04-18,SHORT,2024-04-18T13:20:00,4401.25,4417.92,4376.24,68,16.67,2024-04-18T13:20:00,4417.92,STOP,-1133.73,-1583.51
fast_pair,EICHERMOT,2024-04-19,LONG,2024-04-19T12:00:00,4328.35,4304.67,4363.86,69,23.68,2024-04-19T13:50:00,4349.15,TIME_STOP,1435.20,986.14
fast_pair,EICHERMOT,2024-04-23,LONG,2024-04-23T11:20:00,4468.25,4455.72,4487.04,67,12.53,2024-04-23T11:30:00,4487.04,TARGET,1259.03,809.03
fast_pair,EICHERMOT,2024-04-25,SHORT,2024-04-25T10:50:00,4527.95,4546.97,4499.43,66,19.02,2024-04-25T11:50:00,4499.43,TARGET,1882.62,1435.77
fast_pair,EICHERMOT,2024-04-26,SHORT,2024-04-26T13:10:00,4604.00,4617.79,4583.31,65,13.79,2024-04-26T13:10:00,4617.79,STOP,-896.35,-1345.92
fast_pair,EICHERMOT,2024-04-29,LONG,2024-04-29T13:20:00,4559.90,4549.41,4575.63,65,10.49,2024-04-29T14:40:00,4554.00,REVERSE,-383.50,-827.80
fast_pair,EICHERMOT,2024-04-30,SHORT,2024-04-30T13:20:00,4625.35,4638.90,4605.03,64,13.55,2024-04-30T15:00:00,4605.03,TARGET,1300.80,857.74
fast_pair,EICHERMOT,2024-05-03,SHORT,2024-05-03T11:20:00,4616.00,4632.65,4591.03,64,16.65,2024-05-03T11:40:00,4591.03,TARGET,1598.19,1156.25
fast_pair,EICHERMOT,2024-05-06,SHORT,2024-05-06T11:30:00,4622.30,4639.22,4596.92,64,16.92,2024-05-06T12:10:00,4639.22,STOP,-1082.78,-1527.34
fast_pair,EICHERMOT,2024-05-07,SHORT,2024-05-07T11:00:00,4602.85,4620.11,4576.96,65,17.26,2024-05-07T11:20:00,4576.96,TARGET,1683.05,1235.53
fast_pair,EICHERMOT,2024-05-08,SHORT,2024-05-08T10:00:00,4587.00,4608.33,4555.01,65,21.33,2024-05-08T10:00:00,4608.33,STOP,-1386.28,-1834.56
fast_pair,EICHERMOT,2024-05-09,SHORT,2024-05-09T11:10:00,4600.00,4628.16,4557.76,65,28.16,2024-05-09T11:10:00,4628.16,STOP,-1830.59,-2280.46
fast_pair,EICHERMOT,2024-05-13,SHORT,2024-05-13T12:00:00,4637.25,4668.53,4590.33,64,31.28,2024-05-13T12:30:00,4649.75,REVERSE,-800.00,-1245.78
fast_pair,EICHERMOT,2024-05-16,SHORT,2024-05-16T10:10:00,4620.85,4639.51,4592.86,64,18.66,2024-05-16T10:40:00,4592.86,TARGET,1791.48,1349.22
fast_pair,EICHERMOT,2024-05-17,SHORT,2024-05-17T10:30:00,4633.65,4655.75,4600.50,64,22.10,2024-05-17T10:30:00,4655.75,STOP,-1414.42,-1860.31
fast_pair,EICHERMOT,2024-05-21,SHORT,2024-05-21T12:00:00,4688.00,4703.16,4665.25,63,15.16,2024-05-21T12:00:00,4697.15,REVERSE,-576.45,-1019.90
fast_pair,EICHERMOT,2024-05-22,SHORT,2024-05-22T12:30:00,4681.40,4693.56,4663.16,64,12.16,2024-05-22T14:20:00,4679.05,TIME_STOP,150.40,-298.90
fast_pair,EICHERMOT,2024-05-27,LONG,2024-05-27T13:00:00,4813.00,4796.97,4837.04,62,16.03,2024-05-27T14:20:00,4796.97,STOP,-993.61,-1440.47
fast_pair,EICHERMOT,2024-05-28,LONG,2024-05-28T11:00:00,4808.40,4789.06,4837.41,62,19.34,2024-05-28T12:20:00,4789.06,STOP,-1199.05,-1645.34
fast_pair,EICHERMOT,2024-05-29,LONG,2024-05-29T10:20:00,4790.00,4773.49,4814.77,62,16.51,2024-05-29T10:50:00,4773.49,STOP,-1023.83,-1468.53
fast_pair,EICHERMOT,2024-05-30,LONG,2024-05-30T12:50:00,4749.90,4733.95,4773.83,63,15.95,2024-05-30T14:10:00,4733.95,STOP,-1004.87,-1452.98
fast_pair,EICHERMOT,2024-06-05,SHORT,2024-06-05T13:00:00,4573.60,4608.95,4520.58,65,35.35,2024-06-05T14:50:00,4593.85,REVERSE,-1316.25,-1763.16
fast_pair,EICHERMOT,2024-06-06,LONG,2024-06-06T10:20:00,4587.05,4556.70,4632.57,65,30.35,2024-06-06T10:50:00,4632.57,TARGET,2959.03,2509.58
fast_pair,EICHERMOT,2024-06-07,SHORT,2024-06-07T10:00:00,4689.45,4711.09,4656.99,63,21.64,2024-06-07T10:00:00,4701.10,REVERSE,-733.95,-1177.65
fast_pair,EICHERMOT,2024-06-12,LONG,2024-06-12T11:10:00,4789.75,4775.50,4811.12,62,14.25,2024-06-12T11:40:00,4811.12,TARGET,1325.13,878.69
fast_pair,EICHERMOT,2024-06-13,LONG,2024-06-13T14:00:00,4808.50,4795.01,4828.74,62,13.49,2024-06-13T14:20:00,4795.01,STOP,-836.63,-1283.20
fast_pair,EICHERMOT,2024-06-21,SHORT,2024-06-21T12:50:00,4886.65,4903.68,4861.10,61,17.03,2024-06-21T13:00:00,4903.68,STOP,-1039.02,-1486.93
fast_pair,EICHERMOT,2024-06-24,LONG,2024-06-24T11:40:00,4843.60,4824.45,4872.32,61,19.15,2024-06-24T12:00:00,4872.32,TARGET,1751.99,1307.48
fast_pair,EICHERMOT,2024-06-26,LONG,2024-06-26T11:30:00,4762.70,4745.35,4788.72,62,17.35,2024-06-26T11:30:00,4745.35,STOP,-1075.43,-1517.55
fast_pair,EICHERMOT,2024-07-01,SHORT,2024-07-01T10:10:00,4664.95,4686.27,4632.97,64,21.32,2024-07-01T10:50:00,4632.97,TARGET,2046.61,1600.31
fast_pair,EICHERMOT,2024-07-02,LONG,2024-07-02T10:50:00,4632.85,4615.17,4659.36,64,17.68,2024-07-02T11:30:00,4626.00,REVERSE,-438.40,-882.82
fast_pair,EICHERMOT,2024-07-04,LONG,2024-07-04T10:50:00,4695.80,4682.93,4715.11,63,12.87,2024-07-04T10:50:00,4682.93,STOP,-810.88,-1254.02
fast_pair,EICHERMOT,2024-07-08,SHORT,2024-07-08T13:00:00,4745.00,4757.28,4726.57,63,12.28,2024-07-08T13:40:00,4726.57,TARGET,1160.84,713.31
fast_pair,EICHERMOT,2024-07-10,SHORT,2024-07-10T10:50:00,4823.75,4850.53,4783.58,62,26.78,2024-07-10T11:50:00,4850.53,STOP,-1660.22,-2110.07
fast_pair,EICHERMOT,2024-07-11,LONG,2024-07-11T10:00:00,4861.85,4840.17,4894.37,61,21.68,2024-07-11T11:10:00,4840.17,STOP,-1322.57,-1766.44
fast_pair,EICHERMOT,2024-07-12,SHORT,2024-07-12T10:30:00,4825.10,4839.51,4803.48,62,14.41,2024-07-12T11:20:00,4835.50,REVERSE,-644.80,-1094.02
fast_pair,EICHERMOT,2024-07-15,LONG,2024-07-15T10:30:00,4885.35,4870.72,4907.30,61,14.63,2024-07-15T10:40:00,4907.30,TARGET,1338.73,890.72
fast_pair,EICHERMOT,2024-07-18,LONG,2024-07-18T13:20:00,4890.95,4874.06,4916.29,61,16.89,2024-07-18T14:20:00,4916.29,TARGET,1545.53,1096.85
fast_pair,EICHERMOT,2024-07-19,LONG,2024-07-19T12:40:00,4855.30,4839.78,4878.59,61,15.52,2024-07-19T13:10:00,4839.78,STOP,-947.02,-1390.57
fast_pair,EICHERMOT,2024-07-22,LONG,2024-07-22T11:00:00,4832.00,4813.66,4859.51,62,18.34,2024-07-22T12:50:00,4834.75,TIME_STOP,170.50,-279.00
fast_pair,EICHERMOT,2024-07-23,SHORT,2024-07-23T12:30:00,4825.65,4852.90,4784.77,62,27.25,2024-07-23T12:40:00,4852.90,STOP,-1689.75,-2139.81
fast_pair,EICHERMOT,2024-07-24,SHORT,2024-07-24T10:00:00,4880.55,4905.25,4843.51,61,24.70,2024-07-24T10:40:00,4905.25,STOP,-1506.50,-1954.20
fast_pair,EICHERMOT,2024-07-25,LONG,2024-07-25T12:00:00,4904.95,4891.40,4925.27,61,13.55,2024-07-25T13:50:00,4913.70,TIME_STOP,533.75,84.55
fast_pair,EICHERMOT,2024-07-30,LONG,2024-07-30T11:40:00,4971.40,4956.32,4994.01,60,15.08,2024-07-30T11:50:00,4956.32,STOP,-904.60,-1351.34
fast_pair,EICHERMOT,2024-08-01,LONG,2024-08-01T12:30:00,4936.90,4920.51,4961.49,60,16.39,2024-08-01T14:00:00,4938.20,REVERSE,78.00,-366.38
fast_pair,EICHERMOT,2024-08-05,LONG,2024-08-05T12:10:00,4643.80,4621.99,4676.52,64,21.81,2024-08-05T13:30:00,4621.99,STOP,-1396.15,-1840.91
fast_pair,EICHERMOT,2024-08-07,SHORT,2024-08-07T10:10:00,4629.85,4650.25,4599.24,64,20.40,2024-08-07T10:30:00,4650.25,STOP,-1305.83,-1751.27
fast_pair,EICHERMOT,2024-08-08,LONG,2024-08-08T12:20:00,4610.00,4590.73,4638.91,65,19.27,2024-08-08T12:30:00,4638.91,TARGET,1878.91,1428.03
fast_pair,EICHERMOT,2024-08-12,SHORT,2024-08-12T10:30:00,4827.05,4844.80,4800.43,62,17.75,2024-08-12T11:50:00,4837.40,REVERSE,-641.70,-1091.10
fast_pair,EICHERMOT,2024-08-13,LONG,2024-08-13T10:10:00,4831.55,4818.01,4851.86,62,13.54,2024-08-13T10:10:00,4818.01,STOP,-839.56,-1288.27
fast_pair,EICHERMOT,2024-08-16,LONG,2024-08-16T12:10:00,4786.05,4771.95,4807.20,62,14.10,2024-08-16T14:00:00,4807.20,TARGET,1311.39,865.30
fast_pair,EICHERMOT,2024-08-19,SHORT,2024-08-19T10:00:00,4802.00,4817.75,4778.38,62,15.75,2024-08-19T11:40:00,4801.95,REVERSE,3.10,-443.48
fast_pair,EICHERMOT,2024-08-21,LONG,2024-08-21T10:10:00,4893.90,4882.07,4911.64,61,11.83,2024-08-21T10:10:00,4911.64,TARGET,1082.26,633.65
fast_pair,EICHERMOT,2024-08-23,SHORT,2024-08-23T13:10:00,4932.50,4943.03,4916.71,60,10.53,2024-08-23T13:20:00,4916.71,TARGET,947.33,504.12
fast_pair,EICHERMOT,2024-08-27,LONG,2024-08-27T12:20:00,4862.75,4849.61,4882.46,61,13.14,2024-08-27T13:20:00,4855.20,REVERSE,-460.55,-905.15
fast_pair,EICHERMOT,2024-08-29,SHORT,2024-08-29T10:50:00,4940.10,4956.60,4915.35,60,16.50,2024-08-29T11:20:00,4915.35,TARGET,1484.91,1041.41
fast_pair,EICHERMOT,2024-09-02,SHORT,2024-09-02T11:00:00,4925.80,4944.87,4897.20,60,19.07,2024-09-02T12:00:00,4897.20,TARGET,1716.11,1274.07
fast_pair,EICHERMOT,2024-09-03,LONG,2024-09-03T10:10:00,4922.60,4908.95,4943.07,60,13.65,2024-09-03T11:00:00,4908.95,STOP,-818.83,-1261.25
fast_pair,EICHERMOT,2024-09-04,LONG,2024-09-04T12:30:00,4868.30,4858.04,4883.69,61,10.26,2024-09-04T13:00:00,4858.04,STOP,-625.93,-1070.91
fast_pair,EICHERMOT,2024-09-05,LONG,2024-09-05T12:30:00,4844.35,4836.54,4856.06,61,7.81,2024-09-05T13:40:00,4839.10,REVERSE,-320.25,-763.27
fast_pair,EICHERMOT,2024-09-06,LONG,2024-09-06T14:10:00,4766.65,4755.80,4782.92,62,10.85,2024-09-06T14:10:00,4757.95,REVERSE,-539.40,-982.29
fast_pair,EICHERMOT,2024-09-09,LONG,2024-09-09T11:20:00,4747.00,4732.19,4769.22,63,14.81,2024-09-09T12:30:00,4740.30,REVERSE,-422.10,-870.37
fast_pair,EICHERMOT,2024-09-10,SHORT,2024-09-10T10:10:00,4734.95,4747.20,4716.57,63,12.25,2024-09-10T10:20:00,4716.57,TARGET,1157.74,711.15
fast_pair,EICHERMOT,2024-09-11,LONG,2024-09-11T10:30:00,4740.85,4726.45,4762.46,63,14.40,2024-09-11T10:50:00,4762.46,TARGET,1361.14,912.10
fast_pair,EICHERMOT,2024-09-12,SHORT,2024-09-12T11:00:00,4725.10,4742.72,4698.67,63,17.62,2024-09-12T11:10:00,4742.72,STOP,-1109.90,-1557.26
fast_pair,EICHERMOT,2024-09-16,SHORT,2024-09-16T13:20:00,4907.65,4923.61,4883.71,61,15.96,2024-09-16T13:20:00,4914.60,REVERSE,-423.95,-873.32
fast_pair,EICHERMOT,2024-09-17,LONG,2024-09-17T12:10:00,4862.65,4847.51,4885.35,61,15.14,2024-09-17T12:20:00,4857.70,REVERSE,-301.95,-746.66
fast_pair,EICHERMOT,2024-09-18,SHORT,2024-09-18T10:30:00,4845.75,4857.46,4828.19,61,11.71,2024-09-18T10:40:00,4857.46,STOP,-714.06,-1157.98
fast_pair,EICHERMOT,2024-09-19,SHORT,2024-09-19T11:10:00,4866.50,4884.57,4839.39,61,18.07,2024-09-19T11:10:00,4881.25,REVERSE,-899.75,-1345.71
fast_pair,EICHERMOT,2024-09-20,SHORT,2024-09-20T13:50:00,4995.90,5015.40,4966.66,60,19.50,2024-09-20T15:00:00,4966.66,TARGET,1754.59,1306.27
fast_pair,EICHERMOT,2024-09-25,SHORT,2024-09-25T10:30:00,4861.25,4877.20,4837.33,61,15.95,2024-09-25T10:50:00,4877.20,STOP,-972.86,-1418.40
fast_pair,EICHERMOT,2024-09-26,SHORT,2024-09-26T13:40:00,4944.10,4956.49,4925.52,60,12.39,2024-09-26T14:00:00,4956.49,STOP,-743.34,-1188.87
fast_pair,EICHERMOT,2024-09-30,SHORT,2024-09-30T10:40:00,5052.35,5072.39,5022.28,59,20.04,2024-09-30T10:50:00,5022.28,TARGET,1773.93,1328.13
fast_pair,EICHERMOT,2024-10-03,LONG,2024-10-03T12:20:00,4841.20,4815.85,4879.22,61,25.35,2024-10-03T12:40:00,4815.85,STOP,-1546.10,-1987.91
fast_pair,EICHERMOT,2024-10-04,LONG,2024-10-04T12:20:00,4789.10,4769.46,4818.55,62,19.64,2024-10-04T12:40:00,4769.46,STOP,-1217.46,-1661.93
fast_pair,EICHERMOT,2024-10-07,LONG,2024-10-07T11:40:00,4719.45,4698.75,4750.50,63,20.70,2024-10-07T11:50:00,4698.75,STOP,-1304.28,-1749.29
fast_pair,EICHERMOT,2024-10-08,LONG,2024-10-08T10:50:00,4649.25,4629.09,4679.49,64,20.16,2024-10-08T10:50:00,4633.35,REVERSE,-1017.60,-1463.16
fast_pair,EICHERMOT,2024-10-10,SHORT,2024-10-10T11:40:00,4722.35,4739.00,4697.37,63,16.65,2024-10-10T12:00:00,4735.50,REVERSE,-828.45,-1275.33
fast_pair,EICHERMOT,2024-10-11,SHORT,2024-10-11T11:40:00,4721.00,4744.04,4686.44,63,23.04,2024-10-11T12:30:00,4744.04,STOP,-1451.34,-1898.56
fast_pair,EICHERMOT,2024-10-14,SHORT,2024-10-14T11:30:00,4757.00,4774.69,4730.46,63,17.69,2024-10-14T12:10:00,4774.69,STOP,-1114.75,-1565.13
fast_pair,EICHERMOT,2024-10-15,LONG,2024-10-15T12:40:00,4736.60,4723.75,4755.87,63,12.85,2024-10-15T12:50:00,4730.00,REVERSE,-415.80,-863.10
fast_pair,EICHERMOT,2024-10-16,LONG,2024-10-16T12:20:00,4680.00,4666.95,4699.57,64,13.05,2024-10-16T14:10:00,4690.60,TIME_STOP,678.40,228.61
fast_pair,EICHERMOT,2024-10-21,LONG,2024-10-21T10:10:00,4786.85,4766.31,4817.66,62,20.54,2024-10-21T10:30:00,4817.66,TARGET,1910.06,1463.45
fast_pair,EICHERMOT,2024-10-22,LONG,2024-10-22T11:40:00,4797.55,4780.70,4822.82,62,16.85,2024-10-22T11:50:00,4788.70,REVERSE,-548.70,-994.46
fast_pair,EICHERMOT,2024-10-24,LONG,2024-10-24T10:50:00,4667.05,4648.53,4694.83,64,18.52,2024-10-24T10:50:00,4665.70,REVERSE,-86.40,-534.37
fast_pair,EICHERMOT,2024-10-28,LONG,2024-10-28T11:50:00,4622.40,4601.91,4653.13,64,20.49,2024-10-28T12:00:00,4653.13,TARGET,1966.76,1521.54
fast_pair,EICHERMOT,2024-10-29,SHORT,2024-10-29T10:40:00,4712.00,4743.20,4665.20,63,31.20,2024-10-29T10:50:00,4743.20,STOP,-1965.39,-2412.15
fast_pair,EICHERMOT,2024-10-30,SHORT,2024-10-30T13:20:00,4903.35,4923.08,4873.75,61,19.73,2024-10-30T13:30:00,4923.08,STOP,-1203.68,-1653.24
fast_pair,EICHERMOT,2024-10-31,LONG,2024-10-31T10:40:00,4884.65,4863.49,4916.39,61,21.16,2024-10-31T12:10:00,4885.00,REVERSE,21.35,-425.61
fast_pair,EICHERMOT,2024-11-04,SHORT,2024-11-04T10:10:00,4880.80,4907.58,4840.63,61,26.78,2024-11-04T10:30:00,4840.63,TARGET,2450.34,2005.59
fast_pair,EICHERMOT,2024-11-05,SHORT,2024-11-05T12:10:00,4865.35,4884.08,4837.25,61,18.73,2024-11-05T13:30:00,4884.08,STOP,-1142.81,-1588.84
fast_pair,EICHERMOT,2024-11-06,SHORT,2024-11-06T13:10:00,4933.90,4947.16,4914.01,60,13.26,2024-11-06T15:00:00,4922.60,TIME_STOP,678.00,234.46
fast_pair,EICHERMOT,2024-11-07,LONG,2024-11-07T13:00:00,4874.95,4859.69,4897.84,61,15.26,2024-11-07T13:40:00,4859.69,STOP,-930.73,-1376.09
fast_pair,EICHERMOT,2024-11-08,LONG,2024-11-08T13:40:00,4810.20,4794.94,4833.10,62,15.26,2024-11-08T14:00:00,4794.94,STOP,-946.33,-1392.97
fast_pair,EICHERMOT,2024-11-11,SHORT,2024-11-11T13:50:00,4786.55,4800.70,4765.33,62,14.15,2024-11-11T14:20:00,4765.33,TARGET,1315.57,871.40
fast_pair,EICHERMOT,2024-11-12,SHORT,2024-11-12T10:00:00,4793.00,4810.03,4767.46,62,17.03,2024-11-12T10:30:00,4767.46,TARGET,1583.55,1138.99
fast_pair,EICHERMOT,2024-11-13,LONG,2024-11-13T14:00:00,4592.15,4570.54,4624.56,65,21.61,2024-11-13T14:10:00,4570.54,STOP,-1404.41,-1851.09
fast_pair,EICHERMOT,2024-11-14,SHORT,2024-11-14T13:40:00,4892.90,4917.21,4856.43,61,24.31,2024-11-14T14:10:00,4856.43,TARGET,2224.68,1778.65
fast_pair,EICHERMOT,2024-11-22,SHORT,2024-11-22T11:00:00,4894.85,4912.64,4868.16,61,17.79,2024-11-22T12:00:00,4906.90,REVERSE,-735.05,-1183.48
fast_pair,EICHERMOT,2024-11-25,SHORT,2024-11-25T13:00:00,5019.20,5034.30,4996.55,59,15.10,2024-11-25T14:10:00,5034.30,STOP,-891.01,-1335.88
fast_pair,EICHERMOT,2024-11-27,LONG,2024-11-27T12:50:00,4936.00,4920.93,4958.60,60,15.07,2024-11-27T14:40:00,4920.93,STOP,-904.17,-1347.73
fast_pair,EICHERMOT,2024-11-28,LONG,2024-11-28T14:10:00,4845.85,4831.75,4867.01,61,14.10,2024-11-28T14:10:00,4831.75,STOP,-860.39,-1303.14
fast_pair,EICHERMOT,2024-11-29,SHORT,2024-11-29T11:00:00,4832.80,4850.62,4806.07,62,17.82,2024-11-29T11:20:00,4845.45,REVERSE,-784.30,-1234.34
fast_pair,EICHERMOT,2024-12-02,LONG,2024-12-02T11:40:00,4817.25,4800.08,4843.01,62,17.17,2024-12-02T11:50:00,4808.30,REVERSE,-554.90,-1002.49
fast_pair,EICHERMOT,2024-12-03,SHORT,2024-12-03T11:50:00,4832.00,4844.83,4812.75,62,12.83,2024-12-03T11:50:00,4844.83,STOP,-795.60,-1245.57
fast_pair,EICHERMOT,2024-12-05,LONG,2024-12-05T12:20:00,4817.30,4800.94,4841.83,62,16.36,2024-12-05T12:50:00,4800.94,STOP,-1014.08,-1461.33
fast_pair,EICHERMOT,2024-12-06,SHORT,2024-12-06T12:00:00,4865.10,4882.93,4838.35,61,17.83,2024-12-06T12:30:00,4882.93,STOP,-1087.73,-1533.70
fast_pair,EICHERMOT,2024-12-10,SHORT,2024-12-10T10:30:00,4838.45,4849.35,4822.11,62,10.90,2024-12-10T12:10:00,4822.11,TARGET,1013.30,564.08
fast_pair,EICHERMOT,2024-12-11,SHORT,2024-12-11T12:10:00,4816.15,4825.14,4802.66,62,8.99,2024-12-11T12:20:00,4822.00,REVERSE,-362.70,-810.87
fast_pair,EICHERMOT,2024-12-13,LONG,2024-12-13T12:10:00,4804.00,4788.84,4826.74,62,15.16,2024-12-13T13:40:00,4826.74,TARGET,1409.64,961.81
fast_pair,EICHERMOT,2024-12-16,LONG,2024-12-16T12:30:00,4821.70,4809.18,4840.48,62,12.52,2024-12-16T13:30:00,4809.18,STOP,-776.27,-1224.11
fast_pair,EICHERMOT,2024-12-18,SHORT,2024-12-18T12:40:00,4771.05,4785.24,4749.77,62,14.19,2024-12-18T12:50:00,4749.77,TARGET,1319.63,876.91
fast_pair,EICHERMOT,2024-12-19,LONG,2024-12-19T11:40:00,4738.90,4722.54,4763.44,63,16.36,2024-12-19T12:00:00,4763.44,TARGET,1545.96,1096.98
fast_pair,EICHERMOT,2024-12-23,LONG,2024-12-23T11:10:00,4759.20,4743.11,4783.34,63,16.09,2024-12-23T12:00:00,4743.11,STOP,-1013.88,-1462.87
fast_pair,EICHERMOT,2024-12-24,SHORT,2024-12-24T12:50:00,4786.60,4798.36,4768.95,62,11.76,2024-12-24T13:40:00,4768.95,TARGET,1094.08,649.75
fast_pair,EICHERMOT,2024-12-26,SHORT,2024-12-26T10:30:00,4780.25,4794.90,4758.28,62,14.65,2024-12-26T10:40:00,4794.90,STOP,-908.20,-1353.45
fast_pair,EICHERMOT,2024-12-27,SHORT,2024-12-27T11:50:00,4866.75,4886.54,4837.07,61,19.79,2024-12-27T13:10:00,4886.54,STOP,-1207.16,-1653.37
fast_pair,EICHERMOT,2024-12-30,LONG,2024-12-30T10:20:00,4880.70,4861.55,4909.43,61,19.15,2024-12-30T12:10:00,4892.45,TIME_STOP,716.75,269.63
fast_pair,EICHERMOT,2024-12-31,LONG,2024-12-31T11:20:00,4860.00,4842.59,4886.11,61,17.41,2024-12-31T11:50:00,4842.59,STOP,-1061.98,-1505.87
fast_pair,EICHERMOT,2025-01-01,LONG,2025-01-01T11:30:00,4811.00,4792.48,4838.77,62,18.52,2025-01-01T12:00:00,4792.48,STOP,-1147.98,-1594.54
fast_pair,EICHERMOT,2025-01-03,SHORT,2025-01-03T10:50:00,5290.60,5319.78,5246.82,56,29.18,2025-01-03T10:50:00,5308.10,REVERSE,-980.00,-1425.15
fast_pair,EICHERMOT,2025-01-06,LONG,2025-01-06T12:50:00,5264.70,5241.13,5300.05,56,23.57,2025-01-06T13:30:00,5241.13,STOP,-1319.72,-1760.97
fast_pair,EICHERMOT,2025-01-07,SHORT,2025-01-07T10:40:00,5251.35,5273.13,5218.69,57,21.78,2025-01-07T10:50:00,5218.69,TARGET,1861.79,1414.19
fast_pair,EICHERMOT,2025-01-08,LONG,2025-01-08T12:30:00,5165.00,5147.48,5191.28,58,17.52,2025-01-08T14:20:00,5176.35,TIME_STOP,658.30,208.45
fast_pair,EICHERMOT,2025-01-09,LONG,2025-01-09T14:00:00,5141.15,5126.28,5163.45,58,14.87,2025-01-09T15:20:00,5145.00,EOD,223.30,-224.15
fast_pair,EICHERMOT,2025-01-10,LONG,2025-01-10T11:40:00,5099.90,5075.86,5135.96,58,24.04,2025-01-10T11:40:00,5075.86,STOP,-1394.50,-1837.14
fast_pair,EICHERMOT,2025-01-14,LONG,2025-01-14T13:00:00,5005.35,4987.55,5032.05,59,17.80,2025-01-14T13:10:00,5032.05,TARGET,1575.25,1131.10
fast_pair,EICHERMOT,2025-01-15,SHORT,2025-01-15T13:40:00,5034.55,5052.26,5007.98,59,17.71,2025-01-15T14:00:00,5052.26,STOP,-1044.92,-1491.26
fast_pair,EICHERMOT,2025-01-16,SHORT,2025-01-16T11:10:00,5088.80,5105.91,5063.13,58,17.11,2025-01-16T12:30:00,5063.13,TARGET,1488.79,1047.18
fast_pair,EICHERMOT,2025-01-17,SHORT,2025-01-17T11:00:00,5031.35,5050.02,5003.34,59,18.67,2025-01-17T12:20:00,5050.02,STOP,-1101.75,-1547.86
fast_pair,EICHERMOT,2025-01-20,LONG,2025-01-20T11:20:00,4983.90,4967.16,5009.01,60,16.74,2025-01-20T11:40:00,5009.01,TARGET,1506.67,1056.99
fast_pair,EICHERMOT,2025-01-22,LONG,2025-01-22T13:20:00,5005.35,4987.48,5032.16,59,17.87,2025-01-22T13:40:00,4987.48,STOP,-1054.56,-1496.74
fast_pair,EICHERMOT,2025-01-24,SHORT,2025-01-24T10:30:00,5123.75,5145.04,5091.82,58,21.29,2025-01-24T10:50:00,5145.04,STOP,-1234.61,-1681.30
fast_pair,EICHERMOT,2025-01-27,LONG,2025-01-27T13:40:00,5148.90,5131.41,5175.14,58,17.49,2025-01-27T13:40:00,5131.41,STOP,-1014.66,-1461.85
fast_pair,EICHERMOT,2025-01-28,SHORT,2025-01-28T11:50:00,5161.80,5181.42,5132.37,58,19.62,2025-01-28T12:00:00,5171.65,REVERSE,-571.30,-1020.81
fast_pair,EICHERMOT,2025-01-30,SHORT,2025-01-30T13:10:00,5214.95,5235.37,5184.32,57,20.42,2025-01-30T13:50:00,5184.32,TARGET,1745.85,1301.28
fast_pair,EICHERMOT,2025-01-31,SHORT,2025-01-31T11:50:00,5190.10,5212.08,5157.12,57,21.98,2025-01-31T12:50:00,5204.10,REVERSE,-798.00,-1242.35
fast_pair,EICHERMOT,2025-02-01,LONG,2025-02-01T11:10:00,5189.25,5170.42,5217.49,57,18.83,2025-02-01T11:50:00,5170.42,STOP,-1073.23,-1516.11
fast_pair,EICHERMOT,2025-02-03,SHORT,2025-02-03T12:50:00,5453.50,5483.45,5408.57,55,29.95,2025-02-03T12:50:00,5483.45,STOP,-1647.46,-2098.61
fast_pair,EICHERMOT,2025-02-04,SHORT,2025-02-04T10:30:00,5484.35,5511.13,5444.18,54,26.78,2025-02-04T11:30:00,5500.60,REVERSE,-877.50,-1322.39
fast_pair,EICHERMOT,2025-02-05,LONG,2025-02-05T12:30:00,5416.70,5400.89,5440.41,55,15.81,2025-02-05T13:00:00,5440.41,TARGET,1303.97,856.11
fast_pair,EICHERMOT,2025-02-07,LONG,2025-02-07T12:00:00,5358.60,5337.40,5390.40,55,21.20,2025-02-07T12:50:00,5349.35,REVERSE,-508.75,-950.45
fast_pair,EICHERMOT,2025-02-10,SHORT,2025-02-10T12:10:00,5367.25,5392.02,5330.10,55,24.77,2025-02-10T14:00:00,5330.10,TARGET,2043.47,1602.20
fast_pair,EICHERMOT,2025-02-12,LONG,2025-02-12T12:00:00,4975.75,4949.21,5015.56,60,26.54,2025-02-12T12:20:00,4949.21,STOP,-1592.40,-2039.02
fast_pair,EICHERMOT,2025-02-13,LONG,2025-02-13T10:30:00,4876.65,4849.51,4917.36,61,27.14,2025-02-13T12:10:00,4862.55,REVERSE,-860.10,-1305.67
fast_pair,EICHERMOT,2025-02-17,LONG,2025-02-17T13:50:00,4733.80,4715.19,4761.72,63,18.61,2025-02-17T14:00:00,4715.19,STOP,-1172.54,-1619.00
fast_pair,EICHERMOT,2025-02-18,LONG,2025-02-18T11:40:00,4723.00,4706.44,4747.84,63,16.56,2025-02-18T11:40:00,4711.75,REVERSE,-708.75,-1154.54
fast_pair,EICHERMOT,2025-02-25,SHORT,2025-02-25T11:10:00,5018.80,5036.44,4992.34,59,17.64,2025-02-25T12:00:00,5036.44,STOP,-1040.75,-1485.70
fast_pair,EICHERMOT,2025-03-07,SHORT,2025-03-07T12:20:00,5106.85,5120.56,5086.28,58,13.71,2025-03-07T12:30:00,5120.56,STOP,-795.30,-1240.20
fast_pair,EICHERMOT,2025-03-11,LONG,2025-03-11T12:40:00,4985.85,4966.20,5015.33,60,19.65,2025-03-11T13:00:00,4974.00,REVERSE,-711.00,-1159.19
fast_pair,EICHERMOT,2025-03-12,LONG,2025-03-12T10:40:00,4997.60,4978.04,5026.93,60,19.56,2025-03-12T12:30:00,5000.00,TIME_STOP,144.00,-305.89
fast_pair,EICHERMOT,2025-03-13,LONG,2025-03-13T10:20:00,5025.35,5005.88,5054.56,59,19.47,2025-03-13T11:00:00,5005.88,STOP,-1148.90,-1592.78
fast_pair,EICHERMOT,2025-03-19,SHORT,2025-03-19T13:50:00,5092.60,5103.84,5075.74,58,11.24,2025-03-19T14:30:00,5103.84,STOP,-652.02,-1095.57
fast_pair,EICHERMOT,2025-03-25,LONG,2025-03-25T10:10:00,5444.80,5426.19,5472.72,55,18.61,2025-03-25T10:20:00,5472.72,TARGET,1535.63,1085.29
fast_pair,EICHERMOT,2025-03-27,LONG,2025-03-27T12:00:00,5398.35,5380.28,5425.45,55,18.07,2025-03-27T12:00:00,5380.28,STOP,-993.77,-1438.39
fast_pair,EICHERMOT,2025-03-28,LONG,2025-03-28T10:50:00,5370.50,5350.99,5399.77,55,19.51,2025-03-28T10:50:00,5399.77,TARGET,1609.75,1165.48
fast_pair,EICHERMOT,2025-04-01,SHORT,2025-04-01T11:10:00,5329.60,5361.67,5281.50,56,32.07,2025-04-01T11:30:00,5281.50,TARGET,2693.76,2248.09
fast_pair,EICHERMOT,2025-04-02,SHORT,2025-04-02T11:40:00,5339.25,5359.82,5308.40,56,20.57,2025-04-02T13:30:00,5326.50,TIME_STOP,714.00,266.04
fast_pair,EICHERMOT,2025-04-04,LONG,2025-04-04T11:40:00,5310.45,5289.58,5341.75,56,20.87,2025-04-04T12:10:00,5295.55,REVERSE,-834.40,-1279.85
fast_pair,EICHERMOT,2025-04-09,LONG,2025-04-09T11:20:00,5232.00,5210.46,5264.31,57,21.54,2025-04-09T11:20:00,5264.31,TARGET,1841.49,1392.77
fast_pair,EICHERMOT,2025-04-16,SHORT,2025-04-16T13:30:00,5590.00,5606.43,5565.35,53,16.43,2025-04-16T14:00:00,5606.43,STOP,-870.99,-1316.05
fast_pair,EICHERMOT,2025-04-21,LONG,2025-04-21T10:00:00,5694.50,5675.20,5723.45,52,19.30,2025-04-21T10:00:00,5723.45,TARGET,1505.22,1059.92
fast_pair,EICHERMOT,2025-04-22,SHORT,2025-04-22T11:40:00,5831.00,5851.35,5800.48,51,20.35,2025-04-22T11:40:00,5851.35,STOP,-1037.71,-1484.55
fast_pair,EICHERMOT,2025-04-24,SHORT,2025-04-24T10:30:00,5716.00,5738.14,5682.79,52,22.14,2025-04-24T10:40:00,5732.50,REVERSE,-858.00,-1304.49
fast_pair,EICHERMOT,2025-04-25,LONG,2025-04-25T13:10:00,5590.00,5568.11,5622.83,53,21.89,2025-04-25T14:40:00,5568.11,STOP,-1159.91,-1603.45
fast_pair,EICHERMOT,2025-04-28,SHORT,2025-04-28T11:20:00,5591.00,5611.76,5559.86,53,20.76,2025-04-28T11:30:00,5611.76,STOP,-1100.32,-1545.63
fast_pair,EICHERMOT,2025-04-29,SHORT,2025-04-29T10:10:00,5604.50,5625.77,5572.59,53,21.27,2025-04-29T10:20:00,5572.59,TARGET,1690.98,1246.69
fast_pair,EICHERMOT,2025-04-30,LONG,2025-04-30T10:30:00,5584.50,5561.50,5619.01,53,23.00,2025-04-30T11:10:00,5568.50,REVERSE,-848.00,-1291.33
fast_pair,EICHERMOT,2025-05-02,LONG,2025-05-02T13:40:00,5443.50,5421.67,5476.24,55,21.83,2025-05-02T15:20:00,5435.00,EOD,-467.50,-916.24
fast_pair,EICHERMOT,2025-05-06,SHORT,2025-05-06T12:10:00,5534.50,5560.65,5495.27,54,26.15,2025-05-06T14:00:00,5527.00,TIME_STOP,405.00,-42.99
fast_pair,EICHERMOT,2025-05-07,LONG,2025-05-07T10:50:00,5553.00,5527.27,5591.59,54,25.73,2025-05-07T11:20:00,5527.27,STOP,-1389.41,-1838.16
fast_pair,EICHERMOT,2025-05-09,LONG,2025-05-09T12:30:00,5297.50,5278.81,5325.54,56,18.69,2025-05-09T12:30:00,5288.50,REVERSE,-504.00,-948.61
fast_pair,EICHERMOT,2025-05-14,LONG,2025-05-14T12:30:00,5452.00,5434.25,5478.62,55,17.75,2025-05-14T12:40:00,5434.25,STOP,-976.07,-1425.12
fast_pair,EICHERMOT,2025-05-15,LONG,2025-05-15T10:50:00,5452.50,5422.21,5497.94,55,30.29,2025-05-15T10:50:00,5430.00,REVERSE,-1237.50,-1686.40
fast_pair,EICHERMOT,2025-05-16,SHORT,2025-05-16T12:00:00,5521.00,5544.99,5485.02,54,23.99,2025-05-16T13:50:00,5511.00,TIME_STOP,540.00,93.20
fast_pair,EICHERMOT,2025-05-19,SHORT,2025-05-19T12:30:00,5583.00,5598.72,5559.41,53,15.72,2025-05-19T14:10:00,5559.41,TARGET,1250.07,807.16
fast_pair,EICHERMOT,2025-05-22,LONG,2025-05-22T12:00:00,5366.00,5349.72,5390.42,55,16.28,2025-05-22T13:50:00,5379.00,TIME_STOP,715.00,271.77
fast_pair,EICHERMOT,2025-05-23,SHORT,2025-05-23T12:10:00,5404.50,5420.27,5380.84,55,15.77,2025-05-23T12:40:00,5420.27,STOP,-867.56,-1314.08
fast_pair,EICHERMOT,2025-05-26,SHORT,2025-05-26T11:40:00,5429.50,5443.28,5408.84,55,13.78,2025-05-26T11:50:00,5443.28,STOP,-757.69,-1206.19
fast_pair,EICHERMOT,2025-05-27,LONG,2025-05-27T11:20:00,5413.00,5399.55,5433.18,55,13.45,2025-05-27T11:30:00,5433.18,TARGET,1109.86,662.45
fast_pair,EICHERMOT,2025-05-28,LONG,2025-05-28T11:20:00,5389.00,5375.33,5409.51,55,13.67,2025-05-28T11:20:00,5375.33,STOP,-752.04,-1196.06
fast_pair,EICHERMOT,2025-05-30,SHORT,2025-05-30T12:10:00,5357.50,5371.27,5336.84,55,13.77,2025-05-30T12:40:00,5336.84,TARGET,1136.16,695.02
fast_pair,EICHERMOT,2025-06-02,SHORT,2025-06-02T13:10:00,5339.00,5351.28,5320.58,56,12.28,2025-06-02T13:20:00,5351.28,STOP,-687.84,-1136.83
fast_pair,EICHERMOT,2025-06-03,SHORT,2025-06-03T10:00:00,5336.50,5352.99,5311.76,56,16.49,2025-06-03T10:20:00,5352.99,STOP,-923.64,-1372.60
fast_pair,EICHERMOT,2025-06-04,SHORT,2025-06-04T11:00:00,5342.00,5356.65,5320.03,56,14.65,2025-06-04T11:50:00,5320.03,TARGET,1230.39,782.58
fast_pair,EICHERMOT,2025-06-05,LONG,2025-06-05T10:00:00,5335.00,5322.53,5353.71,56,12.47,2025-06-05T10:00:00,5322.53,STOP,-698.52,-1146.14
fast_pair,EICHERMOT,2025-06-10,SHORT,2025-06-10T12:40:00,5397.00,5407.03,5381.95,55,10.03,2025-06-10T14:30:00,5392.50,TIME_STOP,247.50,-197.57
fast_pair,EICHERMOT,2025-06-11,SHORT,2025-06-11T10:40:00,5390.00,5402.14,5371.79,55,12.14,2025-06-11T11:40:00,5371.79,TARGET,1001.42,557.50
fast_pair,EICHERMOT,2025-06-12,LONG,2025-06-12T11:30:00,5363.50,5351.45,5381.58,55,12.05,2025-06-12T11:40:00,5351.45,STOP,-662.80,-1104.79
fast_pair,EICHERMOT,2025-06-13,LONG,2025-06-13T12:10:00,5288.00,5271.07,5313.39,56,16.93,2025-06-13T14:00:00,5313.39,TARGET,1422.01,976.75
fast_pair,EICHERMOT,2025-06-17,LONG,2025-06-17T13:30:00,5330.00,5321.00,5343.50,56,9.00,2025-06-17T13:50:00,5343.50,TARGET,756.13,307.84
fast_pair,EICHERMOT,2025-06-18,SHORT,2025-06-18T13:00:00,5395.00,5411.67,5370.00,55,16.67,2025-06-18T14:40:00,5408.50,REVERSE,-742.50,-1188.14
fast_pair,EICHERMOT,2025-06-20,SHORT,2025-06-20T12:30:00,5507.50,5518.47,5491.05,54,10.97,2025-06-20T14:20:00,5505.00,TIME_STOP,135.00,-311.01
fast_pair,EICHERMOT,2025-06-23,LONG,2025-06-23T10:50:00,5511.50,5497.02,5533.21,54,14.48,2025-06-23T12:10:00,5533.21,TARGET,1172.48,725.17
fast_pair,EICHERMOT,2025-06-24,SHORT,2025-06-24T14:10:00,5613.50,5625.63,5595.30,53,12.13,2025-06-24T14:20:00,5625.63,STOP,-642.93,-1089.68
fast_pair,EICHERMOT,2025-06-25,LONG,2025-06-25T13:20:00,5603.00,5590.20,5622.20,53,12.80,2025-06-25T13:20:00,5590.20,STOP,-678.56,-1123.49
fast_pair,EICHERMOT,2025-06-26,LONG,2025-06-26T12:50:00,5551.00,5535.38,5574.43,54,15.62,2025-06-26T13:10:00,5574.43,TARGET,1265.21,814.63
fast_pair,EICHERMOT,2025-07-01,LONG,2025-07-01T10:20:00,5660.50,5644.21,5684.94,52,16.29,2025-07-01T11:00:00,5646.50,REVERSE,-728.00,-1168.97
fast_pair,EICHERMOT,2025-07-02,SHORT,2025-07-02T13:40:00,5724.00,5734.44,5708.34,52,10.44,2025-07-02T15:20:00,5720.00,EOD,208.00,-238.32
fast_pair,EICHERMOT,2025-07-03,SHORT,2025-07-03T12:10:00,5739.50,5751.53,5721.46,52,12.03,2025-07-03T13:20:00,5721.46,TARGET,938.02,491.04
fast_pair,EICHERMOT,2025-07-07,SHORT,2025-07-07T13:10:00,5671.00,5681.97,5654.55,52,10.97,2025-07-07T13:10:00,5681.97,STOP,-570.22,-1012.98
fast_pair,EICHERMOT,2025-07-09,SHORT,2025-07-09T12:00:00,5695.00,5706.94,5677.09,52,11.94,2025-07-09T12:20:00,5706.94,STOP,-620.73,-1065.40
fast_pair,EICHERMOT,2025-07-10,LONG,2025-07-10T10:50:00,5686.00,5673.71,5704.44,52,12.29,2025-07-10T10:50:00,5673.71,STOP,-639.20,-1082.23
fast_pair,EICHERMOT,2025-07-11,SHORT,2025-07-11T10:30:00,5651.00,5665.65,5629.03,53,14.65,2025-07-11T11:00:00,5629.03,TARGET,1164.34,715.96
fast_pair,EICHERMOT,2025-07-15,SHORT,2025-07-15T13:00:00,5597.50,5611.74,5576.14,53,14.24,2025-07-15T14:50:00,5585.00,TIME_STOP,662.50,218.00
fast_pair,EICHERMOT,2025-07-17,SHORT,2025-07-17T12:20:00,5630.00,5643.35,5609.98,53,13.35,2025-07-17T12:40:00,5643.35,STOP,-707.49,-1155.61
fast_pair,EICHERMOT,2025-07-18,SHORT,2025-07-18T10:10:00,5642.50,5653.31,5626.28,53,10.81,2025-07-18T10:30:00,5626.28,TARGET,859.58,411.65
fast_pair,EICHERMOT,2025-07-23,LONG,2025-07-23T12:30:00,5444.00,5433.92,5459.12,55,10.08,2025-07-23T14:20:00,5444.00,TIME_STOP,0.00,-449.13
fast_pair,EICHERMOT,2025-07-25,LONG,2025-07-25T12:00:00,5412.50,5400.53,5430.45,55,11.97,2025-07-25T12:10:00,5400.53,STOP,-658.30,-1104.34
fast_pair,EICHERMOT,2025-07-28,SHORT,2025-07-28T10:50:00,5413.00,5429.23,5388.66,55,16.23,2025-07-28T11:00:00,5388.66,TARGET,1338.64,893.08
fast_pair,EICHERMOT,2025-07-29,SHORT,2025-07-29T12:10:00,5394.00,5406.73,5374.90,55,12.73,2025-07-29T12:10:00,5401.50,REVERSE,-412.50,-857.81
fast_pair,EICHERMOT,2025-07-30,SHORT,2025-07-30T13:00:00,5523.50,5538.22,5501.42,54,14.72,2025-07-30T13:10:00,5501.42,TARGET,1192.14,745.63
fast_pair,EICHERMOT,2025-07-31,LONG,2025-07-31T11:20:00,5458.00,5437.97,5488.04,54,20.03,2025-07-31T11:50:00,5488.04,TARGET,1622.21,1178.90
fast_pair,EICHERMOT,2025-08-04,SHORT,2025-08-04T14:00:00,5626.00,5642.30,5601.56,53,16.30,2025-08-04T15:20:00,5617.00,EOD,477.00,30.09
fast_pair,EICHERMOT,2025-08-05,LONG,2025-08-05T11:10:00,5650.00,5633.41,5674.89,53,16.59,2025-08-05T11:30:00,5633.41,STOP,-879.28,-1327.80
fast_pair,EICHERMOT,2025-08-06,SHORT,2025-08-06T13:00:00,5673.00,5683.76,5656.86,52,10.76,2025-08-06T13:40:00,5683.76,STOP,-559.39,-1002.30
fast_pair,EICHERMOT,2025-08-07,LONG,2025-08-07T14:10:00,5624.50,5610.41,5645.64,53,14.09,2025-08-07T14:30:00,5645.64,TARGET,1120.34,672.35
fast_pair,EICHERMOT,2025-08-08,SHORT,2025-08-08T13:20:00,5679.00,5692.70,5658.44,52,13.70,2025-08-08T13:50:00,5658.44,TARGET,1068.92,626.76
fast_pair,EICHERMOT,2025-08-11,SHORT,2025-08-11T11:20:00,5671.00,5683.65,5652.02,52,12.65,2025-08-11T12:30:00,5683.65,STOP,-657.80,-1100.63
fast_pair,EICHERMOT,2025-08-12,LONG,2025-08-12T10:30:00,5679.50,5665.17,5701.00,52,14.33,2025-08-12T10:30:00,5665.17,STOP,-745.37,-1187.81
fast_pair,EICHERMOT,2025-08-13,SHORT,2025-08-13T12:30:00,5711.00,5726.26,5688.11,52,15.26,2025-08-13T14:00:00,5720.00,REVERSE,-468.00,-913.81
fast_pair,EICHERMOT,2025-08-18,SHORT,2025-08-18T12:20:00,5924.00,5946.25,5890.62,50,22.25,2025-08-18T12:40:00,5946.25,STOP,-1112.58,-1557.72
fast_pair,EICHERMOT,2025-08-19,SHORT,2025-08-19T13:30:00,5961.00,5974.36,5940.96,50,13.36,2025-08-19T15:10:00,5940.96,TARGET,1001.78,555.46
fast_pair,EICHERMOT,2025-08-20,LONG,2025-08-20T11:40:00,5934.50,5922.27,5952.84,50,12.23,2025-08-20T11:50:00,5922.27,STOP,-611.33,-1055.96
fast_pair,EICHERMOT,2025-08-21,LONG,2025-08-21T11:00:00,5927.00,5914.48,5945.78,50,12.52,2025-08-21T11:00:00,5914.50,REVERSE,-625.00,-1069.06
fast_pair,EICHERMOT,2025-08-22,LONG,2025-08-22T10:40:00,5954.50,5940.24,5975.90,50,14.26,2025-08-22T10:50:00,5946.50,REVERSE,-400.00,-846.29
fast_pair,EICHERMOT,2025-08-28,SHORT,2025-08-28T10:30:00,6153.50,6178.58,6115.87,48,25.08,2025-08-28T11:00:00,6178.58,STOP,-1204.04,-1647.99
fast_pair,EICHERMOT,2025-08-29,LONG,2025-08-29T11:40:00,6140.50,6121.26,6169.36,48,19.24,2025-08-29T12:10:00,6121.26,STOP,-923.59,-1365.02
fast_pair,EICHERMOT,2025-09-04,SHORT,2025-09-04T12:00:00,6465.00,6496.10,6418.35,46,31.10,2025-09-04T13:50:00,6438.00,TIME_STOP,1242.00,796.85
fast_pair,EICHERMOT,2025-09-09,SHORT,2025-09-09T12:40:00,6856.50,6879.75,6821.63,43,23.25,2025-09-09T12:50:00,6879.75,STOP,-999.67,-1442.66
fast_pair,EICHERMOT,2025-09-11,LONG,2025-09-11T13:50:00,6790.00,6774.13,6813.81,44,15.87,2025-09-11T14:00:00,6774.13,STOP,-698.47,-1146.09
fast_pair,EICHERMOT,2025-09-12,SHORT,2025-09-12T13:10:00,6862.00,6877.43,6838.86,43,15.43,2025-09-12T15:00:00,6873.50,REVERSE,-494.50,-937.47
fast_pair,EICHERMOT,2025-09-17,SHORT,2025-09-17T10:00:00,6900.00,6918.88,6871.67,43,18.88,2025-09-17T10:00:00,6915.00,REVERSE,-645.00,-1090.53
fast_pair,EICHERMOT,2025-09-22,LONG,2025-09-22T10:30:00,6983.00,6963.37,7012.45,42,19.63,2025-09-22T12:20:00,6963.37,STOP,-824.47,-1263.78
fast_pair,EICHERMOT,2025-09-23,SHORT,2025-09-23T13:10:00,7022.00,7039.92,6995.11,42,17.92,2025-09-23T13:40:00,6995.11,TARGET,1129.25,687.71
fast_pair,EICHERMOT,2025-09-24,LONG,2025-09-24T10:00:00,7036.50,7015.96,7067.31,42,20.54,2025-09-24T10:50:00,7015.96,STOP,-862.66,-1305.31
fast_pair,EICHERMOT,2025-09-25,LONG,2025-09-25T11:20:00,7024.00,7005.36,7051.96,42,18.64,2025-09-25T12:40:00,7005.36,STOP,-782.77,-1224.70
fast_pair,EICHERMOT,2025-09-29,SHORT,2025-09-29T11:30:00,7009.00,7024.74,6985.38,42,15.74,2025-09-29T11:40:00,6985.38,TARGET,991.84,551.02
fast_pair,EICHERMOT,2025-09-30,LONG,2025-09-30T12:00:00,6996.00,6978.75,7021.87,42,17.25,2025-09-30T13:10:00,7021.87,TARGET,1086.66,645.09
fast_pair,EICHERMOT,2025-10-01,SHORT,2025-10-01T10:10:00,6982.00,7001.10,6953.35,42,19.10,2025-10-01T10:20:00,7001.10,STOP,-802.12,-1242.59
fast_pair,EICHERMOT,2025-10-03,LONG,2025-10-03T11:50:00,6931.00,6903.51,6972.24,43,27.49,2025-10-03T12:40:00,6972.24,TARGET,1773.14,1324.76
fast_pair,EICHERMOT,2025-10-06,LONG,2025-10-06T11:00:00,6945.00,6924.48,6975.78,43,20.52,2025-10-06T11:20:00,6924.48,STOP,-882.45,-1329.74
fast_pair,EICHERMOT,2025-10-08,SHORT,2025-10-08T11:00:00,6962.00,6980.29,6934.57,43,18.29,2025-10-08T11:30:00,6980.29,STOP,-786.27,-1235.91
fast_pair,EICHERMOT,2025-10-09,LONG,2025-10-09T11:10:00,6928.00,6905.13,6962.30,43,22.87,2025-10-09T12:10:00,6905.13,STOP,-983.31,-1429.43
fast_pair,EICHERMOT,2025-10-10,SHORT,2025-10-10T11:40:00,6910.00,6927.49,6883.76,43,17.49,2025-10-10T11:40:00,6927.49,STOP,-752.26,-1198.52
fast_pair,EICHERMOT,2025-10-13,SHORT,2025-10-13T11:00:00,6973.00,6992.10,6944.34,43,19.10,2025-10-13T11:20:00,6944.34,TARGET,1232.23,783.40
fast_pair,EICHERMOT,2025-10-14,LONG,2025-10-14T13:10:00,6868.00,6852.46,6891.31,43,15.54,2025-10-14T13:50:00,6852.46,STOP,-668.16,-1110.64
fast_pair,EICHERMOT,2025-10-15,SHORT,2025-10-15T12:30:00,6894.00,6909.52,6870.72,43,15.52,2025-10-15T13:00:00,6909.52,STOP,-667.48,-1112.65
fast_pair,EICHERMOT,2025-10-16,SHORT,2025-10-16T13:40:00,6972.00,6986.05,6950.93,43,14.05,2025-10-16T14:40:00,6986.05,STOP,-603.94,-1054.09
fast_pair,EICHERMOT,2025-10-17,SHORT,2025-10-17T13:50:00,7053.00,7068.78,7029.33,42,15.78,2025-10-17T14:20:00,7068.78,STOP,-662.68,-1107.52
fast_pair,EICHERMOT,2025-10-29,SHORT,2025-10-29T13:50:00,6971.00,6985.03,6949.96,43,14.03,2025-10-29T13:50:00,6979.50,REVERSE,-365.50,-815.40
fast_pair,EICHERMOT,2025-10-30,LONG,2025-10-30T13:00:00,6915.00,6896.02,6943.47,43,18.98,2025-10-30T13:00:00,6898.00,REVERSE,-731.00,-1176.47
fast_pair,EICHERMOT,2025-10-31,SHORT,2025-10-31T13:10:00,7024.50,7044.32,6994.77,42,19.82,2025-10-31T15:00:00,7011.00,TIME_STOP,567.00,124.88
fast_pair,EICHERMOT,2025-11-03,SHORT,2025-11-03T11:40:00,7021.00,7039.68,6992.98,42,18.68,2025-11-03T13:30:00,7018.00,TIME_STOP,126.00,-316.23
fast_pair,EICHERMOT,2025-11-04,LONG,2025-11-04T12:50:00,6971.50,6952.37,7000.20,43,19.13,2025-11-04T13:50:00,6959.50,REVERSE,-516.00,-965.27
fast_pair,EICHERMOT,2025-11-07,LONG,2025-11-07T12:00:00,6766.50,6748.00,6794.25,44,18.50,2025-11-07T12:10:00,6794.25,TARGET,1220.99,773.49
fast_pair,EICHERMOT,2025-11-10,LONG,2025-11-10T11:00:00,6849.50,6830.81,6877.54,43,18.69,2025-11-10T12:50:00,6845.50,TIME_STOP,-172.00,-613.66
fast_pair,EICHERMOT,2025-11-11,LONG,2025-11-11T12:20:00,6794.00,6776.32,6820.53,44,17.68,2025-11-11T12:30:00,6820.53,TARGET,1167.11,717.83
fast_pair,EICHERMOT,2025-11-12,SHORT,2025-11-12T10:20:00,6863.00,6882.39,6833.91,43,19.39,2025-11-12T10:20:00,6871.00,REVERSE,-344.00,-786.92
fast_pair,EICHERMOT,2025-11-18,SHORT,2025-11-18T10:00:00,6768.50,6784.94,6743.84,44,16.44,2025-11-18T11:00:00,6784.94,STOP,-723.24,-1170.50
fast_pair,EICHERMOT,2025-11-19,LONG,2025-11-19T10:10:00,6825.00,6806.71,6852.44,43,18.29,2025-11-19T11:00:00,6814.00,REVERSE,-473.00,-912.86
fast_pair,EICHERMOT,2025-11-25,LONG,2025-11-25T12:10:00,7230.00,7211.95,7257.07,41,18.05,2025-11-25T12:20:00,7211.95,STOP,-739.90,-1183.99
fast_pair,EICHERMOT,2025-11-26,LONG,2025-11-26T10:00:00,7219.50,7199.93,7248.85,41,19.57,2025-11-26T10:00:00,7248.85,TARGET,1203.47,758.57
fast_pair,EICHERMOT,2025-11-28,LONG,2025-11-28T10:10:00,7024.00,7002.52,7056.23,42,21.48,2025-11-28T11:50:00,7056.23,TARGET,1353.53,910.00
fast_pair,EICHERMOT,2025-12-01,SHORT,2025-12-01T11:30:00,7091.50,7108.18,7066.48,42,16.68,2025-12-01T11:30:00,7108.18,STOP,-700.52,-1147.81
fast_pair,EICHERMOT,2025-12-02,SHORT,2025-12-02T10:20:00,7121.00,7154.62,7070.57,42,33.62,2025-12-02T12:10:00,7094.00,TIME_STOP,1134.00,686.23
fast_pair,EICHERMOT,2025-12-03,LONG,2025-12-03T13:10:00,7065.50,7052.37,7085.20,42,13.13,2025-12-03T15:00:00,7074.50,TIME_STOP,378.00,-67.41
fast_pair,EICHERMOT,2025-12-04,SHORT,2025-12-04T11:30:00,7108.50,7125.42,7083.11,42,16.92,2025-12-04T11:50:00,7083.11,TARGET,1066.27,619.23
fast_pair,EICHERMOT,2025-12-05,SHORT,2025-12-05T13:00:00,7142.00,7154.45,7123.32,42,12.45,2025-12-05T13:10:00,7149.50,REVERSE,-315.00,-765.18
fast_pair,EICHERMOT,2025-12-08,SHORT,2025-12-08T10:00:00,7170.00,7185.91,7146.14,41,15.91,2025-12-08T10:20:00,7185.91,STOP,-652.14,-1093.58
fast_pair,EICHERMOT,2025-12-09,LONG,2025-12-09T11:20:00,7134.50,7111.83,7168.50,42,22.67,2025-12-09T12:20:00,7168.50,TARGET,1428.01,977.46
fast_pair,EICHERMOT,2025-12-11,SHORT,2025-12-11T12:00:00,7256.50,7277.74,7224.64,41,21.24,2025-12-11T12:30:00,7277.74,STOP,-870.87,-1317.80
fast_pair,EICHERMOT,2025-12-12,LONG,2025-12-12T10:20:00,7258.00,7238.04,7287.94,41,19.96,2025-12-12T10:20:00,7251.00,REVERSE,-287.00,-733.15
fast_pair,EICHERMOT,2025-12-16,LONG,2025-12-16T13:50:00,7086.50,7072.31,7107.78,42,14.19,2025-12-16T14:20:00,7072.31,STOP,-595.86,-1041.86
fast_pair,EICHERMOT,2025-12-17,SHORT,2025-12-17T13:50:00,7150.50,7162.84,7131.99,41,12.34,2025-12-17T13:50:00,7154.00,REVERSE,-143.50,-583.36
fast_pair,EICHERMOT,2025-12-18,LONG,2025-12-18T12:10:00,7077.00,7058.54,7104.69,42,18.46,2025-12-18T12:40:00,7104.69,TARGET,1163.16,716.44
fast_pair,EICHERMOT,2025-12-22,SHORT,2025-12-22T13:20:00,7246.00,7255.92,7231.11,41,9.92,2025-12-22T13:20:00,7255.92,STOP,-406.87,-852.81
fast_pair,EICHERMOT,2025-12-24,LONG,2025-12-24T10:40:00,7280.00,7265.06,7302.41,41,14.94,2025-12-24T11:00:00,7302.41,TARGET,918.96,470.55
fast_pair,EICHERMOT,2025-12-26,SHORT,2025-12-26T10:30:00,7314.00,7331.14,7288.29,41,17.14,2025-12-26T10:40:00,7331.14,STOP,-702.85,-1153.19
fast_pair,EICHERMOT,2025-12-29,SHORT,2025-12-29T10:20:00,7314.50,7334.70,7284.20,41,20.20,2025-12-29T11:00:00,7284.20,TARGET,1242.47,793.56
fast_pair,EICHERMOT,2025-12-30,LONG,2025-12-30T10:10:00,7272.50,7247.57,7309.89,41,24.93,2025-12-30T11:00:00,7247.57,STOP,-1022.05,-1468.54
fast_pair,EICHERMOT,2026-01-02,LONG,2026-01-02T10:00:00,7361.50,7337.69,7397.22,40,23.81,2026-01-02T10:30:00,7337.69,STOP,-952.47,-1393.45
fast_pair,EICHERMOT,2026-01-06,SHORT,2026-01-06T13:40:00,7534.50,7547.75,7514.63,39,13.25,2026-01-06T14:20:00,7514.63,TARGET,775.06,334.88
fast_pair,EICHERMOT,2026-01-07,LONG,2026-01-07T10:30:00,7538.00,7519.09,7566.37,39,18.91,2026-01-07T12:20:00,7549.00,TIME_STOP,429.00,-12.29
fast_pair,EICHERMOT,2026-01-09,SHORT,2026-01-09T10:30:00,7563.00,7580.92,7536.12,39,17.92,2026-01-09T10:50:00,7580.92,STOP,-698.83,-1141.79
fast_pair,EICHERMOT,2026-01-12,LONG,2026-01-12T12:40:00,7397.50,7373.92,7432.87,40,23.58,2026-01-12T14:30:00,7382.50,TIME_STOP,-600.00,-1043.40
fast_pair,EICHERMOT,2026-01-13,SHORT,2026-01-13T11:00:00,7411.00,7436.25,7373.12,40,25.25,2026-01-13T11:30:00,7436.25,STOP,-1010.14,-1455.55
fast_pair,EICHERMOT,2026-01-14,LONG,2026-01-14T12:30:00,7318.00,7294.81,7352.79,40,23.19,2026-01-14T13:20:00,7306.00,REVERSE,-480.00,-918.72
fast_pair,EICHERMOT,2026-01-19,LONG,2026-01-19T11:10:00,7319.00,7297.64,7351.04,40,21.36,2026-01-19T11:30:00,7297.64,STOP,-854.37,-1292.87
fast_pair,EICHERMOT,2026-01-21,LONG,2026-01-21T13:00:00,7124.50,7092.35,7172.72,42,32.15,2026-01-21T14:50:00,7131.00,TIME_STOP,273.00,-176.05
fast_pair,EICHERMOT,2026-01-22,SHORT,2026-01-22T11:10:00,7155.50,7189.87,7103.95,41,34.37,2026-01-22T12:00:00,7103.95,TARGET,2113.47,1674.99
fast_pair,EICHERMOT,2026-01-23,LONG,2026-01-23T10:40:00,7082.00,7052.22,7126.66,42,29.78,2026-01-23T11:00:00,7052.22,STOP,-1250.62,-1695.84
fast_pair,EICHERMOT,2026-01-27,LONG,2026-01-27T10:00:00,7040.00,7007.31,7089.03,42,32.69,2026-01-27T10:10:00,7007.31,STOP,-1372.93,-1815.42
fast_pair,EICHERMOT,2026-01-28,LONG,2026-01-28T13:20:00,6998.00,6964.61,7048.09,42,33.39,2026-01-28T13:20:00,7048.09,TARGET,2103.78,1661.33
fast_pair,EICHERMOT,2026-01-29,SHORT,2026-01-29T11:00:00,7035.00,7067.30,6986.55,42,32.30,2026-01-29T11:10:00,6986.55,TARGET,2034.80,1593.12
fast_pair,EICHERMOT,2026-01-30,LONG,2026-01-30T11:10:00,7045.00,7022.38,7078.94,42,22.62,2026-01-30T11:10:00,7035.00,REVERSE,-420.00,-863.52
fast_pair,EICHERMOT,2026-02-02,LONG,2026-02-02T13:10:00,6920.00,6888.64,6967.04,43,31.36,2026-02-02T15:00:00,6967.04,TARGET,2022.65,1574.80
fast_pair,EICHERMOT,2026-02-04,SHORT,2026-02-04T13:20:00,7277.50,7296.37,7249.19,41,18.87,2026-02-04T14:30:00,7296.37,STOP,-773.84,-1221.98
fast_pair,EICHERMOT,2026-02-06,LONG,2026-02-06T11:40:00,7179.00,7159.33,7208.50,41,19.67,2026-02-06T12:20:00,7159.33,STOP,-806.33,-1247.24
fast_pair,EICHERMOT,2026-02-10,SHORT,2026-02-10T13:40:00,7284.00,7301.28,7258.08,41,17.28,2026-02-10T15:10:00,7293.50,REVERSE,-389.50,-837.76
fast_pair,EICHERMOT,2026-02-18,LONG,2026-02-18T12:40:00,7984.50,7969.59,8006.87,37,14.91,2026-02-18T14:30:00,7995.50,TIME_STOP,407.00,-36.44
fast_pair,EICHERMOT,2026-02-19,SHORT,2026-02-19T10:50:00,8023.00,8050.00,7982.49,37,27.00,2026-02-19T11:20:00,7982.49,TARGET,1498.73,1054.58
fast_pair,EICHERMOT,2026-02-20,LONG,2026-02-20T10:00:00,7950.00,7923.43,7989.85,37,26.57,2026-02-20T10:10:00,7923.43,STOP,-982.92,-1423.41
fast_pair,EICHERMOT,2026-02-23,SHORT,2026-02-23T12:40:00,8015.50,8035.87,7984.95,37,20.37,2026-02-23T13:50:00,8022.00,REVERSE,-240.50,-685.54
fast_pair,EICHERMOT,2026-02-24,LONG,2026-02-24T10:00:00,8019.50,7992.46,8060.06,37,27.04,2026-02-24T10:00:00,8004.50,REVERSE,-555.00,-999.67
fast_pair,EICHERMOT,2026-02-27,LONG,2026-02-27T12:10:00,8101.00,8076.93,8137.10,37,24.07,2026-02-27T12:10:00,8076.93,STOP,-890.58,-1339.51
fast_pair,EICHERMOT,2026-03-04,LONG,2026-03-04T13:50:00,7624.00,7601.21,7658.18,39,22.79,2026-03-04T14:20:00,7658.18,TARGET,1333.03,886.03
fast_pair,EICHERMOT,2026-03-06,SHORT,2026-03-06T10:50:00,7632.00,7658.22,7592.67,39,26.22,2026-03-06T12:00:00,7639.00,REVERSE,-273.00,-719.68
fast_pair,EICHERMOT,2026-03-10,SHORT,2026-03-10T12:40:00,7413.00,7442.60,7368.60,40,29.60,2026-03-10T12:50:00,7442.60,STOP,-1184.01,-1629.68
fast_pair,EICHERMOT,2026-03-11,SHORT,2026-03-11T10:20:00,7468.00,7499.97,7420.04,40,31.97,2026-03-11T10:50:00,7420.04,TARGET,1918.34,1471.70
fast_pair,EICHERMOT,2026-03-12,LONG,2026-03-12T13:50:00,7037.00,7001.11,7090.83,42,35.89,2026-03-12T14:10:00,7001.11,STOP,-1507.27,-1949.47
fast_pair,TITAN,2024-03-19,LONG,2024-03-19T10:00:00,3591.50,3581.01,3607.23,83,10.49,2024-03-19T10:00:00,3581.01,STOP,-870.63,-1317.12
fast_pair,TITAN,2024-03-20,LONG,2024-03-20T12:00:00,3575.20,3563.91,3592.13,83,11.29,2024-03-20T13:50:00,3578.00,TIME_STOP,232.40,-212.89
fast_pair,TITAN,2024-03-21,SHORT,2024-03-21T12:20:00,3595.95,3605.00,3582.37,83,9.05,2024-03-21T12:30:00,3605.00,STOP,-751.30,-1199.56
fast_pair,TITAN,2024-03-26,LONG,2024-03-26T10:20:00,3698.65,3684.74,3719.52,81,13.91,2024-03-26T11:00:00,3719.52,TARGET,1690.22,1239.56
fast_pair,TITAN,2024-03-27,SHORT,2024-03-27T11:20:00,3708.20,3718.91,3692.14,80,10.71,2024-03-27T11:20:00,3718.91,STOP,-856.41,-1302.04
fast_pair,TITAN,2024-04-01,SHORT,2024-04-01T10:00:00,3791.70,3810.21,3763.93,79,18.51,2024-04-01T10:10:00,3763.93,TARGET,2193.69,1746.02
fast_pair,TITAN,2024-04-02,SHORT,2024-04-02T11:10:00,3752.30,3763.32,3735.77,79,11.02,2024-04-02T11:10:00,3762.00,REVERSE,-766.30,-1211.52
fast_pair,TITAN,2024-04-03,LONG,2024-04-03T10:50:00,3750.60,3739.88,3766.68,79,10.72,2024-04-03T10:50:00,3739.88,STOP,-846.84,-1290.65
fast_pair,TITAN,2024-04-04,LONG,2024-04-04T12:00:00,3711.15,3697.69,3731.35,80,13.46,2024-04-04T12:40:00,3731.35,TARGET,1615.70,1169.15
fast_pair,TITAN,2024-04-05,SHORT,2024-04-05T11:00:00,3773.30,3787.59,3751.87,79,14.29,2024-04-05T11:50:00,3751.87,TARGET,1693.21,1247.34
fast_pair,TITAN,2024-04-15,LONG,2024-04-15T10:30:00,3632.10,3619.91,3650.39,82,12.19,2024-04-15T10:50:00,3619.91,STOP,-999.61,-1445.61
fast_pair,TITAN,2024-04-18,SHORT,2024-04-18T13:00:00,3617.05,3629.09,3598.99,82,12.04,2024-04-18T13:10:00,3629.09,STOP,-987.02,-1432.65
fast_pair,TITAN,2024-04-19,LONG,2024-04-19T11:40:00,3529.55,3511.89,3556.05,84,17.66,2024-04-19T13:00:00,3556.05,TARGET,2225.79,1779.39
fast_pair,TITAN,2024-04-23,SHORT,2024-04-23T14:10:00,3628.00,3635.48,3616.77,82,7.48,2024-04-23T14:20:00,3635.48,STOP,-613.72,-1060.42
fast_pair,TITAN,2024-04-25,LONG,2024-04-25T14:10:00,3569.00,3557.99,3585.51,84,11.01,2024-04-25T14:20:00,3585.51,TARGET,1386.86,936.12
fast_pair,TITAN,2024-04-26,SHORT,2024-04-26T10:40:00,3571.95,3584.50,3553.12,83,12.55,2024-04-26T11:40:00,3580.95,REVERSE,-747.00,-1192.27
fast_pair,TITAN,2024-04-29,SHORT,2024-04-29T10:20:00,3582.90,3594.43,3565.60,83,11.53,2024-04-29T10:30:00,3594.43,STOP,-957.25,-1404.03
fast_pair,TITAN,2024-04-30,LONG,2024-04-30T10:20:00,3603.95,3593.64,3619.42,83,10.31,2024-04-30T11:30:00,3619.42,TARGET,1283.78,834.13
fast_pair,TITAN,2024-05-07,SHORT,2024-05-07T10:10:00,3268.00,3283.10,3245.34,91,15.10,2024-05-07T10:30:00,3245.34,TARGET,2061.79,1617.26
fast_pair,TITAN,2024-05-08,SHORT,2024-05-08T10:40:00,3244.05,3257.68,3223.61,92,13.63,2024-05-08T11:20:00,3257.68,STOP,-1253.57,-1702.19
fast_pair,TITAN,2024-05-09,SHORT,2024-05-09T11:00:00,3268.60,3282.09,3248.37,91,13.49,2024-05-09T11:00:00,3275.00,REVERSE,-582.40,-1029.00
fast_pair,TITAN,2024-05-13,LONG,2024-05-13T11:40:00,3252.65,3238.64,3273.67,92,14.01,2024-05-13T13:30:00,3248.00,REVERSE,-427.80,-876.34
fast_pair,TITAN,2024-05-15,SHORT,2024-05-15T10:10:00,3278.45,3288.20,3263.82,91,9.75,2024-05-15T11:30:00,3263.82,TARGET,1331.07,884.56
fast_pair,TITAN,2024-05-16,LONG,2024-05-16T12:20:00,3284.80,3274.27,3300.60,91,10.53,2024-05-16T12:30:00,3274.27,STOP,-958.30,-1405.96
fast_pair,TITAN,2024-05-24,LONG,2024-05-24T13:10:00,3438.60,3431.47,3449.29,87,7.13,2024-05-24T13:10:00,3431.47,STOP,-619.94,-1068.21
fast_pair,TITAN,2024-05-27,LONG,2024-05-27T11:30:00,3415.20,3404.12,3431.81,87,11.08,2024-05-27T11:50:00,3431.81,TARGET,1445.39,998.63
fast_pair,TITAN,2024-05-28,LONG,2024-05-28T10:50:00,3418.45,3408.66,3433.14,87,9.79,2024-05-28T11:50:00,3408.66,STOP,-851.74,-1297.21
fast_pair,TITAN,2024-05-29,LONG,2024-05-29T11:50:00,3403.95,3397.77,3413.21,88,6.18,2024-05-29T12:00:00,3401.95,REVERSE,-176.00,-625.19
fast_pair,TITAN,2024-05-31,SHORT,2024-05-31T12:50:00,3294.00,3304.72,3277.93,91,10.72,2024-05-31T13:00:00,3277.93,TARGET,1462.67,1014.13
fast_pair,TITAN,2024-06-04,LONG,2024-06-04T10:10:00,3274.05,3252.59,3306.24,91,21.46,2024-06-04T11:00:00,3252.59,STOP,-1952.97,-2398.41
fast_pair,TITAN,2024-06-05,SHORT,2024-06-05T13:20:00,3302.50,3321.91,3273.39,90,19.41,2024-06-05T14:00:00,3321.91,STOP,-1746.69,-2193.83
fast_pair,TITAN,2024-06-06,SHORT,2024-06-06T12:10:00,3311.05,3327.35,3286.61,90,16.30,2024-06-06T12:30:00,3327.35,STOP,-1466.57,-1914.66
fast_pair,TITAN,2024-06-10,LONG,2024-06-10T13:10:00,3412.00,3402.88,3425.67,87,9.12,2024-06-10T13:10:00,3410.30,REVERSE,-147.90,-593.06
fast_pair,TITAN,2024-06-12,LONG,2024-06-12T12:30:00,3391.80,3384.62,3402.57,88,7.18,2024-06-12T13:20:00,3387.70,REVERSE,-360.80,-808.25
fast_pair,TITAN,2024-06-14,SHORT,2024-06-14T12:00:00,3482.20,3491.05,3468.92,86,8.85,2024-06-14T12:30:00,3487.05,REVERSE,-417.10,-866.62
fast_pair,TITAN,2024-06-18,SHORT,2024-06-18T12:50:00,3591.95,3602.62,3575.94,83,10.67,2024-06-18T13:10:00,3602.62,STOP,-885.80,-1333.67
fast_pair,TITAN,2024-06-20,LONG,2024-06-20T13:30:00,3451.60,3441.88,3466.18,86,9.72,2024-06-20T13:50:00,3441.88,STOP,-836.03,-1280.66
fast_pair,TITAN,2024-06-21,SHORT,2024-06-21T10:10:00,3431.60,3445.68,3410.47,87,14.08,2024-06-21T10:50:00,3410.47,TARGET,1837.93,1391.49
fast_pair,TITAN,2024-06-24,LONG,2024-06-24T11:00:00,3401.95,3390.62,3418.95,88,11.33,2024-06-24T12:10:00,3418.95,TARGET,1495.78,1045.60
fast_pair,TITAN,2024-06-25,LONG,2024-06-25T13:00:00,3398.70,3391.64,3409.30,88,7.06,2024-06-25T13:00:00,3394.05,REVERSE,-409.20,-857.52
fast_pair,TITAN,2024-06-28,SHORT,2024-06-28T12:30:00,3396.00,3404.07,3383.89,88,8.07,2024-06-28T13:00:00,3404.07,STOP,-710.27,-1159.07
fast_pair,TITAN,2024-07-01,SHORT,2024-07-01T11:40:00,3402.55,3411.29,3389.44,88,8.74,2024-07-01T12:10:00,3411.29,STOP,-769.25,-1218.96
fast_pair,TITAN,2024-07-02,SHORT,2024-07-02T10:00:00,3410.00,3419.21,3396.18,87,9.21,2024-07-02T10:50:00,3419.21,STOP,-801.64,-1247.24
fast_pair,TITAN,2024-07-03,LONG,2024-07-03T10:30:00,3403.45,3395.69,3415.08,88,7.76,2024-07-03T11:00:00,3395.69,STOP,-682.55,-1131.29
fast_pair,TITAN,2024-07-10,SHORT,2024-07-10T10:40:00,3208.45,3219.25,3192.25,93,10.80,2024-07-10T10:40:00,3192.25,TARGET,1506.62,1060.17
fast_pair,TITAN,2024-07-11,SHORT,2024-07-11T12:10:00,3235.55,3244.65,3221.90,92,9.10,2024-07-11T12:10:00,3244.65,STOP,-837.10,-1284.23
fast_pair,TITAN,2024-07-12,SHORT,2024-07-12T10:00:00,3242.65,3250.60,3230.73,92,7.95,2024-07-12T10:00:00,3250.60,STOP,-730.99,-1179.02
fast_pair,TITAN,2024-07-15,LONG,2024-07-15T11:50:00,3227.90,3219.37,3240.70,92,8.53,2024-07-15T12:40:00,3219.37,STOP,-785.20,-1230.06
fast_pair,TITAN,2024-07-16,SHORT,2024-07-16T12:40:00,3234.90,3240.25,3226.87,92,5.35,2024-07-16T13:00:00,3240.25,STOP,-492.36,-939.14
fast_pair,TITAN,2024-07-18,LONG,2024-07-18T10:00:00,3244.95,3235.84,3258.61,92,9.11,2024-07-18T11:00:00,3235.84,STOP,-837.95,-1285.13
fast_pair,TITAN,2024-07-19,LONG,2024-07-19T11:30:00,3258.20,3249.69,3270.97,92,8.51,2024-07-19T13:10:00,3270.97,TARGET,1174.76,724.25
fast_pair,TITAN,2024-07-22,LONG,2024-07-22T10:50:00,3261.10,3250.54,3276.94,91,10.56,2024-07-22T11:20:00,3257.65,REVERSE,-313.95,-758.85
fast_pair,TITAN,2024-07-23,LONG,2024-07-23T11:30:00,3259.35,3249.83,3273.63,92,9.52,2024-07-23T12:10:00,3273.63,TARGET,1313.83,863.06
fast_pair,TITAN,2024-07-24,SHORT,2024-07-24T12:10:00,3483.00,3503.60,3452.10,86,20.60,2024-07-24T13:20:00,3494.90,REVERSE,-1023.40,-1473.47
fast_pair,TITAN,2024-07-30,LONG,2024-07-30T11:30:00,3465.00,3451.48,3485.28,86,13.52,2024-07-30T11:50:00,3451.48,STOP,-1162.96,-1609.07
fast_pair,TITAN,2024-07-31,SHORT,2024-07-31T11:30:00,3466.15,3480.04,3445.31,86,13.89,2024-07-31T13:20:00,3465.20,TIME_STOP,81.70,-365.37
fast_pair,TITAN,2024-08-01,SHORT,2024-08-01T11:50:00,3470.90,3480.37,3456.70,86,9.47,2024-08-01T12:10:00,3456.70,TARGET,1221.38,774.55
fast_pair,TITAN,2024-08-02,LONG,2024-08-02T11:30:00,3441.45,3428.19,3461.34,87,13.26,2024-08-02T12:10:00,3431.65,REVERSE,-852.60,-1301.07
fast_pair,TITAN,2024-08-05,LONG,2024-08-05T10:30:00,3451.95,3427.44,3488.72,86,24.51,2024-08-05T10:40:00,3427.44,STOP,-2108.01,-2551.73
fast_pair,TITAN,2024-08-07,LONG,2024-08-07T14:00:00,3331.05,3322.91,3343.25,90,8.14,2024-08-07T14:10:00,3327.45,REVERSE,-324.00,-773.45
fast_pair,TITAN,2024-08-08,SHORT,2024-08-08T10:40:00,3327.40,3337.40,3312.40,90,10.00,2024-08-08T11:50:00,3312.40,TARGET,1350.22,902.03
fast_pair,TITAN,2024-08-09,SHORT,2024-08-09T11:20:00,3296.90,3309.56,3277.91,90,12.66,2024-08-09T12:50:00,3309.56,STOP,-1139.34,-1585.27
fast_pair,TITAN,2024-08-12,LONG,2024-08-12T11:00:00,3319.60,3310.36,3333.47,90,9.24,2024-08-12T11:20:00,3333.47,TARGET,1248.00,798.92
fast_pair,TITAN,2024-08-13,LONG,2024-08-13T10:20:00,3326.20,3316.11,3341.33,90,10.09,2024-08-13T10:40:00,3341.33,TARGET,1362.05,911.99
fast_pair,TITAN,2024-08-16,SHORT,2024-08-16T10:30:00,3383.45,3395.29,3365.69,88,11.84,2024-08-16T11:30:00,3395.29,STOP,-1041.65,-1489.05
fast_pair,TITAN,2024-08-19,SHORT,2024-08-19T11:00:00,3448.15,3461.14,3428.67,87,12.99,2024-08-19T11:50:00,3461.14,STOP,-1129.94,-1580.77
fast_pair,TITAN,2024-08-20,SHORT,2024-08-20T11:30:00,3465.85,3475.09,3451.98,86,9.24,2024-08-20T12:40:00,3472.60,REVERSE,-580.50,-1028.03
fast_pair,TITAN,2024-08-23,SHORT,2024-08-23T10:00:00,3548.00,3565.30,3522.05,84,17.30,2024-08-23T10:30:00,3565.30,STOP,-1453.23,-1901.37
fast_pair,TITAN,2024-08-27,SHORT,2024-08-27T10:20:00,3609.95,3623.31,3589.91,83,13.36,2024-08-27T11:50:00,3589.91,TARGET,1663.39,1215.20
fast_pair,TITAN,2024-08-28,SHORT,2024-08-28T10:00:00,3561.00,3574.59,3540.61,84,13.59,2024-08-28T11:50:00,3544.65,TIME_STOP,1373.40,925.74
fast_pair,TITAN,2024-08-29,LONG,2024-08-29T12:10:00,3530.00,3519.97,3545.05,84,10.03,2024-08-29T12:40:00,3545.05,TARGET,1263.82,818.09
fast_pair,TITAN,2024-09-03,LONG,2024-09-03T11:00:00,3580.75,3571.94,3593.97,83,8.81,2024-09-03T11:30:00,3593.97,TARGET,1096.88,650.25
fast_pair,TITAN,2024-09-04,LONG,2024-09-04T11:40:00,3594.25,3584.69,3608.59,83,9.56,2024-09-04T11:50:00,3591.60,REVERSE,-219.95,-667.27
fast_pair,TITAN,2024-09-06,LONG,2024-09-06T12:20:00,3696.45,3683.34,3716.12,81,13.11,2024-09-06T12:30:00,3683.34,STOP,-1061.94,-1510.26
fast_pair,TITAN,2024-09-09,SHORT,2024-09-09T10:40:00,3673.50,3690.68,3647.73,81,17.18,2024-09-09T12:30:00,3677.90,TIME_STOP,-356.40,-803.00
fast_pair,TITAN,2024-09-10,SHORT,2024-09-10T10:20:00,3673.30,3684.90,3655.90,81,11.60,2024-09-10T10:30:00,3684.90,STOP,-939.60,-1386.61
fast_pair,TITAN,2024-09-11,LONG,2024-09-11T10:40:00,3731.00,3719.98,3747.54,80,11.02,2024-09-11T12:30:00,3738.00,TIME_STOP,560.00,111.86
fast_pair,TITAN,2024-09-12,SHORT,2024-09-12T12:10:00,3722.25,3733.86,3704.83,80,11.61,2024-09-12T12:50:00,3733.86,STOP,-929.03,-1376.40
fast_pair,TITAN,2024-09-13,SHORT,2024-09-13T13:50:00,3768.95,3779.21,3753.56,79,10.26,2024-09-13T14:10:00,3779.21,STOP,-810.60,-1257.83
fast_pair,TITAN,2024-09-16,SHORT,2024-09-16T11:30:00,3767.75,3777.87,3752.57,79,10.12,2024-09-16T11:30:00,3752.57,TARGET,1199.14,753.56
fast_pair,TITAN,2024-09-17,LONG,2024-09-17T11:00:00,3747.60,3738.75,3760.88,80,8.85,2024-09-17T12:30:00,3760.88,TARGET,1062.39,611.88
fast_pair,TITAN,2024-09-18,SHORT,2024-09-18T11:30:00,3760.75,3769.03,3748.34,79,8.28,2024-09-18T12:40:00,3748.34,TARGET,980.74,535.83
fast_pair,TITAN,2024-09-19,SHORT,2024-09-19T13:10:00,3764.55,3775.02,3748.85,79,10.47,2024-09-19T14:30:00,3775.02,STOP,-827.04,-1273.76
fast_pair,TITAN,2024-09-20,LONG,2024-09-20T10:10:00,3785.00,3770.10,3807.35,79,14.90,2024-09-20T10:20:00,3770.10,STOP,-1177.30,-1624.94
fast_pair,TITAN,2024-09-24,SHORT,2024-09-24T12:10:00,3810.00,3821.69,3792.46,78,11.69,2024-09-24T14:00:00,3806.55,TIME_STOP,269.10,-176.47
fast_pair,TITAN,2024-09-26,LONG,2024-09-26T11:40:00,3734.05,3722.58,3751.25,80,11.47,2024-09-26T12:30:00,3725.85,REVERSE,-656.00,-1103.59
fast_pair,TITAN,2024-09-27,SHORT,2024-09-27T13:30:00,3823.00,3837.17,3801.75,78,14.17,2024-09-27T15:20:00,3816.95,TIME_STOP,471.90,24.96
fast_pair,TITAN,2024-09-30,SHORT,2024-09-30T11:10:00,3826.85,3839.93,3807.22,78,13.08,2024-09-30T12:20:00,3837.90,REVERSE,-861.90,-1310.29
fast_pair,TITAN,2024-10-04,SHORT,2024-10-04T13:00:00,3690.45,3712.24,3657.76,81,21.79,2024-10-04T13:50:00,3712.24,STOP,-1765.01,-2214.72
fast_pair,TITAN,2024-10-10,SHORT,2024-10-10T10:50:00,3491.85,3504.82,3472.39,85,12.97,2024-10-10T11:00:00,3472.39,TARGET,1654.28,1210.31
fast_pair,TITAN,2024-10-11,SHORT,2024-10-11T11:30:00,3456.30,3467.66,3439.26,86,11.36,2024-10-11T12:30:00,3467.66,STOP,-976.97,-1423.57
fast_pair,TITAN,2024-10-14,SHORT,2024-10-14T13:00:00,3499.95,3509.32,3485.90,85,9.37,2024-10-14T14:00:00,3509.32,STOP,-796.05,-1242.89
fast_pair,TITAN,2024-10-15,SHORT,2024-10-15T10:10:00,3493.45,3503.72,3478.04,85,10.27,2024-10-15T10:30:00,3478.04,TARGET,1309.74,865.31
fast_pair,TITAN,2024-10-18,LONG,2024-10-18T11:50:00,3395.15,3374.02,3426.84,88,21.13,2024-10-18T12:50:00,3387.70,REVERSE,-655.60,-1103.27
fast_pair,TITAN,2024-10-21,LONG,2024-10-21T11:40:00,3381.00,3365.90,3403.65,88,15.10,2024-10-21T11:50:00,3365.90,STOP,-1329.06,-1774.35
fast_pair,TITAN,2024-10-22,SHORT,2024-10-22T10:10:00,3366.95,3383.89,3341.54,89,16.94,2024-10-22T10:20:00,3341.54,TARGET,2261.70,1813.91
fast_pair,TITAN,2024-10-23,LONG,2024-10-23T11:40:00,3322.65,3310.29,3341.18,90,12.36,2024-10-23T12:20:00,3310.29,STOP,-1111.98,-1559.71
fast_pair,TITAN,2024-10-24,LONG,2024-10-24T10:20:00,3309.85,3297.45,3328.45,90,12.40,2024-10-24T12:10:00,3318.05,TIME_STOP,738.00,290.62
fast_pair,TITAN,2024-10-28,LONG,2024-10-28T11:00:00,3303.55,3290.32,3323.39,90,13.23,2024-10-28T11:20:00,3290.32,STOP,-1190.36,-1635.44
fast_pair,TITAN,2024-10-29,LONG,2024-10-29T12:20:00,3262.10,3250.28,3279.82,91,11.82,2024-10-29T13:40:00,3250.28,STOP,-1075.26,-1519.73
fast_pair,TITAN,2024-10-30,LONG,2024-10-30T10:20:00,3276.05,3263.48,3294.91,91,12.57,2024-10-30T11:40:00,3294.91,TARGET,1716.38,1267.91
fast_pair,TITAN,2024-11-04,LONG,2024-11-04T12:20:00,3227.20,3212.95,3248.58,92,14.25,2024-11-04T12:20:00,3215.80,REVERSE,-1048.80,-1493.37
fast_pair,TITAN,2024-11-05,SHORT,2024-11-05T11:20:00,3214.70,3229.47,3192.55,93,14.77,2024-11-05T13:10:00,3199.90,TIME_STOP,1376.40,928.98
fast_pair,TITAN,2024-11-06,LONG,2024-11-06T12:00:00,3173.45,3155.01,3201.10,94,18.44,2024-11-06T13:50:00,3186.90,TIME_STOP,1264.30,815.90
fast_pair,TITAN,2024-11-08,SHORT,2024-11-08T12:00:00,3126.45,3136.08,3112.01,95,9.63,2024-11-08T12:20:00,3136.08,STOP,-914.52,-1360.72
fast_pair,TITAN,2024-11-11,SHORT,2024-11-11T13:20:00,3205.25,3214.58,3191.26,93,9.33,2024-11-11T13:40:00,3191.26,TARGET,1301.39,855.24
fast_pair,TITAN,2024-11-12,SHORT,2024-11-12T11:40:00,3214.70,3225.69,3198.21,93,10.99,2024-11-12T13:20:00,3198.21,TARGET,1533.65,1086.35
fast_pair,TITAN,2024-11-13,LONG,2024-11-13T11:00:00,3208.95,3196.83,3227.13,93,12.12,2024-11-13T11:10:00,3196.83,STOP,-1127.06,-1573.86
fast_pair,TITAN,2024-11-14,LONG,2024-11-14T14:00:00,3154.00,3144.98,3167.53,95,9.02,2024-11-14T15:00:00,3167.53,TARGET,1285.22,834.81
fast_pair,TITAN,2024-11-25,SHORT,2024-11-25T12:20:00,3316.75,3330.02,3296.85,90,13.27,2024-11-25T14:10:00,3317.00,TIME_STOP,-22.50,-470.28
fast_pair,TITAN,2024-11-27,LONG,2024-11-27T13:10:00,3302.85,3293.74,3316.51,90,9.11,2024-11-27T14:10:00,3293.74,STOP,-819.71,-1264.98
fast_pair,TITAN,2024-11-28,LONG,2024-11-28T10:00:00,3298.65,3288.86,3313.33,90,9.79,2024-11-28T10:10:00,3290.55,REVERSE,-729.00,-1173.77
fast_pair,TITAN,2024-11-29,SHORT,2024-11-29T13:20:00,3241.20,3250.73,3226.91,92,9.53,2024-11-29T13:20:00,3250.73,STOP,-876.45,-1324.40
fast_pair,TITAN,2024-12-06,LONG,2024-12-06T10:10:00,3448.60,3433.40,3471.39,86,15.20,2024-12-06T11:10:00,3471.39,TARGET,1960.21,1513.87
fast_pair,TITAN,2024-12-09,LONG,2024-12-09T11:30:00,3473.15,3460.15,3492.65,86,13.00,2024-12-09T12:00:00,3463.15,REVERSE,-860.00,-1307.39
fast_pair,TITAN,2024-12-10,SHORT,2024-12-10T12:30:00,3488.90,3498.28,3474.84,85,9.38,2024-12-10T14:20:00,3474.84,TARGET,1195.50,751.56
fast_pair,TITAN,2024-12-11,LONG,2024-12-11T10:20:00,3477.95,3468.10,3492.72,86,9.85,2024-12-11T11:00:00,3472.30,REVERSE,-485.90,-934.19
fast_pair,TITAN,2024-12-13,LONG,2024-12-13T12:10:00,3456.20,3442.03,3477.45,86,14.17,2024-12-13T13:00:00,3477.45,TARGET,1827.83,1380.61
fast_pair,TITAN,2024-12-17,SHORT,2024-12-17T10:00:00,3426.00,3437.19,3409.21,87,11.19,2024-12-17T10:20:00,3409.21,TARGET,1460.93,1014.93
fast_pair,TITAN,2024-12-18,SHORT,2024-12-18T10:10:00,3398.85,3409.67,3382.61,88,10.82,2024-12-18T11:30:00,3409.67,STOP,-952.52,-1401.89
fast_pair,TITAN,2024-12-23,SHORT,2024-12-23T10:00:00,3350.10,3360.76,3334.10,89,10.66,2024-12-23T10:10:00,3360.76,STOP,-949.04,-1396.99
fast_pair,TITAN,2024-12-24,LONG,2024-12-24T10:30:00,3400.75,3390.35,3416.35,88,10.40,2024-12-24T10:30:00,3416.35,TARGET,1372.65,922.73
fast_pair,TITAN,2024-12-26,LONG,2024-12-26T11:10:00,3360.95,3351.11,3375.71,89,9.84,2024-12-26T11:20:00,3351.11,STOP,-875.64,-1323.67
fast_pair,TITAN,2024-12-27,LONG,2024-12-27T10:10:00,3331.35,3322.40,3344.78,90,8.95,2024-12-27T10:20:00,3344.78,TARGET,1208.34,757.70
fast_pair,TITAN,2024-12-30,LONG,2024-12-30T11:30:00,3301.00,3293.34,3312.50,90,7.66,2024-12-30T12:00:00,3312.50,TARGET,1034.73,588.32
fast_pair,TITAN,2024-12-31,LONG,2024-12-31T13:20:00,3249.90,3241.12,3263.07,92,8.78,2024-12-31T13:40:00,3263.07,TARGET,1211.52,762.12
fast_pair,TITAN,2025-01-01,LONG,2025-01-01T11:10:00,3257.45,3248.60,3270.72,92,8.85,2025-01-01T11:40:00,3250.80,REVERSE,-611.80,-1060.87
fast_pair,TITAN,2025-01-03,SHORT,2025-01-03T13:00:00,3447.70,3461.02,3427.72,87,13.32,2025-01-03T14:50:00,3451.00,REVERSE,-287.10,-737.24
fast_pair,TITAN,2025-01-06,SHORT,2025-01-06T12:00:00,3450.15,3468.75,3422.26,86,18.60,2025-01-06T12:10:00,3468.75,STOP,-1599.26,-2045.53
fast_pair,TITAN,2025-01-07,SHORT,2025-01-07T11:50:00,3523.90,3540.49,3499.01,85,16.59,2025-01-07T13:40:00,3507.35,TIME_STOP,1406.75,958.51
fast_pair,TITAN,2025-01-08,LONG,2025-01-08T13:30:00,3436.30,3423.41,3455.64,87,12.89,2025-01-08T13:40:00,3455.64,TARGET,1682.19,1232.50
fast_pair,TITAN,2025-01-09,SHORT,2025-01-09T12:40:00,3479.50,3491.04,3462.19,86,11.54,2025-01-09T13:00:00,3491.04,STOP,-992.48,-1442.08
fast_pair,TITAN,2025-01-10,LONG,2025-01-10T11:30:00,3470.95,3459.88,3487.56,86,11.07,2025-01-10T12:10:00,3459.88,STOP,-952.38,-1399.42
fast_pair,TITAN,2025-01-15,LONG,2025-01-15T11:40:00,3315.15,3302.10,3334.73,90,13.05,2025-01-15T11:50:00,3302.10,STOP,-1174.58,-1621.25
fast_pair,TITAN,2025-01-16,SHORT,2025-01-16T10:10:00,3306.55,3318.41,3288.75,90,11.86,2025-01-16T10:30:00,3288.75,TARGET,1601.72,1156.54
fast_pair,TITAN,2025-01-20,SHORT,2025-01-20T13:30:00,3389.35,3398.24,3376.01,88,8.89,2025-01-20T14:10:00,3393.90,REVERSE,-400.40,-848.09
fast_pair,TITAN,2025-01-24,SHORT,2025-01-24T10:00:00,3393.35,3405.10,3375.72,88,11.75,2025-01-24T10:40:00,3405.10,STOP,-1034.35,-1483.05
fast_pair,TITAN,2025-01-28,LONG,2025-01-28T11:10:00,3337.60,3322.32,3360.51,89,15.28,2025-01-28T13:00:00,3352.40,TIME_STOP,1317.20,870.64
fast_pair,TITAN,2025-01-30,SHORT,2025-01-30T13:30:00,3375.00,3385.40,3359.39,88,10.40,2025-01-30T14:10:00,3359.39,TARGET,1373.36,928.89
fast_pair,TITAN,2025-02-01,LONG,2025-02-01T12:20:00,3479.35,3457.86,3511.59,86,21.49,2025-02-01T12:20:00,3511.59,TARGET,2772.67,2321.75
fast_pair,TITAN,2025-02-03,SHORT,2025-02-03T11:40:00,3590.00,3619.00,3546.50,83,29.00,2025-02-03T13:30:00,3581.10,TIME_STOP,738.70,292.30
fast_pair,TITAN,2025-02-04,SHORT,2025-02-04T10:20:00,3551.85,3572.56,3520.78,84,20.71,2025-02-04T12:10:00,3531.50,TIME_STOP,1709.40,1263.15
fast_pair,TITAN,2025-02-05,LONG,2025-02-05T13:40:00,3513.00,3497.48,3536.27,85,15.52,2025-02-05T13:40:00,3498.95,REVERSE,-1194.25,-1641.26
fast_pair,TITAN,2025-02-07,LONG,2025-02-07T11:50:00,3449.00,3433.32,3472.52,86,15.68,2025-02-07T12:20:00,3436.35,REVERSE,-1087.90,-1532.01
fast_pair,TITAN,2025-02-11,LONG,2025-02-11T11:10:00,3330.35,3318.21,3348.56,90,12.14,2025-02-11T13:00:00,3318.21,STOP,-1092.81,-1541.58
fast_pair,TITAN,2025-02-12,LONG,2025-02-12T11:20:00,3271.00,3253.49,3297.26,91,17.51,2025-02-12T11:50:00,3297.26,TARGET,2389.88,1941.59
fast_pair,TITAN,2025-02-13,LONG,2025-02-13T10:20:00,3268.05,3252.35,3291.60,91,15.70,2025-02-13T10:30:00,3252.35,STOP,-1428.95,-1873.97
fast_pair,TITAN,2025-02-17,LONG,2025-02-17T11:40:00,3217.00,3203.23,3237.66,93,13.77,2025-02-17T12:10:00,3204.65,REVERSE,-1148.55,-1596.46
fast_pair,TITAN,2025-02-18,SHORT,2025-02-18T10:00:00,3217.40,3230.12,3198.32,93,12.72,2025-02-18T10:10:00,3220.10,REVERSE,-251.10,-700.12
fast_pair,TITAN,2025-02-19,SHORT,2025-02-19T11:30:00,3230.05,3239.24,3216.26,92,9.19,2025-02-19T11:40:00,3216.26,TARGET,1268.59,823.79
fast_pair,TITAN,2025-02-20,LONG,2025-02-20T11:20:00,3207.30,3198.03,3221.21,93,9.27,2025-02-20T11:50:00,3198.03,STOP,-862.50,-1309.27
fast_pair,TITAN,2025-02-21,LONG,2025-02-21T12:40:00,3187.00,3178.58,3199.63,94,8.42,2025-02-21T13:00:00,3178.58,STOP,-791.67,-1240.44
fast_pair,TITAN,2025-02-24,LONG,2025-02-24T11:10:00,3179.50,3170.39,3193.16,94,9.11,2025-02-24T12:20:00,3170.39,STOP,-855.90,-1303.57
fast_pair,TITAN,2025-02-25,LONG,2025-02-25T10:00:00,3177.20,3167.25,3192.13,94,9.95,2025-02-25T11:00:00,3192.13,TARGET,1403.13,954.09
fast_pair,TITAN,2025-02-27,LONG,2025-02-27T11:20:00,3193.50,3184.42,3207.12,93,9.08,2025-02-27T13:10:00,3197.55,TIME_STOP,376.65,-69.13
fast_pair,TITAN,2025-03-03,SHORT,2025-03-03T11:40:00,3081.95,3093.30,3064.92,97,11.35,2025-03-03T12:30:00,3064.92,TARGET,1651.85,1204.66
fast_pair,TITAN,2025-03-06,LONG,2025-03-06T11:10:00,3081.10,3070.94,3096.34,97,10.16,2025-03-06T11:30:00,3070.94,STOP,-985.72,-1433.28
fast_pair,TITAN,2025-03-07,SHORT,2025-03-07T11:00:00,3101.40,3112.81,3084.28,96,11.41,2025-03-07T11:10:00,3109.80,REVERSE,-806.40,-1253.61
fast_pair,TITAN,2025-03-13,SHORT,2025-03-13T11:50:00,3019.10,3029.96,3002.81,99,10.86,2025-03-13T13:20:00,3002.81,TARGET,1613.09,1165.96
fast_pair,TITAN,2025-03-17,SHORT,2025-03-17T10:40:00,3008.35,3017.75,2994.25,99,9.40,2025-03-17T10:50:00,3016.05,REVERSE,-762.30,-1209.61
fast_pair,TITAN,2025-03-21,LONG,2025-03-21T12:30:00,3179.80,3172.53,3190.71,94,7.27,2025-03-21T12:40:00,3174.40,REVERSE,-507.60,-955.57
fast_pair,TITAN,2025-03-25,SHORT,2025-03-25T10:20:00,3069.40,3078.09,3056.36,97,8.69,2025-03-25T10:20:00,3078.09,STOP,-843.02,-1290.25
fast_pair,TITAN,2025-03-27,SHORT,2025-03-27T12:40:00,3071.45,3078.43,3060.99,97,6.98,2025-03-27T14:20:00,3077.15,REVERSE,-552.90,-1000.21
fast_pair,TITAN,2025-03-28,SHORT,2025-03-28T11:50:00,3092.00,3101.47,3077.80,97,9.47,2025-03-28T12:20:00,3077.80,TARGET,1377.71,928.86
fast_pair,TITAN,2025-04-02,LONG,2025-04-02T10:20:00,2991.75,2981.63,3006.93,100,10.12,2025-04-02T10:40:00,3006.93,TARGET,1518.41,1068.51
fast_pair,TITAN,2025-04-04,SHORT,2025-04-04T10:30:00,3085.70,3096.83,3069.00,97,11.13,2025-04-04T11:00:00,3096.83,STOP,-1080.00,-1529.78
fast_pair,TITAN,2025-04-07,LONG,2025-04-07T13:50:00,3008.80,2992.20,3033.70,99,16.60,2025-04-07T15:20:00,3033.70,TARGET,2464.67,2016.02
fast_pair,TITAN,2025-04-08,SHORT,2025-04-08T14:00:00,3122.25,3139.40,3096.52,96,17.15,2025-04-08T14:00:00,3139.40,STOP,-1646.67,-2097.51
fast_pair,TITAN,2025-04-09,LONG,2025-04-09T10:40:00,3134.00,3118.10,3157.85,95,15.90,2025-04-09T11:40:00,3157.85,TARGET,2265.63,1817.34
fast_pair,TITAN,2025-04-15,SHORT,2025-04-15T14:10:00,3265.60,3273.01,3254.48,91,7.41,2025-04-15T14:10:00,3273.01,STOP,-674.76,-1121.02
fast_pair,TITAN,2025-04-16,LONG,2025-04-16T12:40:00,3269.50,3262.16,3280.51,91,7.34,2025-04-16T13:20:00,3262.16,STOP,-668.21,-1113.99
fast_pair,TITAN,2025-04-17,LONG,2025-04-17T10:40:00,3274.80,3261.46,3294.81,91,13.34,2025-04-17T11:00:00,3261.46,STOP,-1213.92,-1660.02
fast_pair,TITAN,2025-04-21,LONG,2025-04-21T10:10:00,3323.00,3311.30,3340.54,90,11.70,2025-04-21T11:20:00,3340.54,TARGET,1578.85,1129.06
fast_pair,TITAN,2025-04-22,SHORT,2025-04-22T10:00:00,3328.40,3340.23,3310.66,90,11.83,2025-04-22T10:30:00,3340.23,STOP,-1064.59,-1514.72
fast_pair,TITAN,2025-04-23,SHORT,2025-04-23T10:30:00,3340.80,3351.26,3325.11,89,10.46,2025-04-23T10:50:00,3325.11,TARGET,1396.72,951.77
fast_pair,TITAN,2025-04-24,SHORT,2025-04-24T11:40:00,3363.70,3372.96,3349.80,89,9.26,2025-04-24T11:40:00,3368.40,REVERSE,-418.30,-867.67
fast_pair,TITAN,2025-04-25,SHORT,2025-04-25T10:10:00,3359.20,3371.27,3341.09,89,12.07,2025-04-25T10:30:00,3341.09,TARGET,1611.45,1164.20
fast_pair,TITAN,2025-04-28,SHORT,2025-04-28T12:00:00,3371.60,3381.06,3357.41,88,9.46,2025-04-28T12:30:00,3381.06,STOP,-832.32,-1278.00
fast_pair,TITAN,2025-04-29,SHORT,2025-04-29T10:40:00,3366.30,3376.91,3350.39,89,10.61,2025-04-29T11:10:00,3376.91,STOP,-944.11,-1394.22
fast_pair,TITAN,2025-04-30,SHORT,2025-04-30T13:40:00,3386.60,3394.23,3375.16,88,7.63,2025-04-30T13:40:00,3394.23,STOP,-671.07,-1118.61
fast_pair,TITAN,2025-05-02,LONG,2025-05-02T13:30:00,3357.70,3346.64,3374.30,89,11.06,2025-05-02T14:30:00,3346.64,STOP,-984.69,-1432.20
fast_pair,TITAN,2025-05-06,LONG,2025-05-06T13:20:00,3279.00,3268.39,3294.92,91,10.61,2025-05-06T15:00:00,3294.92,TARGET,1448.69,1000.02
fast_pair,TITAN,2025-05-07,LONG,2025-05-07T10:10:00,3303.00,3289.13,3323.81,90,13.87,2025-05-07T10:40:00,3323.81,TARGET,1872.57,1425.27
fast_pair,TITAN,2025-05-08,SHORT,2025-05-08T13:30:00,3374.60,3388.42,3353.87,88,13.82,2025-05-08T15:00:00,3353.87,TARGET,1824.44,1380.36
fast_pair,TITAN,2025-05-09,SHORT,2025-05-09T13:40:00,3484.30,3496.57,3465.90,86,12.27,2025-05-09T14:40:00,3496.57,STOP,-1055.17,-1505.44
fast_pair,TITAN,2025-05-12,SHORT,2025-05-12T12:30:00,3552.50,3563.72,3535.67,84,11.22,2025-05-12T12:30:00,3563.72,STOP,-942.38,-1390.70
fast_pair,TITAN,2025-05-15,LONG,2025-05-15T10:50:00,3592.10,3579.88,3610.42,83,12.22,2025-05-15T11:00:00,3610.42,TARGET,1520.80,1072.44
fast_pair,TITAN,2025-05-16,LONG,2025-05-16T11:20:00,3632.60,3621.63,3649.06,82,10.97,2025-05-16T11:50:00,3624.80,REVERSE,-639.60,-1085.93
fast_pair,TITAN,2025-05-19,SHORT,2025-05-19T11:10:00,3635.40,3644.27,3622.09,82,8.87,2025-05-19T13:00:00,3626.90,TIME_STOP,697.00,250.37
fast_pair,TITAN,2025-05-20,LONG,2025-05-20T12:20:00,3611.20,3604.81,3620.79,83,6.39,2025-05-20T13:00:00,3604.81,STOP,-530.59,-979.79
fast_pair,TITAN,2025-05-22,LONG,2025-05-22T12:00:00,3555.90,3545.65,3571.27,84,10.25,2025-05-22T12:20:00,3545.65,STOP,-860.82,-1308.22
fast_pair,TITAN,2025-05-23,SHORT,2025-05-23T14:00:00,3585.90,3594.22,3573.41,83,8.32,2025-05-23T15:20:00,3578.50,EOD,614.20,168.22
fast_pair,TITAN,2025-05-26,SHORT,2025-05-26T11:00:00,3596.60,3609.75,3576.87,83,13.15,2025-05-26T11:20:00,3609.75,STOP,-1091.78,-1540.38
fast_pair,TITAN,2025-05-27,LONG,2025-05-27T11:10:00,3611.90,3598.21,3632.44,83,13.69,2025-05-27T11:10:00,3598.21,STOP,-1136.49,-1585.32
fast_pair,TITAN,2025-05-28,LONG,2025-05-28T12:50:00,3577.40,3567.71,3591.94,83,9.69,2025-05-28T14:40:00,3579.80,TIME_STOP,199.20,-246.34
fast_pair,TITAN,2025-05-30,SHORT,2025-05-30T10:50:00,3577.00,3586.77,3562.34,83,9.77,2025-05-30T11:50:00,3562.34,TARGET,1216.74,772.31
fast_pair,TITAN,2025-06-02,LONG,2025-06-02T12:30:00,3515.00,3504.80,3530.30,85,10.20,2025-06-02T14:20:00,3521.30,TIME_STOP,535.50,86.94
fast_pair,TITAN,2025-06-03,LONG,2025-06-03T10:30:00,3546.10,3531.51,3567.99,84,14.59,2025-06-03T10:40:00,3531.51,STOP,-1225.78,-1671.67
fast_pair,TITAN,2025-06-04,LONG,2025-06-04T12:50:00,3507.00,3499.22,3518.66,85,7.78,2025-06-04T14:00:00,3499.22,STOP,-660.97,-1107.61
fast_pair,TITAN,2025-06-05,SHORT,2025-06-05T11:00:00,3504.80,3514.17,3490.74,85,9.37,2025-06-05T11:10:00,3514.17,STOP,-796.79,-1244.25
fast_pair,TITAN,2025-06-09,SHORT,2025-06-09T11:40:00,3530.70,3541.51,3514.48,84,10.81,2025-06-09T12:30:00,3536.90,REVERSE,-520.80,-966.06
fast_pair,TITAN,2025-06-11,LONG,2025-06-11T12:00:00,3523.50,3516.38,3534.18,85,7.12,2025-06-11T12:20:00,3534.18,TARGET,907.84,457.91
fast_pair,TITAN,2025-06-12,SHORT,2025-06-12T10:20:00,3532.00,3542.13,3516.81,84,10.13,2025-06-12T10:40:00,3516.81,TARGET,1275.81,831.74
fast_pair,TITAN,2025-06-13,LONG,2025-06-13T12:00:00,3430.90,3419.14,3448.54,87,11.76,2025-06-13T13:50:00,3439.00,TIME_STOP,704.70,256.44
fast_pair,TITAN,2025-06-16,LONG,2025-06-16T11:10:00,3429.50,3419.24,3444.89,87,10.26,2025-06-16T13:00:00,3429.70,TIME_STOP,17.40,-430.16
fast_pair,TITAN,2025-06-17,LONG,2025-06-17T13:50:00,3408.80,3402.82,3417.78,88,5.98,2025-06-17T13:50:00,3417.78,TARGET,789.96,339.40
fast_pair,TITAN,2025-06-18,SHORT,2025-06-18T11:00:00,3413.60,3422.44,3400.34,87,8.84,2025-06-18T12:00:00,3422.44,STOP,-769.07,-1215.12
fast_pair,TITAN,2025-06-19,SHORT,2025-06-19T13:40:00,3501.00,3509.76,3487.87,85,8.76,2025-06-19T14:10:00,3509.76,STOP,-744.29,-1191.23
fast_pair,TITAN,2025-06-20,LONG,2025-06-20T10:40:00,3516.00,3505.84,3531.24,85,10.16,2025-06-20T12:30:00,3522.40,TIME_STOP,544.00,95.30
fast_pair,TITAN,2025-06-23,LONG,2025-06-23T12:40:00,3491.50,3482.91,3504.38,85,8.59,2025-06-23T13:10:00,3504.38,TARGET,1094.79,648.81
fast_pair,TITAN,2025-06-24,SHORT,2025-06-24T12:50:00,3540.70,3551.70,3524.20,84,11.00,2025-06-24T12:50:00,3551.70,STOP,-924.15,-1370.97
fast_pair,TITAN,2025-06-26,SHORT,2025-06-26T12:50:00,3664.40,3674.84,3648.74,81,10.44,2025-06-26T13:20:00,3674.84,STOP,-845.39,-1291.25
fast_pair,TITAN,2025-06-27,SHORT,2025-06-27T10:00:00,3678.60,3688.78,3663.33,81,10.18,2025-06-27T11:50:00,3668.10,TIME_STOP,850.50,404.19
fast_pair,TITAN,2025-07-01,SHORT,2025-07-01T12:20:00,3700.00,3707.47,3688.79,81,7.47,2025-07-01T12:40:00,3704.40,REVERSE,-356.40,-806.22
fast_pair,TITAN,2025-07-02,SHORT,2025-07-02T10:10:00,3693.00,3699.57,3683.14,81,6.57,2025-07-02T10:30:00,3699.57,STOP,-532.27,-981.37
fast_pair,TITAN,2025-07-03,LONG,2025-07-03T10:20:00,3708.40,3700.53,3720.20,80,7.87,2025-07-03T11:10:00,3700.53,STOP,-629.25,-1073.79
fast_pair,TITAN,2025-07-04,LONG,2025-07-04T12:40:00,3667.20,3657.77,3681.35,81,9.43,2025-07-04T14:30:00,3673.70,TIME_STOP,526.50,80.54
fast_pair,TITAN,2025-07-07,SHORT,2025-07-07T10:30:00,3671.30,3680.84,3656.99,81,9.54,2025-07-07T11:10:00,3656.99,TARGET,1159.01,713.81
fast_pair,TITAN,2025-07-10,LONG,2025-07-10T10:40:00,3436.60,3429.09,3447.87,87,7.51,2025-07-10T10:50:00,3429.09,STOP,-653.72,-1101.70
fast_pair,TITAN,2025-07-11,LONG,2025-07-11T12:50:00,3402.60,3396.38,3411.94,88,6.22,2025-07-11T12:50:00,3396.38,STOP,-547.66,-996.39
fast_pair,TITAN,2025-07-14,LONG,2025-07-14T11:00:00,3370.00,3361.95,3382.07,89,8.05,2025-07-14T11:50:00,3382.07,TARGET,1074.12,623.42
fast_pair,TITAN,2025-07-15,SHORT,2025-07-15T10:10:00,3396.70,3404.56,3384.92,88,7.86,2025-07-15T10:50:00,3404.56,STOP,-691.33,-1140.21
fast_pair,TITAN,2025-07-17,SHORT,2025-07-17T13:50:00,3435.10,3440.15,3427.53,87,5.05,2025-07-17T14:10:00,3440.15,STOP,-438.93,-887.54
fast_pair,TITAN,2025-07-21,LONG,2025-07-21T11:00:00,3396.70,3389.41,3407.63,88,7.29,2025-07-21T11:10:00,3393.30,REVERSE,-299.20,-747.34
fast_pair,TITAN,2025-07-23,LONG,2025-07-23T11:10:00,3472.00,3463.52,3484.72,86,8.48,2025-07-23T13:00:00,3475.50,TIME_STOP,301.00,-147.11
fast_pair,TITAN,2025-07-25,LONG,2025-07-25T11:00:00,3475.00,3468.49,3484.77,86,6.51,2025-07-25T11:10:00,3468.49,STOP,-560.03,-1007.88
fast_pair,TITAN,2025-07-29,LONG,2025-07-29T14:10:00,3372.10,3365.08,3382.63,88,7.02,2025-07-29T15:20:00,3382.63,TARGET,927.04,481.23
fast_pair,TITAN,2025-07-31,LONG,2025-07-31T13:10:00,3348.70,3340.63,3360.80,89,8.07,2025-07-31T13:10:00,3360.80,TARGET,1077.11,629.25
fast_pair,TITAN,2025-08-04,LONG,2025-08-04T12:50:00,3338.40,3331.27,3349.10,89,7.13,2025-08-04T13:00:00,3349.10,TARGET,952.11,505.72
fast_pair,TITAN,2025-08-05,SHORT,2025-08-05T10:20:00,3353.20,3361.14,3341.29,89,7.94,2025-08-05T11:10:00,3358.00,REVERSE,-427.20,-875.17
fast_pair,TITAN,2025-08-06,LONG,2025-08-06T10:00:00,3429.70,3418.17,3447.00,87,11.53,2025-08-06T10:30:00,3418.17,STOP,-1003.40,-1450.22
fast_pair,TITAN,2025-08-07,LONG,2025-08-07T10:30:00,3428.10,3417.17,3444.49,87,10.93,2025-08-07T10:40:00,3417.17,STOP,-950.69,-1397.35
fast_pair,TITAN,2025-08-08,SHORT,2025-08-08T13:30:00,3462.00,3474.44,3443.33,86,12.44,2025-08-08T13:30:00,3473.80,REVERSE,-1014.80,-1462.16
fast_pair,TITAN,2025-08-11,LONG,2025-08-11T11:10:00,3451.00,3438.71,3469.43,86,12.29,2025-08-11T11:30:00,3469.43,TARGET,1585.11,1138.74
fast_pair,TITAN,2025-08-12,SHORT,2025-08-12T12:00:00,3498.60,3508.68,3483.48,85,10.08,2025-08-12T12:20:00,3508.68,STOP,-857.04,-1303.76
fast_pair,TITAN,2025-08-13,LONG,2025-08-13T13:40:00,3481.60,3475.25,3491.13,86,6.35,2025-08-13T14:30:00,3475.25,STOP,-546.24,-994.95
fast_pair,TITAN,2025-08-14,SHORT,2025-08-14T10:10:00,3467.10,3475.07,3455.15,86,7.97,2025-08-14T10:10:00,3475.07,STOP,-685.28,-1133.05
fast_pair,TITAN,2025-08-19,SHORT,2025-08-19T10:30:00,3556.00,3564.28,3543.59,84,8.28,2025-08-19T11:30:00,3564.28,STOP,-695.19,-1143.77
fast_pair,TITAN,2025-08-20,SHORT,2025-08-20T11:30:00,3570.50,3577.53,3559.96,84,7.03,2025-08-20T11:30:00,3573.10,REVERSE,-218.40,-668.45
fast_pair,TITAN,2025-08-22,SHORT,2025-08-22T10:10:00,3613.90,3620.47,3604.04,83,6.57,2025-08-22T11:50:00,3618.60,REVERSE,-390.10,-840.32
fast_pair,TITAN,2025-08-26,SHORT,2025-08-26T11:20:00,3627.30,3635.98,3614.28,82,8.68,2025-08-26T11:50:00,3614.28,TARGET,1067.88,622.52
fast_pair,TITAN,2025-08-28,LONG,2025-08-28T10:20:00,3606.90,3596.76,3622.10,83,10.14,2025-08-28T11:00:00,3622.10,TARGET,1262.01,812.00
fast_pair,TITAN,2025-08-29,LONG,2025-08-29T12:00:00,3621.90,3613.63,3634.31,82,8.27,2025-08-29T13:10:00,3613.63,STOP,-678.23,-1123.22
fast_pair,TITAN,2025-09-01,SHORT,2025-09-01T10:30:00,3625.60,3635.19,3611.21,82,9.59,2025-09-01T10:40:00,3635.19,STOP,-786.68,-1233.22
fast_pair,TITAN,2025-09-04,SHORT,2025-09-04T12:00:00,3693.00,3703.06,3677.90,81,10.06,2025-09-04T13:00:00,3703.06,STOP,-815.24,-1264.55
fast_pair,TITAN,2025-09-05,LONG,2025-09-05T10:00:00,3697.00,3687.51,3711.23,81,9.49,2025-09-05T11:10:00,3687.51,STOP,-768.62,-1217.23
fast_pair,TITAN,2025-09-08,LONG,2025-09-08T10:30:00,3672.90,3663.05,3687.68,81,9.85,2025-09-08T11:40:00,3663.05,STOP,-797.88,-1243.53
fast_pair,TITAN,2025-09-09,LONG,2025-09-09T12:50:00,3635.10,3628.12,3645.58,82,6.98,2025-09-09T14:20:00,3628.12,STOP,-572.65,-1019.34
fast_pair,TITAN,2025-09-12,LONG,2025-09-12T10:40:00,3585.00,3577.08,3596.88,83,7.92,2025-09-12T12:00:00,3596.88,TARGET,985.87,538.80
fast_pair,TITAN,2025-09-15,LONG,2025-09-15T13:40:00,3539.90,3533.47,3549.55,84,6.43,2025-09-15T13:40:00,3533.47,STOP,-540.14,-985.76
fast_pair,TITAN,2025-09-16,LONG,2025-09-16T12:30:00,3522.90,3516.97,3531.79,85,5.93,2025-09-16T12:40:00,3531.79,TARGET,755.56,305.83
fast_pair,TITAN,2025-09-17,SHORT,2025-09-17T10:00:00,3532.30,3542.07,3517.64,84,9.77,2025-09-17T10:00:00,3542.07,STOP,-820.85,-1266.54
fast_pair,TITAN,2025-09-19,LONG,2025-09-19T14:00:00,3471.20,3466.43,3478.35,86,4.77,2025-09-19T14:50:00,3478.35,TARGET,614.82,166.57
fast_pair,TITAN,2025-09-22,SHORT,2025-09-22T10:00:00,3465.00,3472.32,3454.01,86,7.32,2025-09-22T10:10:00,3472.32,STOP,-629.85,-1077.31
fast_pair,TITAN,2025-09-23,LONG,2025-09-23T12:40:00,3432.00,3424.60,3443.10,87,7.40,2025-09-23T13:10:00,3443.10,TARGET,965.74,517.14
fast_pair,TITAN,2025-09-24,LONG,2025-09-24T14:00:00,3425.60,3420.09,3433.86,87,5.51,2025-09-24T14:40:00,3420.09,STOP,-479.17,-925.85
fast_pair,TITAN,2025-09-25,LONG,2025-09-25T12:30:00,3389.00,3382.75,3398.38,88,6.25,2025-09-25T12:40:00,3382.75,STOP,-550.11,-997.04
fast_pair,TITAN,2025-09-29,LONG,2025-09-29T11:30:00,3378.80,3369.22,3393.17,88,9.58,2025-09-29T11:50:00,3369.22,STOP,-843.01,-1288.38
fast_pair,TITAN,2025-09-30,SHORT,2025-09-30T10:30:00,3398.00,3410.63,3379.06,88,12.63,2025-09-30T11:00:00,3410.63,STOP,-1111.09,-1560.46
fast_pair,TITAN,2025-10-01,SHORT,2025-10-01T10:20:00,3361.80,3371.83,3346.75,89,10.03,2025-10-01T11:20:00,3371.83,STOP,-892.69,-1342.16
fast_pair,TITAN,2025-10-03,SHORT,2025-10-03T10:20:00,3388.50,3399.34,3372.24,88,10.84,2025-10-03T10:30:00,3399.34,STOP,-954.09,-1402.09
fast_pair,TITAN,2025-10-06,LONG,2025-10-06T12:20:00,3425.10,3415.63,3439.31,87,9.47,2025-10-06T13:40:00,3439.31,TARGET,1236.30,788.40
fast_pair,TITAN,2025-10-07,LONG,2025-10-07T11:00:00,3433.10,3425.36,3444.71,87,7.74,2025-10-07T12:30:00,3444.71,TARGET,1009.87,561.09
fast_pair,TITAN,2025-10-08,SHORT,2025-10-08T12:50:00,3542.10,3553.00,3525.75,84,10.90,2025-10-08T13:00:00,3553.00,STOP,-915.66,-1362.65
fast_pair,TITAN,2025-10-09,LONG,2025-10-09T13:30:00,3544.90,3538.10,3555.10,84,6.80,2025-10-09T15:00:00,3555.10,TARGET,856.66,409.36
fast_pair,TITAN,2025-10-10,SHORT,2025-10-10T13:00:00,3554.70,3562.59,3542.86,84,7.89,2025-10-10T13:50:00,3542.86,TARGET,994.68,547.53
fast_pair,TITAN,2025-10-13,LONG,2025-10-13T10:40:00,3539.80,3530.26,3554.11,84,9.54,2025-10-13T11:10:00,3530.26,STOP,-801.26,-1246.67
fast_pair,TITAN,2025-10-14,LONG,2025-10-14T11:10:00,3526.90,3519.02,3538.72,85,7.88,2025-10-14T11:20:00,3519.02,STOP,-670.02,-1119.20
fast_pair,TITAN,2025-10-15,LONG,2025-10-15T10:30:00,3537.70,3527.02,3553.72,84,10.68,2025-10-15T10:30:00,3553.72,TARGET,1345.40,898.64
fast_pair,TITAN,2025-10-17,SHORT,2025-10-17T14:10:00,3690.10,3699.99,3675.27,81,9.89,2025-10-17T15:10:00,3675.27,TARGET,1201.48,754.04
fast_pair,TITAN,2025-10-21,LONG,2025-10-21T14:00:00,3742.80,3729.36,3762.96,80,13.44,2025-10-21T14:20:00,3729.36,STOP,-1075.19,-1523.52
fast_pair,TITAN,2025-10-23,SHORT,2025-10-23T13:00:00,3764.10,3774.50,3748.49,79,10.40,2025-10-23T13:10:00,3774.50,STOP,-821.98,-1268.64
fast_pair,TITAN,2025-10-27,SHORT,2025-10-27T11:30:00,3724.00,3731.46,3712.81,80,7.46,2025-10-27T11:30:00,3727.50,REVERSE,-280.00,-727.09
fast_pair,TITAN,2025-10-29,LONG,2025-10-29T10:40:00,3741.00,3729.65,3758.03,80,11.35,2025-10-29T12:30:00,3744.10,TIME_STOP,248.00,-201.11
fast_pair,TITAN,2025-10-30,LONG,2025-10-30T11:00:00,3742.30,3734.32,3754.27,80,7.98,2025-10-30T11:00:00,3754.27,TARGET,957.51,507.72
fast_pair,TITAN,2025-10-31,SHORT,2025-10-31T12:20:00,3759.70,3767.61,3747.83,79,7.91,2025-10-31T13:40:00,3762.90,REVERSE,-252.80,-698.51
fast_pair,TITAN,2025-11-03,LONG,2025-11-03T12:30:00,3720.30,3707.23,3739.90,80,13.07,2025-11-03T12:50:00,3739.90,TARGET,1568.13,1120.52
fast_pair,TITAN,2025-11-04,SHORT,2025-11-04T14:10:00,3804.40,3815.35,3787.98,78,10.95,2025-11-04T14:40:00,3815.35,STOP,-853.80,-1299.56
fast_pair,TITAN,2025-11-06,SHORT,2025-11-06T10:20:00,3791.80,3806.98,3769.03,79,15.18,2025-11-06T12:10:00,3780.90,TIME_STOP,861.10,412.42
fast_pair,TITAN,2025-11-07,LONG,2025-11-07T11:40:00,3769.50,3759.34,3784.74,79,10.16,2025-11-07T11:50:00,3763.00,REVERSE,-513.50,-959.80
fast_pair,TITAN,2025-11-10,SHORT,2025-11-10T11:10:00,3786.20,3794.96,3773.06,79,8.76,2025-11-10T11:20:00,3794.96,STOP,-691.97,-1141.15
fast_pair,TITAN,2025-11-11,LONG,2025-11-11T12:10:00,3783.40,3775.25,3795.62,79,8.15,2025-11-11T12:40:00,3795.62,TARGET,965.26,516.21
fast_pair,TITAN,2025-11-18,LONG,2025-11-18T13:20:00,3859.00,3852.53,3868.71,77,6.47,2025-11-18T13:50:00,3852.53,STOP,-498.30,-943.64
fast_pair,TITAN,2025-11-19,SHORT,2025-11-19T14:10:00,3902.60,3909.85,3891.73,76,7.25,2025-11-19T14:20:00,3909.85,STOP,-550.91,-996.22
fast_pair,TITAN,2025-11-20,SHORT,2025-11-20T11:00:00,3928.00,3935.70,3916.45,76,7.70,2025-11-20T11:30:00,3935.70,STOP,-585.17,-1033.40
fast_pair,TITAN,2025-11-24,SHORT,2025-11-24T11:00:00,3913.00,3922.07,3899.39,76,9.07,2025-11-24T12:10:00,3899.39,TARGET,1033.98,588.68
fast_pair,TITAN,2025-11-25,SHORT,2025-11-25T11:40:00,3888.80,3896.34,3877.50,77,7.54,2025-11-25T12:10:00,3877.50,TARGET,870.35,421.85
fast_pair,TITAN,2025-11-26,SHORT,2025-11-26T13:20:00,3898.10,3906.13,3886.06,76,8.03,2025-11-26T14:50:00,3886.06,TARGET,914.92,471.22
fast_pair,TITAN,2025-11-27,SHORT,2025-11-27T12:30:00,3905.90,3915.63,3891.31,76,9.73,2025-11-27T14:20:00,3905.10,TIME_STOP,60.80,-384.43
fast_pair,TITAN,2025-11-28,SHORT,2025-11-28T11:30:00,3915.60,3924.38,3902.44,76,8.78,2025-11-28T13:20:00,3912.50,TIME_STOP,235.60,-210.60
fast_pair,TITAN,2025-12-02,LONG,2025-12-02T11:30:00,3885.50,3876.77,3898.59,77,8.73,2025-12-02T12:40:00,3898.59,TARGET,1008.09,558.56
fast_pair,TITAN,2025-12-04,LONG,2025-12-04T10:30:00,3817.00,3805.29,3834.56,78,11.71,2025-12-04T12:20:00,3809.40,REVERSE,-592.80,-1038.94
fast_pair,TITAN,2025-12-05,SHORT,2025-12-05T12:20:00,3811.20,3818.67,3799.99,78,7.47,2025-12-05T12:30:00,3818.67,STOP,-582.83,-1029.18
fast_pair,TITAN,2025-12-08,LONG,2025-12-08T11:30:00,3817.00,3808.97,3829.05,78,8.03,2025-12-08T12:00:00,3808.97,STOP,-626.60,-1072.72
fast_pair,TITAN,2025-12-09,LONG,2025-12-09T10:20:00,3792.90,3782.01,3809.24,79,10.89,2025-12-09T10:30:00,3809.24,TARGET,1290.84,840.42
fast_pair,TITAN,2025-12-10,LONG,2025-12-10T11:30:00,3844.00,3835.51,3856.74,78,8.49,2025-12-10T13:00:00,3842.10,REVERSE,-148.20,-597.84
fast_pair,TITAN,2025-12-11,LONG,2025-12-11T11:20:00,3828.70,3815.96,3847.81,78,12.74,2025-12-11T13:10:00,3834.00,TIME_STOP,413.40,-34.87
fast_pair,TITAN,2025-12-12,SHORT,2025-12-12T13:30:00,3874.80,3883.00,3862.50,77,8.20,2025-12-12T14:00:00,3883.00,STOP,-631.48,-1079.50
fast_pair,TITAN,2025-12-17,SHORT,2025-12-17T11:00:00,3915.60,3924.10,3902.86,76,8.50,2025-12-17T11:30:00,3902.86,TARGET,968.45,522.79
fast_pair,TITAN,2025-12-18,LONG,2025-12-18T10:40:00,3905.90,3898.34,3917.24,76,7.56,2025-12-18T10:50:00,3917.24,TARGET,862.11,416.19
fast_pair,TITAN,2025-12-22,SHORT,2025-12-22T11:10:00,3937.70,3944.07,3928.15,76,6.37,2025-12-22T11:10:00,3928.15,TARGET,726.00,277.65
fast_pair,TITAN,2025-12-24,LONG,2025-12-24T13:00:00,3916.60,3910.24,3926.13,76,6.36,2025-12-24T13:30:00,3910.24,STOP,-482.99,-929.12
fast_pair,TITAN,2025-12-29,SHORT,2025-12-29T12:40:00,4009.00,4016.82,3997.27,74,7.82,2025-12-29T13:00:00,3997.27,TARGET,867.80,423.45
fast_pair,TITAN,2025-12-30,LONG,2025-12-30T11:00:00,3984.60,3975.33,3998.50,75,9.27,2025-12-30T11:50:00,3981.70,REVERSE,-217.50,-665.60
fast_pair,TITAN,2026-01-02,LONG,2026-01-02T11:00:00,4044.10,4032.15,4062.03,74,11.95,2026-01-02T12:50:00,4043.50,TIME_STOP,-44.40,-493.26
fast_pair,TITAN,2026-01-05,SHORT,2026-01-05T14:10:00,4075.00,4082.37,4063.94,73,7.37,2026-01-05T14:10:00,4082.37,STOP,-538.26,-984.87
fast_pair,TITAN,2026-01-06,SHORT,2026-01-06T12:30:00,4089.90,4098.42,4077.12,73,8.52,2026-01-06T13:10:00,4098.42,STOP,-621.86,-1070.17
fast_pair,TITAN,2026-01-07,SHORT,2026-01-07T13:40:00,4280.00,4291.95,4262.08,70,11.95,2026-01-07T14:50:00,4262.08,TARGET,1254.48,806.02
fast_pair,TITAN,2026-01-12,LONG,2026-01-12T13:40:00,4202.50,4191.01,4219.73,71,11.49,2026-01-12T14:10:00,4219.73,TARGET,1223.32,774.84
fast_pair,TITAN,2026-01-13,SHORT,2026-01-13T12:20:00,4237.80,4250.05,4219.42,70,12.25,2026-01-13T14:10:00,4232.70,TIME_STOP,357.00,-87.70
fast_pair,TITAN,2026-01-14,LONG,2026-01-14T10:40:00,4246.70,4236.17,4262.49,70,10.53,2026-01-14T10:50:00,4262.49,TARGET,1105.40,658.67
fast_pair,TITAN,2026-01-21,LONG,2026-01-21T12:10:00,4083.30,4070.33,4102.76,73,12.97,2026-01-21T12:20:00,4102.76,TARGET,1420.23,972.04
fast_pair,TITAN,2026-01-22,SHORT,2026-01-22T11:00:00,4088.10,4100.27,4069.85,73,12.17,2026-01-22T11:10:00,4069.85,TARGET,1332.28,885.63
fast_pair,TITAN,2026-01-23,LONG,2026-01-23T10:00:00,4013.00,3998.32,4035.02,74,14.68,2026-01-23T10:30:00,4035.02,TARGET,1629.66,1183.00
fast_pair,TITAN,2026-01-28,SHORT,2026-01-28T10:00:00,3982.10,3996.78,3960.08,75,14.68,2026-01-28T11:10:00,3992.70,REVERSE,-795.00,-1243.58
fast_pair,TITAN,2026-01-29,LONG,2026-01-29T13:00:00,3890.50,3876.91,3910.89,77,13.59,2026-01-29T13:20:00,3910.89,TARGET,1570.10,1119.57
fast_pair,TITAN,2026-01-30,SHORT,2026-01-30T10:00:00,3916.20,3931.12,3893.82,76,14.92,2026-01-30T10:00:00,3931.12,STOP,-1133.79,-1581.09
fast_pair,TITAN,2026-02-02,LONG,2026-02-02T12:30:00,3932.90,3918.16,3955.00,76,14.74,2026-02-02T13:20:00,3918.16,STOP,-1119.94,-1567.45
fast_pair,TITAN,2026-02-03,SHORT,2026-02-03T13:40:00,4070.30,4084.37,4049.19,73,14.07,2026-02-03T13:50:00,4084.37,STOP,-1027.43,-1473.90
fast_pair,TITAN,2026-02-04,SHORT,2026-02-04T13:00:00,4123.60,4135.95,4105.07,72,12.35,2026-02-04T13:10:00,4135.95,STOP,-889.37,-1335.39
fast_pair,TITAN,2026-02-05,LONG,2026-02-05T13:40:00,4086.80,4076.78,4101.83,73,10.02,2026-02-05T14:40:00,4101.83,TARGET,1097.48,649.16
fast_pair,TITAN,2026-02-06,LONG,2026-02-06T11:30:00,4091.80,4079.05,4110.93,73,12.75,2026-02-06T11:50:00,4110.93,TARGET,1396.56,947.46
fast_pair,TITAN,2026-02-10,SHORT,2026-02-10T13:30:00,4260.70,4277.52,4235.46,70,16.82,2026-02-10T15:00:00,4277.52,STOP,-1177.68,-1625.94
fast_pair,TITAN,2026-02-11,SHORT,2026-02-11T11:10:00,4258.90,4284.64,4220.29,70,25.74,2026-02-11T13:00:00,4242.50,TIME_STOP,1148.00,701.68
fast_pair,TITAN,2026-02-12,LONG,2026-02-12T10:00:00,4250.40,4227.67,4284.50,70,22.73,2026-02-12T10:40:00,4230.00,REVERSE,-1428.00,-1873.22
fast_pair,TITAN,2026-02-16,LONG,2026-02-16T11:00:00,4184.30,4171.26,4203.86,71,13.04,2026-02-16T11:30:00,4171.26,STOP,-925.61,-1370.54
fast_pair,TITAN,2026-02-19,LONG,2026-02-19T12:40:00,4246.80,4237.88,4260.18,70,8.92,2026-02-19T12:50:00,4237.88,STOP,-624.48,-1069.92
fast_pair,TITAN,2026-02-20,SHORT,2026-02-20T13:30:00,4234.80,4244.87,4219.69,70,10.07,2026-02-20T14:00:00,4244.87,STOP,-704.96,-1150.14
fast_pair,TITAN,2026-02-23,SHORT,2026-02-23T13:30:00,4260.30,4269.27,4246.84,70,8.97,2026-02-23T13:40:00,4269.27,STOP,-628.12,-1075.92
fast_pair,TITAN,2026-02-24,LONG,2026-02-24T10:50:00,4266.10,4256.90,4279.89,70,9.20,2026-02-24T12:40:00,4263.80,REVERSE,-161.00,-608.82
fast_pair,TITAN,2026-02-26,SHORT,2026-02-26T12:30:00,4319.60,4328.66,4306.00,69,9.06,2026-02-26T13:00:00,4328.66,STOP,-625.48,-1073.03
fast_pair,TITAN,2026-02-27,LONG,2026-02-27T11:20:00,4330.00,4321.92,4342.12,69,8.08,2026-02-27T11:30:00,4321.92,STOP,-557.31,-1005.05
fast_pair,TITAN,2026-03-04,LONG,2026-03-04T12:00:00,4165.30,4144.90,4195.89,72,20.40,2026-03-04T13:30:00,4195.89,TARGET,2202.74,1751.23
fast_pair,TITAN,2026-03-06,SHORT,2026-03-06T13:30:00,4271.10,4282.45,4254.07,70,11.35,2026-03-06T14:40:00,4254.07,TARGET,1192.07,744.50
fast_pair,TITAN,2026-03-09,LONG,2026-03-09T12:10:00,4178.20,4163.59,4200.11,71,14.61,2026-03-09T12:10:00,4163.59,STOP,-1037.10,-1481.30
fast_pair,TITAN,2026-03-10,SHORT,2026-03-10T13:40:00,4194.20,4206.23,4176.15,71,12.03,2026-03-10T13:50:00,4206.23,STOP,-854.41,-1301.73
fast_pair,TITAN,2026-03-11,SHORT,2026-03-11T10:10:00,4200.30,4215.05,4178.17,71,14.75,2026-03-11T10:50:00,4178.17,TARGET,1571.03,1124.87
fast_pair,TITAN,2026-03-12,LONG,2026-03-12T11:30:00,4103.90,4086.13,4130.56,73,17.77,2026-03-12T11:40:00,4086.13,STOP,-1297.56,-1745.96
fast_pair,ASIANPAINT,2024-03-18,LONG,2024-03-18T12:30:00,2834.30,2822.09,2852.62,105,12.21,2024-03-18T14:20:00,2843.90,TIME_STOP,1008.00,560.84
fast_pair,ASIANPAINT,2024-03-19,LONG,2024-03-19T12:50:00,2815.00,2808.68,2824.49,106,6.32,2024-03-19T14:00:00,2808.68,STOP,-670.38,-1117.46
fast_pair,ASIANPAINT,2024-03-20,SHORT,2024-03-20T10:10:00,2805.85,2813.28,2794.70,106,7.43,2024-03-20T11:00:00,2813.28,STOP,-787.87,-1234.59
fast_pair,ASIANPAINT,2024-03-21,SHORT,2024-03-21T12:20:00,2826.70,2834.25,2815.37,106,7.55,2024-03-21T12:20:00,2834.25,STOP,-800.74,-1250.78
fast_pair,ASIANPAINT,2024-03-22,LONG,2024-03-22T11:00:00,2823.60,2815.02,2836.48,106,8.58,2024-03-22T12:50:00,2836.48,TARGET,1364.79,914.82
fast_pair,ASIANPAINT,2024-03-26,LONG,2024-03-26T12:50:00,2829.05,2822.71,2838.55,106,6.34,2024-03-26T13:50:00,2822.71,STOP,-671.63,-1120.94
fast_pair,ASIANPAINT,2024-03-27,SHORT,2024-03-27T13:10:00,2827.00,2830.97,2821.04,106,3.97,2024-03-27T13:30:00,2830.97,STOP,-421.04,-870.85
fast_pair,ASIANPAINT,2024-03-28,LONG,2024-03-28T10:20:00,2837.55,2831.26,2846.98,105,6.29,2024-03-28T10:30:00,2831.26,STOP,-660.35,-1106.76
fast_pair,ASIANPAINT,2024-04-01,SHORT,2024-04-01T11:00:00,2856.60,2865.89,2842.67,105,9.29,2024-04-01T12:00:00,2865.89,STOP,-975.24,-1425.89
fast_pair,ASIANPAINT,2024-04-02,LONG,2024-04-02T10:10:00,2874.00,2866.90,2884.65,104,7.10,2024-04-02T10:30:00,2884.65,TARGET,1107.14,657.96
fast_pair,ASIANPAINT,2024-04-03,LONG,2024-04-03T11:40:00,2868.00,2862.08,2876.89,104,5.92,2024-04-03T13:30:00,2876.89,TARGET,924.27,476.17
fast_pair,ASIANPAINT,2024-04-04,LONG,2024-04-04T12:00:00,2874.00,2865.79,2886.32,104,8.21,2024-04-04T12:40:00,2886.32,TARGET,1281.00,831.69
fast_pair,ASIANPAINT,2024-04-05,LONG,2024-04-05T10:20:00,2920.70,2910.70,2935.70,102,10.00,2024-04-05T10:30:00,2910.70,STOP,-1020.00,-1466.10
fast_pair,ASIANPAINT,2024-04-09,SHORT,2024-04-09T11:10:00,2889.50,2896.76,2878.60,103,7.26,2024-04-09T11:30:00,2878.60,TARGET,1122.29,676.70
fast_pair,ASIANPAINT,2024-04-12,LONG,2024-04-12T12:10:00,2865.00,2857.98,2875.54,104,7.02,2024-04-12T12:20:00,2857.98,STOP,-730.58,-1176.97
fast_pair,ASIANPAINT,2024-04-15,LONG,2024-04-15T11:40:00,2841.65,2834.01,2853.11,105,7.64,2024-04-15T11:50:00,2837.20,REVERSE,-467.25,-914.46
fast_pair,ASIANPAINT,2024-04-18,LONG,2024-04-18T11:10:00,2839.90,2830.86,2853.46,105,9.04,2024-04-18T11:20:00,2853.46,TARGET,1423.55,975.20
fast_pair,ASIANPAINT,2024-04-19,LONG,2024-04-19T11:50:00,2786.35,2777.18,2800.11,107,9.17,2024-04-19T11:50:00,2783.65,REVERSE,-288.90,-735.89
fast_pair,ASIANPAINT,2024-04-22,SHORT,2024-04-22T14:10:00,2834.75,2840.44,2826.22,105,5.69,2024-04-22T15:10:00,2840.44,STOP,-597.28,-1044.20
fast_pair,ASIANPAINT,2024-04-25,LONG,2024-04-25T12:50:00,2844.35,2837.83,2854.12,105,6.52,2024-04-25T13:20:00,2854.12,TARGET,1026.36,577.61
fast_pair,ASIANPAINT,2024-04-26,SHORT,2024-04-26T10:40:00,2860.25,2869.15,2846.90,104,8.90,2024-04-26T10:40:00,2864.00,REVERSE,-390.00,-836.49
fast_pair,ASIANPAINT,2024-04-29,SHORT,2024-04-29T13:10:00,2862.40,2868.48,2853.29,104,6.08,2024-04-29T13:20:00,2867.15,REVERSE,-494.00,-940.90
fast_pair,ASIANPAINT,2024-04-30,SHORT,2024-04-30T13:10:00,2898.25,2904.28,2889.20,103,6.03,2024-04-30T13:30:00,2904.28,STOP,-621.45,-1069.70
fast_pair,ASIANPAINT,2024-05-03,SHORT,2024-05-03T11:50:00,2939.30,2952.95,2918.83,102,13.65,2024-05-03T12:10:00,2918.83,TARGET,2088.45,1640.30
fast_pair,ASIANPAINT,2024-05-06,LONG,2024-05-06T10:40:00,2939.50,2926.34,2959.25,102,13.16,2024-05-06T12:20:00,2934.35,REVERSE,-525.30,-974.65
fast_pair,ASIANPAINT,2024-05-07,SHORT,2024-05-07T10:50:00,2938.85,2949.56,2922.78,102,10.71,2024-05-07T11:30:00,2922.78,TARGET,1639.21,1190.80
fast_pair,ASIANPAINT,2024-05-09,SHORT,2024-05-09T10:20:00,2829.90,2841.81,2812.03,106,11.91,2024-05-09T12:10:00,2819.25,TIME_STOP,1128.90,679.79
fast_pair,ASIANPAINT,2024-05-14,LONG,2024-05-14T11:10:00,2870.10,2858.41,2887.64,104,11.69,2024-05-14T12:50:00,2887.64,TARGET,1824.31,1375.21
fast_pair,ASIANPAINT,2024-05-17,LONG,2024-05-17T11:10:00,2803.10,2795.07,2815.14,107,8.03,2024-05-17T11:20:00,2797.95,REVERSE,-551.05,-1000.53
fast_pair,ASIANPAINT,2024-05-23,SHORT,2024-05-23T10:50:00,2880.20,2890.59,2864.62,104,10.39,2024-05-23T11:00:00,2890.59,STOP,-1080.26,-1530.38
fast_pair,ASIANPAINT,2024-05-27,LONG,2024-05-27T10:40:00,2877.00,2868.24,2890.14,104,8.76,2024-05-27T10:50:00,2890.14,TARGET,1366.41,916.57
fast_pair,ASIANPAINT,2024-05-28,LONG,2024-05-28T10:50:00,2883.00,2875.63,2894.06,104,7.37,2024-05-28T11:30:00,2875.63,STOP,-766.73,-1215.90
fast_pair,ASIANPAINT,2024-05-29,LONG,2024-05-29T10:00:00,2910.10,2899.89,2925.41,103,10.21,2024-05-29T10:10:00,2899.89,STOP,-1051.52,-1500.34
fast_pair,ASIANPAINT,2024-05-30,LONG,2024-05-30T12:10:00,2898.55,2891.02,2909.85,103,7.53,2024-05-30T13:00:00,2909.85,TARGET,1163.87,715.17
fast_pair,ASIANPAINT,2024-05-31,SHORT,2024-05-31T10:20:00,2884.05,2895.70,2866.57,104,11.65,2024-05-31T10:40:00,2866.57,TARGET,1817.74,1369.19
fast_pair,ASIANPAINT,2024-06-04,LONG,2024-06-04T10:20:00,2889.70,2871.64,2916.78,103,18.06,2024-06-04T10:20:00,2871.64,STOP,-1859.71,-2304.78
fast_pair,ASIANPAINT,2024-06-05,SHORT,2024-06-05T12:50:00,2967.95,2987.19,2939.09,101,19.24,2024-06-05T14:10:00,2939.09,TARGET,2914.49,2467.03
fast_pair,ASIANPAINT,2024-06-07,SHORT,2024-06-07T13:10:00,2918.45,2929.53,2901.83,102,11.08,2024-06-07T14:30:00,2929.53,STOP,-1129.85,-1577.22
fast_pair,ASIANPAINT,2024-06-10,SHORT,2024-06-10T10:10:00,2918.05,2929.75,2900.50,102,11.70,2024-06-10T10:20:00,2929.75,STOP,-1193.40,-1640.76
fast_pair,ASIANPAINT,2024-06-12,LONG,2024-06-12T12:50:00,2909.90,2901.01,2923.24,103,8.89,2024-06-12T13:00:00,2901.01,STOP,-915.92,-1364.82
fast_pair,ASIANPAINT,2024-06-13,SHORT,2024-06-13T13:50:00,2912.40,2917.74,2904.40,103,5.34,2024-06-13T15:20:00,2907.00,EOD,556.20,106.65
fast_pair,ASIANPAINT,2024-06-18,LONG,2024-06-18T11:40:00,2916.50,2910.52,2925.47,102,5.98,2024-06-18T12:30:00,2915.30,REVERSE,-122.40,-568.53
fast_pair,ASIANPAINT,2024-06-20,LONG,2024-06-20T11:40:00,2906.45,2899.04,2917.57,103,7.41,2024-06-20T12:30:00,2899.04,STOP,-763.34,-1211.82
fast_pair,ASIANPAINT,2024-06-21,LONG,2024-06-21T12:20:00,2899.00,2892.60,2908.60,103,6.40,2024-06-21T12:40:00,2892.60,STOP,-659.15,-1106.55
fast_pair,ASIANPAINT,2024-06-24,LONG,2024-06-24T11:30:00,2885.50,2879.02,2895.23,103,6.48,2024-06-24T11:40:00,2895.23,TARGET,1001.83,555.27
fast_pair,ASIANPAINT,2024-06-26,LONG,2024-06-26T10:40:00,2863.45,2856.35,2874.09,104,7.10,2024-06-26T12:30:00,2869.00,TIME_STOP,577.20,130.07
fast_pair,ASIANPAINT,2024-07-01,LONG,2024-07-01T10:10:00,2920.55,2912.89,2932.05,102,7.66,2024-07-01T10:10:00,2912.89,STOP,-781.80,-1228.06
fast_pair,ASIANPAINT,2024-07-02,LONG,2024-07-02T11:10:00,2930.60,2924.06,2940.41,102,6.54,2024-07-02T11:40:00,2924.06,STOP,-666.81,-1114.69
fast_pair,ASIANPAINT,2024-07-03,SHORT,2024-07-03T13:00:00,2937.05,2942.22,2929.30,102,5.17,2024-07-03T13:10:00,2942.00,REVERSE,-504.90,-954.65
fast_pair,ASIANPAINT,2024-07-04,SHORT,2024-07-04T12:40:00,2946.50,2953.37,2936.19,101,6.87,2024-07-04T14:30:00,2946.75,TIME_STOP,-25.25,-471.66
fast_pair,ASIANPAINT,2024-07-09,SHORT,2024-07-09T10:30:00,2892.25,2898.49,2882.89,103,6.24,2024-07-09T11:10:00,2898.49,STOP,-642.76,-1090.09
fast_pair,ASIANPAINT,2024-07-12,SHORT,2024-07-12T10:00:00,3015.25,3024.66,3001.13,99,9.41,2024-07-12T10:10:00,3001.13,TARGET,1397.51,950.79
fast_pair,ASIANPAINT,2024-07-15,LONG,2024-07-15T12:00:00,2973.10,2961.99,2989.76,100,11.11,2024-07-15T12:00:00,2961.99,STOP,-1110.78,-1555.91
fast_pair,ASIANPAINT,2024-07-18,LONG,2024-07-18T14:10:00,2922.85,2911.03,2940.58,102,11.82,2024-07-18T15:20:00,2930.25,EOD,754.80,307.04
fast_pair,ASIANPAINT,2024-07-19,SHORT,2024-07-19T12:00:00,2935.05,2946.25,2918.25,102,11.20,2024-07-19T13:20:00,2946.25,STOP,-1142.54,-1592.46
fast_pair,ASIANPAINT,2024-07-22,LONG,2024-07-22T10:20:00,2960.00,2946.70,2979.95,101,13.30,2024-07-22T10:50:00,2946.70,STOP,-1343.04,-1790.48
fast_pair,ASIANPAINT,2024-07-23,LONG,2024-07-23T11:20:00,2932.00,2924.52,2943.23,102,7.48,2024-07-23T12:20:00,2924.52,STOP,-763.40,-1211.43
fast_pair,ASIANPAINT,2024-07-24,LONG,2024-07-24T10:50:00,2906.35,2895.43,2922.72,103,10.92,2024-07-24T11:10:00,2922.72,TARGET,1686.50,1236.20
fast_pair,ASIANPAINT,2024-07-25,LONG,2024-07-25T13:20:00,2902.50,2897.38,2910.18,103,5.12,2024-07-25T13:30:00,2897.38,STOP,-527.37,-975.41
fast_pair,ASIANPAINT,2024-07-30,SHORT,2024-07-30T13:50:00,3010.65,3018.67,2998.62,99,8.02,2024-07-30T15:20:00,3002.80,EOD,777.15,330.65
fast_pair,ASIANPAINT,2024-07-31,SHORT,2024-07-31T13:40:00,3078.95,3087.41,3066.26,97,8.46,2024-07-31T14:00:00,3083.15,REVERSE,-407.40,-855.69
fast_pair,ASIANPAINT,2024-08-01,SHORT,2024-08-01T12:50:00,3091.80,3099.67,3079.99,97,7.87,2024-08-01T13:20:00,3079.99,TARGET,1145.17,696.17
fast_pair,ASIANPAINT,2024-08-02,SHORT,2024-08-02T10:30:00,3088.40,3100.59,3070.11,97,12.19,2024-08-02T10:40:00,3100.59,STOP,-1182.75,-1633.00
fast_pair,ASIANPAINT,2024-08-05,LONG,2024-08-05T10:10:00,3141.00,3127.19,3161.72,95,13.81,2024-08-05T10:10:00,3127.19,STOP,-1312.15,-1758.76
fast_pair,ASIANPAINT,2024-08-07,LONG,2024-08-07T10:40:00,3106.50,3092.66,3127.26,96,13.84,2024-08-07T10:50:00,3092.66,STOP,-1328.91,-1775.25
fast_pair,ASIANPAINT,2024-08-09,SHORT,2024-08-09T10:00:00,3013.30,3024.69,2996.21,99,11.39,2024-08-09T10:00:00,3015.75,REVERSE,-242.55,-690.21
fast_pair,ASIANPAINT,2024-08-12,SHORT,2024-08-12T10:20:00,3016.65,3034.61,2989.71,99,17.96,2024-08-12T11:00:00,3034.61,STOP,-1778.12,-2227.42
fast_pair,ASIANPAINT,2024-08-13,LONG,2024-08-13T13:40:00,3037.05,3028.82,3049.39,98,8.23,2024-08-13T13:40:00,3028.82,STOP,-806.35,-1252.19
fast_pair,ASIANPAINT,2024-08-16,SHORT,2024-08-16T10:10:00,3019.00,3029.99,3002.52,99,10.99,2024-08-16T11:40:00,3025.90,REVERSE,-683.10,-1131.93
fast_pair,ASIANPAINT,2024-08-19,SHORT,2024-08-19T11:10:00,3042.05,3050.04,3030.07,98,7.99,2024-08-19T11:10:00,3050.04,STOP,-782.75,-1230.52
fast_pair,ASIANPAINT,2024-08-20,SHORT,2024-08-20T11:50:00,3088.00,3095.13,3077.30,97,7.13,2024-08-20T12:30:00,3095.13,STOP,-691.75,-1141.57
fast_pair,ASIANPAINT,2024-08-23,SHORT,2024-08-23T12:20:00,3162.50,3171.32,3149.28,94,8.82,2024-08-23T12:20:00,3168.50,REVERSE,-564.00,-1010.34
fast_pair,ASIANPAINT,2024-08-26,LONG,2024-08-26T10:20:00,3164.50,3156.15,3177.03,94,8.35,2024-08-26T12:00:00,3156.15,STOP,-784.92,-1230.52
fast_pair,ASIANPAINT,2024-08-27,LONG,2024-08-27T10:20:00,3174.15,3166.31,3185.90,94,7.84,2024-08-27T10:40:00,3185.90,TARGET,1104.88,656.49
fast_pair,ASIANPAINT,2024-08-29,LONG,2024-08-29T10:10:00,3133.40,3126.19,3144.21,95,7.21,2024-08-29T10:50:00,3127.00,REVERSE,-608.00,-1054.05
fast_pair,ASIANPAINT,2024-09-02,SHORT,2024-09-02T12:20:00,3147.50,3157.93,3131.85,95,10.43,2024-09-02T14:10:00,3153.50,REVERSE,-570.00,-1018.95
fast_pair,ASIANPAINT,2024-09-03,SHORT,2024-09-03T12:20:00,3158.10,3164.07,3149.15,94,5.97,2024-09-03T12:40:00,3162.35,REVERSE,-399.50,-845.09
fast_pair,ASIANPAINT,2024-09-05,LONG,2024-09-05T10:40:00,3231.60,3220.99,3247.51,92,10.61,2024-09-05T11:00:00,3247.51,TARGET,1464.11,1017.05
fast_pair,ASIANPAINT,2024-09-06,SHORT,2024-09-06T10:20:00,3240.00,3250.91,3223.64,92,10.91,2024-09-06T10:30:00,3250.91,STOP,-1003.69,-1451.56
fast_pair,ASIANPAINT,2024-09-09,SHORT,2024-09-09T11:00:00,3276.00,3287.12,3259.32,91,11.12,2024-09-09T12:00:00,3259.32,TARGET,1518.05,1072.02
fast_pair,ASIANPAINT,2024-09-10,SHORT,2024-09-10T10:30:00,3274.00,3282.75,3260.88,91,8.75,2024-09-10T10:40:00,3282.75,STOP,-796.20,-1243.69
fast_pair,ASIANPAINT,2024-09-12,LONG,2024-09-12T10:10:00,3384.70,3373.25,3401.87,88,11.45,2024-09-12T10:10:00,3373.25,STOP,-1007.55,-1453.57
fast_pair,ASIANPAINT,2024-09-13,LONG,2024-09-13T11:50:00,3353.65,3343.90,3368.28,89,9.75,2024-09-13T12:50:00,3368.28,TARGET,1302.07,853.38
fast_pair,ASIANPAINT,2024-09-16,SHORT,2024-09-16T10:00:00,3346.10,3356.44,3330.59,89,10.34,2024-09-16T10:10:00,3356.44,STOP,-920.18,-1367.57
fast_pair,ASIANPAINT,2024-09-18,LONG,2024-09-18T12:50:00,3300.00,3292.58,3311.13,90,7.42,2024-09-18T12:50:00,3293.80,REVERSE,-558.00,-1003.08
fast_pair,ASIANPAINT,2024-09-19,SHORT,2024-09-19T12:30:00,3298.65,3308.43,3283.99,90,9.78,2024-09-19T12:50:00,3283.99,TARGET,1319.78,875.45
fast_pair,ASIANPAINT,2024-09-20,LONG,2024-09-20T10:20:00,3298.25,3286.49,3315.88,90,11.76,2024-09-20T10:40:00,3315.88,TARGET,1587.06,1140.60
fast_pair,ASIANPAINT,2024-09-25,LONG,2024-09-25T13:20:00,3224.20,3216.95,3235.08,93,7.25,2024-09-25T13:30:00,3235.08,TARGET,1011.46,560.93
fast_pair,ASIANPAINT,2024-09-26,SHORT,2024-09-26T11:00:00,3238.65,3247.75,3225.00,92,9.10,2024-09-26T11:50:00,3247.75,STOP,-837.24,-1284.80
fast_pair,ASIANPAINT,2024-09-27,SHORT,2024-09-27T14:10:00,3311.70,3320.38,3298.68,90,8.68,2024-09-27T14:10:00,3298.68,TARGET,1172.06,725.86
fast_pair,ASIANPAINT,2024-09-30,SHORT,2024-09-30T13:00:00,3334.95,3344.81,3320.15,89,9.86,2024-09-30T14:50:00,3338.00,TIME_STOP,-271.45,-716.87
fast_pair,ASIANPAINT,2024-10-04,LONG,2024-10-04T12:00:00,3131.45,3116.30,3154.18,95,15.15,2024-10-04T12:30:00,3154.18,TARGET,2159.44,1711.59
fast_pair,ASIANPAINT,2024-10-07,LONG,2024-10-07T12:30:00,3070.00,3056.45,3090.33,97,13.55,2024-10-07T12:50:00,3056.45,STOP,-1314.40,-1760.10
fast_pair,ASIANPAINT,2024-10-08,SHORT,2024-10-08T11:00:00,3057.60,3069.14,3040.29,98,11.54,2024-10-08T11:10:00,3069.14,STOP,-1130.75,-1581.07
fast_pair,ASIANPAINT,2024-10-10,LONG,2024-10-10T13:20:00,3060.95,3053.14,3072.67,98,7.81,2024-10-10T15:10:00,3057.35,TIME_STOP,-352.80,-802.50
fast_pair,ASIANPAINT,2024-10-11,LONG,2024-10-11T11:20:00,3046.15,3036.63,3060.44,98,9.52,2024-10-11T13:00:00,3042.05,REVERSE,-401.80,-849.28
fast_pair,ASIANPAINT,2024-10-14,LONG,2024-10-14T10:50:00,3042.50,3033.41,3056.14,98,9.09,2024-10-14T12:40:00,3042.00,TIME_STOP,-49.00,-496.21
fast_pair,ASIANPAINT,2024-10-15,SHORT,2024-10-15T13:10:00,3069.50,3077.96,3056.81,97,8.46,2024-10-15T15:00:00,3056.81,TARGET,1230.61,784.93
fast_pair,ASIANPAINT,2024-10-16,SHORT,2024-10-16T11:20:00,3078.65,3087.14,3065.91,97,8.49,2024-10-16T12:50:00,3079.00,REVERSE,-33.95,-481.92
fast_pair,ASIANPAINT,2024-10-22,SHORT,2024-10-22T10:20:00,3034.40,3044.97,3018.55,98,10.57,2024-10-22T11:30:00,3018.55,TARGET,1553.59,1108.70
fast_pair,ASIANPAINT,2024-10-23,LONG,2024-10-23T11:10:00,3001.50,2990.61,3017.83,99,10.89,2024-10-23T11:50:00,3017.83,TARGET,1616.81,1169.88
fast_pair,ASIANPAINT,2024-10-28,SHORT,2024-10-28T14:00:00,3007.35,3014.81,2996.16,99,7.46,2024-10-28T15:20:00,3001.00,EOD,628.65,182.53
fast_pair,ASIANPAINT,2024-10-29,LONG,2024-10-29T12:20:00,2976.30,2967.68,2989.23,100,8.62,2024-10-29T13:20:00,2989.23,TARGET,1292.98,845.57
fast_pair,ASIANPAINT,2024-10-30,LONG,2024-10-30T11:00:00,2988.00,2978.59,3002.11,100,9.41,2024-10-30T11:20:00,3002.11,TARGET,1411.31,962.05
fast_pair,ASIANPAINT,2024-11-04,LONG,2024-11-04T12:10:00,2918.15,2907.09,2934.74,102,11.06,2024-11-04T12:50:00,2907.09,STOP,-1128.42,-1574.05
fast_pair,ASIANPAINT,2024-11-05,LONG,2024-11-05T10:50:00,2911.00,2901.95,2924.57,103,9.05,2024-11-05T11:10:00,2901.95,STOP,-931.72,-1380.77
fast_pair,ASIANPAINT,2024-11-06,LONG,2024-11-06T10:10:00,2891.85,2882.74,2905.51,103,9.11,2024-11-06T10:20:00,2882.74,STOP,-938.24,-1384.33
fast_pair,ASIANPAINT,2024-11-13,LONG,2024-11-13T11:10:00,2479.00,2468.99,2494.01,121,10.01,2024-11-13T11:30:00,2472.40,REVERSE,-798.60,-1247.94
fast_pair,ASIANPAINT,2024-11-14,SHORT,2024-11-14T11:20:00,2468.70,2476.65,2456.77,121,7.95,2024-11-14T12:00:00,2476.65,STOP,-961.95,-1410.74
fast_pair,ASIANPAINT,2024-11-19,SHORT,2024-11-19T11:00:00,2484.40,2490.64,2475.05,120,6.24,2024-11-19T11:40:00,2489.25,REVERSE,-582.00,-1029.63
fast_pair,ASIANPAINT,2024-11-25,SHORT,2024-11-25T12:10:00,2483.00,2489.70,2472.95,120,6.70,2024-11-25T13:00:00,2472.95,TARGET,1205.83,759.79
fast_pair,ASIANPAINT,2024-11-27,SHORT,2024-11-27T11:30:00,2482.75,2489.89,2472.04,120,7.14,2024-11-27T11:30:00,2486.20,REVERSE,-414.00,-861.21
fast_pair,ASIANPAINT,2024-11-28,SHORT,2024-11-28T10:40:00,2485.85,2492.33,2476.14,120,6.48,2024-11-28T10:40:00,2476.14,TARGET,1165.55,718.97
fast_pair,ASIANPAINT,2024-12-02,LONG,2024-12-02T12:10:00,2477.65,2471.84,2486.36,121,5.81,2024-12-02T13:30:00,2471.84,STOP,-702.79,-1151.95
fast_pair,ASIANPAINT,2024-12-05,LONG,2024-12-05T12:30:00,2442.75,2437.15,2451.15,122,5.60,2024-12-05T13:20:00,2451.15,TARGET,1024.49,576.70
fast_pair,ASIANPAINT,2024-12-06,SHORT,2024-12-06T10:00:00,2449.00,2456.95,2437.07,122,7.95,2024-12-06T11:30:00,2437.07,TARGET,1454.96,1007.88
fast_pair,ASIANPAINT,2024-12-09,LONG,2024-12-09T13:00:00,2403.00,2398.44,2409.84,124,4.56,2024-12-09T13:40:00,2398.44,STOP,-565.53,-1012.06
fast_pair,ASIANPAINT,2024-12-10,SHORT,2024-12-10T10:20:00,2395.95,2401.11,2388.21,125,5.16,2024-12-10T12:00:00,2388.21,TARGET,967.91,519.40
fast_pair,ASIANPAINT,2024-12-11,SHORT,2024-12-11T13:50:00,2415.20,2419.95,2408.08,124,4.75,2024-12-11T14:30:00,2419.95,STOP,-588.43,-1038.10
fast_pair,ASIANPAINT,2024-12-13,LONG,2024-12-13T12:00:00,2385.15,2377.86,2396.08,125,7.29,2024-12-13T12:00:00,2396.08,TARGET,1366.16,917.92
fast_pair,ASIANPAINT,2024-12-16,SHORT,2024-12-16T10:10:00,2392.60,2400.18,2381.22,125,7.58,2024-12-16T12:00:00,2392.50,TIME_STOP,12.50,-436.10
fast_pair,ASIANPAINT,2024-12-18,SHORT,2024-12-18T10:20:00,2357.00,2363.24,2347.64,127,6.24,2024-12-18T10:20:00,2363.24,STOP,-792.57,-1242.17
fast_pair,ASIANPAINT,2024-12-23,SHORT,2024-12-23T10:30:00,2288.00,2294.98,2277.52,131,6.98,2024-12-23T11:30:00,2294.98,STOP,-914.86,-1365.14
fast_pair,ASIANPAINT,2024-12-24,SHORT,2024-12-24T13:10:00,2286.85,2291.35,2280.10,131,4.50,2024-12-24T13:20:00,2290.10,REVERSE,-425.75,-875.44
fast_pair,ASIANPAINT,2024-12-27,SHORT,2024-12-27T12:50:00,2278.30,2282.55,2271.92,131,4.25,2024-12-27T13:50:00,2271.92,TARGET,836.02,388.97
fast_pair,ASIANPAINT,2024-12-30,LONG,2024-12-30T10:50:00,2271.75,2266.21,2280.05,132,5.54,2024-12-30T12:20:00,2269.05,REVERSE,-356.40,-805.94
fast_pair,ASIANPAINT,2024-12-31,SHORT,2024-12-31T12:30:00,2284.00,2290.17,2274.74,131,6.17,2024-12-31T13:40:00,2285.55,REVERSE,-203.05,-652.01
fast_pair,ASIANPAINT,2025-01-01,SHORT,2025-01-01T13:40:00,2313.45,2319.23,2304.79,129,5.78,2025-01-01T14:40:00,2304.79,TARGET,1117.59,670.78
fast_pair,ASIANPAINT,2025-01-02,LONG,2025-01-02T11:00:00,2309.85,2304.22,2318.30,129,5.63,2025-01-02T12:10:00,2318.30,TARGET,1090.07,642.29
fast_pair,ASIANPAINT,2025-01-03,LONG,2025-01-03T10:50:00,2337.30,2330.75,2347.13,128,6.55,2025-01-03T12:00:00,2347.13,TARGET,1257.91,808.20
fast_pair,ASIANPAINT,2025-01-07,SHORT,2025-01-07T12:40:00,2297.75,2303.90,2288.53,130,6.15,2025-01-07T13:20:00,2288.53,TARGET,1198.84,751.68
fast_pair,ASIANPAINT,2025-01-08,LONG,2025-01-08T10:40:00,2300.00,2293.30,2310.05,130,6.70,2025-01-08T10:50:00,2293.30,STOP,-870.98,-1318.83
fast_pair,ASIANPAINT,2025-01-16,SHORT,2025-01-16T10:10:00,2225.35,2230.82,2217.14,134,5.47,2025-01-16T12:00:00,2217.14,TARGET,1100.41,653.94
fast_pair,ASIANPAINT,2025-01-20,LONG,2025-01-20T10:20:00,2265.10,2259.09,2274.11,132,6.01,2025-01-20T10:20:00,2274.11,TARGET,1189.33,739.95
fast_pair,ASIANPAINT,2025-01-23,SHORT,2025-01-23T13:20:00,2286.70,2292.95,2277.32,131,6.25,2025-01-23T13:40:00,2292.95,STOP,-819.39,-1269.34
fast_pair,ASIANPAINT,2025-01-24,LONG,2025-01-24T11:20:00,2279.00,2271.54,2290.19,131,7.46,2025-01-24T12:00:00,2290.19,TARGET,1465.30,1016.37
fast_pair,ASIANPAINT,2025-01-27,LONG,2025-01-27T10:10:00,2269.75,2261.21,2282.57,132,8.54,2025-01-27T10:20:00,2261.21,STOP,-1127.93,-1576.49
fast_pair,ASIANPAINT,2025-01-28,LONG,2025-01-28T11:20:00,2258.15,2249.82,2270.65,132,8.33,2025-01-28T13:10:00,2260.40,TIME_STOP,297.00,-150.34
fast_pair,ASIANPAINT,2025-01-30,LONG,2025-01-30T10:50:00,2241.95,2234.61,2252.97,133,7.34,2025-01-30T12:00:00,2252.97,TARGET,1465.25,1016.88
fast_pair,ASIANPAINT,2025-01-31,SHORT,2025-01-31T10:20:00,2236.55,2244.84,2224.11,134,8.29,2025-01-31T10:20:00,2244.84,STOP,-1111.44,-1561.82
fast_pair,ASIANPAINT,2025-02-01,SHORT,2025-02-01T12:00:00,2297.55,2307.15,2283.15,130,9.60,2025-02-01T12:00:00,2307.15,STOP,-1248.36,-1697.32
fast_pair,ASIANPAINT,2025-02-04,LONG,2025-02-04T10:40:00,2292.55,2281.43,2309.22,130,11.12,2025-02-04T10:40:00,2281.43,STOP,-1445.14,-1891.10
fast_pair,ASIANPAINT,2025-02-05,LONG,2025-02-05T12:30:00,2288.50,2276.18,2306.99,131,12.32,2025-02-05T13:10:00,2276.18,STOP,-1614.55,-2063.03
fast_pair,ASIANPAINT,2025-02-07,LONG,2025-02-07T11:40:00,2262.70,2255.25,2273.88,132,7.45,2025-02-07T13:30:00,2266.70,TIME_STOP,528.00,79.59
fast_pair,ASIANPAINT,2025-02-10,SHORT,2025-02-10T10:20:00,2262.90,2271.20,2250.44,132,8.30,2025-02-10T10:40:00,2271.20,STOP,-1096.06,-1544.94
fast_pair,ASIANPAINT,2025-02-11,SHORT,2025-02-11T10:10:00,2257.35,2264.40,2246.77,132,7.05,2025-02-11T10:40:00,2246.77,TARGET,1396.51,950.60
fast_pair,ASIANPAINT,2025-02-12,LONG,2025-02-12T11:30:00,2219.75,2210.00,2234.38,135,9.75,2025-02-12T12:10:00,2234.38,TARGET,1974.41,1523.43
fast_pair,ASIANPAINT,2025-02-13,SHORT,2025-02-13T13:40:00,2235.70,2241.89,2226.41,134,6.19,2025-02-13T14:30:00,2241.89,STOP,-830.11,-1280.11
fast_pair,ASIANPAINT,2025-02-17,SHORT,2025-02-17T11:30:00,2238.70,2247.13,2226.05,134,8.43,2025-02-17T11:50:00,2247.13,STOP,-1130.15,-1580.97
fast_pair,ASIANPAINT,2025-02-18,LONG,2025-02-18T12:00:00,2236.50,2230.09,2246.11,134,6.41,2025-02-18T12:00:00,2230.09,STOP,-858.94,-1307.83
fast_pair,ASIANPAINT,2025-02-19,SHORT,2025-02-19T12:40:00,2239.50,2244.89,2231.42,133,5.39,2025-02-19T13:50:00,2240.05,REVERSE,-73.15,-519.99
fast_pair,ASIANPAINT,2025-02-20,LONG,2025-02-20T10:20:00,2247.60,2241.84,2256.24,133,5.76,2025-02-20T11:20:00,2256.24,TARGET,1149.33,700.07
fast_pair,ASIANPAINT,2025-02-21,LONG,2025-02-21T11:20:00,2247.65,2242.63,2255.18,133,5.02,2025-02-21T11:40:00,2255.18,TARGET,1001.07,551.92
fast_pair,ASIANPAINT,2025-02-24,LONG,2025-02-24T10:50:00,2256.70,2250.48,2266.03,132,6.22,2025-02-24T12:10:00,2250.48,STOP,-821.18,-1267.39
fast_pair,ASIANPAINT,2025-02-25,SHORT,2025-02-25T11:10:00,2248.95,2253.41,2242.25,133,4.46,2025-02-25T13:00:00,2247.65,TIME_STOP,172.90,-275.64
fast_pair,ASIANPAINT,2025-02-27,LONG,2025-02-27T12:10:00,2220.35,2215.42,2227.75,135,4.93,2025-02-27T12:30:00,2215.42,STOP,-666.17,-1115.29
fast_pair,ASIANPAINT,2025-03-03,LONG,2025-03-03T13:10:00,2149.00,2141.62,2160.07,139,7.38,2025-03-03T15:00:00,2157.85,TIME_STOP,1230.15,781.16
fast_pair,ASIANPAINT,2025-03-04,LONG,2025-03-04T11:40:00,2152.30,2144.43,2164.10,139,7.87,2025-03-04T11:40:00,2145.45,REVERSE,-952.15,-1400.19
fast_pair,ASIANPAINT,2025-03-05,SHORT,2025-03-05T14:10:00,2167.90,2173.47,2159.55,138,5.57,2025-03-05T15:20:00,2165.70,EOD,303.60,-144.93
fast_pair,ASIANPAINT,2025-03-07,LONG,2025-03-07T10:10:00,2263.40,2255.84,2274.74,132,7.56,2025-03-07T10:40:00,2259.65,REVERSE,-495.00,-942.78
fast_pair,ASIANPAINT,2025-03-11,SHORT,2025-03-11T12:40:00,2281.70,2286.48,2274.53,131,4.78,2025-03-11T12:40:00,2284.10,REVERSE,-314.40,-762.99
fast_pair,ASIANPAINT,2025-03-12,LONG,2025-03-12T13:40:00,2267.45,2260.87,2277.32,132,6.58,2025-03-12T13:40:00,2260.87,STOP,-868.54,-1316.84
fast_pair,ASIANPAINT,2025-03-13,LONG,2025-03-13T12:50:00,2249.15,2242.99,2258.38,133,6.16,2025-03-13T13:30:00,2242.99,STOP,-818.67,-1266.76
fast_pair,ASIANPAINT,2025-03-17,LONG,2025-03-17T13:50:00,2211.45,2206.24,2219.27,135,5.21,2025-03-17T15:10:00,2219.27,TARGET,1055.52,606.91
fast_pair,ASIANPAINT,2025-03-20,SHORT,2025-03-20T11:00:00,2269.30,2278.01,2256.23,132,8.71,2025-03-20T11:10:00,2278.01,STOP,-1149.78,-1599.97
fast_pair,ASIANPAINT,2025-03-21,LONG,2025-03-21T10:30:00,2288.40,2282.22,2297.67,131,6.18,2025-03-21T10:40:00,2297.67,TARGET,1214.31,763.73
fast_pair,ASIANPAINT,2025-03-25,SHORT,2025-03-25T11:30:00,2322.10,2329.59,2310.86,129,7.49,2025-03-25T11:30:00,2323.45,REVERSE,-174.15,-623.61
fast_pair,ASIANPAINT,2025-03-27,LONG,2025-03-27T10:40:00,2323.65,2314.93,2336.74,129,8.72,2025-03-27T12:30:00,2323.05,TIME_STOP,-77.40,-526.97
fast_pair,ASIANPAINT,2025-03-28,SHORT,2025-03-28T12:20:00,2348.00,2354.45,2338.33,127,6.45,2025-03-28T12:20:00,2338.33,TARGET,1227.80,781.43
fast_pair,ASIANPAINT,2025-04-01,SHORT,2025-04-01T10:40:00,2327.35,2336.63,2313.43,128,9.28,2025-04-01T12:30:00,2330.00,TIME_STOP,-339.20,-786.31
fast_pair,ASIANPAINT,2025-04-04,SHORT,2025-04-04T10:30:00,2306.65,2314.94,2294.21,130,8.29,2025-04-04T10:40:00,2314.94,STOP,-1078.26,-1528.87
fast_pair,ASIANPAINT,2025-04-07,LONG,2025-04-07T11:00:00,2343.20,2326.36,2368.46,128,16.84,2025-04-07T12:10:00,2326.36,STOP,-2155.52,-2603.79
fast_pair,ASIANPAINT,2025-04-08,SHORT,2025-04-08T14:10:00,2400.45,2411.56,2383.78,124,11.11,2025-04-08T14:10:00,2408.85,REVERSE,-1041.60,-1488.86
fast_pair,ASIANPAINT,2025-04-09,SHORT,2025-04-09T14:00:00,2415.00,2421.43,2405.35,124,6.43,2025-04-09T15:00:00,2421.43,STOP,-797.33,-1247.12
fast_pair,ASIANPAINT,2025-04-15,LONG,2025-04-15T12:20:00,2406.50,2399.99,2416.27,124,6.51,2025-04-15T13:20:00,2416.27,TARGET,1210.96,762.44
fast_pair,ASIANPAINT,2025-04-17,LONG,2025-04-17T10:50:00,2453.90,2447.40,2463.65,122,6.50,2025-04-17T11:00:00,2447.40,STOP,-793.32,-1241.79
fast_pair,ASIANPAINT,2025-04-21,LONG,2025-04-21T11:30:00,2461.60,2455.25,2471.12,121,6.35,2025-04-21T11:30:00,2455.25,STOP,-767.98,-1214.18
fast_pair,ASIANPAINT,2025-04-22,LONG,2025-04-22T10:40:00,2447.30,2439.49,2459.02,122,7.81,2025-04-22T11:20:00,2439.49,STOP,-953.14,-1400.29
fast_pair,ASIANPAINT,2025-04-23,SHORT,2025-04-23T11:00:00,2430.40,2437.93,2419.11,123,7.53,2025-04-23T12:40:00,2437.93,STOP,-925.64,-1374.74
fast_pair,ASIANPAINT,2025-04-24,SHORT,2025-04-24T11:50:00,2460.90,2469.05,2448.67,121,8.15,2025-04-24T12:20:00,2448.67,TARGET,1479.89,1034.34
fast_pair,ASIANPAINT,2025-04-25,LONG,2025-04-25T13:20:00,2435.50,2428.44,2446.10,123,7.06,2025-04-25T14:50:00,2428.44,STOP,-868.98,-1317.68
fast_pair,ASIANPAINT,2025-04-28,LONG,2025-04-28T10:10:00,2438.30,2428.22,2453.42,123,10.08,2025-04-28T11:10:00,2428.22,STOP,-1239.54,-1688.48
fast_pair,ASIANPAINT,2025-04-29,SHORT,2025-04-29T12:00:00,2457.10,2463.13,2448.06,122,6.03,2025-04-29T13:50:00,2455.80,TIME_STOP,158.60,-290.93
fast_pair,ASIANPAINT,2025-04-30,LONG,2025-04-30T11:30:00,2455.90,2450.12,2464.57,122,5.78,2025-04-30T12:30:00,2450.12,STOP,-705.00,-1153.90
fast_pair,ASIANPAINT,2025-05-02,SHORT,2025-05-02T11:00:00,2427.00,2435.42,2414.37,123,8.42,2025-05-02T12:20:00,2414.37,TARGET,1554.08,1107.46
fast_pair,ASIANPAINT,2025-05-06,SHORT,2025-05-06T10:30:00,2407.20,2417.18,2392.23,124,9.98,2025-05-06T12:20:00,2398.10,TIME_STOP,1128.40,681.51
fast_pair,ASIANPAINT,2025-05-07,LONG,2025-05-07T12:20:00,2393.00,2383.62,2407.06,125,9.38,2025-05-07T13:20:00,2383.62,STOP,-1171.93,-1619.74
fast_pair,ASIANPAINT,2025-05-08,LONG,2025-05-08T12:50:00,2341.90,2333.58,2354.38,128,8.32,2025-05-08T13:20:00,2333.58,STOP,-1064.98,-1513.83
fast_pair,ASIANPAINT,2025-05-09,LONG,2025-05-09T11:10:00,2310.60,2296.85,2331.23,129,13.75,2025-05-09T11:30:00,2331.23,TARGET,2660.96,2211.86
fast_pair,ASIANPAINT,2025-05-12,SHORT,2025-05-12T13:20:00,2356.00,2364.90,2342.65,127,8.90,2025-05-12T13:30:00,2364.90,STOP,-1130.24,-1579.91
fast_pair,ASIANPAINT,2025-05-15,LONG,2025-05-15T10:50:00,2292.00,2285.45,2301.83,130,6.55,2025-05-15T12:20:00,2301.83,TARGET,1277.28,829.38
fast_pair,ASIANPAINT,2025-05-16,SHORT,2025-05-16T10:20:00,2316.70,2324.10,2305.60,129,7.40,2025-05-16T10:50:00,2324.10,STOP,-954.66,-1403.65
fast_pair,ASIANPAINT,2025-05-19,SHORT,2025-05-19T10:40:00,2347.30,2354.51,2336.48,127,7.21,2025-05-19T12:30:00,2344.50,TIME_STOP,355.60,-91.29
fast_pair,ASIANPAINT,2025-05-22,LONG,2025-05-22T12:40:00,2296.30,2291.44,2303.59,130,4.86,2025-05-22T12:50:00,2291.44,STOP,-631.53,-1078.84
fast_pair,ASIANPAINT,2025-05-23,SHORT,2025-05-23T13:50:00,2317.00,2322.47,2308.80,129,5.47,2025-05-23T15:20:00,2316.70,EOD,38.70,-409.61
fast_pair,ASIANPAINT,2025-05-26,SHORT,2025-05-26T11:20:00,2319.40,2326.15,2309.27,129,6.75,2025-05-26T12:10:00,2309.27,TARGET,1306.92,859.10
fast_pair,ASIANPAINT,2025-05-27,LONG,2025-05-27T10:20:00,2324.70,2317.14,2336.04,129,7.56,2025-05-27T11:00:00,2336.04,TARGET,1462.59,1011.66
fast_pair,ASIANPAINT,2025-06-02,LONG,2025-06-02T10:00:00,2265.00,2259.74,2272.90,132,5.26,2025-06-02T10:10:00,2263.90,REVERSE,-145.20,-593.56
fast_pair,ASIANPAINT,2025-06-03,SHORT,2025-06-03T10:10:00,2264.80,2270.36,2256.46,132,5.56,2025-06-03T10:20:00,2270.36,STOP,-733.66,-1182.65
fast_pair,ASIANPAINT,2025-06-04,LONG,2025-06-04T12:50:00,2247.20,2243.71,2252.43,133,3.49,2025-06-04T13:50:00,2252.43,TARGET,695.53,246.69
fast_pair,ASIANPAINT,2025-06-05,SHORT,2025-06-05T10:30:00,2246.50,2251.27,2239.35,133,4.77,2025-06-05T12:20:00,2251.27,STOP,-633.98,-1082.63
fast_pair,ASIANPAINT,2025-06-09,LONG,2025-06-09T10:10:00,2245.00,2239.17,2253.75,133,5.83,2025-06-09T12:00:00,2250.00,TIME_STOP,665.00,216.62
fast_pair,ASIANPAINT,2025-06-11,LONG,2025-06-11T11:30:00,2218.00,2214.06,2223.91,135,3.94,2025-06-11T11:40:00,2223.91,TARGET,797.72,347.98
fast_pair,ASIANPAINT,2025-06-12,SHORT,2025-06-12T12:20:00,2243.40,2249.73,2233.90,133,6.33,2025-06-12T13:00:00,2233.90,TARGET,1263.00,816.39
fast_pair,ASIANPAINT,2025-06-13,LONG,2025-06-13T12:10:00,2204.60,2197.23,2215.65,136,7.37,2025-06-13T13:10:00,2201.60,REVERSE,-408.00,-857.43
fast_pair,ASIANPAINT,2025-06-17,SHORT,2025-06-17T12:40:00,2266.20,2271.67,2257.99,132,5.47,2025-06-17T14:30:00,2264.90,TIME_STOP,171.60,-276.98
fast_pair,ASIANPAINT,2025-06-18,SHORT,2025-06-18T10:30:00,2260.30,2265.81,2252.03,132,5.51,2025-06-18T10:30:00,2265.81,STOP,-727.56,-1175.65
fast_pair,ASIANPAINT,2025-06-19,SHORT,2025-06-19T13:00:00,2276.40,2280.55,2270.18,131,4.15,2025-06-19T13:20:00,2270.18,TARGET,814.91,368.21
fast_pair,ASIANPAINT,2025-06-20,LONG,2025-06-20T10:10:00,2274.80,2269.20,2283.20,131,5.60,2025-06-20T10:40:00,2272.10,REVERSE,-353.70,-800.43
fast_pair,ASIANPAINT,2025-06-23,LONG,2025-06-23T12:00:00,2267.80,2262.09,2276.37,132,5.71,2025-06-23T12:20:00,2265.80,REVERSE,-264.00,-712.83
fast_pair,ASIANPAINT,2025-06-24,SHORT,2025-06-24T12:50:00,2279.30,2284.91,2270.88,131,5.61,2025-06-24T12:50:00,2284.91,STOP,-735.28,-1183.71
fast_pair,ASIANPAINT,2025-06-25,SHORT,2025-06-25T12:20:00,2280.90,2285.31,2274.29,131,4.41,2025-06-25T14:10:00,2279.90,TIME_STOP,131.00,-317.10
fast_pair,ASIANPAINT,2025-06-26,SHORT,2025-06-26T11:50:00,2281.00,2284.70,2275.44,131,3.70,2025-06-26T12:20:00,2284.70,STOP,-485.35,-933.94
fast_pair,ASIANPAINT,2025-07-01,SHORT,2025-07-01T11:40:00,2364.40,2371.13,2354.30,126,6.73,2025-07-01T12:30:00,2354.30,TARGET,1272.03,826.12
fast_pair,ASIANPAINT,2025-07-02,LONG,2025-07-02T10:40:00,2365.30,2357.59,2376.87,126,7.71,2025-07-02T12:10:00,2376.87,TARGET,1457.82,1009.69
fast_pair,ASIANPAINT,2025-07-03,SHORT,2025-07-03T13:00:00,2441.10,2447.59,2431.36,122,6.49,2025-07-03T13:40:00,2444.20,REVERSE,-378.20,-825.20
fast_pair,ASIANPAINT,2025-07-04,LONG,2025-07-04T11:30:00,2427.50,2421.15,2437.03,123,6.35,2025-07-04T11:40:00,2423.50,REVERSE,-492.00,-939.50
fast_pair,ASIANPAINT,2025-07-07,SHORT,2025-07-07T12:00:00,2441.40,2448.46,2430.80,122,7.06,2025-07-07T13:50:00,2438.50,TIME_STOP,353.80,-92.71
fast_pair,ASIANPAINT,2025-07-09,SHORT,2025-07-09T12:20:00,2500.40,2508.99,2487.52,119,8.59,2025-07-09T14:10:00,2501.70,REVERSE,-154.70,-601.14
fast_pair,ASIANPAINT,2025-07-10,LONG,2025-07-10T12:30:00,2483.90,2478.55,2491.93,120,5.35,2025-07-10T13:30:00,2478.55,STOP,-642.12,-1088.74
fast_pair,ASIANPAINT,2025-07-11,LONG,2025-07-11T10:00:00,2480.10,2472.75,2491.13,120,7.35,2025-07-11T10:00:00,2472.75,STOP,-882.24,-1327.99
fast_pair,ASIANPAINT,2025-07-15,SHORT,2025-07-15T10:00:00,2396.80,2402.68,2387.99,125,5.88,2025-07-15T10:30:00,2387.99,TARGET,1101.79,653.22
fast_pair,ASIANPAINT,2025-07-17,SHORT,2025-07-17T13:10:00,2398.90,2404.08,2391.12,125,5.18,2025-07-17T13:40:00,2404.08,STOP,-648.03,-1098.31
fast_pair,ASIANPAINT,2025-07-18,LONG,2025-07-18T13:40:00,2381.20,2376.04,2388.95,125,5.16,2025-07-18T15:20:00,2381.00,EOD,-25.00,-471.46
fast_pair,ASIANPAINT,2025-07-21,LONG,2025-07-21T12:40:00,2374.50,2369.54,2381.94,126,4.96,2025-07-21T13:00:00,2369.54,STOP,-624.78,-1073.10
fast_pair,ASIANPAINT,2025-07-22,LONG,2025-07-22T11:00:00,2373.20,2367.29,2382.06,126,5.91,2025-07-22T11:40:00,2367.29,STOP,-744.15,-1192.12
fast_pair,ASIANPAINT,2025-07-23,LONG,2025-07-23T12:10:00,2360.20,2355.99,2366.51,127,4.21,2025-07-23T12:10:00,2355.99,STOP,-534.61,-983.82
fast_pair,ASIANPAINT,2025-07-28,SHORT,2025-07-28T13:10:00,2347.80,2353.85,2338.73,127,6.05,2025-07-28T14:40:00,2353.85,STOP,-767.96,-1215.80
fast_pair,ASIANPAINT,2025-07-29,LONG,2025-07-29T10:00:00,2357.70,2350.21,2368.93,127,7.49,2025-07-29T10:10:00,2350.21,STOP,-951.17,-1399.60
fast_pair,ASIANPAINT,2025-07-30,SHORT,2025-07-30T11:50:00,2413.80,2426.00,2395.49,124,12.20,2025-07-30T13:40:00,2407.30,TIME_STOP,806.00,357.64
fast_pair,ASIANPAINT,2025-07-31,LONG,2025-07-31T13:20:00,2403.90,2396.03,2415.70,124,7.87,2025-07-31T14:30:00,2396.03,STOP,-975.32,-1421.71
fast_pair,ASIANPAINT,2025-08-04,SHORT,2025-08-04T13:20:00,2446.10,2452.02,2437.21,122,5.92,2025-08-04T14:20:00,2450.00,REVERSE,-475.80,-923.79
fast_pair,ASIANPAINT,2025-08-05,LONG,2025-08-05T13:30:00,2425.00,2419.73,2432.91,123,5.27,2025-08-05T14:10:00,2432.91,TARGET,972.46,524.32
fast_pair,ASIANPAINT,2025-08-07,LONG,2025-08-07T12:50:00,2495.00,2487.58,2506.13,120,7.42,2025-08-07T13:30:00,2487.58,STOP,-890.26,-1338.69
fast_pair,ASIANPAINT,2025-08-08,SHORT,2025-08-08T10:00:00,2492.50,2500.01,2481.24,120,7.51,2025-08-08T11:20:00,2500.01,STOP,-901.07,-1350.39
fast_pair,ASIANPAINT,2025-08-11,LONG,2025-08-11T10:30:00,2484.10,2475.36,2497.21,120,8.74,2025-08-11T12:00:00,2483.40,REVERSE,-84.00,-531.07
fast_pair,ASIANPAINT,2025-08-12,SHORT,2025-08-12T10:00:00,2493.50,2500.69,2482.71,120,7.19,2025-08-12T10:00:00,2498.00,REVERSE,-540.00,-989.24
fast_pair,ASIANPAINT,2025-08-14,SHORT,2025-08-14T11:10:00,2500.00,2504.61,2493.09,120,4.61,2025-08-14T11:20:00,2504.61,STOP,-552.89,-1003.30
fast_pair,ASIANPAINT,2025-08-19,LONG,2025-08-19T12:30:00,2584.10,2577.86,2593.47,116,6.24,2025-08-19T13:50:00,2577.86,STOP,-724.23,-1173.32
fast_pair,ASIANPAINT,2025-08-21,LONG,2025-08-21T13:00:00,2567.50,2564.08,2572.63,116,3.42,2025-08-21T13:10:00,2572.63,TARGET,595.34,148.15
fast_pair,ASIANPAINT,2025-08-26,LONG,2025-08-26T11:50:00,2492.10,2486.51,2500.49,120,5.59,2025-08-26T11:50:00,2500.49,TARGET,1006.93,557.59
fast_pair,ASIANPAINT,2025-08-28,SHORT,2025-08-28T12:50:00,2513.00,2520.99,2501.02,119,7.99,2025-08-28T13:20:00,2501.02,TARGET,1425.81,978.31
fast_pair,ASIANPAINT,2025-08-29,SHORT,2025-08-29T10:20:00,2497.30,2506.58,2483.38,120,9.28,2025-08-29T10:20:00,2506.58,STOP,-1113.89,-1564.24
fast_pair,ASIANPAINT,2025-09-03,LONG,2025-09-03T13:20:00,2554.10,2548.62,2562.32,117,5.48,2025-09-03T13:50:00,2550.60,REVERSE,-409.50,-857.44
fast_pair,ASIANPAINT,2025-09-04,SHORT,2025-09-04T11:30:00,2564.00,2571.74,2552.38,117,7.74,2025-09-04T11:40:00,2570.00,REVERSE,-702.00,-1152.51
fast_pair,ASIANPAINT,2025-09-05,SHORT,2025-09-05T11:20:00,2577.60,2585.63,2565.56,116,8.03,2025-09-05T12:50:00,2565.56,TARGET,1396.74,949.28
fast_pair,ASIANPAINT,2025-09-08,LONG,2025-09-08T11:40:00,2571.40,2564.90,2581.15,116,6.50,2025-09-08T12:10:00,2564.90,STOP,-753.89,-1200.75
fast_pair,ASIANPAINT,2025-09-09,LONG,2025-09-09T10:10:00,2548.80,2541.86,2559.21,117,6.94,2025-09-09T10:20:00,2541.86,STOP,-811.65,-1258.35
fast_pair,ASIANPAINT,2025-09-11,SHORT,2025-09-11T13:50:00,2551.90,2556.27,2545.34,117,4.37,2025-09-11T13:50:00,2551.90,REVERSE,-0.00,-447.86
fast_pair,ASIANPAINT,2025-09-12,SHORT,2025-09-12T11:10:00,2553.00,2557.54,2546.19,117,4.54,2025-09-12T11:10:00,2557.54,STOP,-531.12,-979.57
fast_pair,ASIANPAINT,2025-09-15,LONG,2025-09-15T14:10:00,2513.00,2508.56,2519.66,119,4.44,2025-09-15T14:20:00,2508.56,STOP,-528.50,-976.67
fast_pair,ASIANPAINT,2025-09-16,LONG,2025-09-16T10:40:00,2508.00,2502.78,2515.84,119,5.22,2025-09-16T11:00:00,2502.78,STOP,-621.77,-1068.98
fast_pair,ASIANPAINT,2025-09-17,SHORT,2025-09-17T12:50:00,2485.60,2489.20,2480.21,120,3.60,2025-09-17T14:20:00,2485.60,REVERSE,-0.00,-447.41
fast_pair,ASIANPAINT,2025-09-19,LONG,2025-09-19T10:20:00,2496.70,2491.01,2505.23,120,5.69,2025-09-19T10:20:00,2491.01,STOP,-682.64,-1131.54
fast_pair,ASIANPAINT,2025-09-22,LONG,2025-09-22T10:50:00,2497.30,2490.67,2507.25,120,6.63,2025-09-22T12:30:00,2493.60,REVERSE,-444.00,-893.18
fast_pair,ASIANPAINT,2025-09-23,LONG,2025-09-23T12:10:00,2451.60,2445.52,2460.73,122,6.08,2025-09-23T12:30:00,2460.73,TARGET,1113.44,663.96
fast_pair,ASIANPAINT,2025-09-24,LONG,2025-09-24T10:00:00,2460.00,2453.65,2469.53,121,6.35,2025-09-24T10:30:00,2469.53,TARGET,1152.89,705.53
fast_pair,ASIANPAINT,2025-09-29,LONG,2025-09-29T14:10:00,2353.80,2347.38,2363.43,127,6.42,2025-09-29T15:00:00,2347.38,STOP,-815.20,-1262.99
fast_pair,ASIANPAINT,2025-09-30,SHORT,2025-09-30T10:40:00,2347.70,2355.83,2335.51,127,8.13,2025-09-30T12:30:00,2348.60,TIME_STOP,-114.30,-561.62
fast_pair,ASIANPAINT,2025-10-03,SHORT,2025-10-03T11:20:00,2339.60,2344.71,2331.93,128,5.11,2025-10-03T11:30:00,2344.71,STOP,-654.14,-1103.84
fast_pair,ASIANPAINT,2025-10-06,LONG,2025-10-06T10:00:00,2355.10,2350.26,2362.35,127,4.84,2025-10-06T10:00:00,2350.26,STOP,-614.08,-1062.26
fast_pair,ASIANPAINT,2025-10-07,SHORT,2025-10-07T11:30:00,2348.60,2353.84,2340.73,127,5.24,2025-10-07T11:30:00,2353.84,STOP,-666.05,-1113.96
fast_pair,ASIANPAINT,2025-10-09,SHORT,2025-10-09T11:00:00,2325.80,2330.96,2318.06,128,5.16,2025-10-09T11:00:00,2330.96,STOP,-660.26,-1107.31
fast_pair,ASIANPAINT,2025-10-10,SHORT,2025-10-10T13:40:00,2344.80,2349.08,2338.37,127,4.28,2025-10-10T15:20:00,2338.37,TARGET,816.25,370.18
fast_pair,ASIANPAINT,2025-10-13,SHORT,2025-10-13T11:30:00,2342.00,2348.03,2332.96,128,6.03,2025-10-13T13:20:00,2348.03,STOP,-771.31,-1221.55
fast_pair,ASIANPAINT,2025-10-16,SHORT,2025-10-16T10:20:00,2370.70,2376.16,2362.52,126,5.46,2025-10-16T10:40:00,2376.16,STOP,-687.34,-1135.92
fast_pair,ASIANPAINT,2025-10-17,SHORT,2025-10-17T13:10:00,2507.20,2517.15,2492.28,119,9.95,2025-10-17T13:40:00,2517.15,STOP,-1183.94,-1632.36
fast_pair,ASIANPAINT,2025-10-23,SHORT,2025-10-23T13:00:00,2529.30,2535.43,2520.11,118,6.13,2025-10-23T13:30:00,2520.11,TARGET,1084.23,637.36
fast_pair,ASIANPAINT,2025-10-24,LONG,2025-10-24T12:20:00,2497.10,2491.11,2506.09,120,5.99,2025-10-24T13:20:00,2495.20,REVERSE,-228.00,-677.31
fast_pair,ASIANPAINT,2025-10-27,SHORT,2025-10-27T13:40:00,2519.60,2524.94,2511.59,119,5.34,2025-10-27T15:20:00,2517.30,EOD,273.70,-175.84
fast_pair,ASIANPAINT,2025-10-29,SHORT,2025-10-29T11:20:00,2522.70,2528.77,2513.60,118,6.07,2025-10-29T12:10:00,2526.10,REVERSE,-401.20,-848.02
fast_pair,ASIANPAINT,2025-10-30,LONG,2025-10-30T11:40:00,2527.00,2521.52,2535.21,118,5.48,2025-10-30T12:00:00,2521.52,STOP,-646.21,-1093.00
fast_pair,ASIANPAINT,2025-10-31,SHORT,2025-10-31T10:10:00,2522.00,2526.97,2514.55,118,4.97,2025-10-31T10:20:00,2514.55,TARGET,879.13,433.40
fast_pair,ASIANPAINT,2025-11-03,LONG,2025-11-03T13:50:00,2502.00,2497.81,2508.29,119,4.19,2025-11-03T14:20:00,2508.29,TARGET,748.43,301.26
fast_pair,ASIANPAINT,2025-11-04,LONG,2025-11-04T10:20:00,2509.10,2502.82,2518.51,119,6.28,2025-11-04T12:10:00,2511.00,TIME_STOP,226.10,-221.94
fast_pair,ASIANPAINT,2025-11-06,SHORT,2025-11-06T14:00:00,2601.10,2608.97,2589.30,115,7.87,2025-11-06T14:30:00,2607.40,REVERSE,-724.50,-1173.73
fast_pair,ASIANPAINT,2025-11-07,LONG,2025-11-07T11:40:00,2603.00,2596.43,2612.86,115,6.57,2025-11-07T13:00:00,2596.43,STOP,-755.75,-1204.20
fast_pair,ASIANPAINT,2025-11-10,SHORT,2025-11-10T14:10:00,2652.50,2657.75,2644.62,113,5.25,2025-11-10T15:20:00,2650.10,EOD,271.20,-178.20
fast_pair,ASIANPAINT,2025-11-11,LONG,2025-11-11T13:20:00,2644.60,2640.86,2650.21,113,3.74,2025-11-11T14:30:00,2650.21,TARGET,634.35,185.62
fast_pair,ASIANPAINT,2025-11-12,SHORT,2025-11-12T10:20:00,2651.20,2657.84,2641.24,113,6.64,2025-11-12T10:20:00,2657.84,STOP,-750.61,-1200.55
fast_pair,ASIANPAINT,2025-11-17,SHORT,2025-11-17T10:20:00,2897.00,2905.65,2884.03,103,8.65,2025-11-17T12:10:00,2896.80,TIME_STOP,20.60,-426.97
fast_pair,ASIANPAINT,2025-11-18,LONG,2025-11-18T10:00:00,2895.40,2888.26,2906.11,103,7.14,2025-11-18T10:50:00,2888.26,STOP,-735.13,-1181.92
fast_pair,ASIANPAINT,2025-11-19,SHORT,2025-11-19T10:10:00,2903.30,2910.38,2892.67,103,7.08,2025-11-19T11:30:00,2908.00,REVERSE,-484.10,-933.02
fast_pair,ASIANPAINT,2025-11-24,SHORT,2025-11-24T13:40:00,2878.70,2884.42,2870.12,104,5.72,2025-11-24T13:50:00,2884.42,STOP,-594.89,-1044.41
fast_pair,ASIANPAINT,2025-11-25,SHORT,2025-11-25T11:50:00,2891.00,2898.19,2880.21,103,7.19,2025-11-25T13:40:00,2883.40,TIME_STOP,782.80,336.73
fast_pair,ASIANPAINT,2025-11-26,SHORT,2025-11-26T12:10:00,2884.30,2890.02,2875.73,104,5.72,2025-11-26T12:30:00,2875.73,TARGET,891.75,442.47
fast_pair,ASIANPAINT,2025-11-27,SHORT,2025-11-27T11:30:00,2890.10,2898.14,2878.04,103,8.04,2025-11-27T12:20:00,2878.04,TARGET,1242.37,796.78
fast_pair,ASIANPAINT,2025-11-28,LONG,2025-11-28T10:50:00,2875.90,2869.14,2886.05,104,6.76,2025-11-28T12:30:00,2872.60,REVERSE,-343.20,-791.58
fast_pair,ASIANPAINT,2025-12-03,SHORT,2025-12-03T11:00:00,2945.50,2954.62,2931.82,101,9.12,2025-12-03T12:00:00,2946.60,REVERSE,-111.10,-557.43
fast_pair,ASIANPAINT,2025-12-04,SHORT,2025-12-04T12:10:00,2968.70,2975.62,2958.33,101,6.92,2025-12-04T12:20:00,2958.33,TARGET,1047.73,598.76
fast_pair,ASIANPAINT,2025-12-05,SHORT,2025-12-05T10:10:00,2954.00,2960.17,2944.74,101,6.17,2025-12-05T11:10:00,2944.74,TARGET,935.18,488.35
fast_pair,ASIANPAINT,2025-12-08,LONG,2025-12-08T13:10:00,2944.80,2939.94,2952.09,101,4.86,2025-12-08T13:20:00,2939.94,STOP,-490.86,-936.62
fast_pair,ASIANPAINT,2025-12-10,SHORT,2025-12-10T11:20:00,2804.80,2813.76,2791.35,106,8.96,2025-12-10T13:10:00,2800.90,TIME_STOP,413.40,-32.25
fast_pair,ASIANPAINT,2025-12-11,LONG,2025-12-11T12:00:00,2788.40,2778.85,2802.72,107,9.55,2025-12-11T13:40:00,2778.85,STOP,-1021.82,-1468.59
fast_pair,ASIANPAINT,2025-12-12,SHORT,2025-12-12T10:20:00,2773.50,2781.01,2762.23,108,7.51,2025-12-12T10:20:00,2762.23,TARGET,1216.68,768.29
fast_pair,ASIANPAINT,2025-12-16,SHORT,2025-12-16T12:40:00,2789.80,2796.46,2779.81,107,6.66,2025-12-16T14:30:00,2786.30,TIME_STOP,374.50,-72.98
fast_pair,ASIANPAINT,2025-12-17,SHORT,2025-12-17T11:20:00,2789.90,2795.99,2780.77,107,6.09,2025-12-17T12:10:00,2780.77,TARGET,977.29,530.25
fast_pair,ASIANPAINT,2025-12-22,SHORT,2025-12-22T11:30:00,2800.30,2808.36,2788.20,107,8.06,2025-12-22T13:20:00,2795.00,TIME_STOP,567.10,118.08
fast_pair,ASIANPAINT,2025-12-24,SHORT,2025-12-24T11:00:00,2796.10,2803.76,2784.61,107,7.66,2025-12-24T12:50:00,2795.80,TIME_STOP,32.10,-416.65
fast_pair,ASIANPAINT,2025-12-29,SHORT,2025-12-29T11:10:00,2743.20,2749.92,2733.12,109,6.72,2025-12-29T12:30:00,2749.92,STOP,-732.28,-1181.34
fast_pair,ASIANPAINT,2025-12-30,LONG,2025-12-30T10:10:00,2775.80,2767.36,2788.46,108,8.44,2025-12-30T12:00:00,2788.46,TARGET,1367.34,916.63
fast_pair,ASIANPAINT,2026-01-01,LONG,2026-01-01T10:00:00,2769.90,2761.42,2782.62,108,8.48,2026-01-01T10:40:00,2782.62,TARGET,1373.22,923.47
fast_pair,ASIANPAINT,2026-01-02,SHORT,2026-01-02T11:20:00,2773.50,2781.13,2762.06,108,7.63,2026-01-02T12:10:00,2762.06,TARGET,1235.84,787.46
fast_pair,ASIANPAINT,2026-01-05,SHORT,2026-01-05T14:10:00,2811.10,2818.29,2800.32,106,7.19,2026-01-05T14:30:00,2818.29,STOP,-762.04,-1209.58
fast_pair,ASIANPAINT,2026-01-06,SHORT,2026-01-06T11:20:00,2826.80,2834.68,2814.98,106,7.88,2026-01-06T11:30:00,2814.98,TARGET,1252.75,804.23
fast_pair,ASIANPAINT,2026-01-07,LONG,2026-01-07T10:20:00,2847.60,2840.73,2857.90,105,6.87,2026-01-07T10:40:00,2840.73,STOP,-721.12,-1169.08
fast_pair,ASIANPAINT,2026-01-13,SHORT,2026-01-13T10:50:00,2884.40,2893.10,2871.35,104,8.70,2026-01-13T12:20:00,2871.35,TARGET,1357.33,908.38
fast_pair,ASIANPAINT,2026-01-19,LONG,2026-01-19T14:10:00,2774.90,2767.62,2785.82,108,7.28,2026-01-19T14:10:00,2770.10,REVERSE,-518.40,-967.55
fast_pair,ASIANPAINT,2026-01-20,LONG,2026-01-20T12:00:00,2726.80,2718.30,2739.55,110,8.50,2026-01-20T12:20:00,2719.30,REVERSE,-825.00,-1274.30
fast_pair,ASIANPAINT,2026-01-21,LONG,2026-01-21T12:30:00,2674.70,2665.02,2689.21,112,9.68,2026-01-21T14:00:00,2665.02,STOP,-1083.70,-1532.24
fast_pair,ASIANPAINT,2026-01-22,SHORT,2026-01-22T11:30:00,2692.10,2702.15,2677.03,111,10.05,2026-01-22T13:20:00,2687.90,TIME_STOP,466.20,18.31
fast_pair,ASIANPAINT,2026-01-23,SHORT,2026-01-23T13:30:00,2749.90,2761.18,2732.98,109,11.28,2026-01-23T14:00:00,2732.98,TARGET,1843.97,1395.74
fast_pair,ASIANPAINT,2026-01-28,LONG,2026-01-28T13:20:00,2513.90,2499.68,2535.23,119,14.22,2026-01-28T13:40:00,2500.10,REVERSE,-1642.20,-2089.70
fast_pair,ASIANPAINT,2026-01-29,LONG,2026-01-29T14:00:00,2432.00,2423.85,2444.23,123,8.15,2026-01-29T14:00:00,2426.40,REVERSE,-688.80,-1136.99
fast_pair,ASIANPAINT,2026-01-30,SHORT,2026-01-30T11:10:00,2420.00,2428.67,2406.99,123,8.67,2026-01-30T11:50:00,2428.67,STOP,-1066.62,-1513.91
fast_pair,ASIANPAINT,2026-02-03,SHORT,2026-02-03T10:40:00,2413.20,2428.97,2389.54,124,15.77,2026-02-03T12:00:00,2417.70,REVERSE,-558.00,-1007.27
fast_pair,ASIANPAINT,2026-02-05,LONG,2026-02-05T12:40:00,2420.10,2413.75,2429.62,123,6.35,2026-02-05T13:40:00,2429.62,TARGET,1171.34,723.96
fast_pair,ASIANPAINT,2026-02-10,SHORT,2026-02-10T11:20:00,2396.60,2402.21,2388.18,125,5.61,2026-02-10T13:10:00,2394.00,TIME_STOP,325.00,-124.12
fast_pair,ASIANPAINT,2026-02-11,SHORT,2026-02-11T10:00:00,2391.30,2396.99,2382.76,125,5.69,2026-02-11T10:10:00,2382.76,TARGET,1067.09,619.53
fast_pair,ASIANPAINT,2026-02-12,LONG,2026-02-12T10:50:00,2388.80,2382.04,2398.95,125,6.76,2026-02-12T11:20:00,2384.60,REVERSE,-525.00,-972.51
fast_pair,ASIANPAINT,2026-02-13,LONG,2026-02-13T11:10:00,2404.70,2399.00,2413.25,124,5.70,2026-02-13T11:20:00,2399.00,STOP,-706.62,-1153.36
fast_pair,ASIANPAINT,2026-02-16,LONG,2026-02-16T10:50:00,2375.00,2368.00,2385.50,126,7.00,2026-02-16T12:20:00,2385.50,TARGET,1322.40,872.53
fast_pair,ASIANPAINT,2026-02-18,SHORT,2026-02-18T12:00:00,2421.50,2427.77,2412.10,123,6.27,2026-02-18T12:50:00,2424.90,REVERSE,-418.20,-865.28
fast_pair,ASIANPAINT,2026-02-20,LONG,2026-02-20T10:30:00,2407.50,2399.38,2419.68,124,8.12,2026-02-20T11:30:00,2419.68,TARGET,1510.12,1061.19
fast_pair,ASIANPAINT,2026-02-23,SHORT,2026-02-23T11:30:00,2429.20,2435.30,2420.06,123,6.10,2026-02-23T12:20:00,2435.30,STOP,-749.75,-1198.50
fast_pair,ASIANPAINT,2026-02-24,SHORT,2026-02-24T10:40:00,2423.00,2430.39,2411.91,123,7.39,2026-02-24T11:20:00,2411.91,TARGET,1363.65,917.63
fast_pair,ASIANPAINT,2026-02-26,SHORT,2026-02-26T10:40:00,2409.80,2415.63,2401.05,124,5.83,2026-02-26T11:10:00,2401.05,TARGET,1084.69,637.28
fast_pair,ASIANPAINT,2026-02-27,LONG,2026-02-27T13:00:00,2371.50,2365.92,2379.87,126,5.58,2026-02-27T13:10:00,2379.87,TARGET,1054.14,605.13
fast_pair,ASIANPAINT,2026-03-04,LONG,2026-03-04T12:50:00,2269.50,2260.48,2283.03,132,9.02,2026-03-04T14:20:00,2283.03,TARGET,1786.59,1335.89
fast_pair,ASIANPAINT,2026-03-06,LONG,2026-03-06T11:00:00,2280.80,2273.16,2292.27,131,7.64,2026-03-06T11:10:00,2292.27,TARGET,1502.09,1052.78
fast_pair,ASIANPAINT,2026-03-09,LONG,2026-03-09T11:50:00,2217.10,2204.06,2236.67,135,13.04,2026-03-09T13:40:00,2217.80,TIME_STOP,94.50,-354.53
fast_pair,ASIANPAINT,2026-03-10,SHORT,2026-03-10T12:40:00,2255.50,2264.96,2241.31,133,9.46,2026-03-10T13:00:00,2262.00,REVERSE,-864.50,-1315.12
fast_pair,ASIANPAINT,2026-03-11,SHORT,2026-03-11T11:20:00,2268.90,2277.70,2255.70,132,8.80,2026-03-11T12:30:00,2255.70,TARGET,1741.98,1294.05
fast_pair,ASIANPAINT,2026-03-12,LONG,2026-03-12T10:40:00,2239.00,2229.75,2252.87,133,9.25,2026-03-12T12:00:00,2233.60,REVERSE,-718.20,-1164.34
fast_pair,JSWSTEEL,2024-03-19,SHORT,2024-03-19T10:30:00,800.25,804.54,793.82,374,4.29,2024-03-19T11:40:00,793.82,TARGET,2404.61,1957.47
fast_pair,JSWSTEEL,2024-03-20,LONG,2024-03-20T12:00:00,795.25,791.58,800.76,377,3.67,2024-03-20T13:50:00,797.20,TIME_STOP,735.15,284.88
fast_pair,JSWSTEEL,2024-03-21,SHORT,2024-03-21T12:20:00,806.85,810.01,802.10,371,3.16,2024-03-21T12:40:00,810.01,STOP,-1173.98,-1623.87
fast_pair,JSWSTEEL,2024-03-26,LONG,2024-03-26T12:10:00,824.20,821.31,828.53,363,2.89,2024-03-26T12:10:00,821.31,STOP,-1047.86,-1495.85
fast_pair,JSWSTEEL,2024-03-27,LONG,2024-03-27T10:30:00,821.95,819.73,825.28,364,2.22,2024-03-27T10:30:00,819.73,STOP,-808.51,-1256.69
fast_pair,JSWSTEEL,2024-03-28,LONG,2024-03-28T10:00:00,825.30,822.09,830.11,363,3.21,2024-03-28T11:00:00,830.11,TARGET,1747.48,1296.79
fast_pair,JSWSTEEL,2024-04-02,LONG,2024-04-02T11:50:00,867.45,864.29,872.19,345,3.16,2024-04-02T12:50:00,872.19,TARGET,1633.89,1183.76
fast_pair,JSWSTEEL,2024-04-03,LONG,2024-04-03T10:00:00,879.00,875.31,884.53,341,3.69,2024-04-03T10:00:00,875.31,STOP,-1257.70,-1706.36
fast_pair,JSWSTEEL,2024-04-04,LONG,2024-04-04T10:30:00,871.55,868.03,876.83,344,3.52,2024-04-04T10:30:00,870.00,REVERSE,-533.20,-982.52
fast_pair,JSWSTEEL,2024-04-05,LONG,2024-04-05T11:40:00,856.10,852.55,861.42,350,3.55,2024-04-05T12:50:00,861.42,TARGET,1862.19,1411.34
fast_pair,JSWSTEEL,2024-04-09,SHORT,2024-04-09T13:00:00,880.50,884.26,874.86,340,3.76,2024-04-09T14:50:00,877.00,TIME_STOP,1190.00,741.84
fast_pair,JSWSTEEL,2024-04-10,SHORT,2024-04-10T11:20:00,879.15,882.84,873.62,341,3.69,2024-04-10T12:30:00,882.84,STOP,-1257.89,-1708.52
fast_pair,JSWSTEEL,2024-04-12,LONG,2024-04-12T11:50:00,873.55,870.13,878.69,343,3.42,2024-04-12T13:00:00,872.75,REVERSE,-274.40,-723.64
fast_pair,JSWSTEEL,2024-04-15,LONG,2024-04-15T10:30:00,871.80,867.55,878.18,344,4.25,2024-04-15T10:40:00,878.18,TARGET,2194.44,1742.95
fast_pair,JSWSTEEL,2024-04-18,LONG,2024-04-18T11:30:00,854.30,850.56,859.91,351,3.74,2024-04-18T13:20:00,856.80,TIME_STOP,877.50,427.05
fast_pair,JSWSTEEL,2024-04-19,LONG,2024-04-19T12:20:00,844.15,840.41,849.75,355,3.74,2024-04-19T12:50:00,849.75,TARGET,1989.09,1538.09
fast_pair,JSWSTEEL,2024-04-22,SHORT,2024-04-22T12:40:00,860.50,863.01,856.73,348,2.51,2024-04-22T13:20:00,856.73,TARGET,1311.17,862.97
fast_pair,JSWSTEEL,2024-04-23,LONG,2024-04-23T10:20:00,860.40,857.55,864.67,348,2.85,2024-04-23T10:30:00,864.67,TARGET,1485.73,1035.49
fast_pair,JSWSTEEL,2024-04-26,SHORT,2024-04-26T10:30:00,896.50,901.61,888.84,334,5.11,2024-04-26T11:40:00,899.55,REVERSE,-1018.70,-1468.61
fast_pair,JSWSTEEL,2024-04-29,LONG,2024-04-29T10:10:00,896.25,892.10,902.48,334,4.15,2024-04-29T10:20:00,902.48,TARGET,2079.58,1629.00
fast_pair,JSWSTEEL,2024-04-30,SHORT,2024-04-30T10:10:00,891.40,894.71,886.44,336,3.31,2024-04-30T11:10:00,886.44,TARGET,1666.09,1218.07
fast_pair,JSWSTEEL,2024-05-03,SHORT,2024-05-03T11:00:00,891.75,895.61,885.96,336,3.86,2024-05-03T11:20:00,885.96,TARGET,1945.45,1497.47
fast_pair,JSWSTEEL,2024-05-06,SHORT,2024-05-06T13:20:00,884.30,888.14,878.54,339,3.84,2024-05-06T13:40:00,888.14,STOP,-1302.47,-1753.11
fast_pair,JSWSTEEL,2024-05-07,LONG,2024-05-07T13:50:00,860.50,856.50,866.50,348,4.00,2024-05-07T15:20:00,856.50,STOP,-1391.27,-1839.41
fast_pair,JSWSTEEL,2024-05-08,SHORT,2024-05-08T10:50:00,856.45,860.36,850.59,350,3.91,2024-05-08T11:20:00,860.36,STOP,-1368.20,-1818.86
fast_pair,JSWSTEEL,2024-05-13,LONG,2024-05-13T10:40:00,843.10,837.98,850.78,355,5.12,2024-05-13T12:30:00,850.78,TARGET,2725.70,2274.71
fast_pair,JSWSTEEL,2024-05-15,LONG,2024-05-15T12:00:00,874.20,870.76,879.36,343,3.44,2024-05-15T13:50:00,872.35,REVERSE,-634.55,-1083.85
fast_pair,JSWSTEEL,2024-05-16,LONG,2024-05-16T11:50:00,872.35,868.97,877.43,343,3.38,2024-05-16T12:50:00,877.43,TARGET,1740.86,1290.73
fast_pair,JSWSTEEL,2024-05-22,LONG,2024-05-22T12:20:00,918.00,913.75,924.37,326,4.25,2024-05-22T14:10:00,919.35,TIME_STOP,440.10,-9.13
fast_pair,JSWSTEEL,2024-05-23,LONG,2024-05-23T12:10:00,907.85,903.94,913.72,330,3.91,2024-05-23T12:40:00,913.72,TARGET,1936.42,1485.58
fast_pair,JSWSTEEL,2024-05-24,SHORT,2024-05-24T10:10:00,910.10,914.70,903.20,329,4.60,2024-05-24T10:20:00,914.70,STOP,-1512.54,-1962.81
fast_pair,JSWSTEEL,2024-05-27,SHORT,2024-05-27T10:00:00,912.15,916.06,906.29,328,3.91,2024-05-27T11:00:00,906.29,TARGET,1923.02,1475.68
fast_pair,JSWSTEEL,2024-05-28,LONG,2024-05-28T12:50:00,905.90,903.43,909.61,331,2.47,2024-05-28T12:50:00,909.61,TARGET,1226.54,775.84
fast_pair,JSWSTEEL,2024-05-29,LONG,2024-05-29T12:10:00,905.30,902.55,909.43,331,2.75,2024-05-29T12:50:00,909.43,TARGET,1367.27,916.76
fast_pair,JSWSTEEL,2024-05-30,LONG,2024-05-30T13:10:00,884.60,881.52,889.22,339,3.08,2024-05-30T13:30:00,882.90,REVERSE,-576.30,-1025.69
fast_pair,JSWSTEEL,2024-05-31,SHORT,2024-05-31T10:50:00,883.40,887.13,877.81,339,3.73,2024-05-31T11:10:00,887.13,STOP,-1263.09,-1713.24
fast_pair,JSWSTEEL,2024-06-04,SHORT,2024-06-04T11:00:00,877.00,884.06,866.42,342,7.06,2024-06-04T11:10:00,866.42,TARGET,3619.86,3172.68
fast_pair,JSWSTEEL,2024-06-05,LONG,2024-06-05T11:20:00,848.75,839.00,863.37,256,9.75,2024-06-05T13:10:00,857.95,TIME_STOP,2355.20,2027.51
fast_pair,JSWSTEEL,2024-06-06,SHORT,2024-06-06T12:50:00,882.05,886.95,874.70,340,4.90,2024-06-06T13:40:00,886.95,STOP,-1666.69,-2117.79
fast_pair,JSWSTEEL,2024-06-10,LONG,2024-06-10T11:50:00,907.70,904.34,912.74,330,3.36,2024-06-10T11:50:00,912.74,TARGET,1663.36,1212.80
fast_pair,JSWSTEEL,2024-06-12,LONG,2024-06-12T11:00:00,916.80,913.81,921.28,327,2.99,2024-06-12T12:40:00,921.28,TARGET,1464.33,1013.54
fast_pair,JSWSTEEL,2024-06-13,LONG,2024-06-13T12:00:00,916.05,913.13,920.43,327,2.92,2024-06-13T12:00:00,913.13,STOP,-953.96,-1402.57
fast_pair,JSWSTEEL,2024-06-14,LONG,2024-06-14T11:10:00,913.85,911.05,918.05,328,2.80,2024-06-14T12:20:00,918.05,TARGET,1377.25,926.60
fast_pair,JSWSTEEL,2024-06-18,LONG,2024-06-18T10:10:00,924.35,921.63,928.42,324,2.72,2024-06-18T10:10:00,921.63,STOP,-879.86,-1328.43
fast_pair,JSWSTEEL,2024-06-20,LONG,2024-06-20T10:30:00,924.70,921.58,929.39,324,3.12,2024-06-20T11:40:00,921.58,STOP,-1012.00,-1460.64
fast_pair,JSWSTEEL,2024-06-21,SHORT,2024-06-21T10:50:00,931.15,934.62,925.94,322,3.47,2024-06-21T12:40:00,925.94,TARGET,1678.38,1229.89
fast_pair,JSWSTEEL,2024-06-24,LONG,2024-06-24T11:10:00,931.80,928.08,937.38,321,3.72,2024-06-24T11:50:00,937.38,TARGET,1790.83,1340.83
fast_pair,JSWSTEEL,2024-06-25,LONG,2024-06-25T13:50:00,931.25,929.20,934.33,322,2.05,2024-06-25T13:50:00,934.33,TARGET,992.17,541.63
fast_pair,JSWSTEEL,2024-06-28,SHORT,2024-06-28T12:30:00,936.90,939.85,932.48,320,2.95,2024-06-28T14:20:00,937.25,TIME_STOP,-112.00,-561.80
fast_pair,JSWSTEEL,2024-07-01,SHORT,2024-07-01T12:20:00,941.55,944.28,937.46,318,2.73,2024-07-01T13:40:00,943.35,REVERSE,-572.40,-1021.95
fast_pair,JSWSTEEL,2024-07-02,LONG,2024-07-02T10:50:00,943.80,941.49,947.26,317,2.31,2024-07-02T10:50:00,947.26,TARGET,1096.51,646.91
fast_pair,JSWSTEEL,2024-07-04,SHORT,2024-07-04T10:30:00,949.20,952.07,944.90,316,2.87,2024-07-04T10:50:00,952.07,STOP,-906.11,-1356.71
fast_pair,JSWSTEEL,2024-07-08,SHORT,2024-07-08T10:20:00,946.25,948.99,942.14,317,2.74,2024-07-08T10:30:00,948.99,STOP,-868.48,-1319.07
fast_pair,JSWSTEEL,2024-07-09,LONG,2024-07-09T11:20:00,937.75,934.92,942.00,319,2.83,2024-07-09T11:50:00,934.92,STOP,-903.19,-1351.22
fast_pair,JSWSTEEL,2024-07-11,SHORT,2024-07-11T10:30:00,923.15,926.50,918.13,324,3.35,2024-07-11T12:00:00,918.13,TARGET,1627.72,1180.29
fast_pair,JSWSTEEL,2024-07-12,SHORT,2024-07-12T12:40:00,926.85,929.93,922.22,323,3.08,2024-07-12T12:40:00,929.93,STOP,-996.31,-1446.11
fast_pair,JSWSTEEL,2024-07-15,LONG,2024-07-15T10:10:00,936.55,933.40,941.28,320,3.15,2024-07-15T10:30:00,933.40,STOP,-1008.93,-1457.72
fast_pair,JSWSTEEL,2024-07-16,SHORT,2024-07-16T12:40:00,933.85,936.27,930.21,321,2.42,2024-07-16T14:30:00,933.30,TIME_STOP,176.55,-272.97
fast_pair,JSWSTEEL,2024-07-18,LONG,2024-07-18T12:50:00,929.40,926.75,933.38,322,2.65,2024-07-18T12:50:00,926.75,STOP,-854.72,-1302.98
fast_pair,JSWSTEEL,2024-07-22,LONG,2024-07-22T10:50:00,890.05,885.24,897.27,337,4.81,2024-07-22T12:30:00,886.60,REVERSE,-1162.65,-1611.70
fast_pair,JSWSTEEL,2024-07-23,LONG,2024-07-23T11:10:00,886.40,883.38,890.93,338,3.02,2024-07-23T11:20:00,883.38,STOP,-1021.60,-1470.24
fast_pair,JSWSTEEL,2024-07-24,LONG,2024-07-24T13:00:00,886.45,883.28,891.20,338,3.17,2024-07-24T13:30:00,883.75,REVERSE,-912.60,-1361.35
fast_pair,JSWSTEEL,2024-07-25,LONG,2024-07-25T12:30:00,873.10,870.54,876.94,343,2.56,2024-07-25T12:50:00,876.94,TARGET,1315.74,865.54
fast_pair,JSWSTEEL,2024-07-30,LONG,2024-07-30T10:30:00,903.00,899.82,907.76,332,3.18,2024-07-30T12:20:00,903.75,TIME_STOP,249.00,-200.88
fast_pair,JSWSTEEL,2024-08-01,SHORT,2024-08-01T11:10:00,933.20,938.38,925.44,321,5.18,2024-08-01T13:00:00,930.70,TIME_STOP,802.50,353.77
fast_pair,JSWSTEEL,2024-08-05,LONG,2024-08-05T14:00:00,868.60,864.44,874.84,345,4.16,2024-08-05T14:10:00,864.44,STOP,-1435.34,-1883.76
fast_pair,JSWSTEEL,2024-08-07,SHORT,2024-08-07T14:00:00,905.00,908.53,899.71,331,3.53,2024-08-07T14:40:00,906.85,REVERSE,-612.35,-1062.14
fast_pair,JSWSTEEL,2024-08-08,LONG,2024-08-08T12:20:00,898.85,895.40,904.03,333,3.45,2024-08-08T13:00:00,895.40,STOP,-1149.76,-1597.88
fast_pair,JSWSTEEL,2024-08-12,SHORT,2024-08-12T13:20:00,918.80,922.31,913.53,326,3.51,2024-08-12T13:40:00,922.31,STOP,-1145.49,-1595.64
fast_pair,JSWSTEEL,2024-08-13,LONG,2024-08-13T10:20:00,923.00,919.45,928.33,325,3.55,2024-08-13T10:20:00,919.45,STOP,-1154.29,-1603.38
fast_pair,JSWSTEEL,2024-08-16,LONG,2024-08-16T13:10:00,894.40,890.84,899.75,335,3.56,2024-08-16T13:40:00,899.75,TARGET,1790.95,1340.17
fast_pair,JSWSTEEL,2024-08-19,SHORT,2024-08-19T11:00:00,905.45,908.90,900.27,331,3.45,2024-08-19T11:30:00,908.90,STOP,-1143.22,-1593.64
fast_pair,JSWSTEEL,2024-08-20,LONG,2024-08-20T12:10:00,915.15,912.89,918.54,327,2.26,2024-08-20T12:10:00,914.30,REVERSE,-277.95,-726.62
fast_pair,JSWSTEEL,2024-08-21,SHORT,2024-08-21T11:30:00,918.40,920.86,914.71,326,2.46,2024-08-21T11:50:00,920.86,STOP,-802.56,-1252.26
fast_pair,JSWSTEEL,2024-08-26,SHORT,2024-08-26T11:10:00,938.65,941.30,934.68,319,2.65,2024-08-26T11:30:00,941.30,STOP,-843.91,-1293.69
fast_pair,JSWSTEEL,2024-08-28,LONG,2024-08-28T11:50:00,945.35,942.44,949.71,317,2.91,2024-08-28T12:00:00,949.71,TARGET,1382.10,931.55
fast_pair,JSWSTEEL,2024-08-29,LONG,2024-08-29T10:10:00,948.95,946.07,953.27,316,2.88,2024-08-29T10:20:00,946.07,STOP,-910.34,-1359.46
fast_pair,JSWSTEEL,2024-09-02,SHORT,2024-09-02T13:00:00,943.45,946.15,939.40,317,2.70,2024-09-02T13:40:00,939.40,TARGET,1285.21,837.56
fast_pair,JSWSTEEL,2024-09-03,LONG,2024-09-03T13:10:00,935.15,933.01,938.36,320,2.14,2024-09-03T13:30:00,933.40,REVERSE,-560.00,-1008.45
fast_pair,JSWSTEEL,2024-09-04,LONG,2024-09-04T11:50:00,931.60,927.66,937.51,322,3.94,2024-09-04T11:50:00,927.66,STOP,-1268.51,-1717.53
fast_pair,JSWSTEEL,2024-09-05,SHORT,2024-09-05T11:30:00,935.60,938.63,931.05,320,3.03,2024-09-05T12:40:00,931.05,TARGET,1455.25,1007.26
fast_pair,JSWSTEEL,2024-09-06,LONG,2024-09-06T11:40:00,925.20,921.69,930.47,324,3.51,2024-09-06T11:50:00,930.47,TARGET,1708.02,1257.09
fast_pair,JSWSTEEL,2024-09-09,LONG,2024-09-09T10:00:00,935.00,930.90,941.14,320,4.10,2024-09-09T10:00:00,930.90,STOP,-1310.59,-1758.41
fast_pair,JSWSTEEL,2024-09-10,SHORT,2024-09-10T10:10:00,930.85,933.67,926.62,322,2.82,2024-09-10T10:40:00,933.67,STOP,-907.44,-1357.72
fast_pair,JSWSTEEL,2024-09-11,LONG,2024-09-11T12:00:00,937.50,934.77,941.60,320,2.73,2024-09-11T13:00:00,936.05,REVERSE,-464.00,-913.65
fast_pair,JSWSTEEL,2024-09-12,SHORT,2024-09-12T10:50:00,930.20,934.38,923.94,322,4.18,2024-09-12T11:10:00,934.38,STOP,-1344.77,-1795.07
fast_pair,JSWSTEEL,2024-09-13,SHORT,2024-09-13T11:20:00,958.35,962.58,952.01,313,4.23,2024-09-13T12:30:00,962.58,STOP,-1323.59,-1774.53
fast_pair,JSWSTEEL,2024-09-16,SHORT,2024-09-16T11:50:00,959.60,962.53,955.20,312,2.93,2024-09-16T12:20:00,962.53,STOP,-915.42,-1365.20
fast_pair,JSWSTEEL,2024-09-17,LONG,2024-09-17T12:50:00,966.55,964.43,969.73,310,2.12,2024-09-17T13:30:00,969.73,TARGET,986.64,536.46
fast_pair,JSWSTEEL,2024-09-18,SHORT,2024-09-18T10:40:00,965.00,967.62,961.07,310,2.62,2024-09-18T11:00:00,967.62,STOP,-813.03,-1262.37
fast_pair,JSWSTEEL,2024-09-19,SHORT,2024-09-19T10:40:00,955.70,959.23,950.41,313,3.53,2024-09-19T11:20:00,950.41,TARGET,1655.57,1208.11
fast_pair,JSWSTEEL,2024-09-20,SHORT,2024-09-20T13:50:00,976.50,980.59,970.36,307,4.09,2024-09-20T13:50:00,980.59,STOP,-1255.82,-1706.44
fast_pair,JSWSTEEL,2024-09-24,SHORT,2024-09-24T11:30:00,988.55,993.48,981.16,303,4.93,2024-09-24T12:50:00,993.48,STOP,-1492.91,-1943.33
fast_pair,JSWSTEEL,2024-09-25,LONG,2024-09-25T14:10:00,980.15,977.38,984.30,306,2.77,2024-09-25T15:20:00,982.00,EOD,566.10,115.79
fast_pair,JSWSTEEL,2024-09-26,LONG,2024-09-26T10:00:00,981.85,978.86,986.33,305,2.99,2024-09-26T10:10:00,986.33,TARGET,1366.33,916.11
fast_pair,JSWSTEEL,2024-09-27,SHORT,2024-09-27T11:40:00,1008.65,1012.90,1002.28,297,4.25,2024-09-27T12:50:00,1002.28,TARGET,1891.67,1443.73
fast_pair,JSWSTEEL,2024-10-03,SHORT,2024-10-03T12:00:00,1044.20,1049.54,1036.19,287,5.34,2024-10-03T13:50:00,1042.75,TIME_STOP,416.15,-33.07
fast_pair,JSWSTEEL,2024-10-04,LONG,2024-10-04T10:00:00,1046.55,1040.80,1055.18,286,5.75,2024-10-04T10:20:00,1040.80,STOP,-1645.27,-2093.01
fast_pair,JSWSTEEL,2024-10-08,LONG,2024-10-08T12:50:00,997.15,992.32,1004.39,300,4.83,2024-10-08T14:40:00,997.80,TIME_STOP,195.00,-253.86
fast_pair,JSWSTEEL,2024-10-10,SHORT,2024-10-10T11:20:00,999.80,1003.35,994.48,300,3.55,2024-10-10T13:00:00,1001.55,REVERSE,-525.00,-975.30
fast_pair,JSWSTEEL,2024-10-11,SHORT,2024-10-11T12:40:00,1017.70,1020.66,1013.27,294,2.96,2024-10-11T13:00:00,1013.27,TARGET,1303.25,855.42
fast_pair,JSWSTEEL,2024-10-14,SHORT,2024-10-14T11:40:00,1020.50,1024.23,1014.90,293,3.73,2024-10-14T11:40:00,1022.50,REVERSE,-586.00,-1034.95
fast_pair,JSWSTEEL,2024-10-15,LONG,2024-10-15T11:50:00,1007.65,1004.57,1012.27,297,3.08,2024-10-15T12:40:00,1005.55,REVERSE,-623.70,-1072.14
fast_pair,JSWSTEEL,2024-10-16,SHORT,2024-10-16T10:00:00,996.60,1000.07,991.39,301,3.47,2024-10-16T11:20:00,991.39,TARGET,1568.27,1119.48
fast_pair,JSWSTEEL,2024-10-18,LONG,2024-10-18T10:40:00,987.40,983.00,994.00,303,4.40,2024-10-18T12:10:00,994.00,TARGET,1999.95,1549.68
fast_pair,JSWSTEEL,2024-10-21,LONG,2024-10-21T14:10:00,986.25,982.73,991.53,304,3.52,2024-10-21T14:10:00,982.73,STOP,-1071.05,-1519.97
fast_pair,JSWSTEEL,2024-10-23,LONG,2024-10-23T10:20:00,967.80,963.46,974.31,309,4.34,2024-10-23T12:00:00,965.45,REVERSE,-726.15,-1174.18
fast_pair,JSWSTEEL,2024-10-24,LONG,2024-10-24T10:10:00,961.35,957.44,967.22,312,3.91,2024-10-24T10:20:00,957.44,STOP,-1220.72,-1669.71
fast_pair,JSWSTEEL,2024-10-28,LONG,2024-10-28T10:30:00,959.95,953.21,970.06,312,6.74,2024-10-28T10:50:00,970.06,TARGET,3153.77,2702.14
fast_pair,JSWSTEEL,2024-10-30,SHORT,2024-10-30T12:50:00,962.85,965.94,958.22,311,3.09,2024-10-30T12:50:00,965.94,STOP,-960.80,-1410.69
fast_pair,JSWSTEEL,2024-10-31,LONG,2024-10-31T10:10:00,961.20,958.11,965.84,312,3.09,2024-10-31T10:20:00,958.11,STOP,-964.30,-1413.41
fast_pair,JSWSTEEL,2024-11-04,SHORT,2024-11-04T10:00:00,959.35,963.18,953.61,312,3.83,2024-11-04T10:20:00,953.61,TARGET,1792.16,1344.52
fast_pair,JSWSTEEL,2024-11-06,SHORT,2024-11-06T10:50:00,993.80,999.96,984.56,301,6.16,2024-11-06T12:00:00,999.96,STOP,-1853.85,-2303.94
fast_pair,JSWSTEEL,2024-11-07,SHORT,2024-11-07T10:40:00,1003.55,1008.27,996.47,298,4.72,2024-11-07T11:10:00,996.47,TARGET,2109.48,1662.48
fast_pair,JSWSTEEL,2024-11-08,LONG,2024-11-08T10:30:00,990.60,985.74,997.89,302,4.86,2024-11-08T11:00:00,989.25,REVERSE,-407.70,-856.14
fast_pair,JSWSTEEL,2024-11-11,LONG,2024-11-11T10:50:00,989.85,984.85,997.35,303,5.00,2024-11-11T12:10:00,984.85,STOP,-1514.83,-1963.58
fast_pair,JSWSTEEL,2024-11-14,SHORT,2024-11-14T11:40:00,939.15,943.19,933.09,319,4.04,2024-11-14T13:00:00,939.65,REVERSE,-159.50,-609.00
fast_pair,JSWSTEEL,2024-11-21,LONG,2024-11-21T11:50:00,945.50,941.86,950.96,317,3.64,2024-11-21T13:40:00,944.90,TIME_STOP,-190.20,-639.64
fast_pair,JSWSTEEL,2024-11-27,SHORT,2024-11-27T12:00:00,958.90,962.06,954.16,312,3.16,2024-11-27T12:40:00,962.06,STOP,-985.43,-1434.93
fast_pair,JSWSTEEL,2024-11-28,SHORT,2024-11-28T10:50:00,964.70,967.96,959.81,310,3.26,2024-11-28T11:00:00,967.96,STOP,-1010.08,-1459.43
fast_pair,JSWSTEEL,2024-11-29,LONG,2024-11-29T10:00:00,960.20,956.24,966.14,312,3.96,2024-11-29T10:30:00,966.14,TARGET,1853.82,1403.05
fast_pair,JSWSTEEL,2024-12-03,SHORT,2024-12-03T12:00:00,992.50,995.95,987.33,302,3.45,2024-12-03T12:00:00,995.95,STOP,-1041.47,-1491.85
fast_pair,JSWSTEEL,2024-12-05,LONG,2024-12-05T12:20:00,992.15,988.31,997.91,302,3.84,2024-12-05T13:20:00,997.91,TARGET,1740.59,1289.84
fast_pair,JSWSTEEL,2024-12-06,SHORT,2024-12-06T10:20:00,998.15,1002.91,991.01,300,4.76,2024-12-06T10:30:00,1002.91,STOP,-1428.87,-1879.11
fast_pair,JSWSTEEL,2024-12-09,LONG,2024-12-09T13:20:00,1008.45,1004.91,1013.76,297,3.54,2024-12-09T14:40:00,1013.76,TARGET,1577.72,1127.27
fast_pair,JSWSTEEL,2024-12-10,SHORT,2024-12-10T11:50:00,1012.65,1016.40,1007.02,296,3.75,2024-12-10T13:40:00,1008.90,TIME_STOP,1110.00,661.22
fast_pair,JSWSTEEL,2024-12-11,SHORT,2024-12-11T11:10:00,1008.40,1011.81,1003.29,297,3.41,2024-12-11T11:20:00,1011.81,STOP,-1012.02,-1462.02
fast_pair,JSWSTEEL,2024-12-13,LONG,2024-12-13T12:10:00,988.50,984.11,995.09,303,4.39,2024-12-13T13:10:00,995.09,TARGET,1996.73,1545.96
fast_pair,JSWSTEEL,2024-12-16,LONG,2024-12-16T13:20:00,988.25,985.79,991.94,303,2.46,2024-12-16T15:10:00,989.75,TIME_STOP,454.50,5.00
fast_pair,JSWSTEEL,2024-12-23,SHORT,2024-12-23T12:50:00,940.80,944.81,934.78,318,4.01,2024-12-23T13:20:00,934.78,TARGET,1914.11,1466.79
fast_pair,JSWSTEEL,2024-12-24,LONG,2024-12-24T13:30:00,931.05,928.14,935.42,322,2.91,2024-12-24T13:40:00,928.14,STOP,-938.49,-1387.49
fast_pair,JSWSTEEL,2024-12-26,SHORT,2024-12-26T10:30:00,922.90,926.45,917.57,325,3.55,2024-12-26T12:20:00,919.45,TIME_STOP,1121.25,672.18
fast_pair,JSWSTEEL,2024-12-27,SHORT,2024-12-27T12:10:00,918.95,921.35,915.35,326,2.40,2024-12-27T12:50:00,915.35,TARGET,1175.04,726.55
fast_pair,JSWSTEEL,2024-12-30,LONG,2024-12-30T11:50:00,911.05,908.11,915.47,329,2.94,2024-12-30T12:00:00,908.11,STOP,-968.82,-1417.70
fast_pair,JSWSTEEL,2024-12-31,LONG,2024-12-31T11:00:00,902.35,899.21,907.06,332,3.14,2024-12-31T12:50:00,901.60,TIME_STOP,-249.00,-698.18
fast_pair,JSWSTEEL,2025-01-01,LONG,2025-01-01T10:50:00,900.60,897.41,905.38,333,3.19,2025-01-01T11:00:00,905.38,TARGET,1591.57,1140.53
fast_pair,JSWSTEEL,2025-01-02,LONG,2025-01-02T11:10:00,905.95,903.33,909.87,331,2.62,2025-01-02T11:30:00,903.50,REVERSE,-810.95,-1260.15
fast_pair,JSWSTEEL,2025-01-03,SHORT,2025-01-03T13:00:00,918.60,921.33,914.50,326,2.73,2025-01-03T14:50:00,917.50,TIME_STOP,358.60,-90.33
fast_pair,JSWSTEEL,2025-01-06,LONG,2025-01-06T13:00:00,907.30,903.74,912.64,330,3.56,2025-01-06T13:00:00,906.15,REVERSE,-379.50,-828.33
fast_pair,JSWSTEEL,2025-01-07,SHORT,2025-01-07T12:40:00,908.20,911.07,903.89,330,2.87,2025-01-07T12:40:00,909.65,REVERSE,-478.50,-928.42
fast_pair,JSWSTEEL,2025-01-08,LONG,2025-01-08T14:00:00,901.90,899.41,905.64,332,2.49,2025-01-08T14:20:00,905.64,TARGET,1241.58,791.50
fast_pair,JSWSTEEL,2025-01-09,SHORT,2025-01-09T10:10:00,900.20,903.57,895.15,333,3.37,2025-01-09T11:00:00,895.15,TARGET,1681.44,1233.06
fast_pair,JSWSTEEL,2025-01-10,LONG,2025-01-10T11:00:00,893.00,889.29,898.57,335,3.71,2025-01-10T11:40:00,898.57,TARGET,1864.34,1414.21
fast_pair,JSWSTEEL,2025-01-14,SHORT,2025-01-14T10:20:00,897.50,901.86,890.96,334,4.36,2025-01-14T10:50:00,901.86,STOP,-1455.71,-1906.45
fast_pair,JSWSTEEL,2025-01-15,SHORT,2025-01-15T12:20:00,908.00,910.57,904.15,330,2.57,2025-01-15T13:30:00,904.15,TARGET,1271.84,823.33
fast_pair,JSWSTEEL,2025-01-16,SHORT,2025-01-16T10:40:00,904.50,907.46,900.06,331,2.96,2025-01-16T11:30:00,907.46,STOP,-980.78,-1430.60
fast_pair,JSWSTEEL,2025-01-17,SHORT,2025-01-17T11:10:00,907.40,910.49,902.76,330,3.09,2025-01-17T12:20:00,910.49,STOP,-1020.62,-1470.55
fast_pair,JSWSTEEL,2025-01-20,LONG,2025-01-20T10:30:00,909.35,906.58,913.50,329,2.77,2025-01-20T10:30:00,913.50,TARGET,1366.11,916.32
fast_pair,JSWSTEEL,2025-01-22,SHORT,2025-01-22T11:20:00,922.20,925.37,917.45,325,3.17,2025-01-22T11:30:00,917.45,TARGET,1544.49,1096.08
fast_pair,JSWSTEEL,2025-01-24,SHORT,2025-01-24T10:20:00,932.20,936.28,926.08,321,4.08,2025-01-24T10:40:00,936.28,STOP,-1309.13,-1758.97
fast_pair,JSWSTEEL,2025-01-27,LONG,2025-01-27T13:30:00,917.10,912.94,923.34,327,4.16,2025-01-27T14:40:00,912.94,STOP,-1360.91,-1809.72
fast_pair,JSWSTEEL,2025-01-28,LONG,2025-01-28T11:40:00,914.35,910.73,919.78,328,3.62,2025-01-28T13:10:00,913.15,REVERSE,-393.60,-843.17
fast_pair,JSWSTEEL,2025-01-30,SHORT,2025-01-30T13:30:00,946.45,949.82,941.39,316,3.37,2025-01-30T14:10:00,949.82,STOP,-1065.83,-1515.24
fast_pair,JSWSTEEL,2025-01-31,SHORT,2025-01-31T10:40:00,946.50,951.29,939.31,316,4.79,2025-01-31T11:00:00,951.29,STOP,-1514.72,-1964.50
fast_pair,JSWSTEEL,2025-02-01,SHORT,2025-02-01T12:20:00,943.90,948.30,937.30,317,4.40,2025-02-01T12:30:00,937.30,TARGET,2092.54,1645.28
fast_pair,JSWSTEEL,2025-02-03,LONG,2025-02-03T11:30:00,926.90,921.25,935.38,323,5.65,2025-02-03T12:20:00,925.65,REVERSE,-403.75,-852.53
fast_pair,JSWSTEEL,2025-02-05,SHORT,2025-02-05T13:10:00,950.25,952.54,946.82,315,2.29,2025-02-05T13:10:00,951.35,REVERSE,-346.50,-795.75
fast_pair,JSWSTEEL,2025-02-10,LONG,2025-02-10T12:40:00,957.90,954.45,963.08,313,3.45,2025-02-10T14:00:00,956.40,REVERSE,-469.50,-918.88
fast_pair,JSWSTEEL,2025-02-11,SHORT,2025-02-11T12:50:00,961.25,964.58,956.26,312,3.33,2025-02-11T13:00:00,956.26,TARGET,1556.51,1107.81
fast_pair,JSWSTEEL,2025-02-12,LONG,2025-02-12T11:50:00,955.65,950.43,963.48,313,5.22,2025-02-12T13:40:00,956.60,TIME_STOP,297.35,-151.55
fast_pair,JSWSTEEL,2025-02-13,SHORT,2025-02-13T13:30:00,974.85,978.31,969.66,307,3.46,2025-02-13T15:00:00,969.66,TARGET,1593.02,1145.30
fast_pair,JSWSTEEL,2025-02-17,LONG,2025-02-17T13:00:00,964.65,960.92,970.24,310,3.73,2025-02-17T14:50:00,969.60,TIME_STOP,1534.50,1084.79
fast_pair,JSWSTEEL,2025-02-18,LONG,2025-02-18T10:10:00,971.70,967.86,977.46,308,3.84,2025-02-18T10:20:00,967.86,STOP,-1183.01,-1631.04
fast_pair,JSWSTEEL,2025-02-19,SHORT,2025-02-19T11:20:00,979.90,983.24,974.90,306,3.34,2025-02-19T12:40:00,974.90,TARGET,1531.50,1082.87
fast_pair,JSWSTEEL,2025-02-20,SHORT,2025-02-20T13:10:00,980.30,982.65,976.78,306,2.35,2025-02-20T13:40:00,982.65,STOP,-717.67,-1168.16
fast_pair,JSWSTEEL,2025-02-21,SHORT,2025-02-21T10:10:00,982.40,985.37,977.95,305,2.97,2025-02-21T10:10:00,977.95,TARGET,1357.55,909.12
fast_pair,JSWSTEEL,2025-02-25,SHORT,2025-02-25T11:10:00,965.95,969.26,960.99,310,3.31,2025-02-25T12:00:00,960.99,TARGET,1537.17,1089.16
fast_pair,JSWSTEEL,2025-02-27,SHORT,2025-02-27T11:50:00,965.95,969.21,961.06,310,3.26,2025-02-27T13:10:00,969.21,STOP,-1011.08,-1461.00
fast_pair,JSWSTEEL,2025-03-03,SHORT,2025-03-03T12:00:00,955.75,959.82,949.64,313,4.07,2025-03-03T12:10:00,959.05,REVERSE,-1032.90,-1482.40
fast_pair,JSWSTEEL,2025-03-04,LONG,2025-03-04T10:40:00,975.85,971.85,981.84,307,4.00,2025-03-04T11:40:00,971.85,STOP,-1226.87,-1675.32
fast_pair,JSWSTEEL,2025-03-05,SHORT,2025-03-05T13:30:00,993.60,996.84,988.74,301,3.24,2025-03-05T13:40:00,996.84,STOP,-976.13,-1425.47
fast_pair,JSWSTEEL,2025-03-07,SHORT,2025-03-07T12:00:00,1013.50,1016.44,1009.09,296,2.94,2025-03-07T12:20:00,1009.09,TARGET,1304.07,855.05
fast_pair,JSWSTEEL,2025-03-11,LONG,2025-03-11T10:20:00,1013.00,1009.49,1018.27,296,3.51,2025-03-11T12:10:00,1015.00,TIME_STOP,592.00,141.78
fast_pair,JSWSTEEL,2025-03-12,LONG,2025-03-12T13:30:00,1004.80,1001.94,1009.09,298,2.86,2025-03-12T13:40:00,1001.94,STOP,-852.38,-1300.89
fast_pair,JSWSTEEL,2025-03-13,SHORT,2025-03-13T11:20:00,1008.15,1011.25,1003.50,297,3.10,2025-03-13T11:40:00,1003.50,TARGET,1381.03,932.93
fast_pair,JSWSTEEL,2025-03-17,SHORT,2025-03-17T10:40:00,1004.70,1007.63,1000.30,298,2.93,2025-03-17T12:30:00,1002.40,TIME_STOP,685.40,236.81
fast_pair,JSWSTEEL,2025-03-19,SHORT,2025-03-19T13:00:00,1030.15,1033.63,1024.93,291,3.48,2025-03-19T13:30:00,1030.80,REVERSE,-189.15,-638.95
fast_pair,JSWSTEEL,2025-03-20,LONG,2025-03-20T10:30:00,1035.45,1031.70,1041.07,289,3.75,2025-03-20T11:50:00,1041.07,TARGET,1623.65,1173.56
fast_pair,JSWSTEEL,2025-03-21,SHORT,2025-03-21T12:30:00,1055.20,1057.76,1051.36,284,2.56,2025-03-21T12:50:00,1057.76,STOP,-727.55,-1177.61
fast_pair,JSWSTEEL,2025-03-24,SHORT,2025-03-24T11:30:00,1060.05,1064.06,1054.03,283,4.01,2025-03-24T13:20:00,1064.06,STOP,-1134.95,-1585.80
fast_pair,JSWSTEEL,2025-03-25,LONG,2025-03-25T10:00:00,1065.90,1062.02,1071.73,281,3.88,2025-03-25T10:40:00,1062.02,STOP,-1091.25,-1539.71
fast_pair,JSWSTEEL,2025-03-27,LONG,2025-03-27T10:30:00,1063.80,1060.19,1069.21,282,3.61,2025-03-27T10:50:00,1062.00,REVERSE,-507.60,-957.21
fast_pair,JSWSTEEL,2025-03-28,LONG,2025-03-28T10:50:00,1062.45,1059.29,1067.19,282,3.16,2025-03-28T12:10:00,1067.19,TARGET,1338.08,887.66
fast_pair,JSWSTEEL,2025-04-01,SHORT,2025-04-01T11:10:00,1059.65,1063.45,1053.95,283,3.80,2025-04-01T11:30:00,1063.45,STOP,-1074.67,-1525.30
fast_pair,JSWSTEEL,2025-04-02,LONG,2025-04-02T12:30:00,1055.90,1052.15,1061.53,284,3.75,2025-04-02T12:50:00,1052.15,STOP,-1065.38,-1514.39
fast_pair,JSWSTEEL,2025-04-04,LONG,2025-04-04T12:30:00,1016.20,1010.93,1024.10,295,5.27,2025-04-04T13:10:00,1010.93,STOP,-1553.59,-2002.09
fast_pair,JSWSTEEL,2025-04-07,LONG,2025-04-07T14:10:00,922.85,916.89,931.78,325,5.96,2025-04-07T15:10:00,931.78,TARGET,2903.27,2451.20
fast_pair,JSWSTEEL,2025-04-08,SHORT,2025-04-08T11:40:00,938.70,944.79,929.56,319,6.09,2025-04-08T12:10:00,944.79,STOP,-1944.27,-2394.90
fast_pair,JSWSTEEL,2025-04-09,LONG,2025-04-09T11:50:00,952.20,947.87,958.69,315,4.33,2025-04-09T11:50:00,947.87,STOP,-1363.03,-1811.93
fast_pair,JSWSTEEL,2025-04-16,LONG,2025-04-16T12:40:00,999.10,996.33,1003.26,300,2.77,2025-04-16T13:10:00,996.33,STOP,-831.09,-1280.06
fast_pair,JSWSTEEL,2025-04-17,LONG,2025-04-17T11:40:00,1000.90,996.49,1007.52,299,4.41,2025-04-17T13:20:00,1007.52,TARGET,1979.28,1528.89
fast_pair,JSWSTEEL,2025-04-21,SHORT,2025-04-21T14:00:00,1033.10,1036.73,1027.66,290,3.63,2025-04-21T15:20:00,1035.80,REVERSE,-783.00,-1232.99
fast_pair,JSWSTEEL,2025-04-22,SHORT,2025-04-22T13:00:00,1041.80,1045.26,1036.62,287,3.46,2025-04-22T13:40:00,1045.26,STOP,-991.75,-1440.99
fast_pair,JSWSTEEL,2025-04-23,LONG,2025-04-23T12:50:00,1036.50,1033.20,1041.45,289,3.30,2025-04-23T14:00:00,1041.45,TARGET,1429.39,978.99
fast_pair,JSWSTEEL,2025-04-24,LONG,2025-04-24T12:20:00,1036.40,1033.52,1040.73,289,2.88,2025-04-24T12:40:00,1040.73,TARGET,1249.98,799.76
fast_pair,JSWSTEEL,2025-04-25,SHORT,2025-04-25T10:10:00,1031.00,1035.64,1024.04,290,4.64,2025-04-25T10:30:00,1024.04,TARGET,2017.50,1570.53
fast_pair,JSWSTEEL,2025-04-29,SHORT,2025-04-29T11:40:00,1052.50,1056.52,1046.47,285,4.02,2025-04-29T11:50:00,1046.47,TARGET,1719.44,1270.79
fast_pair,JSWSTEEL,2025-04-30,LONG,2025-04-30T10:20:00,1039.70,1035.88,1045.42,288,3.82,2025-04-30T10:20:00,1038.90,REVERSE,-230.40,-679.38
fast_pair,JSWSTEEL,2025-05-02,LONG,2025-05-02T10:00:00,1036.00,1031.55,1042.67,289,4.45,2025-05-02T10:10:00,1031.55,STOP,-1285.46,-1733.61
fast_pair,JSWSTEEL,2025-05-06,LONG,2025-05-06T12:30:00,965.50,961.47,971.54,310,4.03,2025-05-06T12:30:00,962.90,REVERSE,-806.00,-1254.35
fast_pair,JSWSTEEL,2025-05-07,SHORT,2025-05-07T13:20:00,970.40,973.43,965.85,309,3.03,2025-05-07T14:50:00,965.85,TARGET,1405.16,956.43
fast_pair,JSWSTEEL,2025-05-08,LONG,2025-05-08T12:50:00,962.30,959.97,965.80,311,2.33,2025-05-08T13:20:00,959.97,STOP,-725.57,-1173.94
fast_pair,JSWSTEEL,2025-05-09,LONG,2025-05-09T11:40:00,954.50,950.05,961.17,314,4.45,2025-05-09T13:30:00,953.00,TIME_STOP,-471.00,-920.22
fast_pair,JSWSTEEL,2025-05-14,SHORT,2025-05-14T11:10:00,1000.40,1004.28,994.57,299,3.88,2025-05-14T12:00:00,994.57,TARGET,1741.90,1294.52
fast_pair,JSWSTEEL,2025-05-15,SHORT,2025-05-15T12:50:00,1013.20,1017.58,1006.62,296,4.38,2025-05-15T13:00:00,1017.58,STOP,-1297.71,-1748.55
fast_pair,JSWSTEEL,2025-05-16,SHORT,2025-05-16T10:20:00,1030.30,1034.67,1023.75,291,4.37,2025-05-16T11:50:00,1023.75,TARGET,1907.01,1458.72
fast_pair,JSWSTEEL,2025-05-19,SHORT,2025-05-19T10:50:00,1022.30,1025.72,1017.17,293,3.42,2025-05-19T10:50:00,1025.72,STOP,-1002.59,-1452.65
fast_pair,JSWSTEEL,2025-05-20,SHORT,2025-05-20T11:00:00,1021.20,1024.57,1016.14,293,3.37,2025-05-20T11:00:00,1024.57,STOP,-988.79,-1438.35
fast_pair,JSWSTEEL,2025-05-22,LONG,2025-05-22T12:00:00,1001.90,998.06,1007.66,299,3.84,2025-05-22T12:50:00,998.06,STOP,-1149.15,-1597.64
fast_pair,JSWSTEEL,2025-05-23,SHORT,2025-05-23T12:20:00,1012.00,1015.84,1006.23,296,3.84,2025-05-23T14:10:00,1011.70,TIME_STOP,88.80,-360.46
fast_pair,JSWSTEEL,2025-05-26,SHORT,2025-05-26T10:00:00,1006.40,1010.87,999.69,298,4.47,2025-05-26T10:00:00,1010.87,STOP,-1332.25,-1783.11
fast_pair,JSWSTEEL,2025-05-27,LONG,2025-05-27T11:50:00,1024.40,1020.63,1030.05,292,3.77,2025-05-27T12:20:00,1020.63,STOP,-1100.01,-1547.87
fast_pair,JSWSTEEL,2025-05-28,LONG,2025-05-28T12:50:00,1006.00,1002.78,1010.82,298,3.22,2025-05-28T13:20:00,1002.78,STOP,-958.26,-1407.22
fast_pair,JSWSTEEL,2025-05-30,SHORT,2025-05-30T10:00:00,1001.90,1005.59,996.36,299,3.69,2025-05-30T10:30:00,996.36,TARGET,1655.87,1207.76
fast_pair,JSWSTEEL,2025-06-02,LONG,2025-06-02T12:40:00,980.95,977.58,986.00,305,3.37,2025-06-02T13:10:00,977.58,STOP,-1027.32,-1475.33
fast_pair,JSWSTEEL,2025-06-03,LONG,2025-06-03T10:30:00,978.95,975.37,984.33,306,3.58,2025-06-03T10:40:00,975.37,STOP,-1096.77,-1545.28
fast_pair,JSWSTEEL,2025-06-04,LONG,2025-06-04T10:30:00,979.00,975.61,984.09,306,3.39,2025-06-04T10:50:00,975.61,STOP,-1037.35,-1485.94
fast_pair,JSWSTEEL,2025-06-05,SHORT,2025-06-05T11:00:00,967.75,970.83,963.13,309,3.08,2025-06-05T12:00:00,970.83,STOP,-951.07,-1400.34
fast_pair,JSWSTEEL,2025-06-09,SHORT,2025-06-09T13:30:00,1006.00,1009.26,1001.11,298,3.26,2025-06-09T13:30:00,1009.26,STOP,-972.46,-1422.87
fast_pair,JSWSTEEL,2025-06-10,SHORT,2025-06-10T11:20:00,1010.25,1013.59,1005.24,296,3.34,2025-06-10T12:00:00,1005.24,TARGET,1482.71,1035.27
fast_pair,JSWSTEEL,2025-06-11,SHORT,2025-06-11T12:50:00,1008.85,1010.90,1005.78,297,2.05,2025-06-11T14:40:00,1008.40,TIME_STOP,133.65,-315.69
fast_pair,JSWSTEEL,2025-06-12,LONG,2025-06-12T11:20:00,1006.20,1003.34,1010.48,298,2.86,2025-06-12T12:00:00,1005.35,REVERSE,-253.30,-702.88
fast_pair,JSWSTEEL,2025-06-13,LONG,2025-06-13T13:40:00,989.85,987.35,993.60,303,2.50,2025-06-13T14:20:00,987.35,STOP,-758.00,-1207.32
fast_pair,JSWSTEEL,2025-06-16,LONG,2025-06-16T10:20:00,988.90,985.45,994.08,303,3.45,2025-06-16T10:30:00,994.08,TARGET,1569.17,1118.54
fast_pair,JSWSTEEL,2025-06-17,SHORT,2025-06-17T10:00:00,1002.80,1005.75,998.38,299,2.95,2025-06-17T11:10:00,1005.00,REVERSE,-657.80,-1108.05
fast_pair,JSWSTEEL,2025-06-19,SHORT,2025-06-19T12:50:00,990.45,992.80,986.93,302,2.35,2025-06-19T14:00:00,992.80,STOP,-709.06,-1158.26
fast_pair,JSWSTEEL,2025-06-20,SHORT,2025-06-20T12:50:00,1008.55,1012.34,1002.86,297,3.79,2025-06-20T13:10:00,1012.34,STOP,-1125.93,-1576.08
fast_pair,JSWSTEEL,2025-06-23,LONG,2025-06-23T11:50:00,995.55,991.82,1001.14,301,3.73,2025-06-23T12:10:00,1001.14,TARGET,1683.23,1232.48
fast_pair,JSWSTEEL,2025-06-24,SHORT,2025-06-24T13:30:00,1012.55,1015.95,1007.46,296,3.40,2025-06-24T14:50:00,1007.46,TARGET,1508.00,1059.56
fast_pair,JSWSTEEL,2025-06-26,SHORT,2025-06-26T10:40:00,1023.70,1027.67,1017.75,293,3.97,2025-06-26T11:40:00,1017.75,TARGET,1744.70,1296.09
fast_pair,JSWSTEEL,2025-06-27,SHORT,2025-06-27T11:10:00,1031.35,1034.66,1026.38,290,3.31,2025-06-27T11:50:00,1026.38,TARGET,1441.50,993.95
fast_pair,JSWSTEEL,2025-07-01,LONG,2025-07-01T12:00:00,1021.80,1018.99,1026.02,293,2.81,2025-07-01T12:00:00,1020.20,REVERSE,-468.80,-917.53
fast_pair,JSWSTEEL,2025-07-03,SHORT,2025-07-03T10:50:00,1057.90,1061.48,1052.53,283,3.58,2025-07-03T12:40:00,1055.70,TIME_STOP,622.60,173.99
fast_pair,JSWSTEEL,2025-07-07,SHORT,2025-07-07T13:00:00,1039.50,1041.67,1036.25,288,2.17,2025-07-07T13:30:00,1041.67,STOP,-623.79,-1073.32
fast_pair,JSWSTEEL,2025-07-09,LONG,2025-07-09T10:50:00,1042.90,1039.57,1047.89,287,3.33,2025-07-09T11:40:00,1047.89,TARGET,1431.50,981.45
fast_pair,JSWSTEEL,2025-07-10,SHORT,2025-07-10T10:20:00,1038.50,1041.56,1033.91,288,3.06,2025-07-10T11:30:00,1041.56,STOP,-882.23,-1331.52
fast_pair,JSWSTEEL,2025-07-11,SHORT,2025-07-11T11:00:00,1045.20,1048.30,1040.54,287,3.10,2025-07-11T11:00:00,1040.54,TARGET,1336.57,887.62
fast_pair,JSWSTEEL,2025-07-14,SHORT,2025-07-14T11:30:00,1036.30,1038.89,1032.41,289,2.59,2025-07-14T11:40:00,1032.41,TARGET,1123.36,674.96
fast_pair,JSWSTEEL,2025-07-15,LONG,2025-07-15T11:20:00,1038.20,1035.10,1042.86,288,3.10,2025-07-15T13:10:00,1035.10,STOP,-894.24,-1342.07
fast_pair,JSWSTEEL,2025-07-17,LONG,2025-07-17T12:00:00,1033.00,1029.78,1037.82,290,3.22,2025-07-17T12:00:00,1029.78,STOP,-932.75,-1381.40
fast_pair,JSWSTEEL,2025-07-18,SHORT,2025-07-18T10:30:00,1034.50,1038.23,1028.90,289,3.73,2025-07-18T11:40:00,1028.90,TARGET,1618.22,1170.97
fast_pair,JSWSTEEL,2025-07-21,LONG,2025-07-21T11:20:00,1031.60,1026.22,1039.67,290,5.38,2025-07-21T11:30:00,1027.00,REVERSE,-1334.00,-1781.75
fast_pair,JSWSTEEL,2025-07-22,SHORT,2025-07-22T11:40:00,1035.90,1038.86,1031.46,289,2.96,2025-07-22T11:40:00,1036.30,REVERSE,-115.60,-564.75
fast_pair,JSWSTEEL,2025-07-23,SHORT,2025-07-23T10:10:00,1032.30,1034.67,1028.75,290,2.37,2025-07-23T11:00:00,1034.67,STOP,-686.19,-1135.75
fast_pair,JSWSTEEL,2025-07-25,SHORT,2025-07-25T10:20:00,1028.40,1031.25,1024.12,291,2.85,2025-07-25T10:30:00,1024.12,TARGET,1244.32,796.35
fast_pair,JSWSTEEL,2025-07-28,SHORT,2025-07-28T10:50:00,1024.30,1027.64,1019.29,292,3.34,2025-07-28T11:40:00,1019.29,TARGET,1462.04,1014.49
fast_pair,JSWSTEEL,2025-07-29,SHORT,2025-07-29T12:50:00,1043.70,1046.73,1039.16,287,3.03,2025-07-29T13:40:00,1039.16,TARGET,1302.80,854.47
fast_pair,JSWSTEEL,2025-07-30,SHORT,2025-07-30T10:30:00,1037.00,1041.03,1030.96,289,4.03,2025-07-30T11:20:00,1041.03,STOP,-1164.05,-1614.46
fast_pair,JSWSTEEL,2025-08-04,LONG,2025-08-04T11:00:00,1046.80,1042.05,1053.93,286,4.75,2025-08-04T11:20:00,1042.05,STOP,-1358.60,-1806.65
fast_pair,JSWSTEEL,2025-08-05,SHORT,2025-08-05T11:30:00,1054.60,1057.76,1049.86,284,3.16,2025-08-05T12:00:00,1049.86,TARGET,1344.88,896.63
fast_pair,JSWSTEEL,2025-08-06,SHORT,2025-08-06T10:50:00,1049.00,1052.49,1043.76,285,3.49,2025-08-06T12:00:00,1052.49,STOP,-995.46,-1444.66
fast_pair,JSWSTEEL,2025-08-07,LONG,2025-08-07T11:40:00,1053.40,1050.58,1057.63,284,2.82,2025-08-07T12:00:00,1050.58,STOP,-800.75,-1248.89
fast_pair,JSWSTEEL,2025-08-08,SHORT,2025-08-08T10:50:00,1060.20,1063.83,1054.75,282,3.63,2025-08-08T11:40:00,1054.75,TARGET,1535.96,1088.65
fast_pair,JSWSTEEL,2025-08-12,LONG,2025-08-12T11:50:00,1056.60,1053.60,1061.10,283,3.00,2025-08-12T13:10:00,1053.60,STOP,-849.49,-1297.38
fast_pair,JSWSTEEL,2025-08-13,SHORT,2025-08-13T11:50:00,1053.00,1055.64,1049.04,284,2.64,2025-08-13T12:20:00,1055.64,STOP,-749.41,-1198.55
fast_pair,JSWSTEEL,2025-08-14,LONG,2025-08-14T13:00:00,1048.90,1046.79,1052.07,286,2.11,2025-08-14T13:20:00,1046.79,STOP,-604.76,-1054.28
fast_pair,JSWSTEEL,2025-08-18,SHORT,2025-08-18T14:10:00,1067.30,1069.60,1063.85,281,2.30,2025-08-18T14:10:00,1069.30,REVERSE,-562.00,-1012.29
fast_pair,JSWSTEEL,2025-08-19,SHORT,2025-08-19T11:10:00,1072.60,1075.96,1067.55,279,3.36,2025-08-19T11:40:00,1075.96,STOP,-938.63,-1388.22
fast_pair,JSWSTEEL,2025-08-20,LONG,2025-08-20T10:20:00,1076.70,1073.88,1080.93,278,2.82,2025-08-20T10:50:00,1080.93,TARGET,1174.99,725.12
fast_pair,JSWSTEEL,2025-08-21,LONG,2025-08-21T10:10:00,1085.20,1082.43,1089.36,276,2.77,2025-08-21T10:30:00,1082.43,STOP,-765.66,-1214.36
fast_pair,JSWSTEEL,2025-08-22,LONG,2025-08-22T14:00:00,1056.30,1053.92,1059.88,284,2.38,2025-08-22T15:10:00,1055.00,REVERSE,-369.20,-818.91
fast_pair,JSWSTEEL,2025-08-26,LONG,2025-08-26T11:20:00,1052.00,1049.66,1055.50,285,2.34,2025-08-26T13:10:00,1053.30,TIME_STOP,370.50,-79.51
fast_pair,JSWSTEEL,2025-08-28,LONG,2025-08-28T11:10:00,1049.40,1046.04,1054.44,285,3.36,2025-08-28T11:30:00,1054.44,TARGET,1436.21,986.52
fast_pair,JSWSTEEL,2025-09-04,LONG,2025-09-04T11:00:00,1073.00,1069.52,1078.22,279,3.48,2025-09-04T11:50:00,1069.52,STOP,-970.42,-1418.74
fast_pair,JSWSTEEL,2025-09-05,LONG,2025-09-05T13:30:00,1069.90,1067.59,1073.37,280,2.31,2025-09-05T15:10:00,1073.37,TARGET,970.52,520.43
fast_pair,JSWSTEEL,2025-09-09,LONG,2025-09-09T11:30:00,1103.70,1100.73,1108.16,271,2.97,2025-09-09T12:10:00,1108.16,TARGET,1209.22,759.66
fast_pair,JSWSTEEL,2025-09-11,LONG,2025-09-11T11:00:00,1103.00,1100.17,1107.25,271,2.83,2025-09-11T11:00:00,1100.17,STOP,-767.71,-1215.50
fast_pair,JSWSTEEL,2025-09-12,LONG,2025-09-12T12:50:00,1097.00,1094.87,1100.20,273,2.13,2025-09-12T12:50:00,1095.20,REVERSE,-491.40,-940.25
fast_pair,JSWSTEEL,2025-09-15,LONG,2025-09-15T10:40:00,1099.10,1096.27,1103.34,272,2.83,2025-09-15T12:30:00,1100.70,TIME_STOP,435.20,-13.56
fast_pair,JSWSTEEL,2025-09-17,SHORT,2025-09-17T11:00:00,1115.20,1117.81,1111.29,269,2.61,2025-09-17T12:50:00,1112.90,TIME_STOP,618.70,169.18
fast_pair,JSWSTEEL,2025-09-19,SHORT,2025-09-19T12:10:00,1115.10,1117.51,1111.49,269,2.41,2025-09-19T12:10:00,1117.51,STOP,-647.26,-1097.68
fast_pair,JSWSTEEL,2025-09-22,SHORT,2025-09-22T10:30:00,1121.00,1123.63,1117.06,267,2.63,2025-09-22T12:20:00,1121.10,TIME_STOP,-26.70,-475.68
fast_pair,JSWSTEEL,2025-09-23,SHORT,2025-09-23T11:30:00,1120.00,1123.20,1115.20,267,3.20,2025-09-23T11:30:00,1123.20,STOP,-854.06,-1303.26
fast_pair,JSWSTEEL,2025-09-24,SHORT,2025-09-24T12:10:00,1141.20,1143.95,1137.08,262,2.75,2025-09-24T12:10:00,1143.95,STOP,-720.26,-1169.29
fast_pair,JSWSTEEL,2025-09-25,LONG,2025-09-25T10:10:00,1154.80,1150.84,1160.75,259,3.96,2025-09-25T10:40:00,1150.84,STOP,-1026.60,-1474.47
fast_pair,JSWSTEEL,2025-10-01,SHORT,2025-10-01T10:10:00,1142.30,1145.90,1136.91,262,3.60,2025-10-01T10:30:00,1136.91,TARGET,1413.41,965.54
fast_pair,JSWSTEEL,2025-10-03,SHORT,2025-10-03T13:20:00,1163.90,1167.93,1157.85,257,4.03,2025-10-03T14:00:00,1157.85,TARGET,1554.12,1106.60
fast_pair,JSWSTEEL,2025-10-06,LONG,2025-10-06T13:00:00,1155.10,1151.98,1159.78,259,3.12,2025-10-06T13:40:00,1159.78,TARGET,1212.27,762.60
fast_pair,JSWSTEEL,2025-10-07,SHORT,2025-10-07T12:30:00,1165.60,1168.47,1161.30,257,2.87,2025-10-07T14:20:00,1161.30,TARGET,1106.32,657.81
fast_pair,JSWSTEEL,2025-10-08,LONG,2025-10-08T13:50:00,1151.80,1148.96,1156.07,260,2.84,2025-10-08T14:20:00,1148.96,STOP,-739.36,-1188.01
fast_pair,JSWSTEEL,2025-10-10,LONG,2025-10-10T13:20:00,1167.00,1163.74,1171.89,257,3.26,2025-10-10T15:10:00,1168.40,TIME_STOP,359.80,-90.35
fast_pair,JSWSTEEL,2025-10-13,LONG,2025-10-13T12:30:00,1159.10,1156.63,1162.80,258,2.47,2025-10-13T14:20:00,1160.70,TIME_STOP,412.80,-36.08
fast_pair,JSWSTEEL,2025-10-14,SHORT,2025-10-14T10:50:00,1159.70,1162.55,1155.42,258,2.85,2025-10-14T11:00:00,1155.42,TARGET,1104.42,656.45
fast_pair,JSWSTEEL,2025-10-17,SHORT,2025-10-17T12:00:00,1171.30,1173.98,1167.28,256,2.68,2025-10-17T12:40:00,1167.28,TARGET,1029.18,580.17
fast_pair,JSWSTEEL,2025-10-21,SHORT,2025-10-21T14:00:00,1153.40,1158.67,1145.50,260,5.27,2025-10-21T14:40:00,1153.00,EOD_FORCED,104.00,-345.75
fast_pair,JSWSTEEL,2025-10-24,SHORT,2025-10-24T10:50:00,1138.40,1142.09,1132.87,263,3.69,2025-10-24T11:20:00,1132.87,TARGET,1455.54,1007.53
fast_pair,JSWSTEEL,2025-10-27,SHORT,2025-10-27T11:20:00,1146.20,1149.34,1141.48,261,3.14,2025-10-27T12:00:00,1149.34,STOP,-820.81,-1270.17
fast_pair,JSWSTEEL,2025-10-30,LONG,2025-10-30T11:30:00,1209.70,1205.99,1215.26,247,3.71,2025-10-30T11:40:00,1205.99,STOP,-915.64,-1363.15
fast_pair,JSWSTEEL,2025-10-31,SHORT,2025-10-31T10:40:00,1206.50,1210.48,1200.53,248,3.98,2025-10-31T10:40:00,1209.00,REVERSE,-620.00,-1069.28
fast_pair,JSWSTEEL,2025-11-03,LONG,2025-11-03T12:10:00,1205.70,1201.87,1211.44,248,3.83,2025-11-03T12:40:00,1204.20,REVERSE,-372.00,-820.24
fast_pair,JSWSTEEL,2025-11-07,LONG,2025-11-07T11:30:00,1165.10,1161.54,1170.43,257,3.56,2025-11-07T12:30:00,1161.54,STOP,-914.01,-1362.47
fast_pair,JSWSTEEL,2025-11-10,SHORT,2025-11-10T12:00:00,1175.50,1178.94,1170.34,255,3.44,2025-11-10T12:10:00,1176.40,REVERSE,-229.50,-679.30
fast_pair,JSWSTEEL,2025-11-11,LONG,2025-11-11T12:20:00,1173.10,1169.64,1178.28,255,3.46,2025-11-11T13:20:00,1178.28,TARGET,1321.68,871.98
fast_pair,JSWSTEEL,2025-11-12,LONG,2025-11-12T13:00:00,1185.50,1182.54,1189.94,253,2.96,2025-11-12T13:40:00,1189.94,TARGET,1123.05,672.31
fast_pair,JSWSTEEL,2025-11-17,SHORT,2025-11-17T11:30:00,1167.00,1170.35,1161.98,257,3.35,2025-11-17T12:50:00,1170.35,STOP,-860.27,-1310.79
fast_pair,JSWSTEEL,2025-11-18,LONG,2025-11-18T12:00:00,1166.30,1163.00,1171.24,257,3.30,2025-11-18T13:50:00,1166.30,TIME_STOP,0.00,-449.61
fast_pair,JSWSTEEL,2025-11-19,LONG,2025-11-19T12:10:00,1164.40,1161.56,1168.66,257,2.84,2025-11-19T12:30:00,1168.66,TARGET,1096.03,646.33
fast_pair,JSWSTEEL,2025-11-20,LONG,2025-11-20T10:20:00,1167.70,1164.23,1172.90,256,3.47,2025-11-20T10:40:00,1172.90,TARGET,1331.11,881.72
fast_pair,JSWSTEEL,2025-11-25,SHORT,2025-11-25T11:20:00,1114.70,1118.54,1108.94,269,3.84,2025-11-25T11:20:00,1118.54,STOP,-1033.38,-1483.93
fast_pair,JSWSTEEL,2025-11-27,LONG,2025-11-27T10:00:00,1154.50,1150.66,1160.25,259,3.84,2025-11-27T10:20:00,1150.66,STOP,-993.69,-1441.47
fast_pair,JSWSTEEL,2025-11-28,SHORT,2025-11-28T13:00:00,1160.30,1164.33,1154.26,258,4.03,2025-11-28T14:50:00,1157.60,TIME_STOP,696.60,248.09
fast_pair,JSWSTEEL,2025-12-01,SHORT,2025-12-01T10:50:00,1164.70,1169.33,1157.76,257,4.63,2025-12-01T11:40:00,1157.76,TARGET,1784.08,1336.43
fast_pair,JSWSTEEL,2025-12-02,LONG,2025-12-02T11:30:00,1166.90,1163.24,1172.39,257,3.66,2025-12-02T12:10:00,1163.24,STOP,-941.46,-1390.59
fast_pair,JSWSTEEL,2025-12-03,LONG,2025-12-03T12:30:00,1153.70,1150.48,1158.52,260,3.22,2025-12-03T13:00:00,1158.52,TARGET,1254.00,803.12
fast_pair,JSWSTEEL,2025-12-04,SHORT,2025-12-04T11:50:00,1148.50,1155.05,1138.68,261,6.55,2025-12-04T13:20:00,1149.80,REVERSE,-339.30,-789.19
fast_pair,JSWSTEEL,2025-12-05,LONG,2025-12-05T11:20:00,1149.80,1146.34,1154.99,260,3.46,2025-12-05T11:40:00,1154.99,TARGET,1348.33,898.90
fast_pair,JSWSTEEL,2025-12-09,LONG,2025-12-09T11:50:00,1113.50,1107.87,1121.94,269,5.63,2025-12-09T12:40:00,1111.40,REVERSE,-564.90,-1013.77
fast_pair,JSWSTEEL,2025-12-10,LONG,2025-12-10T13:40:00,1103.40,1099.92,1108.62,271,3.48,2025-12-10T13:40:00,1102.80,REVERSE,-162.60,-611.01
fast_pair,JSWSTEEL,2025-12-11,LONG,2025-12-11T10:10:00,1102.30,1097.95,1108.82,272,4.35,2025-12-11T10:20:00,1108.82,TARGET,1773.97,1322.90
fast_pair,JSWSTEEL,2025-12-17,SHORT,2025-12-17T10:20:00,1086.80,1090.02,1081.97,276,3.22,2025-12-17T12:10:00,1084.50,TIME_STOP,634.80,185.34
fast_pair,JSWSTEEL,2025-12-18,LONG,2025-12-18T10:40:00,1084.30,1080.75,1089.62,276,3.55,2025-12-18T12:30:00,1088.10,TIME_STOP,1048.80,599.11
fast_pair,JSWSTEEL,2025-12-19,LONG,2025-12-19T10:00:00,1084.10,1080.51,1089.49,276,3.59,2025-12-19T10:40:00,1082.10,REVERSE,-552.00,-1000.40
fast_pair,JSWSTEEL,2025-12-24,SHORT,2025-12-24T10:20:00,1094.50,1097.12,1090.57,274,2.62,2025-12-24T11:00:00,1090.57,TARGET,1075.97,626.94
fast_pair,JSWSTEEL,2025-12-26,LONG,2025-12-26T11:10:00,1090.30,1087.25,1094.88,275,3.05,2025-12-26T11:40:00,1087.25,STOP,-840.06,-1289.18
fast_pair,JSWSTEEL,2025-12-29,SHORT,2025-12-29T12:30:00,1098.00,1101.64,1092.54,273,3.64,2025-12-29T12:50:00,1101.64,STOP,-993.50,-1443.88
fast_pair,JSWSTEEL,2025-12-30,SHORT,2025-12-30T12:10:00,1095.50,1098.04,1091.70,273,2.54,2025-12-30T13:30:00,1098.04,STOP,-692.36,-1141.48
fast_pair,JSWSTEEL,2026-01-02,SHORT,2026-01-02T12:50:00,1177.20,1179.66,1173.52,254,2.46,2026-01-02T14:40:00,1175.50,TIME_STOP,431.80,-16.39
fast_pair,JSWSTEEL,2026-01-05,SHORT,2026-01-05T13:40:00,1184.40,1186.96,1180.56,253,2.56,2026-01-05T13:40:00,1186.40,REVERSE,-506.00,-955.86
fast_pair,JSWSTEEL,2026-01-06,SHORT,2026-01-06T11:30:00,1186.90,1189.97,1182.30,252,3.07,2026-01-06T13:20:00,1182.30,TARGET,1159.07,711.29
fast_pair,JSWSTEEL,2026-01-07,LONG,2026-01-07T10:20:00,1181.10,1177.04,1187.19,254,4.06,2026-01-07T12:10:00,1182.60,TIME_STOP,381.00,-69.28
fast_pair,JSWSTEEL,2026-01-09,LONG,2026-01-09T12:30:00,1167.80,1163.90,1173.65,256,3.90,2026-01-09T12:30:00,1163.90,STOP,-998.76,-1446.44
fast_pair,JSWSTEEL,2026-01-12,LONG,2026-01-12T12:20:00,1159.20,1155.18,1165.23,258,4.02,2026-01-12T12:20:00,1165.23,TARGET,1556.11,1106.34
fast_pair,JSWSTEEL,2026-01-13,SHORT,2026-01-13T11:40:00,1181.80,1186.05,1175.43,253,4.25,2026-01-13T12:10:00,1175.43,TARGET,1612.49,1165.20
fast_pair,JSWSTEEL,2026-01-14,SHORT,2026-01-14T13:00:00,1188.40,1192.72,1181.92,252,4.32,2026-01-14T14:20:00,1181.92,TARGET,1632.03,1184.04
fast_pair,JSWSTEEL,2026-01-19,SHORT,2026-01-19T11:40:00,1185.00,1189.04,1178.95,253,4.04,2026-01-19T12:40:00,1178.95,TARGET,1531.66,1083.10
fast_pair,JSWSTEEL,2026-01-21,SHORT,2026-01-21T10:50:00,1163.70,1168.35,1156.73,257,4.65,2026-01-21T11:00:00,1168.35,STOP,-1195.05,-1644.55
fast_pair,JSWSTEEL,2026-01-22,SHORT,2026-01-22T13:20:00,1179.90,1183.80,1174.06,254,3.90,2026-01-22T14:50:00,1183.80,STOP,-989.45,-1439.73
fast_pair,JSWSTEEL,2026-01-23,SHORT,2026-01-23T11:10:00,1182.60,1186.56,1176.66,253,3.96,2026-01-23T11:20:00,1176.66,TARGET,1501.89,1054.22
fast_pair,JSWSTEEL,2026-01-27,SHORT,2026-01-27T13:30:00,1201.80,1206.62,1194.57,249,4.82,2026-01-27T13:30:00,1205.80,REVERSE,-996.00,-1445.62
fast_pair,JSWSTEEL,2026-01-28,SHORT,2026-01-28T10:20:00,1211.60,1218.03,1201.95,247,6.43,2026-01-28T10:30:00,1218.03,STOP,-1588.94,-2039.03
fast_pair,JSWSTEEL,2026-01-29,SHORT,2026-01-29T12:20:00,1222.70,1227.29,1215.82,245,4.59,2026-01-29T13:00:00,1227.29,STOP,-1124.31,-1574.49
fast_pair,JSWSTEEL,2026-01-30,LONG,2026-01-30T13:50:00,1217.10,1212.43,1224.10,246,4.67,2026-01-30T15:20:00,1212.43,STOP,-1147.59,-1595.84
fast_pair,JSWSTEEL,2026-02-02,LONG,2026-02-02T13:10:00,1189.30,1184.39,1196.66,252,4.91,2026-02-02T13:20:00,1184.39,STOP,-1236.49,-1685.11
fast_pair,JSWSTEEL,2026-02-04,SHORT,2026-02-04T11:00:00,1233.90,1237.89,1227.92,243,3.99,2026-02-04T11:50:00,1227.92,TARGET,1452.58,1003.91
fast_pair,JSWSTEEL,2026-02-05,LONG,2026-02-05T11:50:00,1230.90,1226.81,1237.04,243,4.09,2026-02-05T12:30:00,1226.81,STOP,-993.91,-1441.82
fast_pair,JSWSTEEL,2026-02-06,SHORT,2026-02-06T10:10:00,1231.60,1235.19,1226.21,243,3.59,2026-02-06T10:30:00,1226.21,TARGET,1309.26,861.33
fast_pair,JSWSTEEL,2026-02-10,SHORT,2026-02-10T12:40:00,1247.60,1251.14,1242.30,240,3.54,2026-02-10T14:30:00,1242.30,TARGET,1272.83,824.64
fast_pair,JSWSTEEL,2026-02-11,SHORT,2026-02-11T10:10:00,1239.10,1242.51,1233.99,242,3.41,2026-02-11T10:20:00,1242.51,STOP,-825.18,-1275.59
fast_pair,JSWSTEEL,2026-02-12,LONG,2026-02-12T10:10:00,1253.00,1249.59,1258.12,239,3.41,2026-02-12T10:10:00,1249.59,STOP,-815.66,-1264.25
fast_pair,JSWSTEEL,2026-02-13,LONG,2026-02-13T12:00:00,1238.10,1234.25,1243.88,242,3.85,2026-02-13T13:50:00,1237.80,TIME_STOP,-72.60,-521.98
fast_pair,JSWSTEEL,2026-02-16,LONG,2026-02-16T11:20:00,1236.60,1233.35,1241.48,242,3.25,2026-02-16T12:20:00,1235.00,REVERSE,-387.20,-835.80
fast_pair,JSWSTEEL,2026-02-18,SHORT,2026-02-18T12:40:00,1251.70,1254.79,1247.06,239,3.09,2026-02-18T14:30:00,1252.20,TIME_STOP,-119.50,-568.32
fast_pair,JSWSTEEL,2026-02-20,LONG,2026-02-20T10:10:00,1233.00,1228.92,1239.12,243,4.08,2026-02-20T10:10:00,1228.92,STOP,-990.77,-1439.46
fast_pair,JSWSTEEL,2026-02-23,LONG,2026-02-23T10:10:00,1245.60,1241.26,1252.11,240,4.34,2026-02-23T11:00:00,1241.26,STOP,-1042.26,-1489.89
fast_pair,JSWSTEEL,2026-02-26,SHORT,2026-02-26T14:10:00,1273.20,1276.07,1268.90,235,2.87,2026-02-26T14:10:00,1275.00,REVERSE,-423.00,-872.12
fast_pair,JSWSTEEL,2026-02-27,LONG,2026-02-27T12:30:00,1270.30,1266.75,1275.63,236,3.55,2026-02-27T13:30:00,1275.63,TARGET,1258.21,807.58
fast_pair,JSWSTEEL,2026-03-04,LONG,2026-03-04T13:30:00,1215.80,1209.99,1224.51,246,5.81,2026-03-04T14:00:00,1209.99,STOP,-1428.12,-1875.68
fast_pair,JSWSTEEL,2026-03-06,SHORT,2026-03-06T13:30:00,1240.50,1244.27,1234.84,241,3.77,2026-03-06T14:20:00,1242.30,REVERSE,-433.80,-882.57
fast_pair,JSWSTEEL,2026-03-09,LONG,2026-03-09T12:50:00,1192.20,1186.83,1200.25,251,5.37,2026-03-09T14:30:00,1189.20,REVERSE,-753.00,-1201.30
fast_pair,JSWSTEEL,2026-03-11,SHORT,2026-03-11T10:00:00,1199.50,1205.21,1190.93,250,5.71,2026-03-11T11:50:00,1201.40,TIME_STOP,-475.00,-925.17
fast_pair,JSWSTEEL,2026-03-12,LONG,2026-03-12T11:50:00,1169.90,1164.07,1178.64,256,5.83,2026-03-12T12:50:00,1166.70,REVERSE,-819.20,-1267.83
fast_pair,HINDALCO,2024-03-18,LONG,2024-03-18T10:30:00,532.00,527.89,538.16,563,4.11,2024-03-18T11:00:00,529.15,REVERSE,-1604.55,-2052.62
fast_pair,HINDALCO,2024-03-19,SHORT,2024-03-19T10:30:00,530.00,532.55,526.17,566,2.55,2024-03-19T10:30:00,532.55,STOP,-1444.94,-1895.99
fast_pair,HINDALCO,2024-03-20,LONG,2024-03-20T12:00:00,524.25,521.76,527.99,572,2.49,2024-03-20T13:50:00,523.40,TIME_STOP,-486.20,-935.64
fast_pair,HINDALCO,2024-03-21,SHORT,2024-03-21T12:40:00,539.00,541.10,535.85,556,2.10,2024-03-21T14:30:00,539.90,TIME_STOP,-500.40,-950.30
fast_pair,HINDALCO,2024-03-27,SHORT,2024-03-27T12:20:00,560.65,562.01,558.61,535,1.36,2024-03-27T12:20:00,558.61,TARGET,1091.38,642.28
fast_pair,HINDALCO,2024-03-28,LONG,2024-03-28T11:30:00,560.00,558.30,562.55,535,1.70,2024-03-28T11:30:00,558.30,STOP,-908.75,-1357.46
fast_pair,HINDALCO,2024-04-01,SHORT,2024-04-01T11:50:00,565.90,568.23,562.40,530,2.33,2024-04-01T12:40:00,568.23,STOP,-1236.88,-1687.70
fast_pair,HINDALCO,2024-04-02,LONG,2024-04-02T11:50:00,565.95,564.02,568.84,530,1.93,2024-04-02T12:40:00,568.84,TARGET,1531.36,1080.28
fast_pair,HINDALCO,2024-04-03,SHORT,2024-04-03T13:50:00,579.30,580.92,576.87,517,1.62,2024-04-03T14:00:00,576.87,TARGET,1258.78,810.47
fast_pair,HINDALCO,2024-04-04,SHORT,2024-04-04T11:00:00,576.60,579.36,572.45,520,2.76,2024-04-04T12:00:00,572.45,TARGET,2156.37,1708.24
fast_pair,HINDALCO,2024-04-05,LONG,2024-04-05T13:10:00,571.30,569.27,574.34,525,2.03,2024-04-05T13:10:00,570.25,REVERSE,-551.25,-1000.74
fast_pair,HINDALCO,2024-04-09,SHORT,2024-04-09T13:40:00,588.85,591.11,585.46,509,2.26,2024-04-09T15:20:00,588.40,EOD,229.05,-220.37
fast_pair,HINDALCO,2024-04-10,SHORT,2024-04-10T12:40:00,597.70,600.06,594.17,501,2.36,2024-04-10T13:10:00,598.40,REVERSE,-350.70,-800.13
fast_pair,HINDALCO,2024-04-12,LONG,2024-04-12T12:20:00,600.15,598.16,603.14,499,1.99,2024-04-12T12:20:00,598.16,STOP,-994.79,-1443.25
fast_pair,HINDALCO,2024-04-15,SHORT,2024-04-15T13:30:00,616.85,620.11,611.96,486,3.26,2024-04-15T15:10:00,611.96,TARGET,2374.94,1927.04
fast_pair,HINDALCO,2024-04-18,LONG,2024-04-18T10:10:00,616.85,613.94,621.21,486,2.91,2024-04-18T10:40:00,621.21,TARGET,2119.43,1668.16
fast_pair,HINDALCO,2024-04-19,LONG,2024-04-19T12:30:00,609.30,606.38,613.68,492,2.92,2024-04-19T13:50:00,613.68,TARGET,2152.66,1701.39
fast_pair,HINDALCO,2024-04-22,SHORT,2024-04-22T13:30:00,618.05,620.06,615.03,485,2.01,2024-04-22T15:20:00,620.06,STOP,-975.76,-1426.12
fast_pair,HINDALCO,2024-04-23,LONG,2024-04-23T12:10:00,615.20,613.45,617.82,487,1.75,2024-04-23T13:00:00,613.45,STOP,-850.61,-1299.38
fast_pair,HINDALCO,2024-04-29,SHORT,2024-04-29T10:00:00,648.10,650.69,644.22,462,2.59,2024-04-29T10:10:00,644.22,TARGET,1793.10,1345.31
fast_pair,HINDALCO,2024-04-30,SHORT,2024-04-30T10:40:00,647.25,649.40,644.02,463,2.15,2024-04-30T11:10:00,644.02,TARGET,1496.38,1047.99
fast_pair,HINDALCO,2024-05-03,SHORT,2024-05-03T11:40:00,644.05,646.96,639.69,465,2.91,2024-05-03T13:30:00,643.00,TIME_STOP,488.25,39.39
fast_pair,HINDALCO,2024-05-06,LONG,2024-05-06T13:50:00,638.10,635.12,642.56,470,2.98,2024-05-06T14:40:00,635.12,STOP,-1398.53,-1847.34
fast_pair,HINDALCO,2024-05-07,SHORT,2024-05-07T10:20:00,636.80,639.82,632.27,471,3.02,2024-05-07T10:40:00,632.27,TARGET,2134.72,1686.42
fast_pair,HINDALCO,2024-05-08,SHORT,2024-05-08T11:00:00,619.90,622.97,615.30,483,3.07,2024-05-08T11:20:00,622.97,STOP,-1481.30,-1931.53
fast_pair,HINDALCO,2024-05-09,SHORT,2024-05-09T10:10:00,628.50,631.69,623.71,477,3.19,2024-05-09T11:50:00,631.69,STOP,-1522.35,-1973.18
fast_pair,HINDALCO,2024-05-13,LONG,2024-05-13T10:40:00,620.95,617.58,626.00,483,3.37,2024-05-13T10:40:00,618.65,REVERSE,-1110.90,-1559.95
fast_pair,HINDALCO,2024-05-14,SHORT,2024-05-14T11:50:00,640.80,643.64,636.53,468,2.84,2024-05-14T12:30:00,643.64,STOP,-1330.85,-1781.69
fast_pair,HINDALCO,2024-05-15,SHORT,2024-05-15T12:30:00,651.75,653.85,648.60,460,2.10,2024-05-15T12:40:00,653.85,STOP,-966.14,-1416.57
fast_pair,HINDALCO,2024-05-16,SHORT,2024-05-16T10:30:00,652.70,655.77,648.09,459,3.07,2024-05-16T11:20:00,648.09,TARGET,2115.40,1667.61
fast_pair,HINDALCO,2024-05-24,SHORT,2024-05-24T11:30:00,680.15,683.47,675.17,441,3.32,2024-05-24T13:20:00,676.55,TIME_STOP,1587.60,1138.87
fast_pair,HINDALCO,2024-05-27,SHORT,2024-05-27T11:20:00,678.20,682.07,672.39,442,3.87,2024-05-27T11:30:00,680.00,REVERSE,-795.60,-1245.84
fast_pair,HINDALCO,2024-05-28,SHORT,2024-05-28T12:00:00,685.60,688.52,681.22,437,2.92,2024-05-28T12:30:00,681.22,TARGET,1914.60,1466.62
fast_pair,HINDALCO,2024-05-30,LONG,2024-05-30T10:50:00,705.50,701.74,711.15,425,3.76,2024-05-30T11:40:00,703.45,REVERSE,-871.25,-1320.35
fast_pair,HINDALCO,2024-05-31,LONG,2024-05-31T11:50:00,694.75,691.89,699.04,431,2.86,2024-05-31T11:50:00,693.05,REVERSE,-732.70,-1181.31
fast_pair,HINDALCO,2024-06-04,LONG,2024-06-04T13:40:00,656.55,645.70,672.82,230,10.85,2024-06-04T14:20:00,645.70,STOP,-2495.26,-2719.90
fast_pair,HINDALCO,2024-06-05,LONG,2024-06-05T10:40:00,640.95,630.07,657.28,229,10.88,2024-06-05T12:30:00,657.28,TARGET,3738.90,3515.93
fast_pair,HINDALCO,2024-06-06,SHORT,2024-06-06T12:20:00,682.95,687.71,675.81,439,4.76,2024-06-06T13:10:00,675.81,TARGET,3133.12,2685.75
fast_pair,HINDALCO,2024-06-07,SHORT,2024-06-07T11:30:00,680.40,683.56,675.66,440,3.16,2024-06-07T12:50:00,683.56,STOP,-1390.51,-1840.61
fast_pair,HINDALCO,2024-06-10,LONG,2024-06-10T10:20:00,682.40,679.19,687.21,439,3.21,2024-06-10T10:40:00,679.19,STOP,-1408.75,-1857.06
fast_pair,HINDALCO,2024-06-12,SHORT,2024-06-12T10:40:00,674.75,677.56,670.54,444,2.81,2024-06-12T11:00:00,677.56,STOP,-1246.30,-1696.62
fast_pair,HINDALCO,2024-06-13,SHORT,2024-06-13T11:30:00,679.00,681.23,675.65,441,2.23,2024-06-13T11:30:00,680.60,REVERSE,-705.60,-1155.29
fast_pair,HINDALCO,2024-06-14,LONG,2024-06-14T10:00:00,681.50,679.04,685.19,440,2.46,2024-06-14T10:20:00,685.19,TARGET,1624.12,1173.12
fast_pair,HINDALCO,2024-06-18,SHORT,2024-06-18T10:20:00,680.80,682.86,677.71,440,2.06,2024-06-18T10:30:00,682.86,STOP,-905.03,-1355.04
fast_pair,HINDALCO,2024-06-20,LONG,2024-06-20T11:10:00,676.05,673.30,680.17,443,2.75,2024-06-20T11:10:00,673.30,STOP,-1217.99,-1666.31
fast_pair,HINDALCO,2024-06-21,SHORT,2024-06-21T13:00:00,685.80,688.35,681.97,437,2.55,2024-06-21T14:00:00,687.65,REVERSE,-808.45,-1258.60
fast_pair,HINDALCO,2024-06-24,LONG,2024-06-24T10:40:00,686.20,683.17,690.75,437,3.03,2024-06-24T12:20:00,684.35,REVERSE,-808.45,-1257.65
fast_pair,HINDALCO,2024-06-25,SHORT,2024-06-25T12:10:00,688.50,690.65,685.28,435,2.15,2024-06-25T12:30:00,685.28,TARGET,1401.52,953.33
fast_pair,HINDALCO,2024-06-26,LONG,2024-06-26T12:30:00,677.00,674.65,680.53,443,2.35,2024-06-26T12:30:00,674.65,STOP,-1042.84,-1491.92
fast_pair,HINDALCO,2024-06-28,SHORT,2024-06-28T12:20:00,689.25,691.47,685.93,435,2.22,2024-06-28T13:10:00,691.47,STOP,-963.63,-1414.08
fast_pair,HINDALCO,2024-07-01,SHORT,2024-07-01T11:10:00,694.35,696.43,691.24,432,2.08,2024-07-01T13:00:00,693.10,TIME_STOP,540.00,90.47
fast_pair,HINDALCO,2024-07-02,LONG,2024-07-02T10:10:00,693.90,691.93,696.86,432,1.97,2024-07-02T10:50:00,696.86,TARGET,1279.03,828.43
fast_pair,HINDALCO,2024-07-03,SHORT,2024-07-03T10:10:00,693.45,695.73,690.02,432,2.28,2024-07-03T10:30:00,690.02,TARGET,1479.91,1031.66
fast_pair,HINDALCO,2024-07-04,SHORT,2024-07-04T11:50:00,697.65,700.14,693.91,430,2.49,2024-07-04T12:40:00,700.14,STOP,-1072.08,-1522.87
fast_pair,HINDALCO,2024-07-08,SHORT,2024-07-08T11:20:00,696.85,699.63,692.67,430,2.78,2024-07-08T11:40:00,692.67,TARGET,1796.10,1347.98
fast_pair,HINDALCO,2024-07-09,SHORT,2024-07-09T13:50:00,699.70,701.40,697.15,428,1.70,2024-07-09T14:00:00,701.40,STOP,-726.47,-1176.22
fast_pair,HINDALCO,2024-07-10,SHORT,2024-07-10T10:20:00,696.75,699.78,692.21,430,3.03,2024-07-10T10:40:00,692.21,TARGET,1952.61,1504.67
fast_pair,HINDALCO,2024-07-11,SHORT,2024-07-11T11:20:00,694.90,697.76,690.62,431,2.86,2024-07-11T11:50:00,696.95,REVERSE,-883.55,-1333.47
fast_pair,HINDALCO,2024-07-12,SHORT,2024-07-12T10:20:00,695.15,698.04,690.81,431,2.89,2024-07-12T11:20:00,690.81,TARGET,1870.14,1422.12
fast_pair,HINDALCO,2024-07-16,LONG,2024-07-16T10:50:00,699.40,697.57,702.14,428,1.83,2024-07-16T10:50:00,698.40,REVERSE,-428.00,-876.69
fast_pair,HINDALCO,2024-07-18,LONG,2024-07-18T10:10:00,694.30,692.13,697.56,432,2.17,2024-07-18T10:50:00,692.13,STOP,-938.33,-1387.53
fast_pair,HINDALCO,2024-07-22,SHORT,2024-07-22T12:50:00,667.05,669.21,663.82,449,2.16,2024-07-22T12:50:00,669.21,STOP,-968.27,-1418.26
fast_pair,HINDALCO,2024-07-24,LONG,2024-07-24T11:00:00,652.80,649.57,657.64,459,3.23,2024-07-24T12:40:00,651.10,REVERSE,-780.30,-1229.17
fast_pair,HINDALCO,2024-07-25,LONG,2024-07-25T11:00:00,648.30,644.94,653.34,462,3.36,2024-07-25T11:40:00,644.94,STOP,-1551.61,-1999.72
fast_pair,HINDALCO,2024-07-30,LONG,2024-07-30T12:40:00,658.40,656.57,661.15,455,1.83,2024-07-30T13:40:00,661.15,TARGET,1252.17,801.87
fast_pair,HINDALCO,2024-07-31,SHORT,2024-07-31T13:00:00,667.35,669.49,664.15,449,2.14,2024-07-31T14:30:00,669.49,STOP,-958.88,-1409.06
fast_pair,HINDALCO,2024-08-01,SHORT,2024-08-01T11:40:00,677.05,679.69,673.10,443,2.64,2024-08-01T12:10:00,673.10,TARGET,1751.83,1303.25
fast_pair,HINDALCO,2024-08-05,LONG,2024-08-05T13:50:00,619.10,615.66,624.25,484,3.44,2024-08-05T14:20:00,615.66,STOP,-1662.86,-2111.08
fast_pair,HINDALCO,2024-08-07,SHORT,2024-08-07T12:30:00,622.75,625.48,618.65,481,2.73,2024-08-07T13:30:00,618.65,TARGET,1971.44,1523.60
fast_pair,HINDALCO,2024-08-08,SHORT,2024-08-08T10:10:00,619.50,622.75,614.63,484,3.25,2024-08-08T11:40:00,614.63,TARGET,2357.54,1909.56
fast_pair,HINDALCO,2024-08-09,SHORT,2024-08-09T10:50:00,617.25,619.65,613.65,486,2.40,2024-08-09T10:50:00,619.25,REVERSE,-972.00,-1422.70
fast_pair,HINDALCO,2024-08-13,SHORT,2024-08-13T10:20:00,629.30,632.12,625.08,476,2.82,2024-08-13T12:10:00,629.25,REVERSE,23.80,-425.50
fast_pair,HINDALCO,2024-08-23,SHORT,2024-08-23T12:20:00,688.50,690.73,685.16,435,2.23,2024-08-23T12:30:00,685.16,TARGET,1454.55,1006.39
fast_pair,HINDALCO,2024-08-27,SHORT,2024-08-27T10:10:00,708.75,711.31,704.91,423,2.56,2024-08-27T11:10:00,710.10,REVERSE,-571.05,-1021.18
fast_pair,HINDALCO,2024-08-28,LONG,2024-08-28T11:10:00,705.40,703.52,708.22,425,1.88,2024-08-28T11:40:00,708.22,TARGET,1200.23,749.64
fast_pair,HINDALCO,2024-08-29,LONG,2024-08-29T12:50:00,699.15,697.15,702.15,429,2.00,2024-08-29T12:50:00,702.15,TARGET,1286.08,835.21
fast_pair,HINDALCO,2024-09-03,SHORT,2024-09-03T10:50:00,685.10,687.28,681.83,437,2.18,2024-09-03T11:40:00,681.83,TARGET,1427.60,979.59
fast_pair,HINDALCO,2024-09-04,LONG,2024-09-04T13:40:00,667.20,665.01,670.48,449,2.19,2024-09-04T13:40:00,665.01,STOP,-982.80,-1431.42
fast_pair,HINDALCO,2024-09-05,SHORT,2024-09-05T12:40:00,668.05,669.94,665.22,449,1.89,2024-09-05T13:50:00,669.94,STOP,-846.80,-1297.37
fast_pair,HINDALCO,2024-09-06,SHORT,2024-09-06T10:10:00,668.25,670.90,664.28,448,2.65,2024-09-06T10:50:00,670.90,STOP,-1185.54,-1635.49
fast_pair,HINDALCO,2024-09-09,LONG,2024-09-09T13:40:00,655.30,653.10,658.60,457,2.20,2024-09-09T13:50:00,653.10,STOP,-1004.15,-1452.61
fast_pair,HINDALCO,2024-09-10,SHORT,2024-09-10T10:20:00,654.35,656.71,650.80,458,2.36,2024-09-10T10:40:00,656.71,STOP,-1082.80,-1533.15
fast_pair,HINDALCO,2024-09-13,SHORT,2024-09-13T12:00:00,677.95,680.75,673.76,442,2.80,2024-09-13T13:40:00,673.76,TARGET,1853.96,1405.87
fast_pair,HINDALCO,2024-09-17,SHORT,2024-09-17T13:00:00,686.05,687.57,683.78,437,1.52,2024-09-17T13:00:00,686.70,REVERSE,-284.05,-733.97
fast_pair,HINDALCO,2024-09-18,LONG,2024-09-18T11:50:00,679.80,677.83,682.76,441,1.97,2024-09-18T13:00:00,677.83,STOP,-869.62,-1318.65
fast_pair,HINDALCO,2024-09-19,SHORT,2024-09-19T10:20:00,681.25,684.35,676.59,440,3.10,2024-09-19T10:50:00,676.59,TARGET,2048.86,1600.77
fast_pair,HINDALCO,2024-09-20,SHORT,2024-09-20T13:40:00,693.75,695.69,690.83,432,1.94,2024-09-20T14:10:00,695.69,STOP,-839.65,-1289.83
fast_pair,HINDALCO,2024-09-24,SHORT,2024-09-24T12:00:00,701.35,704.18,697.11,427,2.83,2024-09-24T13:00:00,704.18,STOP,-1207.07,-1657.19
fast_pair,HINDALCO,2024-09-25,SHORT,2024-09-25T11:20:00,718.90,721.97,714.29,417,3.07,2024-09-25T11:40:00,721.97,STOP,-1281.17,-1731.80
fast_pair,HINDALCO,2024-09-26,LONG,2024-09-26T11:00:00,721.75,718.90,726.02,415,2.85,2024-09-26T11:30:00,726.02,TARGET,1771.78,1321.16
fast_pair,HINDALCO,2024-09-27,SHORT,2024-09-27T13:10:00,749.25,752.04,745.06,400,2.79,2024-09-27T13:40:00,752.04,STOP,-1116.01,-1566.39
fast_pair,HINDALCO,2024-09-30,SHORT,2024-09-30T13:30:00,757.00,759.46,753.31,396,2.46,2024-09-30T13:30:00,753.31,TARGET,1461.63,1013.07
fast_pair,HINDALCO,2024-10-03,SHORT,2024-10-03T10:10:00,756.95,761.05,750.79,396,4.10,2024-10-03T12:00:00,752.70,TIME_STOP,1683.00,1234.63
fast_pair,HINDALCO,2024-10-04,LONG,2024-10-04T10:00:00,755.30,751.13,761.55,397,4.17,2024-10-04T10:10:00,751.13,STOP,-1653.52,-2102.07
fast_pair,HINDALCO,2024-10-08,LONG,2024-10-08T10:40:00,729.00,724.17,736.24,411,4.83,2024-10-08T11:50:00,724.17,STOP,-1983.31,-2431.25
fast_pair,HINDALCO,2024-10-10,SHORT,2024-10-10T12:10:00,730.00,732.75,725.87,410,2.75,2024-10-10T13:10:00,730.95,REVERSE,-389.50,-838.74
fast_pair,HINDALCO,2024-10-11,SHORT,2024-10-11T13:30:00,745.25,747.69,741.60,402,2.44,2024-10-11T14:20:00,745.85,REVERSE,-241.20,-690.77
fast_pair,HINDALCO,2024-10-14,SHORT,2024-10-14T10:30:00,745.55,748.45,741.19,402,2.90,2024-10-14T12:20:00,742.40,TIME_STOP,1266.30,817.68
fast_pair,HINDALCO,2024-10-16,SHORT,2024-10-16T11:50:00,728.50,731.07,724.65,411,2.57,2024-10-16T13:00:00,731.07,STOP,-1056.15,-1506.06
fast_pair,HINDALCO,2024-10-18,LONG,2024-10-18T10:20:00,735.15,732.11,739.72,408,3.04,2024-10-18T11:30:00,739.72,TARGET,1863.51,1412.20
fast_pair,HINDALCO,2024-10-22,LONG,2024-10-22T12:10:00,737.45,733.97,742.67,406,3.48,2024-10-22T12:10:00,733.97,STOP,-1411.83,-1859.87
fast_pair,HINDALCO,2024-10-23,LONG,2024-10-23T10:10:00,726.95,722.19,734.09,412,4.76,2024-10-23T12:00:00,726.55,TIME_STOP,-164.80,-613.93
fast_pair,HINDALCO,2024-10-24,LONG,2024-10-24T13:40:00,689.30,685.33,695.26,435,3.97,2024-10-24T14:20:00,687.10,REVERSE,-957.00,-1406.05
fast_pair,HINDALCO,2024-10-28,LONG,2024-10-28T10:30:00,693.50,689.68,699.24,432,3.82,2024-10-28T12:20:00,694.00,TIME_STOP,216.00,-233.55
fast_pair,HINDALCO,2024-10-29,LONG,2024-10-29T14:10:00,684.35,681.75,688.25,438,2.60,2024-10-29T14:20:00,688.25,TARGET,1707.61,1256.71
fast_pair,HINDALCO,2024-10-30,SHORT,2024-10-30T12:50:00,694.80,697.24,691.15,431,2.44,2024-10-30T13:20:00,691.15,TARGET,1574.72,1126.71
fast_pair,HINDALCO,2024-10-31,LONG,2024-10-31T11:40:00,685.05,682.03,689.58,437,3.02,2024-10-31T13:20:00,685.00,REVERSE,-21.85,-470.88
fast_pair,HINDALCO,2024-11-04,LONG,2024-11-04T13:40:00,668.70,665.77,673.09,448,2.93,2024-11-04T14:10:00,673.09,TARGET,1966.83,1515.99
fast_pair,HINDALCO,2024-11-06,SHORT,2024-11-06T14:10:00,704.50,707.44,700.09,425,2.94,2024-11-06T14:10:00,707.44,STOP,-1249.15,-1699.20
fast_pair,HINDALCO,2024-11-08,SHORT,2024-11-08T13:50:00,653.30,655.83,649.50,459,2.53,2024-11-08T14:40:00,655.83,STOP,-1161.56,-1612.23
fast_pair,HINDALCO,2024-11-11,LONG,2024-11-11T11:10:00,650.55,647.50,655.13,461,3.05,2024-11-11T13:00:00,653.50,TIME_STOP,1359.95,909.07
fast_pair,HINDALCO,2024-11-12,SHORT,2024-11-12T11:50:00,658.50,661.28,654.33,455,2.78,2024-11-12T11:50:00,659.90,REVERSE,-637.00,-1086.90
fast_pair,HINDALCO,2024-11-14,SHORT,2024-11-14T11:30:00,630.45,633.14,626.42,475,2.69,2024-11-14T11:30:00,632.10,REVERSE,-783.75,-1233.53
fast_pair,HINDALCO,2024-11-21,LONG,2024-11-21T10:40:00,645.70,642.05,651.18,464,3.65,2024-11-21T12:00:00,651.18,TARGET,2542.22,2090.90
fast_pair,HINDALCO,2024-11-22,SHORT,2024-11-22T11:40:00,649.50,651.88,645.93,461,2.38,2024-11-22T11:50:00,651.50,REVERSE,-922.00,-1371.82
fast_pair,HINDALCO,2024-11-25,SHORT,2024-11-25T12:20:00,657.20,659.27,654.09,456,2.07,2024-11-25T12:20:00,658.40,REVERSE,-547.20,-997.14
fast_pair,HINDALCO,2024-11-27,SHORT,2024-11-27T12:10:00,662.05,664.09,658.99,453,2.04,2024-11-27T12:30:00,664.09,STOP,-923.63,-1374.19
fast_pair,HINDALCO,2024-11-29,LONG,2024-11-29T10:10:00,653.40,650.95,657.08,459,2.45,2024-11-29T10:10:00,650.95,STOP,-1126.33,-1575.35
fast_pair,HINDALCO,2024-12-03,LONG,2024-12-03T11:40:00,661.00,659.36,663.46,453,1.64,2024-12-03T11:50:00,659.36,STOP,-743.50,-1192.09
fast_pair,HINDALCO,2024-12-05,LONG,2024-12-05T12:10:00,664.10,661.96,667.31,451,2.14,2024-12-05T12:10:00,667.31,TARGET,1447.15,996.80
fast_pair,HINDALCO,2024-12-06,SHORT,2024-12-06T10:20:00,669.10,671.87,664.95,448,2.77,2024-12-06T10:30:00,671.87,STOP,-1239.48,-1690.04
fast_pair,HINDALCO,2024-12-09,LONG,2024-12-09T13:20:00,666.30,663.70,670.20,450,2.60,2024-12-09T13:30:00,663.70,STOP,-1170.24,-1619.11
fast_pair,HINDALCO,2024-12-10,SHORT,2024-12-10T12:20:00,669.35,671.84,665.61,448,2.49,2024-12-10T13:20:00,665.61,TARGET,1674.41,1225.86
fast_pair,HINDALCO,2024-12-11,SHORT,2024-12-11T13:00:00,675.00,676.72,672.43,444,1.72,2024-12-11T13:40:00,672.43,TARGET,1142.60,693.91
fast_pair,HINDALCO,2024-12-13,LONG,2024-12-13T12:10:00,657.85,655.10,661.97,456,2.75,2024-12-13T13:10:00,661.97,TARGET,1880.03,1428.65
fast_pair,HINDALCO,2024-12-19,LONG,2024-12-19T11:10:00,627.70,624.84,631.99,477,2.86,2024-12-19T11:50:00,631.99,TARGET,2048.55,1597.90
fast_pair,HINDALCO,2024-12-23,SHORT,2024-12-23T14:10:00,630.65,632.44,627.97,475,1.79,2024-12-23T14:10:00,632.44,STOP,-848.64,-1298.61
fast_pair,HINDALCO,2024-12-24,LONG,2024-12-24T10:20:00,634.90,633.07,637.64,472,1.83,2024-12-24T10:30:00,637.64,TARGET,1293.76,843.28
fast_pair,HINDALCO,2024-12-26,SHORT,2024-12-26T11:20:00,628.90,630.85,625.98,477,1.95,2024-12-26T13:10:00,628.30,TIME_STOP,286.20,-163.56
fast_pair,HINDALCO,2024-12-27,LONG,2024-12-27T10:10:00,629.25,627.38,632.05,476,1.87,2024-12-27T10:20:00,632.05,TARGET,1334.72,884.43
fast_pair,HINDALCO,2024-12-30,LONG,2024-12-30T10:30:00,618.30,616.15,621.52,485,2.15,2024-12-30T10:30:00,617.45,REVERSE,-412.25,-861.75
fast_pair,HINDALCO,2024-12-31,LONG,2024-12-31T11:10:00,601.60,599.46,604.80,498,2.14,2024-12-31T13:00:00,602.50,TIME_STOP,448.20,-1.53
fast_pair,HINDALCO,2025-01-01,LONG,2025-01-01T13:10:00,593.10,591.28,595.84,505,1.82,2025-01-01T14:00:00,595.84,TARGET,1381.91,931.60
fast_pair,HINDALCO,2025-01-02,SHORT,2025-01-02T10:00:00,593.15,594.97,590.42,505,1.82,2025-01-02T10:30:00,593.90,REVERSE,-378.75,-828.35
fast_pair,HINDALCO,2025-01-03,SHORT,2025-01-03T10:00:00,596.20,598.47,592.79,503,2.27,2025-01-03T10:10:00,592.79,TARGET,1715.66,1267.11
fast_pair,HINDALCO,2025-01-08,LONG,2025-01-08T11:40:00,582.05,580.25,584.75,515,1.80,2025-01-08T11:40:00,580.65,REVERSE,-721.00,-1170.09
fast_pair,HINDALCO,2025-01-09,SHORT,2025-01-09T11:20:00,589.75,592.48,585.65,508,2.73,2025-01-09T12:00:00,590.80,REVERSE,-533.40,-983.19
fast_pair,HINDALCO,2025-01-15,SHORT,2025-01-15T13:20:00,591.55,593.55,588.55,507,2.00,2025-01-15T14:10:00,588.55,TARGET,1521.85,1073.12
fast_pair,HINDALCO,2025-01-17,SHORT,2025-01-17T12:10:00,611.90,613.96,608.81,490,2.06,2025-01-17T12:20:00,613.96,STOP,-1009.16,-1459.66
fast_pair,HINDALCO,2025-01-20,LONG,2025-01-20T10:40:00,617.70,615.78,620.57,485,1.92,2025-01-20T12:00:00,620.57,TARGET,1394.09,943.67
fast_pair,HINDALCO,2025-01-22,LONG,2025-01-22T13:20:00,611.10,608.81,614.53,490,2.29,2025-01-22T13:30:00,608.81,STOP,-1121.28,-1569.60
fast_pair,HINDALCO,2025-01-23,LONG,2025-01-23T10:00:00,612.90,610.60,616.36,489,2.30,2025-01-23T11:50:00,613.20,TIME_STOP,146.70,-302.97
fast_pair,HINDALCO,2025-01-24,LONG,2025-01-24T11:50:00,609.00,606.77,612.35,492,2.23,2025-01-24T11:50:00,612.35,TARGET,1649.33,1198.65
fast_pair,HINDALCO,2025-01-28,LONG,2025-01-28T12:00:00,581.10,578.18,585.48,516,2.92,2025-01-28T13:20:00,585.48,TARGET,2260.50,1809.03
fast_pair,HINDALCO,2025-01-30,SHORT,2025-01-30T12:00:00,591.60,594.30,587.55,507,2.70,2025-01-30T13:00:00,587.55,TARGET,2052.85,1604.48
fast_pair,HINDALCO,2025-01-31,SHORT,2025-01-31T10:30:00,586.60,589.04,582.94,511,2.44,2025-01-31T10:30:00,589.04,STOP,-1246.66,-1697.23
fast_pair,HINDALCO,2025-02-01,LONG,2025-02-01T11:00:00,594.70,592.51,597.98,504,2.19,2025-02-01T11:10:00,592.51,STOP,-1101.70,-1550.47
fast_pair,HINDALCO,2025-02-03,LONG,2025-02-03T12:00:00,575.05,571.29,580.69,521,3.76,2025-02-03T12:40:00,571.29,STOP,-1958.37,-2406.30
fast_pair,HINDALCO,2025-02-04,SHORT,2025-02-04T12:30:00,587.15,589.63,583.43,510,2.48,2025-02-04T12:40:00,588.50,REVERSE,-688.50,-1138.19
fast_pair,HINDALCO,2025-02-07,LONG,2025-02-07T10:50:00,603.30,600.56,607.41,497,2.74,2025-02-07T11:20:00,607.41,TARGET,2042.61,1591.32
fast_pair,HINDALCO,2025-02-10,LONG,2025-02-10T12:00:00,597.45,595.00,601.12,502,2.45,2025-02-10T12:10:00,595.00,STOP,-1228.96,-1677.92
fast_pair,HINDALCO,2025-02-11,SHORT,2025-02-11T11:40:00,597.85,600.45,593.94,501,2.60,2025-02-11T11:40:00,600.10,REVERSE,-1127.25,-1577.38
fast_pair,HINDALCO,2025-02-12,LONG,2025-02-12T11:10:00,595.90,592.66,600.75,503,3.24,2025-02-12T11:50:00,600.75,TARGET,2441.36,1989.92
fast_pair,HINDALCO,2025-02-13,LONG,2025-02-13T10:00:00,603.15,600.05,607.80,497,3.10,2025-02-13T11:50:00,606.40,TIME_STOP,1615.25,1164.39
fast_pair,HINDALCO,2025-02-17,SHORT,2025-02-17T10:00:00,599.70,602.59,595.37,500,2.89,2025-02-17T10:00:00,602.59,STOP,-1444.43,-1895.29
fast_pair,HINDALCO,2025-02-18,LONG,2025-02-18T10:50:00,607.65,605.26,611.23,493,2.39,2025-02-18T11:20:00,605.26,STOP,-1177.44,-1625.92
fast_pair,HINDALCO,2025-02-25,LONG,2025-02-25T13:00:00,624.30,621.95,627.82,480,2.35,2025-02-25T13:30:00,621.95,STOP,-1126.11,-1574.76
fast_pair,HINDALCO,2025-02-27,SHORT,2025-02-27T11:10:00,622.90,625.64,618.80,481,2.74,2025-02-27T12:50:00,624.40,REVERSE,-721.50,-1171.46
fast_pair,HINDALCO,2025-02-28,LONG,2025-02-28T11:10:00,628.35,625.63,632.44,477,2.72,2025-02-28T12:40:00,625.63,STOP,-1299.35,-1747.96
fast_pair,HINDALCO,2025-03-03,SHORT,2025-03-03T10:00:00,626.60,629.84,621.73,478,3.24,2025-03-03T11:10:00,621.73,TARGET,2325.47,1877.95
fast_pair,HINDALCO,2025-03-04,SHORT,2025-03-04T13:10:00,638.70,640.74,635.63,469,2.04,2025-03-04T13:30:00,640.74,STOP,-958.90,-1408.94
fast_pair,HINDALCO,2025-03-07,SHORT,2025-03-07T11:40:00,684.90,687.72,680.67,438,2.82,2025-03-07T12:20:00,680.67,TARGET,1854.10,1405.51
fast_pair,HINDALCO,2025-03-11,LONG,2025-03-11T10:30:00,689.90,687.09,694.12,434,2.81,2025-03-11T11:30:00,687.09,STOP,-1220.42,-1668.63
fast_pair,HINDALCO,2025-03-12,SHORT,2025-03-12T10:30:00,693.60,696.52,689.22,432,2.92,2025-03-12T10:40:00,696.52,STOP,-1262.45,-1712.85
fast_pair,HINDALCO,2025-03-13,LONG,2025-03-13T14:00:00,678.70,676.59,681.87,442,2.11,2025-03-13T14:00:00,676.59,STOP,-934.57,-1383.85
fast_pair,HINDALCO,2025-03-17,SHORT,2025-03-17T11:20:00,679.75,682.07,676.27,441,2.32,2025-03-17T11:30:00,681.45,REVERSE,-749.70,-1199.92
fast_pair,HINDALCO,2025-03-21,SHORT,2025-03-21T10:00:00,705.45,707.66,702.13,425,2.21,2025-03-21T11:10:00,702.13,TARGET,1411.40,962.74
fast_pair,HINDALCO,2025-03-24,SHORT,2025-03-24T10:20:00,696.60,699.05,692.92,430,2.45,2025-03-24T10:20:00,698.75,REVERSE,-924.50,-1374.50
fast_pair,HINDALCO,2025-03-25,LONG,2025-03-25T13:50:00,691.50,688.77,695.60,433,2.73,2025-03-25T13:50:00,695.60,TARGET,1775.19,1324.73
fast_pair,HINDALCO,2025-03-27,SHORT,2025-03-27T11:00:00,692.70,695.14,689.04,433,2.44,2025-03-27T12:50:00,693.70,TIME_STOP,-433.00,-883.23
fast_pair,HINDALCO,2025-04-02,LONG,2025-04-02T13:50:00,657.60,655.51,660.73,456,2.09,2025-04-02T14:30:00,660.73,TARGET,1428.97,978.10
fast_pair,HINDALCO,2025-04-08,SHORT,2025-04-08T10:40:00,560.25,564.61,553.70,535,4.36,2025-04-08T12:30:00,563.05,REVERSE,-1498.00,-1948.72
fast_pair,HINDALCO,2025-04-09,LONG,2025-04-09T11:50:00,562.55,559.75,566.75,533,2.80,2025-04-09T12:20:00,559.75,STOP,-1493.22,-1941.86
fast_pair,HINDALCO,2025-04-17,LONG,2025-04-17T10:50:00,609.95,607.19,614.10,491,2.76,2025-04-17T11:00:00,607.19,STOP,-1356.90,-1805.11
fast_pair,HINDALCO,2025-04-22,SHORT,2025-04-22T11:40:00,622.15,623.93,619.49,482,1.78,2025-04-22T12:00:00,623.93,STOP,-856.11,-1306.56
fast_pair,HINDALCO,2025-04-24,SHORT,2025-04-24T11:00:00,629.10,630.96,626.31,476,1.86,2025-04-24T11:30:00,626.31,TARGET,1328.85,880.67
fast_pair,HINDALCO,2025-04-25,SHORT,2025-04-25T10:00:00,625.95,627.92,623.00,479,1.97,2025-04-25T10:00:00,623.00,TARGET,1415.01,966.33
fast_pair,HINDALCO,2025-04-28,SHORT,2025-04-28T13:10:00,628.20,629.76,625.85,477,1.56,2025-04-28T14:10:00,628.90,REVERSE,-333.90,-783.63
fast_pair,HINDALCO,2025-04-29,SHORT,2025-04-29T10:00:00,627.70,629.73,624.65,477,2.03,2025-04-29T10:30:00,624.65,TARGET,1452.55,1004.52
fast_pair,HINDALCO,2025-04-30,SHORT,2025-04-30T12:10:00,627.45,629.36,624.59,478,1.91,2025-04-30T13:50:00,624.59,TARGET,1368.66,919.80
fast_pair,HINDALCO,2025-05-02,SHORT,2025-05-02T11:20:00,634.40,638.12,628.82,472,3.72,2025-05-02T11:30:00,628.82,TARGET,2633.54,2186.36
fast_pair,HINDALCO,2025-05-06,SHORT,2025-05-06T11:10:00,633.00,636.09,628.36,473,3.09,2025-05-06T11:30:00,628.36,TARGET,2192.76,1745.29
fast_pair,HINDALCO,2025-05-07,SHORT,2025-05-07T10:20:00,630.00,632.50,626.25,476,2.50,2025-05-07T10:20:00,632.50,STOP,-1191.24,-1641.95
fast_pair,HINDALCO,2025-05-09,LONG,2025-05-09T11:40:00,620.80,617.45,625.82,483,3.35,2025-05-09T13:00:00,625.82,TARGET,2423.63,1972.05
fast_pair,HINDALCO,2025-05-12,SHORT,2025-05-12T12:30:00,640.60,643.57,636.15,468,2.97,2025-05-12T12:30:00,643.57,STOP,-1388.28,-1839.02
fast_pair,HINDALCO,2025-05-14,LONG,2025-05-14T10:20:00,649.85,646.37,655.08,461,3.48,2025-05-14T11:00:00,646.37,STOP,-1606.47,-2054.64
fast_pair,HINDALCO,2025-05-15,LONG,2025-05-15T10:20:00,651.25,648.73,655.03,460,2.52,2025-05-15T10:20:00,655.03,TARGET,1736.90,1286.23
fast_pair,HINDALCO,2025-05-16,LONG,2025-05-16T13:10:00,657.20,655.49,659.76,456,1.71,2025-05-16T13:40:00,655.95,REVERSE,-570.00,-1019.10
fast_pair,HINDALCO,2025-05-19,LONG,2025-05-19T10:20:00,657.45,655.55,660.30,456,1.90,2025-05-19T10:40:00,660.30,TARGET,1299.63,848.96
fast_pair,HINDALCO,2025-05-20,SHORT,2025-05-20T13:10:00,662.50,664.71,659.19,452,2.21,2025-05-20T14:20:00,664.71,STOP,-998.38,-1448.31
fast_pair,HINDALCO,2025-05-23,SHORT,2025-05-23T10:10:00,647.40,650.28,643.09,463,2.88,2025-05-23T10:10:00,648.45,REVERSE,-486.15,-936.13
fast_pair,HINDALCO,2025-05-26,SHORT,2025-05-26T11:20:00,660.35,663.23,656.03,454,2.88,2025-05-26T12:40:00,656.03,TARGET,1962.51,1514.28
fast_pair,HINDALCO,2025-05-27,SHORT,2025-05-27T10:10:00,659.90,662.13,656.56,454,2.23,2025-05-27T10:10:00,662.13,STOP,-1012.02,-1462.17
fast_pair,HINDALCO,2025-06-02,LONG,2025-06-02T12:50:00,634.00,631.54,637.69,473,2.46,2025-06-02T13:00:00,631.54,STOP,-1162.71,-1611.66
fast_pair,HINDALCO,2025-06-03,SHORT,2025-06-03T12:30:00,632.90,635.10,629.61,474,2.20,2025-06-03T14:20:00,632.90,TIME_STOP,-0.00,-449.99
fast_pair,HINDALCO,2025-06-04,LONG,2025-06-04T10:10:00,634.10,631.91,637.39,473,2.19,2025-06-04T10:10:00,637.39,TARGET,1554.88,1103.82
fast_pair,HINDALCO,2025-06-05,LONG,2025-06-05T11:50:00,636.40,635.16,638.27,471,1.24,2025-06-05T12:00:00,638.27,TARGET,878.45,428.17
fast_pair,HINDALCO,2025-06-11,LONG,2025-06-11T12:00:00,659.40,657.90,661.64,454,1.50,2025-06-11T13:00:00,661.64,TARGET,1018.26,568.44
fast_pair,HINDALCO,2025-06-12,LONG,2025-06-12T10:10:00,656.60,654.42,659.87,456,2.18,2025-06-12T10:30:00,659.87,TARGET,1492.43,1042.20
fast_pair,HINDALCO,2025-06-13,LONG,2025-06-13T13:40:00,644.10,642.22,646.92,465,1.88,2025-06-13T14:50:00,642.22,STOP,-875.54,-1324.14
fast_pair,HINDALCO,2025-06-16,LONG,2025-06-16T10:50:00,642.55,640.34,645.86,466,2.21,2025-06-16T11:30:00,645.86,TARGET,1544.31,1094.01
fast_pair,HINDALCO,2025-06-17,SHORT,2025-06-17T10:10:00,647.00,648.95,644.07,463,1.95,2025-06-17T10:40:00,648.95,STOP,-903.33,-1353.35
fast_pair,HINDALCO,2025-06-18,SHORT,2025-06-18T12:10:00,644.20,646.16,641.27,465,1.96,2025-06-18T12:10:00,646.16,STOP,-909.46,-1359.47
fast_pair,HINDALCO,2025-06-19,LONG,2025-06-19T11:40:00,643.00,641.22,645.67,466,1.78,2025-06-19T12:30:00,641.22,STOP,-829.82,-1278.65
fast_pair,HINDALCO,2025-06-20,SHORT,2025-06-20T12:40:00,645.90,648.08,642.63,464,2.18,2025-06-20T13:00:00,648.08,STOP,-1010.53,-1460.84
fast_pair,HINDALCO,2025-06-23,LONG,2025-06-23T11:40:00,647.00,644.59,650.62,463,2.41,2025-06-23T11:40:00,650.62,TARGET,1676.21,1225.62
fast_pair,HINDALCO,2025-06-24,SHORT,2025-06-24T13:30:00,669.55,671.56,666.53,448,2.01,2025-06-24T14:00:00,666.53,TARGET,1352.68,903.76
fast_pair,HINDALCO,2025-06-25,SHORT,2025-06-25T10:50:00,669.80,671.96,666.56,447,2.16,2025-06-25T10:50:00,671.96,STOP,-964.67,-1414.50
fast_pair,HINDALCO,2025-06-26,SHORT,2025-06-26T12:00:00,677.65,679.90,674.28,442,2.25,2025-06-26T12:20:00,679.45,REVERSE,-795.60,-1245.48
fast_pair,HINDALCO,2025-07-01,LONG,2025-07-01T12:10:00,691.50,689.04,695.19,433,2.46,2025-07-01T12:10:00,695.19,TARGET,1596.92,1146.59
fast_pair,HINDALCO,2025-07-02,SHORT,2025-07-02T11:10:00,695.55,697.64,692.41,431,2.09,2025-07-02T11:20:00,697.64,STOP,-902.74,-1353.09
fast_pair,HINDALCO,2025-07-03,SHORT,2025-07-03T11:50:00,701.35,703.52,698.09,427,2.17,2025-07-03T13:20:00,698.09,TARGET,1390.14,941.97
fast_pair,HINDALCO,2025-07-04,LONG,2025-07-04T11:00:00,696.95,694.98,699.90,430,1.97,2025-07-04T11:10:00,694.98,STOP,-845.28,-1294.18
fast_pair,HINDALCO,2025-07-10,SHORT,2025-07-10T11:00:00,674.15,676.04,671.32,445,1.89,2025-07-10T12:50:00,674.20,TIME_STOP,-22.25,-472.26
fast_pair,HINDALCO,2025-07-11,LONG,2025-07-11T11:20:00,675.70,672.77,680.09,443,2.93,2025-07-11T11:20:00,672.77,STOP,-1297.12,-1745.15
fast_pair,HINDALCO,2025-07-14,SHORT,2025-07-14T11:00:00,672.00,674.72,667.93,446,2.72,2025-07-14T11:30:00,667.93,TARGET,1816.36,1368.15
fast_pair,HINDALCO,2025-07-15,LONG,2025-07-15T10:50:00,668.20,666.07,671.40,448,2.13,2025-07-15T11:00:00,671.40,TARGET,1431.99,981.88
fast_pair,HINDALCO,2025-07-17,SHORT,2025-07-17T10:50:00,669.00,671.25,665.62,448,2.25,2025-07-17T11:10:00,671.25,STOP,-1009.60,-1459.92
fast_pair,HINDALCO,2025-07-18,SHORT,2025-07-18T10:30:00,672.70,674.88,669.43,445,2.18,2025-07-18T10:40:00,674.88,STOP,-968.92,-1418.67
fast_pair,HINDALCO,2025-07-21,SHORT,2025-07-21T13:10:00,682.55,684.36,679.83,439,1.81,2025-07-21T15:00:00,682.40,TIME_STOP,65.85,-383.56
fast_pair,HINDALCO,2025-07-23,SHORT,2025-07-23T12:40:00,691.40,692.70,689.44,433,1.30,2025-07-23T12:50:00,692.55,REVERSE,-497.95,-947.39
fast_pair,HINDALCO,2025-07-25,SHORT,2025-07-25T11:00:00,693.05,694.94,690.22,432,1.89,2025-07-25T11:50:00,690.22,TARGET,1223.97,775.80
fast_pair,HINDALCO,2025-07-28,LONG,2025-07-28T12:40:00,689.55,687.18,693.11,435,2.37,2025-07-28T12:50:00,687.18,STOP,-1031.19,-1480.35
fast_pair,HINDALCO,2025-07-29,LONG,2025-07-29T10:00:00,689.30,687.18,692.49,435,2.12,2025-07-29T10:20:00,687.18,STOP,-923.75,-1372.82
fast_pair,HINDALCO,2025-07-30,SHORT,2025-07-30T10:20:00,691.50,693.86,687.96,433,2.36,2025-07-30T10:30:00,687.96,TARGET,1532.20,1084.22
fast_pair,HINDALCO,2025-07-31,LONG,2025-07-31T11:30:00,686.25,683.63,690.18,437,2.62,2025-07-31T11:40:00,690.18,TARGET,1719.26,1268.14
fast_pair,HINDALCO,2025-08-04,LONG,2025-08-04T10:30:00,685.15,682.30,689.42,437,2.85,2025-08-04T12:00:00,683.45,REVERSE,-742.90,-1191.46
fast_pair,HINDALCO,2025-08-05,SHORT,2025-08-05T10:00:00,686.15,688.06,683.28,437,1.91,2025-08-05T11:00:00,688.06,STOP,-835.68,-1286.08
fast_pair,HINDALCO,2025-08-06,SHORT,2025-08-06T13:00:00,687.70,689.38,685.18,436,1.68,2025-08-06T13:00:00,689.38,STOP,-731.94,-1182.24
fast_pair,HINDALCO,2025-08-08,SHORT,2025-08-08T10:00:00,678.35,681.10,674.23,442,2.75,2025-08-08T11:50:00,675.75,TIME_STOP,1149.20,700.32
fast_pair,HINDALCO,2025-08-11,SHORT,2025-08-11T11:40:00,673.50,675.52,670.47,445,2.02,2025-08-11T11:50:00,670.47,TARGET,1350.47,901.92
fast_pair,HINDALCO,2025-08-12,LONG,2025-08-12T12:10:00,671.60,668.40,676.39,446,3.20,2025-08-12T12:50:00,668.40,STOP,-1425.40,-1873.63
fast_pair,HINDALCO,2025-08-14,LONG,2025-08-14T12:30:00,693.10,691.11,696.08,432,1.99,2025-08-14T14:10:00,691.70,REVERSE,-604.80,-1053.48
fast_pair,HINDALCO,2025-08-19,LONG,2025-08-19T13:50:00,707.75,706.16,710.13,423,1.59,2025-08-19T14:00:00,707.00,REVERSE,-317.25,-766.08
fast_pair,HINDALCO,2025-08-20,LONG,2025-08-20T12:50:00,701.80,700.15,704.28,427,1.65,2025-08-20T12:50:00,701.10,REVERSE,-298.90,-748.18
fast_pair,HINDALCO,2025-08-21,SHORT,2025-08-21T13:50:00,705.30,706.61,703.34,425,1.31,2025-08-21T13:50:00,706.00,REVERSE,-297.50,-747.35
fast_pair,HINDALCO,2025-08-22,LONG,2025-08-22T11:50:00,706.25,704.87,708.32,424,1.38,2025-08-22T12:30:00,708.32,TARGET,876.46,426.63
fast_pair,HINDALCO,2025-08-26,SHORT,2025-08-26T12:20:00,706.55,708.11,704.21,424,1.56,2025-08-26T12:40:00,704.21,TARGET,990.07,541.44
fast_pair,HINDALCO,2025-08-28,LONG,2025-08-28T11:30:00,703.75,702.08,706.26,426,1.67,2025-08-28T11:40:00,706.26,TARGET,1069.45,618.95
fast_pair,HINDALCO,2025-08-29,LONG,2025-08-29T10:50:00,704.70,702.28,708.33,425,2.42,2025-08-29T12:40:00,707.55,TIME_STOP,1211.25,761.10
fast_pair,HINDALCO,2025-09-01,SHORT,2025-09-01T13:10:00,710.30,711.77,708.10,422,1.47,2025-09-01T13:40:00,711.77,STOP,-620.25,-1070.34
fast_pair,HINDALCO,2025-09-04,SHORT,2025-09-04T10:10:00,740.35,742.72,736.80,405,2.37,2025-09-04T10:20:00,742.72,STOP,-959.40,-1409.88
fast_pair,HINDALCO,2025-09-05,SHORT,2025-09-05T12:00:00,741.60,743.19,739.21,404,1.59,2025-09-05T12:50:00,742.75,REVERSE,-464.60,-914.36
fast_pair,HINDALCO,2025-09-08,SHORT,2025-09-08T11:10:00,744.15,745.96,741.44,403,1.81,2025-09-08T12:00:00,745.96,STOP,-727.69,-1178.07
fast_pair,HINDALCO,2025-09-09,SHORT,2025-09-09T11:00:00,741.25,743.23,738.28,404,1.98,2025-09-09T11:20:00,742.25,REVERSE,-404.00,-853.50
fast_pair,HINDALCO,2025-09-11,LONG,2025-09-11T10:00:00,743.05,741.64,745.17,403,1.41,2025-09-11T10:20:00,745.17,TARGET,852.73,402.92
fast_pair,HINDALCO,2025-09-12,SHORT,2025-09-12T12:20:00,747.15,749.11,744.21,401,1.96,2025-09-12T13:20:00,749.11,STOP,-786.49,-1236.49
fast_pair,HINDALCO,2025-09-15,SHORT,2025-09-15T10:00:00,755.30,757.26,752.36,397,1.96,2025-09-15T10:30:00,757.26,STOP,-778.42,-1228.78
fast_pair,HINDALCO,2025-09-16,LONG,2025-09-16T11:50:00,755.65,753.72,758.54,397,1.93,2025-09-16T12:00:00,753.72,STOP,-766.01,-1215.43
fast_pair,HINDALCO,2025-09-17,LONG,2025-09-17T12:50:00,753.75,752.38,755.80,398,1.37,2025-09-17T13:10:00,755.80,TARGET,815.11,364.51
fast_pair,HINDALCO,2025-09-19,LONG,2025-09-19T12:30:00,744.00,742.05,746.93,403,1.95,2025-09-19T14:20:00,744.20,TIME_STOP,80.60,-369.21
fast_pair,HINDALCO,2025-09-23,LONG,2025-09-23T12:20:00,743.20,741.28,746.07,403,1.92,2025-09-23T12:30:00,746.07,TARGET,1157.72,707.58
fast_pair,HINDALCO,2025-09-24,LONG,2025-09-24T11:50:00,746.95,744.86,750.09,401,2.09,2025-09-24T12:00:00,744.86,STOP,-838.69,-1287.35
fast_pair,HINDALCO,2025-09-25,SHORT,2025-09-25T12:30:00,749.75,752.02,746.35,400,2.27,2025-09-25T13:20:00,746.35,TARGET,1360.31,911.48
fast_pair,HINDALCO,2025-09-30,SHORT,2025-09-30T13:00:00,763.15,765.54,759.57,393,2.39,2025-09-30T13:30:00,765.54,STOP,-937.83,-1388.41
fast_pair,HINDALCO,2025-10-01,LONG,2025-10-01T10:20:00,764.25,761.63,768.18,392,2.62,2025-10-01T10:20:00,761.63,STOP,-1026.34,-1474.95
fast_pair,HINDALCO,2025-10-03,SHORT,2025-10-03T13:40:00,781.85,784.68,777.61,383,2.83,2025-10-03T15:20:00,780.40,EOD,555.35,106.59
fast_pair,HINDALCO,2025-10-06,SHORT,2025-10-06T10:00:00,776.90,779.51,772.98,386,2.61,2025-10-06T10:00:00,779.51,STOP,-1008.49,-1459.07
fast_pair,HINDALCO,2025-10-07,SHORT,2025-10-07T10:00:00,773.00,775.90,768.65,388,2.90,2025-10-07T10:10:00,775.90,STOP,-1124.65,-1575.38
fast_pair,HINDALCO,2025-10-08,SHORT,2025-10-08T11:20:00,772.00,774.65,768.02,388,2.65,2025-10-08T11:50:00,774.65,STOP,-1028.32,-1478.40
fast_pair,HINDALCO,2025-10-09,SHORT,2025-10-09T12:50:00,775.45,777.81,771.92,386,2.36,2025-10-09T14:40:00,774.00,TIME_STOP,559.70,111.13
fast_pair,HINDALCO,2025-10-10,LONG,2025-10-10T12:50:00,770.20,768.07,773.39,389,2.13,2025-10-10T13:30:00,773.39,TARGET,1240.28,789.94
fast_pair,HINDALCO,2025-10-14,SHORT,2025-10-14T10:40:00,769.90,772.10,766.60,389,2.20,2025-10-14T10:50:00,772.10,STOP,-856.23,-1306.11
fast_pair,HINDALCO,2025-10-15,SHORT,2025-10-15T13:10:00,765.00,766.62,762.57,392,1.62,2025-10-15T14:50:00,762.57,TARGET,954.13,505.03
fast_pair,HINDALCO,2025-10-17,SHORT,2025-10-17T10:30:00,776.10,778.05,773.17,386,1.95,2025-10-17T12:20:00,774.50,TIME_STOP,617.60,168.70
fast_pair,HINDALCO,2025-10-23,SHORT,2025-10-23T13:40:00,794.60,796.59,791.61,377,1.99,2025-10-23T15:10:00,791.61,TARGET,1127.31,678.81
fast_pair,HINDALCO,2025-10-27,SHORT,2025-10-27T14:00:00,837.70,839.77,834.59,358,2.07,2025-10-27T14:30:00,839.77,STOP,-741.69,-1192.09
fast_pair,HINDALCO,2025-10-29,SHORT,2025-10-29T13:40:00,854.00,856.26,850.61,351,2.26,2025-10-29T15:00:00,856.26,STOP,-793.77,-1244.00
fast_pair,HINDALCO,2025-10-30,LONG,2025-10-30T11:30:00,854.80,852.19,858.71,350,2.61,2025-10-30T11:50:00,852.19,STOP,-912.53,-1360.62
fast_pair,HINDALCO,2025-10-31,LONG,2025-10-31T13:10:00,851.95,849.69,855.34,352,2.26,2025-10-31T14:20:00,849.69,STOP,-795.65,-1244.88
fast_pair,HINDALCO,2025-11-03,SHORT,2025-11-03T11:00:00,848.80,851.69,844.47,353,2.89,2025-11-03T11:10:00,851.69,STOP,-1018.80,-1469.01
fast_pair,HINDALCO,2025-11-06,LONG,2025-11-06T13:40:00,781.90,778.48,787.03,383,3.42,2025-11-06T14:40:00,787.03,TARGET,1965.45,1514.78
fast_pair,HINDALCO,2025-11-10,SHORT,2025-11-10T12:00:00,792.55,795.42,788.25,378,2.87,2025-11-10T13:50:00,791.25,TIME_STOP,491.40,42.39
fast_pair,HINDALCO,2025-11-11,LONG,2025-11-11T12:50:00,782.90,780.75,786.13,383,2.15,2025-11-11T13:30:00,786.13,TARGET,1235.71,785.00
fast_pair,HINDALCO,2025-11-12,SHORT,2025-11-12T13:30:00,798.80,801.47,794.79,375,2.67,2025-11-12T15:00:00,794.79,TARGET,1504.49,1056.29
fast_pair,HINDALCO,2025-11-14,SHORT,2025-11-14T12:20:00,804.60,807.07,800.89,372,2.47,2025-11-14T12:50:00,800.89,TARGET,1380.93,933.00
fast_pair,HINDALCO,2025-11-17,SHORT,2025-11-17T10:50:00,801.30,803.66,797.76,374,2.36,2025-11-17T12:20:00,802.95,REVERSE,-617.10,-1067.09
fast_pair,HINDALCO,2025-11-18,LONG,2025-11-18T13:10:00,795.50,793.47,798.55,377,2.03,2025-11-18T13:40:00,793.47,STOP,-765.89,-1215.17
fast_pair,HINDALCO,2025-11-19,LONG,2025-11-19T10:20:00,796.30,793.98,799.78,376,2.32,2025-11-19T11:10:00,793.98,STOP,-871.66,-1320.12
fast_pair,HINDALCO,2025-11-20,SHORT,2025-11-20T12:00:00,795.05,797.10,791.97,377,2.05,2025-11-20T12:20:00,797.10,STOP,-773.49,-1223.67
fast_pair,HINDALCO,2025-11-25,SHORT,2025-11-25T12:10:00,783.85,786.22,780.30,382,2.37,2025-11-25T13:50:00,784.90,REVERSE,-401.10,-850.55
fast_pair,HINDALCO,2025-11-26,SHORT,2025-11-26T13:30:00,796.25,798.55,792.80,376,2.30,2025-11-26T14:20:00,798.10,REVERSE,-695.60,-1145.21
fast_pair,HINDALCO,2025-11-27,SHORT,2025-11-27T12:40:00,803.55,805.52,800.59,373,1.97,2025-11-27T13:20:00,800.59,TARGET,1102.86,654.10
fast_pair,HINDALCO,2025-11-28,SHORT,2025-11-28T13:00:00,809.95,811.96,806.93,370,2.01,2025-11-28T14:50:00,808.95,TIME_STOP,370.00,-79.24
fast_pair,HINDALCO,2025-12-01,SHORT,2025-12-01T11:20:00,810.70,812.69,807.72,370,1.99,2025-12-01T11:20:00,812.69,STOP,-735.31,-1185.80
fast_pair,HINDALCO,2025-12-03,SHORT,2025-12-03T10:10:00,805.05,807.33,801.63,372,2.28,2025-12-03T10:40:00,807.33,STOP,-847.40,-1297.25
fast_pair,HINDALCO,2025-12-04,SHORT,2025-12-04T12:00:00,819.60,821.77,816.35,366,2.17,2025-12-04T12:40:00,816.35,TARGET,1190.94,741.87
fast_pair,HINDALCO,2025-12-08,SHORT,2025-12-08T11:30:00,826.85,829.31,823.16,362,2.46,2025-12-08T12:00:00,823.16,TARGET,1334.92,886.94
fast_pair,HINDALCO,2025-12-09,LONG,2025-12-09T11:20:00,817.50,814.40,822.15,366,3.10,2025-12-09T11:30:00,814.40,STOP,-1135.70,-1583.66
fast_pair,HINDALCO,2025-12-11,SHORT,2025-12-11T11:10:00,824.50,827.01,820.73,363,2.51,2025-12-11T13:00:00,824.25,TIME_STOP,90.75,-358.12
fast_pair,HINDALCO,2025-12-18,SHORT,2025-12-18T14:10:00,856.60,858.46,853.82,350,1.86,2025-12-18T14:20:00,853.82,TARGET,974.22,525.24
fast_pair,HINDALCO,2025-12-19,SHORT,2025-12-19T10:50:00,855.65,858.30,851.68,350,2.65,2025-12-19T11:00:00,851.68,TARGET,1388.99,940.81
fast_pair,HINDALCO,2025-12-24,SHORT,2025-12-24T13:30:00,872.65,875.00,869.13,343,2.35,2025-12-24T13:40:00,869.13,TARGET,1208.31,760.23
fast_pair,HINDALCO,2025-12-26,LONG,2025-12-26T12:00:00,867.70,865.43,871.11,345,2.27,2025-12-26T12:00:00,871.11,TARGET,1175.12,725.20
fast_pair,HINDALCO,2025-12-29,SHORT,2025-12-29T11:20:00,875.30,878.27,870.84,342,2.97,2025-12-29T11:30:00,870.84,TARGET,1525.45,1077.57
fast_pair,HINDALCO,2026-01-05,SHORT,2026-01-05T11:30:00,926.35,929.33,921.88,323,2.98,2026-01-05T11:40:00,929.33,STOP,-962.62,-1412.15
fast_pair,HINDALCO,2026-01-06,SHORT,2026-01-06T12:20:00,954.70,959.15,948.03,314,4.45,2026-01-06T13:30:00,948.03,TARGET,2094.02,1645.93
fast_pair,HINDALCO,2026-01-07,SHORT,2026-01-07T11:20:00,943.90,947.87,937.95,317,3.97,2026-01-07T13:10:00,941.80,TIME_STOP,665.70,217.37
fast_pair,HINDALCO,2026-01-12,SHORT,2026-01-12T11:30:00,900.80,904.65,895.03,333,3.85,2026-01-12T12:00:00,904.65,STOP,-1281.94,-1732.85
fast_pair,HINDALCO,2026-01-13,SHORT,2026-01-13T13:10:00,929.50,932.60,924.85,322,3.10,2026-01-13T13:50:00,932.60,STOP,-998.08,-1447.77
fast_pair,HINDALCO,2026-01-14,SHORT,2026-01-14T13:50:00,950.30,953.60,945.36,315,3.30,2026-01-14T14:40:00,953.60,STOP,-1037.99,-1487.79
fast_pair,HINDALCO,2026-01-19,LONG,2026-01-19T11:40:00,944.60,940.48,950.78,317,4.12,2026-01-19T12:50:00,941.85,REVERSE,-871.75,-1320.25
fast_pair,HINDALCO,2026-01-20,LONG,2026-01-20T10:50:00,942.45,938.45,948.44,318,4.00,2026-01-20T12:10:00,938.45,STOP,-1270.73,-1719.33
fast_pair,HINDALCO,2026-01-21,SHORT,2026-01-21T10:30:00,931.00,935.08,924.88,322,4.08,2026-01-21T11:10:00,935.08,STOP,-1314.25,-1764.91
fast_pair,HINDALCO,2026-01-22,SHORT,2026-01-22T10:40:00,940.50,944.11,935.09,318,3.61,2026-01-22T11:00:00,935.09,TARGET,1719.67,1272.34
fast_pair,HINDALCO,2026-01-23,SHORT,2026-01-23T12:20:00,953.85,957.20,948.83,314,3.35,2026-01-23T14:10:00,948.83,TARGET,1576.22,1128.14
fast_pair,HINDALCO,2026-01-27,SHORT,2026-01-27T11:10:00,953.85,958.24,947.27,314,4.39,2026-01-27T11:30:00,958.24,STOP,-1378.06,-1828.36
fast_pair,HINDALCO,2026-01-29,SHORT,2026-01-29T13:00:00,1021.05,1026.07,1013.51,293,5.02,2026-01-29T13:10:00,1021.85,REVERSE,-234.40,-683.33
fast_pair,HINDALCO,2026-02-02,LONG,2026-02-02T13:30:00,909.25,903.60,917.73,329,5.65,2026-02-02T13:40:00,917.73,TARGET,2789.14,2338.33
fast_pair,HINDALCO,2026-02-04,SHORT,2026-02-04T11:10:00,960.30,964.57,953.90,312,4.27,2026-02-04T12:40:00,961.10,REVERSE,-249.60,-699.21
fast_pair,HINDALCO,2026-02-05,LONG,2026-02-05T13:10:00,935.90,932.23,941.40,320,3.67,2026-02-05T14:20:00,933.00,REVERSE,-928.00,-1376.54
fast_pair,HINDALCO,2026-02-06,LONG,2026-02-06T11:20:00,937.25,933.50,942.88,320,3.75,2026-02-06T12:00:00,942.88,TARGET,1800.28,1349.05
fast_pair,HINDALCO,2026-02-10,SHORT,2026-02-10T14:10:00,967.05,970.05,962.56,310,3.00,2026-02-10T15:10:00,970.05,STOP,-928.84,-1379.22
fast_pair,HINDALCO,2026-02-11,LONG,2026-02-11T11:40:00,960.95,957.37,966.33,312,3.58,2026-02-11T13:30:00,965.00,TIME_STOP,1263.60,812.93
fast_pair,HINDALCO,2026-02-12,LONG,2026-02-12T11:50:00,960.95,957.19,966.60,312,3.76,2026-02-12T11:50:00,959.40,REVERSE,-483.60,-932.96
fast_pair,HINDALCO,2026-02-16,LONG,2026-02-16T13:20:00,902.90,899.68,907.73,332,3.22,2026-02-16T13:20:00,901.40,REVERSE,-498.00,-947.27
fast_pair,HINDALCO,2026-02-23,SHORT,2026-02-23T10:40:00,930.20,933.92,924.62,322,3.72,2026-02-23T11:10:00,924.62,TARGET,1795.75,1347.81
fast_pair,HINDALCO,2026-02-24,SHORT,2026-02-24T12:00:00,915.25,918.12,910.95,327,2.87,2026-02-24T13:50:00,915.65,TIME_STOP,-130.80,-579.83
fast_pair,HINDALCO,2026-02-27,LONG,2026-02-27T13:30:00,935.85,933.46,939.43,320,2.39,2026-02-27T13:50:00,933.46,STOP,-763.65,-1212.29
fast_pair,HINDALCO,2026-03-02,SHORT,2026-03-02T10:40:00,928.90,934.51,920.48,322,5.61,2026-03-02T12:30:00,924.50,TIME_STOP,1416.80,969.20
fast_pair,HINDALCO,2026-03-04,LONG,2026-03-04T13:20:00,923.70,919.13,930.56,324,4.57,2026-03-04T14:10:00,930.56,TARGET,2223.26,1772.67
fast_pair,HINDALCO,2026-03-09,LONG,2026-03-09T12:10:00,941.15,935.86,949.08,318,5.29,2026-03-09T13:10:00,938.15,REVERSE,-954.00,-1402.21
fast_pair,HINDALCO,2026-03-10,LONG,2026-03-10T10:50:00,941.55,936.98,948.41,318,4.57,2026-03-10T10:50:00,939.15,REVERSE,-763.20,-1211.75
fast_pair,HINDALCO,2026-03-11,SHORT,2026-03-11T11:30:00,961.60,965.63,955.56,311,4.03,2026-03-11T11:40:00,965.63,STOP,-1252.65,-1702.17
fast_pair,HINDALCO,2026-03-12,LONG,2026-03-12T11:50:00,947.65,943.18,954.36,316,4.47,2026-03-12T13:20:00,954.36,TARGET,2120.21,1669.43
fast_pair,JINDALSTEL,2024-03-18,LONG,2024-03-18T10:20:00,780.90,772.69,793.22,304,8.21,2024-03-18T11:20:00,793.22,TARGET,3745.06,3386.17
fast_pair,JINDALSTEL,2024-03-19,SHORT,2024-03-19T10:20:00,797.45,802.71,789.56,376,5.26,2024-03-19T12:10:00,794.50,TIME_STOP,1109.20,660.27
fast_pair,JINDALSTEL,2024-03-20,LONG,2024-03-20T12:00:00,786.65,782.16,793.39,381,4.49,2024-03-20T13:00:00,782.16,STOP,-1710.85,-2159.14
fast_pair,JINDALSTEL,2024-03-26,SHORT,2024-03-26T12:40:00,843.55,847.14,838.17,355,3.59,2024-03-26T14:30:00,841.50,TIME_STOP,727.75,279.11
fast_pair,JINDALSTEL,2024-03-27,LONG,2024-03-27T11:40:00,839.05,835.56,844.28,357,3.49,2024-03-27T12:30:00,835.56,STOP,-1244.90,-1693.28
fast_pair,JINDALSTEL,2024-04-01,SHORT,2024-04-01T14:00:00,865.75,868.51,861.62,346,2.76,2024-04-01T14:00:00,868.51,STOP,-953.65,-1403.69
fast_pair,JINDALSTEL,2024-04-02,SHORT,2024-04-02T10:10:00,863.40,867.12,857.82,347,3.72,2024-04-02T10:30:00,857.82,TARGET,1935.78,1487.83
fast_pair,JINDALSTEL,2024-04-04,LONG,2024-04-04T10:10:00,908.90,904.60,915.35,330,4.30,2024-04-04T11:20:00,904.60,STOP,-1418.58,-1867.42
fast_pair,JINDALSTEL,2024-04-05,LONG,2024-04-05T11:10:00,900.05,896.01,906.10,333,4.04,2024-04-05T11:40:00,906.10,TARGET,2015.57,1564.48
fast_pair,JINDALSTEL,2024-04-09,LONG,2024-04-09T10:20:00,916.00,911.62,922.57,327,4.38,2024-04-09T11:20:00,922.57,TARGET,2149.21,1698.30
fast_pair,JINDALSTEL,2024-04-10,LONG,2024-04-10T12:30:00,900.00,896.00,906.00,333,4.00,2024-04-10T12:50:00,906.00,TARGET,1998.23,1547.18
fast_pair,JINDALSTEL,2024-04-12,LONG,2024-04-12T10:30:00,900.00,895.75,906.38,333,4.25,2024-04-12T11:10:00,906.38,TARGET,2124.44,1673.30
fast_pair,JINDALSTEL,2024-04-15,LONG,2024-04-15T10:30:00,903.60,897.67,912.49,332,5.93,2024-04-15T10:40:00,912.49,TARGET,2951.36,2499.16
fast_pair,JINDALSTEL,2024-04-19,LONG,2024-04-19T10:40:00,919.70,912.26,930.86,326,7.44,2024-04-19T10:40:00,912.26,STOP,-2426.48,-2874.40
fast_pair,JINDALSTEL,2024-04-22,SHORT,2024-04-22T10:10:00,919.35,926.02,909.34,326,6.67,2024-04-22T12:00:00,920.25,TIME_STOP,-293.40,-743.18
fast_pair,JINDALSTEL,2024-04-23,LONG,2024-04-23T13:40:00,913.25,910.46,917.43,328,2.79,2024-04-23T15:00:00,910.46,STOP,-914.51,-1363.14
fast_pair,JINDALSTEL,2024-04-25,SHORT,2024-04-25T13:00:00,929.30,931.90,925.40,322,2.60,2024-04-25T13:00:00,930.00,REVERSE,-225.40,-674.42
fast_pair,JINDALSTEL,2024-04-26,SHORT,2024-04-26T10:10:00,932.75,937.18,926.11,321,4.43,2024-04-26T10:10:00,937.18,STOP,-1421.12,-1871.31
fast_pair,JINDALSTEL,2024-04-29,SHORT,2024-04-29T11:30:00,936.45,940.20,930.82,320,3.75,2024-04-29T12:00:00,938.50,REVERSE,-656.00,-1105.99
fast_pair,JINDALSTEL,2024-04-30,SHORT,2024-04-30T10:10:00,933.20,937.29,927.06,321,4.09,2024-04-30T10:50:00,937.29,STOP,-1312.93,-1763.25
fast_pair,JINDALSTEL,2024-05-03,SHORT,2024-05-03T11:30:00,942.50,947.29,935.32,318,4.79,2024-05-03T12:10:00,935.32,TARGET,2284.33,1836.48
fast_pair,JINDALSTEL,2024-05-06,LONG,2024-05-06T10:30:00,935.00,928.82,944.27,320,6.18,2024-05-06T12:20:00,938.40,TIME_STOP,1088.00,638.38
fast_pair,JINDALSTEL,2024-05-07,LONG,2024-05-07T13:50:00,925.95,921.46,932.68,323,4.49,2024-05-07T14:20:00,921.46,STOP,-1448.68,-1896.22
fast_pair,JINDALSTEL,2024-05-08,SHORT,2024-05-08T11:00:00,924.90,929.40,918.15,324,4.50,2024-05-08T11:00:00,929.40,STOP,-1457.81,-1908.40
fast_pair,JINDALSTEL,2024-05-09,SHORT,2024-05-09T10:30:00,940.00,944.55,933.17,319,4.55,2024-05-09T11:10:00,933.17,TARGET,2179.54,1731.38
fast_pair,JINDALSTEL,2024-05-13,LONG,2024-05-13T11:00:00,923.55,917.84,932.12,324,5.71,2024-05-13T12:20:00,932.12,TARGET,2775.06,2324.14
fast_pair,JINDALSTEL,2024-05-15,SHORT,2024-05-15T10:40:00,978.15,983.81,969.67,306,5.66,2024-05-15T10:50:00,983.81,STOP,-1730.68,-2180.95
fast_pair,JINDALSTEL,2024-05-16,SHORT,2024-05-16T12:00:00,1001.50,1006.16,994.50,299,4.66,2024-05-16T12:20:00,1006.16,STOP,-1394.71,-1844.93
fast_pair,JINDALSTEL,2024-05-22,LONG,2024-05-22T10:40:00,1073.00,1067.22,1081.67,279,5.78,2024-05-22T11:20:00,1067.22,STOP,-1612.97,-2060.81
fast_pair,JINDALSTEL,2024-05-23,LONG,2024-05-23T12:40:00,1063.30,1058.84,1069.99,282,4.46,2024-05-23T14:30:00,1065.75,TIME_STOP,690.90,240.61
fast_pair,JINDALSTEL,2024-05-24,SHORT,2024-05-24T12:10:00,1072.25,1076.46,1065.93,279,4.21,2024-05-24T12:30:00,1076.46,STOP,-1174.70,-1624.31
fast_pair,JINDALSTEL,2024-05-27,LONG,2024-05-27T11:40:00,1068.90,1065.17,1074.50,280,3.73,2024-05-27T12:40:00,1065.17,STOP,-1044.45,-1492.60
fast_pair,JINDALSTEL,2024-05-28,LONG,2024-05-28T13:30:00,1055.50,1051.77,1061.09,284,3.73,2024-05-28T14:00:00,1051.77,STOP,-1059.15,-1508.00
fast_pair,JINDALSTEL,2024-05-29,LONG,2024-05-29T13:00:00,1043.15,1039.43,1048.74,287,3.72,2024-05-29T14:10:00,1039.43,STOP,-1068.73,-1517.00
fast_pair,JINDALSTEL,2024-05-30,LONG,2024-05-30T11:00:00,1036.10,1031.84,1042.50,289,4.26,2024-05-30T11:20:00,1031.84,STOP,-1232.16,-1680.39
fast_pair,JINDALSTEL,2024-05-31,SHORT,2024-05-31T10:30:00,1032.10,1036.92,1024.88,290,4.82,2024-05-31T11:50:00,1036.92,STOP,-1396.60,-1846.61
fast_pair,JINDALSTEL,2024-06-04,LONG,2024-06-04T13:30:00,974.40,957.79,999.32,150,16.61,2024-06-04T14:20:00,957.79,STOP,-2491.63,-2709.00
fast_pair,JINDALSTEL,2024-06-05,LONG,2024-06-05T11:30:00,954.25,941.16,973.88,191,13.09,2024-06-05T13:10:00,973.88,TARGET,3749.52,3473.31
fast_pair,JINDALSTEL,2024-06-07,SHORT,2024-06-07T11:00:00,1029.40,1035.12,1020.83,291,5.72,2024-06-07T12:50:00,1032.20,REVERSE,-814.80,-1264.74
fast_pair,JINDALSTEL,2024-06-10,LONG,2024-06-10T10:40:00,1028.90,1023.43,1037.11,291,5.47,2024-06-10T10:40:00,1025.10,REVERSE,-1105.80,-1554.09
fast_pair,JINDALSTEL,2024-06-12,SHORT,2024-06-12T14:10:00,1027.80,1031.56,1022.17,291,3.76,2024-06-12T15:20:00,1031.56,STOP,-1093.18,-1542.64
fast_pair,JINDALSTEL,2024-06-13,SHORT,2024-06-13T11:30:00,1037.85,1042.58,1030.76,289,4.73,2024-06-13T11:50:00,1042.58,STOP,-1366.59,-1817.53
fast_pair,JINDALSTEL,2024-06-14,LONG,2024-06-14T10:00:00,1051.35,1047.34,1057.37,285,4.01,2024-06-14T10:40:00,1057.37,TARGET,1716.06,1265.32
fast_pair,JINDALSTEL,2024-06-18,LONG,2024-06-18T14:10:00,1035.90,1032.48,1041.03,289,3.42,2024-06-18T14:30:00,1032.48,STOP,-987.91,-1436.23
fast_pair,JINDALSTEL,2024-06-20,SHORT,2024-06-20T14:00:00,1060.05,1064.75,1053.00,283,4.70,2024-06-20T15:20:00,1057.05,EOD,849.00,399.65
fast_pair,JINDALSTEL,2024-06-21,LONG,2024-06-21T10:00:00,1063.90,1058.34,1072.24,281,5.56,2024-06-21T11:20:00,1072.24,TARGET,2343.34,1893.15
fast_pair,JINDALSTEL,2024-06-24,LONG,2024-06-24T11:20:00,1070.90,1064.68,1080.23,280,6.22,2024-06-24T12:50:00,1064.68,STOP,-1741.60,-2190.07
fast_pair,JINDALSTEL,2024-06-25,SHORT,2024-06-25T10:00:00,1066.65,1071.31,1059.66,281,4.66,2024-06-25T10:20:00,1059.66,TARGET,1963.88,1515.76
fast_pair,JINDALSTEL,2024-06-28,SHORT,2024-06-28T11:00:00,1047.80,1051.51,1042.24,286,3.71,2024-06-28T11:20:00,1050.00,REVERSE,-629.20,-1079.18
fast_pair,JINDALSTEL,2024-07-01,SHORT,2024-07-01T12:20:00,1050.90,1054.50,1045.50,285,3.60,2024-07-01T12:30:00,1045.50,TARGET,1540.00,1091.89
fast_pair,JINDALSTEL,2024-07-02,SHORT,2024-07-02T12:00:00,1053.05,1057.56,1046.29,284,4.51,2024-07-02T12:30:00,1046.29,TARGET,1920.54,1473.38
fast_pair,JINDALSTEL,2024-07-03,SHORT,2024-07-03T11:30:00,1045.65,1049.31,1040.16,286,3.66,2024-07-03T12:00:00,1049.31,STOP,-1046.85,-1496.22
fast_pair,JINDALSTEL,2024-07-04,SHORT,2024-07-04T10:40:00,1048.50,1052.21,1042.94,286,3.71,2024-07-04T11:50:00,1052.21,STOP,-1060.21,-1510.81
fast_pair,JINDALSTEL,2024-07-09,SHORT,2024-07-09T10:40:00,1028.70,1033.01,1022.24,291,4.31,2024-07-09T12:10:00,1022.24,TARGET,1879.54,1431.93
fast_pair,JINDALSTEL,2024-07-11,SHORT,2024-07-11T12:10:00,1013.70,1017.86,1007.47,295,4.16,2024-07-11T12:20:00,1017.86,STOP,-1225.88,-1675.36
fast_pair,JINDALSTEL,2024-07-12,SHORT,2024-07-12T10:00:00,1012.05,1016.71,1005.06,296,4.66,2024-07-12T11:00:00,1016.71,STOP,-1379.93,-1830.32
fast_pair,JINDALSTEL,2024-07-15,LONG,2024-07-15T10:20:00,1016.55,1012.44,1022.72,295,4.11,2024-07-15T11:30:00,1012.44,STOP,-1212.71,-1661.62
fast_pair,JINDALSTEL,2024-07-16,SHORT,2024-07-16T12:40:00,1018.30,1022.29,1012.32,294,3.99,2024-07-16T12:50:00,1020.00,REVERSE,-499.80,-949.25
fast_pair,JINDALSTEL,2024-07-22,SHORT,2024-07-22T10:10:00,946.65,952.70,937.58,316,6.05,2024-07-22T10:10:00,952.70,STOP,-1911.48,-2361.63
fast_pair,JINDALSTEL,2024-07-23,LONG,2024-07-23T13:00:00,944.50,939.05,952.68,317,5.45,2024-07-23T14:10:00,952.68,TARGET,2592.01,2140.95
fast_pair,JINDALSTEL,2024-07-24,SHORT,2024-07-24T11:30:00,949.85,955.13,941.93,315,5.28,2024-07-24T11:30:00,955.13,STOP,-1662.56,-2112.62
fast_pair,JINDALSTEL,2024-07-30,LONG,2024-07-30T10:40:00,971.45,967.87,976.82,308,3.58,2024-07-30T11:30:00,976.82,TARGET,1652.83,1202.78
fast_pair,JINDALSTEL,2024-07-31,SHORT,2024-07-31T12:20:00,981.75,984.80,977.17,305,3.05,2024-07-31T12:20:00,984.80,STOP,-931.09,-1380.93
fast_pair,JINDALSTEL,2024-08-01,SHORT,2024-08-01T11:10:00,989.30,993.60,982.85,303,4.30,2024-08-01T12:10:00,982.85,TARGET,1953.80,1505.62
fast_pair,JINDALSTEL,2024-08-02,LONG,2024-08-02T13:30:00,964.65,961.59,969.24,310,3.06,2024-08-02T13:40:00,963.35,REVERSE,-403.00,-851.26
fast_pair,JINDALSTEL,2024-08-05,LONG,2024-08-05T13:50:00,922.70,917.74,930.14,325,4.96,2024-08-05T15:10:00,917.74,STOP,-1611.10,-2059.71
fast_pair,JINDALSTEL,2024-08-09,SHORT,2024-08-09T10:20:00,920.20,924.15,914.27,326,3.95,2024-08-09T10:30:00,914.27,TARGET,1932.50,1483.97
fast_pair,JINDALSTEL,2024-08-12,LONG,2024-08-12T13:30:00,910.75,907.83,915.13,329,2.92,2024-08-12T13:30:00,915.13,TARGET,1442.33,991.79
fast_pair,JINDALSTEL,2024-08-13,SHORT,2024-08-13T10:40:00,917.05,920.37,912.06,327,3.32,2024-08-13T11:40:00,918.35,REVERSE,-425.10,-875.23
fast_pair,JINDALSTEL,2024-08-19,SHORT,2024-08-19T10:50:00,935.05,938.33,930.12,320,3.28,2024-08-19T12:00:00,936.45,REVERSE,-448.00,-897.16
fast_pair,JINDALSTEL,2024-08-20,SHORT,2024-08-20T10:10:00,943.00,946.72,937.42,318,3.72,2024-08-20T11:30:00,937.42,TARGET,1775.51,1327.03
fast_pair,JINDALSTEL,2024-08-21,SHORT,2024-08-21T11:50:00,947.75,950.30,943.92,316,2.55,2024-08-21T12:00:00,950.30,STOP,-806.23,-1256.07
fast_pair,JINDALSTEL,2024-08-23,SHORT,2024-08-23T12:40:00,962.20,964.86,958.21,311,2.66,2024-08-23T12:40:00,964.86,STOP,-827.22,-1276.71
fast_pair,JINDALSTEL,2024-08-26,LONG,2024-08-26T10:00:00,966.00,962.81,970.78,310,3.19,2024-08-26T11:10:00,962.81,STOP,-988.64,-1437.09
fast_pair,JINDALSTEL,2024-08-27,SHORT,2024-08-27T10:00:00,977.90,981.16,973.00,306,3.26,2024-08-27T10:10:00,973.00,TARGET,1498.18,1050.45
fast_pair,JINDALSTEL,2024-08-28,LONG,2024-08-28T11:50:00,969.80,966.85,974.22,309,2.95,2024-08-28T11:50:00,974.22,TARGET,1366.94,916.41
fast_pair,JINDALSTEL,2024-09-02,SHORT,2024-09-02T12:20:00,968.35,971.71,963.31,309,3.36,2024-09-02T12:50:00,963.31,TARGET,1558.86,1111.20
fast_pair,JINDALSTEL,2024-09-04,LONG,2024-09-04T11:50:00,949.85,946.10,955.48,315,3.75,2024-09-04T11:50:00,946.10,STOP,-1182.43,-1630.35
fast_pair,JINDALSTEL,2024-09-05,SHORT,2024-09-05T10:30:00,945.15,948.53,940.08,317,3.38,2024-09-05T11:10:00,946.35,REVERSE,-380.40,-830.10
fast_pair,JINDALSTEL,2024-09-06,LONG,2024-09-06T11:10:00,950.25,946.79,955.44,315,3.46,2024-09-06T11:40:00,955.44,TARGET,1633.82,1183.60
fast_pair,JINDALSTEL,2024-09-09,LONG,2024-09-09T11:10:00,951.15,946.32,958.39,315,4.83,2024-09-09T12:30:00,949.55,REVERSE,-504.00,-953.04
fast_pair,JINDALSTEL,2024-09-11,LONG,2024-09-11T11:00:00,960.85,957.37,966.06,312,3.48,2024-09-11T11:10:00,966.06,TARGET,1626.71,1175.81
fast_pair,JINDALSTEL,2024-09-16,SHORT,2024-09-16T11:00:00,1027.35,1032.68,1019.35,292,5.33,2024-09-16T11:20:00,1032.68,STOP,-1556.71,-2007.86
fast_pair,JINDALSTEL,2024-09-17,LONG,2024-09-17T10:10:00,1042.95,1038.44,1049.71,287,4.51,2024-09-17T10:10:00,1038.44,STOP,-1293.98,-1742.00
fast_pair,JINDALSTEL,2024-09-19,SHORT,2024-09-19T10:20:00,1019.10,1025.96,1008.81,294,6.86,2024-09-19T11:20:00,1008.81,TARGET,3024.82,2577.67
fast_pair,JINDALSTEL,2024-09-20,SHORT,2024-09-20T12:40:00,1013.20,1018.53,1005.21,296,5.33,2024-09-20T12:50:00,1018.53,STOP,-1577.31,-2028.35
fast_pair,JINDALSTEL,2024-09-26,LONG,2024-09-26T11:50:00,1022.95,1018.83,1029.12,293,4.12,2024-09-26T11:50:00,1029.12,TARGET,1808.82,1357.88
fast_pair,JINDALSTEL,2024-09-27,SHORT,2024-09-27T11:10:00,1032.00,1036.65,1025.03,290,4.65,2024-09-27T12:10:00,1025.03,TARGET,2021.34,1573.94
fast_pair,JINDALSTEL,2024-09-30,SHORT,2024-09-30T13:50:00,1044.25,1049.79,1035.94,287,5.54,2024-09-30T15:20:00,1038.25,EOD,1722.00,1273.74
fast_pair,JINDALSTEL,2024-10-03,SHORT,2024-10-03T11:20:00,1050.00,1056.39,1040.41,285,6.39,2024-10-03T11:30:00,1056.39,STOP,-1822.27,-2272.51
fast_pair,JINDALSTEL,2024-10-08,LONG,2024-10-08T11:40:00,991.50,984.70,1001.70,302,6.80,2024-10-08T11:40:00,988.50,REVERSE,-906.00,-1354.47
fast_pair,JINDALSTEL,2024-10-10,SHORT,2024-10-10T11:40:00,1000.30,1005.67,992.25,299,5.37,2024-10-10T13:30:00,998.00,TIME_STOP,687.70,239.58
fast_pair,JINDALSTEL,2024-10-11,SHORT,2024-10-11T13:20:00,1007.40,1010.83,1002.25,297,3.43,2024-10-11T15:10:00,1006.15,TIME_STOP,371.25,-77.27
fast_pair,JINDALSTEL,2024-10-15,LONG,2024-10-15T11:50:00,985.25,980.83,991.88,304,4.42,2024-10-15T12:40:00,980.83,STOP,-1344.04,-1792.30
fast_pair,JINDALSTEL,2024-10-18,LONG,2024-10-18T11:10:00,950.00,944.21,958.68,315,5.79,2024-10-18T11:40:00,958.68,TARGET,2735.35,2284.42
fast_pair,JINDALSTEL,2024-10-23,LONG,2024-10-23T10:10:00,922.00,914.77,932.85,325,7.23,2024-10-23T12:00:00,920.40,TIME_STOP,-520.00,-969.09
fast_pair,JINDALSTEL,2024-10-24,SHORT,2024-10-24T11:20:00,919.05,923.52,912.35,326,4.47,2024-10-24T11:30:00,921.70,REVERSE,-863.90,-1313.96
fast_pair,JINDALSTEL,2024-10-28,LONG,2024-10-28T11:00:00,919.95,914.33,928.38,326,5.62,2024-10-28T11:50:00,914.33,STOP,-1832.90,-2281.38
fast_pair,JINDALSTEL,2024-10-30,SHORT,2024-10-30T13:30:00,923.65,926.80,918.93,324,3.15,2024-10-30T15:10:00,918.93,TARGET,1528.78,1081.04
fast_pair,JINDALSTEL,2024-10-31,LONG,2024-10-31T10:10:00,926.00,922.10,931.85,323,3.90,2024-10-31T12:00:00,926.40,TIME_STOP,129.20,-319.54
fast_pair,JINDALSTEL,2024-11-04,LONG,2024-11-04T14:10:00,907.80,904.14,913.29,330,3.66,2024-11-04T15:20:00,909.20,EOD,462.00,12.29
fast_pair,JINDALSTEL,2024-11-05,SHORT,2024-11-05T12:20:00,917.75,921.79,911.69,326,4.04,2024-11-05T12:30:00,918.85,REVERSE,-358.60,-807.65
fast_pair,JINDALSTEL,2024-11-07,SHORT,2024-11-07T12:00:00,953.25,958.55,945.30,314,5.30,2024-11-07T12:20:00,945.30,TARGET,2495.85,2048.74
fast_pair,JINDALSTEL,2024-11-08,SHORT,2024-11-08T10:50:00,940.35,945.51,932.62,319,5.16,2024-11-08T11:30:00,932.62,TARGET,2467.34,2019.23
fast_pair,JINDALSTEL,2024-11-11,LONG,2024-11-11T11:50:00,924.20,919.62,931.07,324,4.58,2024-11-11T12:00:00,919.62,STOP,-1483.17,-1931.21
fast_pair,JINDALSTEL,2024-11-12,LONG,2024-11-12T11:50:00,907.35,903.30,913.43,330,4.05,2024-11-12T12:10:00,903.30,STOP,-1337.20,-1785.33
fast_pair,JINDALSTEL,2024-11-13,LONG,2024-11-13T14:10:00,865.00,860.87,871.19,346,4.13,2024-11-13T14:20:00,860.87,STOP,-1428.43,-1876.29
fast_pair,JINDALSTEL,2024-11-19,SHORT,2024-11-19T10:30:00,880.10,884.34,873.74,340,4.24,2024-11-19T12:20:00,879.90,TIME_STOP,68.00,-380.80
fast_pair,JINDALSTEL,2024-11-21,LONG,2024-11-21T11:10:00,868.70,864.21,875.44,345,4.49,2024-11-21T11:20:00,875.44,TARGET,2325.04,1873.75
fast_pair,JINDALSTEL,2024-11-22,LONG,2024-11-22T11:10:00,872.20,868.04,878.44,343,4.16,2024-11-22T13:00:00,878.44,TARGET,2139.55,1689.20
fast_pair,JINDALSTEL,2024-11-25,SHORT,2024-11-25T12:00:00,885.60,889.45,879.83,338,3.85,2024-11-25T13:00:00,879.83,TARGET,1949.52,1501.98
fast_pair,JINDALSTEL,2024-11-27,SHORT,2024-11-27T12:00:00,885.60,889.36,879.96,338,3.76,2024-11-27T13:10:00,889.36,STOP,-1270.75,-1720.71
fast_pair,JINDALSTEL,2024-11-28,SHORT,2024-11-28T13:20:00,896.50,899.42,892.12,334,2.92,2024-11-28T14:00:00,899.42,STOP,-975.59,-1425.47
fast_pair,JINDALSTEL,2024-11-29,LONG,2024-11-29T10:00:00,898.45,894.62,904.19,333,3.83,2024-11-29T10:10:00,894.62,STOP,-1273.89,-1721.71
fast_pair,JINDALSTEL,2024-12-02,LONG,2024-12-02T11:30:00,908.15,904.80,913.17,330,3.35,2024-12-02T12:00:00,913.17,TARGET,1657.89,1207.11
fast_pair,JINDALSTEL,2024-12-03,SHORT,2024-12-03T12:40:00,925.50,929.38,919.68,324,3.88,2024-12-03T14:30:00,925.70,TIME_STOP,-64.80,-514.64
fast_pair,JINDALSTEL,2024-12-05,SHORT,2024-12-05T10:00:00,924.60,927.83,919.75,324,3.23,2024-12-05T10:20:00,927.83,STOP,-1046.68,-1496.82
fast_pair,JINDALSTEL,2024-12-06,SHORT,2024-12-06T12:50:00,940.05,943.19,935.34,319,3.14,2024-12-06T12:50:00,943.19,STOP,-1001.94,-1452.50
fast_pair,JINDALSTEL,2024-12-09,SHORT,2024-12-09T11:50:00,950.05,953.08,945.51,315,3.03,2024-12-09T12:40:00,945.51,TARGET,1430.82,982.99
fast_pair,JINDALSTEL,2024-12-10,SHORT,2024-12-10T12:40:00,996.70,1001.61,989.33,300,4.91,2024-12-10T13:50:00,989.33,TARGET,2210.42,1763.56
fast_pair,JINDALSTEL,2024-12-11,SHORT,2024-12-11T12:50:00,999.40,1002.82,994.28,300,3.42,2024-12-11T14:00:00,1002.82,STOP,-1024.78,-1475.28
fast_pair,JINDALSTEL,2024-12-13,LONG,2024-12-13T12:00:00,985.00,980.44,991.85,304,4.56,2024-12-13T12:00:00,991.85,TARGET,2081.00,1630.28
fast_pair,JINDALSTEL,2024-12-17,SHORT,2024-12-17T11:00:00,975.55,978.65,970.90,307,3.10,2024-12-17T12:10:00,970.90,TARGET,1427.60,979.43
fast_pair,JINDALSTEL,2024-12-19,LONG,2024-12-19T11:50:00,923.40,919.10,929.85,324,4.30,2024-12-19T13:00:00,919.10,STOP,-1392.13,-1839.86
fast_pair,JINDALSTEL,2024-12-23,SHORT,2024-12-23T12:50:00,935.55,940.28,928.45,320,4.73,2024-12-23T13:50:00,940.28,STOP,-1514.59,-1964.79
fast_pair,JINDALSTEL,2024-12-24,LONG,2024-12-24T10:10:00,941.55,937.29,947.94,318,4.26,2024-12-24T11:00:00,937.29,STOP,-1355.67,-1803.78
fast_pair,JINDALSTEL,2024-12-26,LONG,2024-12-26T14:00:00,931.50,928.69,935.72,322,2.81,2024-12-26T14:10:00,935.72,TARGET,1357.32,906.39
fast_pair,JINDALSTEL,2024-12-27,SHORT,2024-12-27T11:00:00,937.10,940.72,931.67,320,3.62,2024-12-27T11:50:00,931.67,TARGET,1737.46,1288.96
fast_pair,JINDALSTEL,2024-12-31,SHORT,2024-12-31T13:30:00,924.40,927.68,919.48,324,3.28,2024-12-31T13:50:00,925.60,REVERSE,-388.80,-838.35
fast_pair,JINDALSTEL,2025-01-01,LONG,2025-01-01T10:50:00,930.55,927.02,935.84,322,3.53,2025-01-01T12:40:00,934.00,TIME_STOP,1110.90,660.61
fast_pair,JINDALSTEL,2025-01-02,LONG,2025-01-02T10:30:00,938.45,935.67,942.63,319,2.78,2025-01-02T11:00:00,942.63,TARGET,1332.41,882.36
fast_pair,JINDALSTEL,2025-01-03,SHORT,2025-01-03T10:40:00,940.85,944.10,935.97,318,3.25,2025-01-03T10:40:00,944.10,STOP,-1034.49,-1484.05
fast_pair,JINDALSTEL,2025-01-06,LONG,2025-01-06T12:50:00,942.15,937.66,948.89,318,4.49,2025-01-06T13:20:00,937.66,STOP,-1428.16,-1876.50
fast_pair,JINDALSTEL,2025-01-07,SHORT,2025-01-07T12:30:00,944.80,949.19,938.22,317,4.39,2025-01-07T13:40:00,949.19,STOP,-1390.97,-1841.26
fast_pair,JINDALSTEL,2025-01-08,LONG,2025-01-08T10:20:00,944.55,940.64,950.42,317,3.91,2025-01-08T10:30:00,940.64,STOP,-1240.57,-1688.78
fast_pair,JINDALSTEL,2025-01-09,LONG,2025-01-09T11:50:00,931.00,926.51,937.73,322,4.49,2025-01-09T13:40:00,930.80,TIME_STOP,-64.40,-514.02
fast_pair,JINDALSTEL,2025-01-10,LONG,2025-01-10T12:30:00,921.15,916.79,927.69,325,4.36,2025-01-10T13:20:00,927.69,TARGET,2125.25,1674.60
fast_pair,JINDALSTEL,2025-01-14,LONG,2025-01-14T11:20:00,919.95,914.40,928.28,326,5.55,2025-01-14T12:10:00,914.40,STOP,-1810.07,-2258.57
fast_pair,JINDALSTEL,2025-01-15,LONG,2025-01-15T11:00:00,913.50,909.64,919.29,328,3.86,2025-01-15T12:50:00,916.40,TIME_STOP,951.20,501.04
fast_pair,JINDALSTEL,2025-01-16,SHORT,2025-01-16T12:50:00,921.15,924.42,916.24,325,3.27,2025-01-16T14:00:00,923.10,REVERSE,-633.75,-1083.29
fast_pair,JINDALSTEL,2025-01-17,LONG,2025-01-17T10:00:00,921.20,917.87,926.19,325,3.33,2025-01-17T10:00:00,926.19,TARGET,1621.79,1171.49
fast_pair,JINDALSTEL,2025-01-20,LONG,2025-01-20T10:50:00,924.35,920.52,930.10,324,3.83,2025-01-20T11:30:00,930.10,TARGET,1862.57,1411.94
fast_pair,JINDALSTEL,2025-01-23,SHORT,2025-01-23T11:10:00,892.65,896.95,886.19,336,4.30,2025-01-23T11:10:00,896.95,STOP,-1446.25,-1897.23
fast_pair,JINDALSTEL,2025-01-24,SHORT,2025-01-24T10:00:00,892.40,896.58,886.13,336,4.18,2025-01-24T10:20:00,886.13,TARGET,2108.32,1660.13
fast_pair,JINDALSTEL,2025-01-27,LONG,2025-01-27T13:00:00,856.75,852.03,863.83,350,4.72,2025-01-27T14:40:00,852.03,STOP,-1653.02,-2101.57
fast_pair,JINDALSTEL,2025-01-28,LONG,2025-01-28T11:50:00,840.15,834.88,848.05,357,5.27,2025-01-28T12:00:00,848.05,TARGET,2819.66,2367.64
fast_pair,JINDALSTEL,2025-01-30,SHORT,2025-01-30T12:20:00,853.30,857.34,847.24,351,4.04,2025-01-30T14:10:00,850.85,TIME_STOP,859.95,411.33
fast_pair,JINDALSTEL,2025-01-31,LONG,2025-01-31T12:40:00,783.00,775.00,795.00,312,8.00,2025-01-31T14:30:00,789.85,TIME_STOP,2137.20,1769.15
fast_pair,JINDALSTEL,2025-02-01,SHORT,2025-02-01T12:00:00,791.20,797.36,781.96,379,6.16,2025-02-01T12:20:00,781.96,TARGET,3501.09,3053.92
fast_pair,JINDALSTEL,2025-02-03,LONG,2025-02-03T10:10:00,787.00,777.31,801.54,257,9.69,2025-02-03T12:00:00,793.05,TIME_STOP,1554.85,1250.30
fast_pair,JINDALSTEL,2025-02-04,SHORT,2025-02-04T11:00:00,801.75,807.62,792.95,374,5.87,2025-02-04T11:30:00,807.62,STOP,-2194.67,-2646.10
fast_pair,JINDALSTEL,2025-02-05,SHORT,2025-02-05T12:20:00,814.40,818.09,808.86,368,3.69,2025-02-05T12:30:00,816.95,REVERSE,-938.40,-1388.65
fast_pair,JINDALSTEL,2025-02-10,LONG,2025-02-10T11:30:00,831.75,827.68,837.85,360,4.07,2025-02-10T12:40:00,837.85,TARGET,2196.99,1746.20
fast_pair,JINDALSTEL,2025-02-11,SHORT,2025-02-11T10:10:00,834.50,838.90,827.89,359,4.40,2025-02-11T10:10:00,838.90,STOP,-1580.97,-2031.53
fast_pair,JINDALSTEL,2025-02-12,LONG,2025-02-12T12:10:00,819.90,813.68,829.23,365,6.22,2025-02-12T13:40:00,829.23,TARGET,3406.89,2955.44
fast_pair,JINDALSTEL,2025-02-13,SHORT,2025-02-13T13:40:00,847.80,851.37,842.45,353,3.57,2025-02-13T13:40:00,849.45,REVERSE,-582.45,-1031.80
fast_pair,JINDALSTEL,2025-02-17,LONG,2025-02-17T11:50:00,835.00,829.86,842.71,359,5.14,2025-02-17T12:50:00,832.95,REVERSE,-735.95,-1185.05
fast_pair,JINDALSTEL,2025-02-18,LONG,2025-02-18T10:10:00,839.20,834.56,846.16,357,4.64,2025-02-18T10:20:00,834.56,STOP,-1656.25,-2104.40
fast_pair,JINDALSTEL,2025-02-21,LONG,2025-02-21T12:40:00,874.00,869.99,880.01,343,4.01,2025-02-21T12:40:00,880.01,TARGET,2061.83,1610.61
fast_pair,JINDALSTEL,2025-02-24,SHORT,2025-02-24T10:10:00,875.50,880.52,867.96,342,5.02,2025-02-24T12:00:00,871.65,TIME_STOP,1316.70,868.56
fast_pair,JINDALSTEL,2025-02-25,SHORT,2025-02-25T11:40:00,862.50,866.95,855.83,347,4.45,2025-02-25T13:30:00,859.35,TIME_STOP,1093.05,644.94
fast_pair,JINDALSTEL,2025-02-27,SHORT,2025-02-27T10:30:00,856.40,860.77,849.84,350,4.37,2025-02-27T12:00:00,849.84,TARGET,2294.70,1846.81
fast_pair,JINDALSTEL,2025-02-28,LONG,2025-02-28T10:00:00,863.20,857.41,871.88,347,5.79,2025-02-28T10:00:00,857.41,STOP,-2008.12,-2455.91
fast_pair,JINDALSTEL,2025-03-03,SHORT,2025-03-03T10:20:00,851.75,858.11,842.21,352,6.36,2025-03-03T10:30:00,858.11,STOP,-2238.25,-2689.66
fast_pair,JINDALSTEL,2025-03-04,LONG,2025-03-04T10:00:00,861.95,857.14,869.17,348,4.81,2025-03-04T11:50:00,862.95,TIME_STOP,348.00,-102.20
fast_pair,JINDALSTEL,2025-03-05,SHORT,2025-03-05T12:50:00,879.75,883.37,874.32,341,3.62,2025-03-05T13:20:00,883.37,STOP,-1233.86,-1684.78
fast_pair,JINDALSTEL,2025-03-07,SHORT,2025-03-07T12:20:00,913.75,917.31,908.40,328,3.56,2025-03-07T12:30:00,917.31,STOP,-1169.13,-1619.57
fast_pair,JINDALSTEL,2025-03-11,LONG,2025-03-11T11:30:00,905.75,901.45,912.19,331,4.30,2025-03-11T12:00:00,902.95,REVERSE,-926.80,-1375.81
fast_pair,JINDALSTEL,2025-03-12,SHORT,2025-03-12T10:10:00,902.00,905.68,896.47,332,3.68,2025-03-12T10:50:00,896.47,TARGET,1834.70,1386.88
fast_pair,JINDALSTEL,2025-03-13,SHORT,2025-03-13T11:10:00,900.85,904.47,895.42,333,3.62,2025-03-13T11:40:00,895.42,TARGET,1809.84,1361.23
fast_pair,JINDALSTEL,2025-03-17,SHORT,2025-03-17T12:00:00,895.10,898.47,890.05,335,3.37,2025-03-17T13:40:00,898.47,STOP,-1128.21,-1578.85
fast_pair,JINDALSTEL,2025-03-19,SHORT,2025-03-19T12:20:00,923.80,927.97,917.55,324,4.17,2025-03-19T14:00:00,927.97,STOP,-1349.58,-1799.56
fast_pair,JINDALSTEL,2025-03-20,LONG,2025-03-20T12:20:00,923.25,919.96,928.19,324,3.29,2025-03-20T12:40:00,928.19,TARGET,1599.50,1149.60
fast_pair,JINDALSTEL,2025-03-25,LONG,2025-03-25T14:00:00,914.75,911.85,919.09,327,2.90,2025-03-25T14:50:00,911.85,STOP,-946.91,-1394.88
fast_pair,JINDALSTEL,2025-03-27,LONG,2025-03-27T13:10:00,902.70,900.04,906.69,332,2.66,2025-03-27T14:40:00,906.69,TARGET,1323.72,873.18
fast_pair,JINDALSTEL,2025-03-28,SHORT,2025-03-28T13:00:00,914.80,917.52,910.72,327,2.72,2025-03-28T13:00:00,910.72,TARGET,1335.07,887.36
fast_pair,JINDALSTEL,2025-04-01,LONG,2025-04-01T14:00:00,903.25,899.62,908.69,332,3.63,2025-04-01T14:30:00,899.62,STOP,-1203.77,-1652.68
fast_pair,JINDALSTEL,2025-04-02,SHORT,2025-04-02T12:10:00,901.85,904.98,897.15,332,3.13,2025-04-02T13:30:00,904.98,STOP,-1040.04,-1489.94
fast_pair,JINDALSTEL,2025-04-07,LONG,2025-04-07T14:00:00,798.15,792.27,806.98,375,5.88,2025-04-07T14:30:00,792.27,STOP,-2206.70,-2654.01
fast_pair,JINDALSTEL,2025-04-08,SHORT,2025-04-08T10:20:00,789.25,796.53,778.33,343,7.28,2025-04-08T10:50:00,778.33,TARGET,3746.31,3343.05
fast_pair,JINDALSTEL,2025-04-09,LONG,2025-04-09T12:00:00,785.20,779.96,793.06,382,5.24,2025-04-09T12:20:00,779.96,STOP,-2002.63,-2451.05
fast_pair,JINDALSTEL,2025-04-16,SHORT,2025-04-16T11:10:00,841.40,845.07,835.90,356,3.67,2025-04-16T11:10:00,845.07,STOP,-1304.79,-1755.07
fast_pair,JINDALSTEL,2025-04-22,SHORT,2025-04-22T12:00:00,912.40,916.55,906.17,328,4.15,2025-04-22T13:10:00,916.55,STOP,-1361.76,-1811.68
fast_pair,JINDALSTEL,2025-04-23,LONG,2025-04-23T12:10:00,907.25,903.38,913.06,330,3.87,2025-04-23T13:00:00,913.06,TARGET,1916.09,1465.56
fast_pair,JINDALSTEL,2025-04-24,SHORT,2025-04-24T10:50:00,915.60,919.73,909.40,327,4.13,2025-04-24T11:30:00,909.40,TARGET,2026.90,1579.32
fast_pair,JINDALSTEL,2025-04-25,LONG,2025-04-25T12:50:00,889.95,885.26,896.98,337,4.69,2025-04-25T14:00:00,896.98,TARGET,2370.43,1918.78
fast_pair,JINDALSTEL,2025-04-28,SHORT,2025-04-28T13:30:00,906.30,909.18,901.97,331,2.88,2025-04-28T13:40:00,907.90,REVERSE,-529.60,-979.98
fast_pair,JINDALSTEL,2025-04-29,SHORT,2025-04-29T10:20:00,906.95,910.66,901.39,330,3.71,2025-04-29T11:30:00,901.39,TARGET,1836.40,1388.84
fast_pair,JINDALSTEL,2025-04-30,SHORT,2025-04-30T10:40:00,896.05,899.86,890.34,334,3.81,2025-04-30T10:50:00,899.85,REVERSE,-1269.20,-1719.07
fast_pair,JINDALSTEL,2025-05-02,LONG,2025-05-02T10:40:00,896.35,888.66,907.89,324,7.69,2025-05-02T10:50:00,888.66,STOP,-2493.02,-2926.77
fast_pair,JINDALSTEL,2025-05-07,LONG,2025-05-07T11:20:00,874.15,869.40,881.28,343,4.75,2025-05-07T12:30:00,881.28,TARGET,2444.00,1992.42
fast_pair,JINDALSTEL,2025-05-09,LONG,2025-05-09T11:40:00,848.45,843.65,855.66,353,4.80,2025-05-09T13:30:00,847.25,REVERSE,-423.60,-872.54
fast_pair,JINDALSTEL,2025-05-14,SHORT,2025-05-14T12:20:00,921.85,925.58,916.26,325,3.73,2025-05-14T12:20:00,925.58,STOP,-1211.45,-1661.76
fast_pair,JINDALSTEL,2025-05-16,LONG,2025-05-16T10:00:00,970.45,967.24,975.27,309,3.21,2025-05-16T10:40:00,975.27,TARGET,1488.55,1037.63
fast_pair,JINDALSTEL,2025-05-19,LONG,2025-05-19T13:00:00,971.10,967.18,976.99,308,3.92,2025-05-19T13:40:00,976.99,TARGET,1813.15,1363.15
fast_pair,JINDALSTEL,2025-05-20,SHORT,2025-05-20T10:00:00,967.40,972.87,959.19,310,5.47,2025-05-20T10:20:00,972.87,STOP,-1697.20,-2148.32
fast_pair,JINDALSTEL,2025-05-22,SHORT,2025-05-22T11:40:00,966.30,969.73,961.15,310,3.43,2025-05-22T13:00:00,961.15,TARGET,1595.57,1147.43
fast_pair,JINDALSTEL,2025-05-23,LONG,2025-05-23T13:10:00,958.60,955.71,962.93,312,2.89,2025-05-23T13:40:00,955.71,STOP,-900.16,-1348.11
fast_pair,JINDALSTEL,2025-05-26,SHORT,2025-05-26T12:30:00,960.00,963.01,955.49,312,3.01,2025-05-26T13:10:00,963.01,STOP,-937.83,-1387.81
fast_pair,JINDALSTEL,2025-05-27,LONG,2025-05-27T11:00:00,955.90,952.82,960.51,313,3.08,2025-05-27T11:00:00,952.82,STOP,-962.77,-1410.84
fast_pair,JINDALSTEL,2025-05-30,SHORT,2025-05-30T11:20:00,956.25,960.15,950.40,313,3.90,2025-05-30T11:50:00,959.75,REVERSE,-1095.50,-1545.28
fast_pair,JINDALSTEL,2025-06-02,LONG,2025-06-02T12:10:00,942.70,938.34,949.24,318,4.36,2025-06-02T14:00:00,943.75,TIME_STOP,333.90,-116.02
fast_pair,JINDALSTEL,2025-06-03,LONG,2025-06-03T10:10:00,943.95,940.03,949.83,317,3.92,2025-06-03T11:10:00,949.83,TARGET,1864.04,1413.80
fast_pair,JINDALSTEL,2025-06-04,LONG,2025-06-04T10:30:00,948.30,944.39,954.17,316,3.91,2025-06-04T11:40:00,944.39,STOP,-1236.67,-1685.23
fast_pair,JINDALSTEL,2025-06-05,SHORT,2025-06-05T11:00:00,950.20,953.32,945.53,315,3.12,2025-06-05T11:10:00,953.32,STOP,-981.73,-1431.44
fast_pair,JINDALSTEL,2025-06-09,SHORT,2025-06-09T13:00:00,972.55,975.47,968.18,308,2.92,2025-06-09T13:10:00,974.25,REVERSE,-523.60,-973.31
fast_pair,JINDALSTEL,2025-06-10,SHORT,2025-06-10T11:40:00,977.80,980.68,973.48,306,2.88,2025-06-10T12:00:00,980.10,REVERSE,-703.80,-1153.14
fast_pair,JINDALSTEL,2025-06-11,LONG,2025-06-11T12:00:00,973.20,970.70,976.96,308,2.50,2025-06-11T13:30:00,970.70,STOP,-771.51,-1220.55
fast_pair,JINDALSTEL,2025-06-12,LONG,2025-06-12T10:50:00,956.50,952.30,962.81,313,4.20,2025-06-12T11:00:00,952.30,STOP,-1316.15,-1764.24
fast_pair,JINDALSTEL,2025-06-16,LONG,2025-06-16T11:00:00,919.75,916.47,924.66,326,3.28,2025-06-16T11:30:00,924.66,TARGET,1601.90,1150.94
fast_pair,JINDALSTEL,2025-06-18,SHORT,2025-06-18T10:50:00,896.20,899.46,891.31,334,3.26,2025-06-18T11:00:00,899.46,STOP,-1088.39,-1538.20
fast_pair,JINDALSTEL,2025-06-19,SHORT,2025-06-19T10:30:00,891.90,894.78,887.58,336,2.88,2025-06-19T11:40:00,893.50,REVERSE,-537.60,-987.52
fast_pair,JINDALSTEL,2025-06-20,LONG,2025-06-20T10:30:00,890.55,886.76,896.24,336,3.79,2025-06-20T10:50:00,896.24,TARGET,1911.54,1461.27
fast_pair,JINDALSTEL,2025-06-23,SHORT,2025-06-23T10:20:00,895.70,899.31,890.29,334,3.61,2025-06-23T10:40:00,898.35,REVERSE,-885.10,-1334.51
fast_pair,JINDALSTEL,2025-06-24,SHORT,2025-06-24T13:50:00,929.80,932.80,925.29,322,3.00,2025-06-24T14:10:00,925.29,TARGET,1451.34,1003.34
fast_pair,JINDALSTEL,2025-06-25,SHORT,2025-06-25T12:10:00,928.35,931.16,924.14,323,2.81,2025-06-25T12:50:00,930.40,REVERSE,-662.15,-1112.43
fast_pair,JINDALSTEL,2025-06-26,SHORT,2025-06-26T11:00:00,926.65,929.97,921.68,323,3.32,2025-06-26T12:30:00,927.75,REVERSE,-355.30,-804.53
fast_pair,JINDALSTEL,2025-06-27,SHORT,2025-06-27T11:30:00,955.35,959.37,949.32,314,4.02,2025-06-27T12:50:00,949.32,TARGET,1893.12,1444.57
fast_pair,JINDALSTEL,2025-07-01,LONG,2025-07-01T12:00:00,940.00,936.97,944.55,319,3.03,2025-07-01T12:10:00,944.55,TARGET,1451.11,1000.23
fast_pair,JINDALSTEL,2025-07-03,SHORT,2025-07-03T11:50:00,973.20,976.73,967.90,308,3.53,2025-07-03T13:10:00,967.90,TARGET,1631.16,1182.77
fast_pair,JINDALSTEL,2025-07-04,LONG,2025-07-04T10:50:00,962.00,958.84,966.74,311,3.16,2025-07-04T11:20:00,958.84,STOP,-982.32,-1430.35
fast_pair,JINDALSTEL,2025-07-07,SHORT,2025-07-07T10:00:00,948.90,952.51,943.49,316,3.61,2025-07-07T10:30:00,951.15,REVERSE,-711.00,-1161.31
fast_pair,JINDALSTEL,2025-07-09,LONG,2025-07-09T11:40:00,947.10,943.61,952.34,316,3.49,2025-07-09T11:40:00,945.20,REVERSE,-600.40,-1048.88
fast_pair,JINDALSTEL,2025-07-10,SHORT,2025-07-10T10:50:00,943.20,946.28,938.59,318,3.08,2025-07-10T11:20:00,946.28,STOP,-978.29,-1428.93
fast_pair,JINDALSTEL,2025-07-11,LONG,2025-07-11T14:10:00,937.55,934.46,942.19,319,3.09,2025-07-11T15:20:00,937.40,EOD,-47.85,-496.43
fast_pair,JINDALSTEL,2025-07-14,SHORT,2025-07-14T11:30:00,936.00,939.77,930.34,320,3.77,2025-07-14T12:50:00,930.34,TARGET,1810.12,1362.20
fast_pair,JINDALSTEL,2025-07-15,SHORT,2025-07-15T13:40:00,939.80,941.91,936.63,319,2.11,2025-07-15T14:10:00,941.91,STOP,-674.01,-1124.21
fast_pair,JINDALSTEL,2025-07-17,LONG,2025-07-17T11:50:00,939.45,936.50,943.88,319,2.95,2025-07-17T12:00:00,936.50,STOP,-941.23,-1390.05
fast_pair,JINDALSTEL,2025-07-21,SHORT,2025-07-21T12:00:00,962.70,966.21,957.44,311,3.51,2025-07-21T13:50:00,959.40,TIME_STOP,1026.30,577.97
fast_pair,JINDALSTEL,2025-07-22,SHORT,2025-07-22T11:10:00,961.00,963.40,957.40,312,2.40,2025-07-22T11:20:00,963.40,STOP,-749.66,-1199.97
fast_pair,JINDALSTEL,2025-07-23,LONG,2025-07-23T10:00:00,967.25,964.70,971.07,310,2.55,2025-07-23T10:10:00,965.50,REVERSE,-542.50,-991.86
fast_pair,JINDALSTEL,2025-07-25,SHORT,2025-07-25T12:40:00,991.75,994.86,987.08,302,3.11,2025-07-25T12:40:00,994.86,STOP,-939.50,-1389.47
fast_pair,JINDALSTEL,2025-07-29,SHORT,2025-07-29T11:30:00,981.30,984.70,976.20,305,3.40,2025-07-29T11:30:00,982.60,REVERSE,-396.50,-845.74
fast_pair,JINDALSTEL,2025-07-30,SHORT,2025-07-30T10:20:00,983.00,986.71,977.44,305,3.71,2025-07-30T10:50:00,986.71,STOP,-1130.91,-1581.48
fast_pair,JINDALSTEL,2025-07-31,LONG,2025-07-31T11:50:00,976.00,972.90,980.65,307,3.10,2025-07-31T11:50:00,972.90,STOP,-951.56,-1400.29
fast_pair,JINDALSTEL,2025-08-05,LONG,2025-08-05T10:40:00,983.35,980.49,987.64,305,2.86,2025-08-05T10:50:00,987.64,TARGET,1309.92,859.06
fast_pair,JINDALSTEL,2025-08-06,SHORT,2025-08-06T10:50:00,992.90,996.38,987.67,302,3.48,2025-08-06T11:00:00,987.67,TARGET,1578.16,1129.56
fast_pair,JINDALSTEL,2025-08-07,SHORT,2025-08-07T10:40:00,989.00,993.60,982.10,303,4.60,2025-08-07T12:30:00,984.40,TIME_STOP,1393.80,945.34
fast_pair,JINDALSTEL,2025-08-08,SHORT,2025-08-08T10:00:00,990.10,994.57,983.40,302,4.47,2025-08-08T10:20:00,983.40,TARGET,2022.72,1575.72
fast_pair,JINDALSTEL,2025-08-11,SHORT,2025-08-11T11:50:00,981.75,985.07,976.77,305,3.32,2025-08-11T12:00:00,985.07,STOP,-1012.81,-1462.72
fast_pair,JINDALSTEL,2025-08-12,LONG,2025-08-12T11:10:00,993.80,989.59,1000.12,301,4.21,2025-08-12T11:20:00,1000.12,TARGET,1901.91,1451.78
fast_pair,JINDALSTEL,2025-08-13,SHORT,2025-08-13T12:10:00,1004.40,1009.28,997.08,298,4.88,2025-08-13T14:00:00,1004.80,TIME_STOP,-119.20,-568.26
fast_pair,JINDALSTEL,2025-08-14,LONG,2025-08-14T14:00:00,974.85,971.55,979.80,307,3.30,2025-08-14T14:30:00,971.55,STOP,-1012.84,-1461.00
fast_pair,JINDALSTEL,2025-08-18,SHORT,2025-08-18T12:10:00,985.70,989.11,980.58,304,3.41,2025-08-18T12:20:00,980.58,TARGET,1556.92,1108.61
fast_pair,JINDALSTEL,2025-08-19,SHORT,2025-08-19T13:00:00,1002.30,1005.30,997.79,299,3.00,2025-08-19T13:00:00,1003.50,REVERSE,-358.80,-808.60
fast_pair,JINDALSTEL,2025-08-20,LONG,2025-08-20T10:10:00,1005.40,1002.60,1009.60,298,2.80,2025-08-20T10:20:00,1009.60,TARGET,1252.19,801.84
fast_pair,JINDALSTEL,2025-08-21,LONG,2025-08-21T11:10:00,1015.85,1013.26,1019.73,295,2.59,2025-08-21T11:40:00,1013.26,STOP,-763.23,-1212.17
fast_pair,JINDALSTEL,2025-08-22,LONG,2025-08-22T12:00:00,1001.35,998.32,1005.90,299,3.03,2025-08-22T12:10:00,999.65,REVERSE,-508.30,-957.02
fast_pair,JINDALSTEL,2025-08-26,LONG,2025-08-26T10:30:00,996.90,993.70,1001.70,300,3.20,2025-08-26T10:40:00,993.70,STOP,-960.48,-1408.37
fast_pair,JINDALSTEL,2025-08-28,LONG,2025-08-28T11:50:00,973.70,970.87,977.95,308,2.83,2025-08-28T12:00:00,970.87,STOP,-872.67,-1321.87
fast_pair,JINDALSTEL,2025-09-01,LONG,2025-09-01T10:00:00,951.85,948.30,957.17,315,3.55,2025-09-01T10:20:00,948.30,STOP,-1116.81,-1565.72
fast_pair,JINDALSTEL,2025-09-04,SHORT,2025-09-04T12:00:00,1028.50,1032.17,1022.99,291,3.67,2025-09-04T12:50:00,1032.17,STOP,-1068.13,-1517.87
fast_pair,JINDALSTEL,2025-09-05,SHORT,2025-09-05T11:30:00,1029.30,1032.25,1024.87,291,2.95,2025-09-05T11:30:00,1032.25,STOP,-858.88,-1308.81
fast_pair,JINDALSTEL,2025-09-08,SHORT,2025-09-08T12:20:00,1045.00,1048.82,1039.27,287,3.82,2025-09-08T14:10:00,1043.90,TIME_STOP,315.70,-133.94
fast_pair,JINDALSTEL,2025-09-09,LONG,2025-09-09T11:20:00,1038.85,1035.37,1044.07,288,3.48,2025-09-09T12:00:00,1035.37,STOP,-1001.68,-1449.71
fast_pair,JINDALSTEL,2025-09-11,SHORT,2025-09-11T11:50:00,1033.65,1036.70,1029.08,290,3.05,2025-09-11T12:10:00,1036.70,STOP,-883.31,-1333.61
fast_pair,JINDALSTEL,2025-09-12,LONG,2025-09-12T13:40:00,1034.15,1031.93,1037.48,290,2.22,2025-09-12T15:20:00,1036.15,EOD,580.00,129.71
fast_pair,JINDALSTEL,2025-09-16,SHORT,2025-09-16T10:20:00,1043.80,1046.77,1039.35,287,2.97,2025-09-16T10:40:00,1039.35,TARGET,1277.00,828.60
fast_pair,JINDALSTEL,2025-09-19,SHORT,2025-09-19T11:30:00,1038.25,1041.51,1033.36,288,3.26,2025-09-19T12:10:00,1041.51,STOP,-939.07,-1388.30
fast_pair,JINDALSTEL,2025-09-22,SHORT,2025-09-22T10:20:00,1043.30,1046.27,1038.85,287,2.97,2025-09-22T10:20:00,1038.85,TARGET,1277.81,829.63
fast_pair,JINDALSTEL,2025-09-23,LONG,2025-09-23T11:10:00,1036.15,1032.97,1040.92,289,3.18,2025-09-23T11:20:00,1032.97,STOP,-918.89,-1367.37
fast_pair,JINDALSTEL,2025-09-24,SHORT,2025-09-24T10:00:00,1058.50,1062.84,1051.99,283,4.34,2025-09-24T10:20:00,1062.84,STOP,-1227.78,-1678.04
fast_pair,JINDALSTEL,2025-09-25,LONG,2025-09-25T10:30:00,1055.85,1051.92,1061.74,284,3.93,2025-09-25T10:50:00,1051.92,STOP,-1115.43,-1564.38
fast_pair,JINDALSTEL,2025-09-29,LONG,2025-09-29T13:50:00,1043.00,1039.93,1047.61,287,3.07,2025-09-29T15:00:00,1042.40,REVERSE,-172.20,-621.08
fast_pair,JINDALSTEL,2025-10-01,SHORT,2025-10-01T10:00:00,1063.60,1067.42,1057.86,282,3.82,2025-10-01T10:30:00,1057.86,TARGET,1617.54,1168.85
fast_pair,JINDALSTEL,2025-10-03,LONG,2025-10-03T11:00:00,1064.60,1059.50,1072.25,281,5.10,2025-10-03T11:40:00,1072.25,TARGET,2149.26,1698.92
fast_pair,JINDALSTEL,2025-10-06,LONG,2025-10-06T13:40:00,1051.80,1048.08,1057.38,285,3.72,2025-10-06T15:00:00,1057.38,TARGET,1589.80,1138.96
fast_pair,JINDALSTEL,2025-10-08,LONG,2025-10-08T12:40:00,1025.50,1021.47,1031.54,292,4.03,2025-10-08T14:10:00,1022.00,REVERSE,-1022.00,-1470.40
fast_pair,JINDALSTEL,2025-10-14,SHORT,2025-10-14T10:30:00,1005.40,1008.51,1000.74,298,3.11,2025-10-14T11:10:00,1000.74,TARGET,1390.11,941.74
fast_pair,JINDALSTEL,2025-10-15,SHORT,2025-10-15T10:40:00,995.00,998.17,990.25,301,3.17,2025-10-15T10:50:00,997.20,REVERSE,-662.20,-1111.94
fast_pair,JINDALSTEL,2025-10-16,LONG,2025-10-16T10:10:00,1005.60,1002.20,1010.70,298,3.40,2025-10-16T10:30:00,1010.70,TARGET,1518.40,1067.76
fast_pair,JINDALSTEL,2025-10-17,SHORT,2025-10-17T10:00:00,1019.90,1023.03,1015.21,294,3.13,2025-10-17T10:00:00,1023.03,STOP,-919.13,-1369.60
fast_pair,JINDALSTEL,2025-10-23,SHORT,2025-10-23T13:10:00,1014.50,1017.42,1010.12,295,2.92,2025-10-23T13:20:00,1017.42,STOP,-861.99,-1311.55
fast_pair,JINDALSTEL,2025-10-24,SHORT,2025-10-24T11:20:00,1015.50,1019.37,1009.70,295,3.87,2025-10-24T13:00:00,1009.70,TARGET,1710.97,1262.89
fast_pair,JINDALSTEL,2025-10-29,SHORT,2025-10-29T13:10:00,1079.70,1084.37,1072.70,277,4.67,2025-10-29T14:00:00,1072.70,TARGET,1938.66,1491.50
fast_pair,JINDALSTEL,2025-10-30,LONG,2025-10-30T12:30:00,1071.70,1067.44,1078.10,279,4.26,2025-10-30T12:50:00,1067.44,STOP,-1189.75,-1637.36
fast_pair,JINDALSTEL,2025-10-31,SHORT,2025-10-31T10:30:00,1066.60,1070.70,1060.45,281,4.10,2025-10-31T11:30:00,1060.45,TARGET,1728.56,1280.28
fast_pair,JINDALSTEL,2025-11-04,LONG,2025-11-04T12:10:00,1074.70,1071.44,1079.59,279,3.26,2025-11-04T12:20:00,1073.00,REVERSE,-474.30,-923.71
fast_pair,JINDALSTEL,2025-11-07,LONG,2025-11-07T10:50:00,1051.00,1044.56,1060.66,285,6.44,2025-11-07T12:40:00,1053.50,TIME_STOP,712.50,262.66
fast_pair,JINDALSTEL,2025-11-10,SHORT,2025-11-10T12:00:00,1071.90,1076.36,1065.22,279,4.46,2025-11-10T12:10:00,1075.30,REVERSE,-948.60,-1397.90
fast_pair,JINDALSTEL,2025-11-11,LONG,2025-11-11T12:00:00,1068.10,1064.60,1073.35,280,3.50,2025-11-11T12:20:00,1073.35,TARGET,1469.85,1020.14
fast_pair,JINDALSTEL,2025-11-12,SHORT,2025-11-12T10:00:00,1077.50,1081.72,1071.17,278,4.22,2025-11-12T10:10:00,1081.72,STOP,-1173.21,-1623.41
fast_pair,JINDALSTEL,2025-11-14,SHORT,2025-11-14T12:50:00,1080.90,1084.48,1075.53,277,3.58,2025-11-14T13:10:00,1084.48,STOP,-992.50,-1442.36
fast_pair,JINDALSTEL,2025-11-17,LONG,2025-11-17T11:10:00,1080.50,1076.49,1086.51,277,4.01,2025-11-17T11:20:00,1076.49,STOP,-1110.53,-1558.64
fast_pair,JINDALSTEL,2025-11-18,LONG,2025-11-18T11:50:00,1069.70,1065.40,1076.14,280,4.30,2025-11-18T12:10:00,1065.40,STOP,-1202.78,-1651.15
fast_pair,JINDALSTEL,2025-11-19,LONG,2025-11-19T12:10:00,1066.80,1063.96,1071.07,281,2.84,2025-11-19T12:20:00,1071.07,TARGET,1198.51,747.96
fast_pair,JINDALSTEL,2025-11-20,LONG,2025-11-20T10:10:00,1073.00,1069.00,1079.00,279,4.00,2025-11-20T11:20:00,1069.00,STOP,-1115.51,-1563.72
fast_pair,JINDALSTEL,2025-11-25,LONG,2025-11-25T14:00:00,1022.50,1019.30,1027.31,293,3.20,2025-11-25T15:20:00,1023.20,EOD,205.10,-244.44
fast_pair,JINDALSTEL,2025-11-26,SHORT,2025-11-26T12:30:00,1037.10,1040.55,1031.93,289,3.45,2025-11-26T14:10:00,1040.55,STOP,-996.27,-1446.60
fast_pair,JINDALSTEL,2025-11-27,SHORT,2025-11-27T10:30:00,1039.80,1043.01,1034.99,288,3.21,2025-11-27T10:40:00,1043.01,STOP,-923.45,-1373.33
fast_pair,JINDALSTEL,2025-11-28,SHORT,2025-11-28T13:50:00,1047.10,1050.13,1042.55,286,3.03,2025-11-28T15:20:00,1045.30,EOD,514.80,65.98
fast_pair,JINDALSTEL,2025-12-01,SHORT,2025-12-01T10:40:00,1046.10,1049.31,1041.29,286,3.21,2025-12-01T10:50:00,1041.29,TARGET,1375.50,927.75
fast_pair,JINDALSTEL,2025-12-02,SHORT,2025-12-02T10:30:00,1045.80,1048.87,1041.20,286,3.07,2025-12-02T11:50:00,1041.20,TARGET,1315.00,867.34
fast_pair,JINDALSTEL,2025-12-03,LONG,2025-12-03T12:40:00,1022.10,1018.75,1027.12,293,3.35,2025-12-03T13:40:00,1019.20,REVERSE,-849.70,-1298.28
fast_pair,JINDALSTEL,2025-12-04,SHORT,2025-12-04T10:10:00,1016.50,1020.51,1010.48,295,4.01,2025-12-04T10:30:00,1020.51,STOP,-1183.59,-1634.27
fast_pair,JINDALSTEL,2025-12-05,LONG,2025-12-05T11:30:00,1000.70,996.45,1007.07,299,4.25,2025-12-05T13:10:00,1007.07,TARGET,1906.06,1455.82
fast_pair,JINDALSTEL,2025-12-08,LONG,2025-12-08T11:00:00,1008.50,1004.73,1014.16,297,3.77,2025-12-08T11:40:00,1004.73,STOP,-1119.92,-1568.37
fast_pair,JINDALSTEL,2025-12-09,LONG,2025-12-09T10:50:00,991.30,986.55,998.43,302,4.75,2025-12-09T11:10:00,998.43,TARGET,2151.90,1701.22
fast_pair,JINDALSTEL,2025-12-10,SHORT,2025-12-10T11:40:00,1007.00,1010.45,1001.83,297,3.45,2025-12-10T11:40:00,1010.20,REVERSE,-950.40,-1399.73
fast_pair,JINDALSTEL,2025-12-11,LONG,2025-12-11T10:40:00,1011.00,1007.34,1016.50,296,3.66,2025-12-11T11:00:00,1007.34,STOP,-1084.59,-1532.66
fast_pair,JINDALSTEL,2025-12-18,LONG,2025-12-18T12:20:00,994.70,990.73,1000.66,301,3.97,2025-12-18T13:20:00,990.73,STOP,-1195.99,-1644.20
fast_pair,JINDALSTEL,2025-12-19,SHORT,2025-12-19T11:00:00,986.10,989.69,980.72,304,3.59,2025-12-19T12:30:00,988.40,REVERSE,-699.20,-1149.39
fast_pair,JINDALSTEL,2025-12-22,SHORT,2025-12-22T12:20:00,1003.70,1006.93,998.86,298,3.23,2025-12-22T12:50:00,998.86,TARGET,1442.41,994.84
fast_pair,JINDALSTEL,2025-12-24,SHORT,2025-12-24T10:40:00,1002.10,1005.07,997.64,299,2.97,2025-12-24T12:20:00,1003.10,REVERSE,-299.00,-748.67
fast_pair,JINDALSTEL,2025-12-29,SHORT,2025-12-29T12:30:00,996.00,999.51,990.73,301,3.51,2025-12-29T12:50:00,999.51,STOP,-1057.91,-1508.40
fast_pair,JINDALSTEL,2025-12-30,LONG,2025-12-30T10:10:00,995.80,992.78,1000.33,301,3.02,2025-12-30T10:10:00,1000.33,TARGET,1362.28,911.65
fast_pair,JINDALSTEL,2026-01-02,SHORT,2026-01-02T12:30:00,1073.10,1076.38,1068.17,279,3.28,2026-01-02T14:00:00,1076.38,STOP,-916.32,-1366.10
fast_pair,JINDALSTEL,2026-01-05,SHORT,2026-01-05T11:00:00,1079.20,1082.95,1073.58,277,3.75,2026-01-05T11:50:00,1080.30,REVERSE,-304.70,-753.34
fast_pair,JINDALSTEL,2026-01-06,SHORT,2026-01-06T11:00:00,1079.60,1083.13,1074.30,277,3.53,2026-01-06T11:00:00,1082.60,REVERSE,-831.00,-1280.20
fast_pair,JINDALSTEL,2026-01-07,LONG,2026-01-07T10:30:00,1081.70,1077.36,1088.21,277,4.34,2026-01-07T11:10:00,1077.36,STOP,-1201.43,-1649.98
fast_pair,JINDALSTEL,2026-01-12,LONG,2026-01-12T10:30:00,1011.40,1005.93,1019.61,296,5.47,2026-01-12T10:30:00,1007.30,REVERSE,-1213.60,-1661.75
fast_pair,JINDALSTEL,2026-01-13,SHORT,2026-01-13T11:50:00,1023.10,1027.00,1017.25,293,3.90,2026-01-13T12:20:00,1017.25,TARGET,1715.46,1267.09
fast_pair,JINDALSTEL,2026-01-20,LONG,2026-01-20T12:00:00,1055.20,1050.65,1062.02,284,4.55,2026-01-20T13:40:00,1050.65,STOP,-1291.53,-1740.08
fast_pair,JINDALSTEL,2026-01-21,LONG,2026-01-21T13:00:00,1045.30,1040.41,1052.64,286,4.89,2026-01-21T13:10:00,1040.41,STOP,-1399.35,-1846.74
fast_pair,JINDALSTEL,2026-01-22,SHORT,2026-01-22T13:50:00,1069.70,1073.17,1064.50,280,3.47,2026-01-22T14:00:00,1071.10,REVERSE,-392.00,-841.57
fast_pair,JINDALSTEL,2026-01-23,SHORT,2026-01-23T11:10:00,1071.30,1077.15,1062.53,280,5.85,2026-01-23T11:40:00,1062.53,TARGET,2455.70,2007.60
fast_pair,JINDALSTEL,2026-01-27,LONG,2026-01-27T10:10:00,1071.10,1065.10,1080.10,280,6.00,2026-01-27T11:00:00,1065.10,STOP,-1680.06,-2128.67
fast_pair,JINDALSTEL,2026-01-30,LONG,2026-01-30T12:00:00,1131.30,1123.01,1143.74,265,8.29,2026-01-30T12:10:00,1123.01,STOP,-2197.92,-2645.96
fast_pair,JINDALSTEL,2026-02-02,LONG,2026-02-02T13:20:00,1097.30,1090.74,1107.14,273,6.56,2026-02-02T13:40:00,1107.14,TARGET,2685.93,2234.57
fast_pair,JINDALSTEL,2026-02-04,SHORT,2026-02-04T12:00:00,1164.70,1169.60,1157.35,257,4.90,2026-02-04T12:30:00,1169.60,STOP,-1258.80,-1708.73
fast_pair,JINDALSTEL,2026-02-05,LONG,2026-02-05T11:20:00,1173.60,1169.18,1180.23,255,4.42,2026-02-05T11:40:00,1180.23,TARGET,1689.72,1239.55
fast_pair,JINDALSTEL,2026-02-06,LONG,2026-02-06T11:30:00,1178.10,1173.73,1184.65,254,4.37,2026-02-06T12:40:00,1173.73,STOP,-1109.59,-1557.61
fast_pair,JINDALSTEL,2026-02-10,SHORT,2026-02-10T12:30:00,1193.70,1197.11,1188.58,251,3.41,2026-02-10T13:00:00,1197.11,STOP,-856.51,-1306.58
fast_pair,JINDALSTEL,2026-02-11,LONG,2026-02-11T10:00:00,1193.50,1189.61,1199.33,251,3.89,2026-02-11T10:00:00,1189.61,STOP,-975.72,-1424.34
fast_pair,JINDALSTEL,2026-02-12,LONG,2026-02-12T10:10:00,1194.40,1190.69,1199.97,251,3.71,2026-02-12T10:10:00,1190.69,STOP,-931.98,-1380.98
fast_pair,JINDALSTEL,2026-02-13,LONG,2026-02-13T12:30:00,1180.70,1175.89,1187.91,254,4.81,2026-02-13T14:20:00,1179.10,TIME_STOP,-406.40,-855.94
fast_pair,JINDALSTEL,2026-02-18,SHORT,2026-02-18T13:00:00,1223.40,1226.29,1219.07,245,2.89,2026-02-18T13:50:00,1226.29,STOP,-706.88,-1157.01
fast_pair,JINDALSTEL,2026-02-19,SHORT,2026-02-19T10:10:00,1219.70,1223.87,1213.44,245,4.17,2026-02-19T10:20:00,1213.44,TARGET,1534.14,1087.05
fast_pair,JINDALSTEL,2026-02-20,SHORT,2026-02-20T10:20:00,1214.90,1220.05,1207.18,246,5.15,2026-02-20T10:20:00,1218.20,REVERSE,-811.80,-1260.71
fast_pair,JINDALSTEL,2026-02-23,SHORT,2026-02-23T10:00:00,1215.20,1219.72,1208.42,246,4.52,2026-02-23T11:10:00,1208.42,TARGET,1667.81,1220.65
fast_pair,JINDALSTEL,2026-02-24,SHORT,2026-02-24T12:20:00,1221.30,1224.11,1217.08,245,2.81,2026-02-24T12:50:00,1217.08,TARGET,1032.71,584.66
fast_pair,JINDALSTEL,2026-02-26,SHORT,2026-02-26T14:00:00,1259.60,1263.09,1254.36,238,3.49,2026-02-26T14:20:00,1263.09,STOP,-830.88,-1281.18
fast_pair,JINDALSTEL,2026-02-27,SHORT,2026-02-27T10:00:00,1256.70,1261.38,1249.68,238,4.68,2026-02-27T10:40:00,1249.68,TARGET,1669.64,1222.25
fast_pair,JINDALSTEL,2026-03-04,LONG,2026-03-04T14:10:00,1177.70,1172.18,1185.98,254,5.52,2026-03-04T15:00:00,1172.18,STOP,-1401.42,-1849.07
fast_pair,JINDALSTEL,2026-03-06,SHORT,2026-03-06T12:30:00,1185.10,1189.51,1178.49,253,4.41,2026-03-06T14:20:00,1188.10,REVERSE,-759.00,-1209.31
fast_pair,JINDALSTEL,2026-03-09,LONG,2026-03-09T13:40:00,1142.20,1137.22,1149.68,262,4.98,2026-03-09T14:00:00,1137.22,STOP,-1305.99,-1753.90
fast_pair,JINDALSTEL,2026-03-11,SHORT,2026-03-11T13:40:00,1197.10,1200.90,1191.41,250,3.80,2026-03-11T14:00:00,1191.41,TARGET,1423.43,975.59
fast_pair,JINDALSTEL,2026-03-12,LONG,2026-03-12T10:40:00,1192.80,1187.11,1201.33,251,5.69,2026-03-12T11:30:00,1201.33,TARGET,2140.53,1689.84
fast_pair,LT,2024-03-18,LONG,2024-03-18T10:10:00,3559.05,3530.91,3601.26,84,28.14,2024-03-18T10:50:00,3545.35,REVERSE,-1150.80,-1598.38
fast_pair,LT,2024-03-19,LONG,2024-03-19T13:40:00,3504.35,3496.32,3516.39,85,8.03,2024-03-19T15:10:00,3496.32,STOP,-682.45,-1128.75
fast_pair,LT,2024-03-20,SHORT,2024-03-20T10:20:00,3501.10,3511.21,3485.93,85,10.11,2024-03-20T11:00:00,3511.21,STOP,-859.65,-1306.69
fast_pair,LT,2024-03-21,SHORT,2024-03-21T12:20:00,3564.95,3576.04,3548.32,84,11.09,2024-03-21T12:50:00,3573.80,REVERSE,-743.40,-1193.14
fast_pair,LT,2024-03-26,LONG,2024-03-26T10:10:00,3631.95,3620.11,3649.70,82,11.84,2024-03-26T10:30:00,3649.70,TARGET,1455.76,1007.94
fast_pair,LT,2024-04-01,SHORT,2024-04-01T13:30:00,3832.60,3841.96,3818.55,78,9.36,2024-04-01T14:00:00,3841.96,STOP,-730.44,-1179.41
fast_pair,LT,2024-04-02,SHORT,2024-04-02T10:50:00,3826.15,3838.44,3807.72,78,12.29,2024-04-02T11:00:00,3807.72,TARGET,1437.52,990.94
fast_pair,LT,2024-04-03,LONG,2024-04-03T13:00:00,3793.15,3784.94,3805.47,79,8.21,2024-04-03T13:30:00,3784.94,STOP,-648.60,-1097.61
fast_pair,LT,2024-04-04,LONG,2024-04-04T12:50:00,3774.15,3761.01,3793.87,79,13.14,2024-04-04T13:10:00,3793.87,TARGET,1557.59,1109.18
fast_pair,LT,2024-04-05,LONG,2024-04-05T13:00:00,3749.00,3738.34,3764.99,80,10.66,2024-04-05T13:00:00,3746.50,REVERSE,-200.00,-649.73
fast_pair,LT,2024-04-09,SHORT,2024-04-09T14:00:00,3802.35,3809.87,3791.07,78,7.52,2024-04-09T14:00:00,3806.00,REVERSE,-284.70,-729.79
fast_pair,LT,2024-04-12,SHORT,2024-04-12T10:00:00,3752.05,3765.53,3731.83,79,13.48,2024-04-12T10:30:00,3765.53,STOP,-1064.69,-1510.11
fast_pair,LT,2024-04-18,LONG,2024-04-18T11:20:00,3595.75,3581.65,3616.89,83,14.10,2024-04-18T11:40:00,3616.89,TARGET,1755.01,1306.03
fast_pair,LT,2024-04-19,LONG,2024-04-19T12:30:00,3509.90,3496.96,3529.31,85,12.94,2024-04-19T14:00:00,3529.31,TARGET,1649.68,1200.93
fast_pair,LT,2024-04-23,SHORT,2024-04-23T10:00:00,3593.95,3604.37,3578.31,83,10.42,2024-04-23T10:10:00,3604.37,STOP,-865.20,-1313.30
fast_pair,LT,2024-04-25,SHORT,2024-04-25T12:40:00,3634.75,3646.14,3617.67,82,11.39,2024-04-25T13:00:00,3646.14,STOP,-933.73,-1381.50
fast_pair,LT,2024-04-29,SHORT,2024-04-29T12:40:00,3632.00,3641.22,3618.18,82,9.22,2024-04-29T13:50:00,3618.18,TARGET,1133.53,687.65
fast_pair,LT,2024-04-30,LONG,2024-04-30T10:00:00,3633.75,3624.10,3648.23,82,9.65,2024-04-30T10:50:00,3648.23,TARGET,1187.46,739.61
fast_pair,LT,2024-05-06,LONG,2024-05-06T12:00:00,3476.10,3462.79,3496.06,86,13.31,2024-05-06T12:10:00,3496.06,TARGET,1716.79,1267.08
fast_pair,LT,2024-05-07,SHORT,2024-05-07T10:10:00,3460.70,3474.22,3440.43,86,13.52,2024-05-07T10:30:00,3474.22,STOP,-1162.39,-1609.69
fast_pair,LT,2024-05-08,LONG,2024-05-08T11:20:00,3433.15,3417.90,3456.03,87,15.25,2024-05-08T11:30:00,3417.90,STOP,-1326.92,-1773.95
fast_pair,LT,2024-05-13,LONG,2024-05-13T11:20:00,3259.80,3245.59,3281.12,92,14.21,2024-05-13T11:40:00,3281.12,TARGET,1961.54,1510.22
fast_pair,LT,2024-05-15,SHORT,2024-05-15T10:20:00,3360.35,3371.28,3343.96,89,10.93,2024-05-15T11:00:00,3371.28,STOP,-972.72,-1422.06
fast_pair,LT,2024-05-16,LONG,2024-05-16T11:10:00,3401.95,3390.70,3418.83,88,11.25,2024-05-16T11:20:00,3390.70,STOP,-990.19,-1438.51
fast_pair,LT,2024-05-17,SHORT,2024-05-17T10:20:00,3417.90,3432.76,3395.61,87,14.86,2024-05-17T10:50:00,3432.76,STOP,-1292.66,-1739.67
fast_pair,LT,2024-05-21,SHORT,2024-05-21T10:50:00,3442.00,3452.03,3426.95,87,10.03,2024-05-21T11:10:00,3452.03,STOP,-872.91,-1322.75
fast_pair,LT,2024-05-22,LONG,2024-05-22T10:10:00,3459.00,3449.06,3473.92,86,9.94,2024-05-22T12:00:00,3453.75,REVERSE,-451.50,-897.37
fast_pair,LT,2024-05-24,SHORT,2024-05-24T11:30:00,3608.25,3620.67,3589.61,83,12.42,2024-05-24T11:50:00,3620.67,STOP,-1031.26,-1481.26
fast_pair,LT,2024-05-27,LONG,2024-05-27T10:50:00,3648.90,3635.41,3669.13,82,13.49,2024-05-27T11:50:00,3669.13,TARGET,1658.69,1208.63
fast_pair,LT,2024-05-28,SHORT,2024-05-28T10:20:00,3659.00,3671.10,3640.86,81,12.10,2024-05-28T10:20:00,3671.10,STOP,-979.81,-1425.11
fast_pair,LT,2024-05-29,LONG,2024-05-29T12:40:00,3632.00,3622.16,3646.76,82,9.84,2024-05-29T12:50:00,3646.76,TARGET,1210.49,762.85
fast_pair,LT,2024-05-30,LONG,2024-05-30T10:50:00,3642.00,3630.49,3659.26,82,11.51,2024-05-30T10:50:00,3630.49,STOP,-943.75,-1391.00
fast_pair,LT,2024-05-31,SHORT,2024-05-31T12:20:00,3689.40,3704.13,3667.31,81,14.73,2024-05-31T12:50:00,3698.45,REVERSE,-733.05,-1181.86
fast_pair,LT,2024-06-04,SHORT,2024-06-04T11:00:00,3643.40,3677.18,3592.72,74,33.78,2024-06-04T11:00:00,3592.72,TARGET,3749.98,3348.38
fast_pair,LT,2024-06-05,LONG,2024-06-05T11:40:00,3343.00,3298.58,3409.64,56,44.42,2024-06-05T11:50:00,3298.58,STOP,-2487.75,-2766.69
fast_pair,LT,2024-06-06,SHORT,2024-06-06T12:20:00,3475.65,3502.75,3435.00,86,27.10,2024-06-06T13:40:00,3502.75,STOP,-2330.39,-2780.49
fast_pair,LT,2024-06-07,LONG,2024-06-07T10:30:00,3479.25,3459.31,3509.15,86,19.94,2024-06-07T11:00:00,3509.15,TARGET,2571.62,2120.86
fast_pair,LT,2024-06-10,SHORT,2024-06-10T13:20:00,3552.80,3565.91,3533.13,84,13.11,2024-06-10T13:50:00,3563.00,REVERSE,-856.80,-1305.10
fast_pair,LT,2024-06-12,SHORT,2024-06-12T13:50:00,3630.00,3639.01,3616.49,82,9.01,2024-06-12T13:50:00,3616.49,TARGET,1108.11,662.46
fast_pair,LT,2024-06-14,LONG,2024-06-14T10:30:00,3699.80,3687.17,3718.75,81,12.63,2024-06-14T10:50:00,3694.00,REVERSE,-469.80,-918.97
fast_pair,LT,2024-06-18,SHORT,2024-06-18T10:30:00,3682.05,3692.37,3666.57,81,10.32,2024-06-18T10:40:00,3692.37,STOP,-836.18,-1284.17
fast_pair,LT,2024-06-20,LONG,2024-06-20T13:50:00,3589.95,3580.72,3603.80,83,9.23,2024-06-20T13:50:00,3580.72,STOP,-766.36,-1212.74
fast_pair,LT,2024-06-21,SHORT,2024-06-21T10:00:00,3587.05,3598.90,3569.28,83,11.85,2024-06-21T10:30:00,3569.28,TARGET,1475.31,1029.83
fast_pair,LT,2024-06-24,LONG,2024-06-24T10:50:00,3537.60,3523.47,3558.79,84,14.13,2024-06-24T11:20:00,3558.79,TARGET,1780.28,1333.20
fast_pair,LT,2024-06-25,LONG,2024-06-25T11:30:00,3552.00,3540.93,3568.61,84,11.07,2024-06-25T12:00:00,3568.61,TARGET,1395.23,946.63
fast_pair,LT,2024-06-26,SHORT,2024-06-26T13:30:00,3601.25,3609.07,3589.52,83,7.82,2024-06-26T13:50:00,3604.35,REVERSE,-257.30,-705.85
fast_pair,LT,2024-07-01,LONG,2024-07-01T13:40:00,3525.00,3519.28,3533.57,85,5.72,2024-07-01T15:20:00,3525.00,EOD,0.00,-449.44
fast_pair,LT,2024-07-03,SHORT,2024-07-03T10:30:00,3611.00,3622.79,3593.31,83,11.79,2024-07-03T11:00:00,3622.79,STOP,-978.59,-1428.89
fast_pair,LT,2024-07-04,SHORT,2024-07-04T10:30:00,3616.35,3625.76,3602.24,82,9.41,2024-07-04T12:10:00,3625.76,STOP,-771.36,-1216.75
fast_pair,LT,2024-07-08,SHORT,2024-07-08T11:50:00,3599.95,3613.58,3579.51,83,13.63,2024-07-08T12:30:00,3613.58,STOP,-1131.21,-1580.25
fast_pair,LT,2024-07-09,SHORT,2024-07-09T13:50:00,3667.25,3675.63,3654.69,81,8.38,2024-07-09T14:10:00,3654.69,TARGET,1017.57,572.77
fast_pair,LT,2024-07-10,LONG,2024-07-10T12:00:00,3662.95,3648.93,3683.98,81,14.02,2024-07-10T12:00:00,3648.93,STOP,-1135.74,-1579.94
fast_pair,LT,2024-07-11,SHORT,2024-07-11T10:50:00,3647.75,3660.62,3628.44,82,12.87,2024-07-11T12:10:00,3628.44,TARGET,1583.45,1135.96
fast_pair,LT,2024-07-12,SHORT,2024-07-12T10:30:00,3620.00,3631.35,3602.97,82,11.35,2024-07-12T10:50:00,3631.35,STOP,-931.01,-1376.97
fast_pair,LT,2024-07-15,SHORT,2024-07-15T10:20:00,3642.55,3654.10,3625.23,82,11.55,2024-07-15T10:40:00,3654.10,STOP,-946.89,-1395.64
fast_pair,LT,2024-07-16,LONG,2024-07-16T11:40:00,3641.20,3633.77,3652.35,82,7.43,2024-07-16T13:30:00,3639.00,TIME_STOP,-180.40,-628.13
fast_pair,LT,2024-07-18,LONG,2024-07-18T12:20:00,3636.25,3626.84,3650.37,82,9.41,2024-07-18T12:20:00,3650.37,TARGET,1158.00,709.87
fast_pair,LT,2024-07-19,LONG,2024-07-19T11:40:00,3651.00,3640.22,3667.17,82,10.78,2024-07-19T12:50:00,3640.22,STOP,-884.17,-1332.58
fast_pair,LT,2024-07-22,LONG,2024-07-22T10:30:00,3629.00,3614.71,3650.43,82,14.29,2024-07-22T12:20:00,3628.25,TIME_STOP,-61.50,-507.82
fast_pair,LT,2024-07-23,SHORT,2024-07-23T11:50:00,3662.00,3678.42,3637.37,81,16.42,2024-07-23T11:50:00,3637.37,TARGET,1994.65,1551.22
fast_pair,LT,2024-07-24,LONG,2024-07-24T11:10:00,3536.50,3519.24,3562.38,84,17.26,2024-07-24T12:10:00,3523.00,REVERSE,-1134.00,-1578.75
fast_pair,LT,2024-07-26,LONG,2024-07-26T10:00:00,3620.75,3608.81,3638.66,82,11.94,2024-07-26T11:00:00,3638.66,TARGET,1468.25,1021.80
fast_pair,LT,2024-07-30,SHORT,2024-07-30T14:00:00,3781.00,3788.78,3769.33,79,7.78,2024-07-30T14:30:00,3788.78,STOP,-614.36,-1062.87
fast_pair,LT,2024-07-31,SHORT,2024-07-31T10:00:00,3776.75,3787.54,3760.57,79,10.79,2024-07-31T10:00:00,3787.54,STOP,-852.33,-1300.51
fast_pair,LT,2024-08-01,SHORT,2024-08-01T10:50:00,3808.00,3817.73,3793.40,78,9.73,2024-08-01T11:10:00,3817.73,STOP,-759.00,-1205.10
fast_pair,LT,2024-08-05,LONG,2024-08-05T14:00:00,3542.60,3528.48,3563.78,84,14.12,2024-08-05T14:30:00,3528.48,STOP,-1186.00,-1631.48
fast_pair,LT,2024-08-07,SHORT,2024-08-07T14:10:00,3625.00,3635.93,3608.60,82,10.93,2024-08-07T15:10:00,3635.93,STOP,-896.64,-1343.19
fast_pair,LT,2024-08-08,LONG,2024-08-08T12:20:00,3604.95,3592.22,3624.04,83,12.73,2024-08-08T12:40:00,3592.22,STOP,-1056.53,-1504.55
fast_pair,LT,2024-08-09,SHORT,2024-08-09T12:20:00,3581.00,3589.39,3568.42,83,8.39,2024-08-09T13:10:00,3586.00,REVERSE,-415.00,-861.15
fast_pair,LT,2024-08-12,LONG,2024-08-12T11:00:00,3593.95,3584.39,3608.29,83,9.56,2024-08-12T11:20:00,3608.29,TARGET,1190.58,742.24
fast_pair,LT,2024-08-13,SHORT,2024-08-13T12:20:00,3587.95,3594.63,3577.93,83,6.68,2024-08-13T12:50:00,3577.93,TARGET,831.80,385.72
fast_pair,LT,2024-08-16,SHORT,2024-08-16T10:00:00,3556.05,3566.58,3540.26,84,10.53,2024-08-16T10:30:00,3540.26,TARGET,1326.19,879.12
fast_pair,LT,2024-08-19,SHORT,2024-08-19T10:10:00,3564.65,3573.53,3551.34,84,8.88,2024-08-19T10:50:00,3551.34,TARGET,1118.29,669.98
fast_pair,LT,2024-08-23,SHORT,2024-08-23T12:00:00,3598.50,3604.99,3588.77,83,6.49,2024-08-23T13:20:00,3588.77,TARGET,807.98,360.57
fast_pair,LT,2024-08-27,SHORT,2024-08-27T12:40:00,3703.30,3713.48,3688.03,81,10.18,2024-08-27T12:40:00,3713.48,STOP,-824.43,-1275.00
fast_pair,LT,2024-08-28,LONG,2024-08-28T10:10:00,3714.30,3705.00,3728.26,80,9.30,2024-08-28T10:10:00,3705.00,STOP,-744.37,-1189.53
fast_pair,LT,2024-08-29,LONG,2024-08-29T10:10:00,3702.00,3693.00,3715.51,81,9.00,2024-08-29T11:50:00,3695.45,REVERSE,-530.55,-979.95
fast_pair,LT,2024-09-02,SHORT,2024-09-02T12:10:00,3687.50,3698.94,3670.34,81,11.44,2024-09-02T13:00:00,3670.34,TARGET,1390.20,943.21
fast_pair,LT,2024-09-03,LONG,2024-09-03T11:10:00,3682.00,3674.42,3693.36,81,7.58,2024-09-03T12:30:00,3693.36,TARGET,920.53,472.47
fast_pair,LT,2024-09-04,LONG,2024-09-04T13:50:00,3649.20,3643.32,3658.03,82,5.88,2024-09-04T13:50:00,3643.32,STOP,-482.45,-930.94
fast_pair,LT,2024-09-05,LONG,2024-09-05T14:10:00,3624.95,3618.83,3634.13,82,6.12,2024-09-05T14:40:00,3618.83,STOP,-501.98,-947.48
fast_pair,LT,2024-09-09,SHORT,2024-09-09T14:00:00,3580.00,3587.41,3568.88,83,7.41,2024-09-09T15:20:00,3581.10,REVERSE,-91.30,-537.08
fast_pair,LT,2024-09-10,SHORT,2024-09-10T10:10:00,3576.10,3584.51,3563.48,83,8.41,2024-09-10T10:50:00,3584.51,STOP,-698.44,-1144.19
fast_pair,LT,2024-09-11,LONG,2024-09-11T11:20:00,3597.55,3588.75,3610.75,83,8.80,2024-09-11T11:20:00,3590.00,REVERSE,-626.65,-1074.07
fast_pair,LT,2024-09-12,SHORT,2024-09-12T10:30:00,3546.30,3557.91,3528.89,84,11.61,2024-09-12T10:40:00,3557.91,STOP,-974.97,-1422.53
fast_pair,LT,2024-09-13,SHORT,2024-09-13T11:40:00,3608.80,3618.99,3593.52,83,10.19,2024-09-13T13:10:00,3610.00,REVERSE,-99.60,-548.97
fast_pair,LT,2024-09-18,SHORT,2024-09-18T13:10:00,3722.65,3731.74,3709.02,80,9.09,2024-09-18T13:40:00,3709.02,TARGET,1090.74,644.84
fast_pair,LT,2024-09-19,SHORT,2024-09-19T10:10:00,3717.00,3728.50,3699.75,80,11.50,2024-09-19T11:10:00,3699.75,TARGET,1379.90,934.89
fast_pair,LT,2024-09-20,SHORT,2024-09-20T13:50:00,3751.00,3767.93,3725.60,79,16.93,2024-09-20T13:50:00,3767.93,STOP,-1337.57,-1783.06
fast_pair,LT,2024-09-24,SHORT,2024-09-24T12:40:00,3807.25,3819.52,3788.84,78,12.27,2024-09-24T13:10:00,3816.65,REVERSE,-733.20,-1179.20
fast_pair,LT,2024-09-25,LONG,2024-09-25T10:00:00,3807.45,3796.67,3823.62,78,10.78,2024-09-25T10:10:00,3796.67,STOP,-841.10,-1285.94
fast_pair,LT,2024-09-26,LONG,2024-09-26T11:10:00,3792.15,3783.93,3804.49,79,8.22,2024-09-26T11:30:00,3783.93,STOP,-649.71,-1098.59
fast_pair,LT,2024-09-27,LONG,2024-09-27T11:20:00,3717.20,3704.12,3736.81,80,13.08,2024-09-27T11:20:00,3707.75,REVERSE,-756.00,-1201.50
fast_pair,LT,2024-09-30,LONG,2024-09-30T12:50:00,3683.40,3675.55,3695.17,81,7.85,2024-09-30T14:00:00,3675.55,STOP,-635.71,-1082.76
fast_pair,LT,2024-10-04,LONG,2024-10-04T10:40:00,3506.30,3492.01,3527.73,85,14.29,2024-10-04T11:00:00,3492.01,STOP,-1214.30,-1660.44
fast_pair,LT,2024-10-10,SHORT,2024-10-10T10:40:00,3522.60,3534.73,3504.41,85,12.13,2024-10-10T11:30:00,3504.41,TARGET,1546.13,1098.16
fast_pair,LT,2024-10-11,LONG,2024-10-11T10:10:00,3481.85,3471.82,3496.90,86,10.03,2024-10-11T10:50:00,3471.82,STOP,-862.67,-1311.18
fast_pair,LT,2024-10-14,SHORT,2024-10-14T12:40:00,3537.95,3545.90,3526.02,84,7.95,2024-10-14T12:50:00,3545.90,STOP,-667.88,-1114.17
fast_pair,LT,2024-10-15,LONG,2024-10-15T11:10:00,3546.75,3536.58,3562.01,84,10.17,2024-10-15T13:00:00,3543.80,REVERSE,-247.80,-694.50
fast_pair,LT,2024-10-16,SHORT,2024-10-16T10:50:00,3543.00,3553.84,3526.74,84,10.84,2024-10-16T11:40:00,3526.74,TARGET,1366.23,920.83
fast_pair,LT,2024-10-18,SHORT,2024-10-18T13:30:00,3572.10,3582.82,3556.02,83,10.72,2024-10-18T14:20:00,3577.70,REVERSE,-464.80,-909.88
fast_pair,LT,2024-10-21,SHORT,2024-10-21T12:10:00,3590.20,3599.46,3576.30,83,9.26,2024-10-21T13:20:00,3599.46,STOP,-768.92,-1216.48
fast_pair,LT,2024-10-23,LONG,2024-10-23T11:40:00,3511.95,3498.39,3532.30,85,13.56,2024-10-23T11:40:00,3498.39,STOP,-1152.96,-1599.87
fast_pair,LT,2024-10-24,LONG,2024-10-24T14:10:00,3437.45,3428.96,3450.19,87,8.49,2024-10-24T15:20:00,3441.40,EOD,343.65,-105.19
fast_pair,LT,2024-10-28,LONG,2024-10-28T12:00:00,3339.30,3323.54,3362.94,89,15.76,2024-10-28T12:30:00,3362.94,TARGET,2104.36,1656.98
fast_pair,LT,2024-10-29,SHORT,2024-10-29T11:30:00,3358.25,3372.90,3336.27,89,14.65,2024-10-29T12:00:00,3365.80,REVERSE,-671.95,-1120.78
fast_pair,LT,2024-10-30,SHORT,2024-10-30T14:00:00,3415.00,3426.87,3397.20,87,11.87,2024-10-30T14:10:00,3397.20,TARGET,1548.56,1104.06
fast_pair,LT,2024-10-31,SHORT,2024-10-31T13:50:00,3625.90,3637.57,3608.39,82,11.67,2024-10-31T14:40:00,3637.57,STOP,-957.10,-1403.80
fast_pair,LT,2024-11-05,SHORT,2024-11-05T10:00:00,3547.90,3562.04,3526.69,84,14.14,2024-11-05T10:00:00,3562.04,STOP,-1187.95,-1635.88
fast_pair,LT,2024-11-07,SHORT,2024-11-07T10:10:00,3622.05,3634.66,3603.14,82,12.61,2024-11-07T10:20:00,3634.66,STOP,-1033.66,-1479.95
fast_pair,LT,2024-11-08,SHORT,2024-11-08T12:30:00,3655.05,3663.02,3643.10,82,7.97,2024-11-08T12:50:00,3657.30,REVERSE,-184.50,-634.21
fast_pair,LT,2024-11-11,LONG,2024-11-11T11:00:00,3653.85,3644.12,3668.44,82,9.73,2024-11-11T12:10:00,3644.12,STOP,-797.86,-1246.68
fast_pair,LT,2024-11-12,LONG,2024-11-12T10:50:00,3625.60,3612.18,3645.74,82,13.42,2024-11-12T12:40:00,3626.55,TIME_STOP,77.90,-368.11
fast_pair,LT,2024-11-13,LONG,2024-11-13T11:20:00,3585.70,3572.37,3605.70,83,13.33,2024-11-13T11:20:00,3572.37,STOP,-1106.39,-1551.98
fast_pair,LT,2024-11-14,LONG,2024-11-14T13:50:00,3518.85,3507.70,3535.57,85,11.15,2024-11-14T13:50:00,3513.85,REVERSE,-425.00,-873.33
fast_pair,LT,2024-11-19,SHORT,2024-11-19T13:00:00,3575.65,3585.56,3560.79,83,9.91,2024-11-19T14:10:00,3560.79,TARGET,1233.71,789.47
fast_pair,LT,2024-11-21,LONG,2024-11-21T12:10:00,3485.00,3472.96,3503.05,86,12.04,2024-11-21T14:00:00,3496.45,TIME_STOP,984.70,534.40
fast_pair,LT,2024-11-27,LONG,2024-11-27T13:10:00,3703.60,3694.67,3717.00,81,8.93,2024-11-27T13:40:00,3717.00,TARGET,1085.16,634.36
fast_pair,LT,2024-11-28,LONG,2024-11-28T10:20:00,3706.60,3697.28,3720.58,80,9.32,2024-11-28T10:30:00,3697.28,STOP,-745.41,-1189.64
fast_pair,LT,2024-11-29,SHORT,2024-11-29T13:40:00,3719.05,3729.39,3703.54,80,10.34,2024-11-29T13:50:00,3729.39,STOP,-827.33,-1274.24
fast_pair,LT,2024-12-02,LONG,2024-12-02T13:10:00,3690.00,3682.21,3701.69,81,7.79,2024-12-02T13:20:00,3687.10,REVERSE,-234.90,-683.06
fast_pair,LT,2024-12-05,SHORT,2024-12-05T10:20:00,3777.00,3791.12,3755.82,79,14.12,2024-12-05T10:20:00,3784.85,REVERSE,-620.15,-1068.19
fast_pair,LT,2024-12-06,LONG,2024-12-06T10:10:00,3859.10,3837.79,3891.06,77,21.31,2024-12-06T12:00:00,3863.65,TIME_STOP,350.35,-95.64
fast_pair,LT,2024-12-11,SHORT,2024-12-11T12:30:00,3917.75,3926.65,3904.40,76,8.90,2024-12-11T12:40:00,3904.40,TARGET,1014.78,568.92
fast_pair,LT,2024-12-13,LONG,2024-12-13T12:10:00,3847.40,3830.90,3872.15,77,16.50,2024-12-13T13:00:00,3872.15,TARGET,1906.08,1460.27
fast_pair,LT,2024-12-16,SHORT,2024-12-16T10:50:00,3871.80,3886.46,3849.81,77,14.66,2024-12-16T12:40:00,3869.70,TIME_STOP,161.70,-285.37
fast_pair,LT,2024-12-19,LONG,2024-12-19T13:20:00,3723.70,3713.87,3738.45,80,9.83,2024-12-19T15:10:00,3713.87,STOP,-786.50,-1232.75
fast_pair,LT,2024-12-24,SHORT,2024-12-24T12:10:00,3651.50,3661.44,3636.59,82,9.94,2024-12-24T13:10:00,3657.10,REVERSE,-459.20,-908.68
fast_pair,LT,2024-12-26,SHORT,2024-12-26T10:20:00,3631.10,3640.78,3616.58,82,9.68,2024-12-26T11:00:00,3640.78,STOP,-793.68,-1240.90
fast_pair,LT,2024-12-27,LONG,2024-12-27T10:50:00,3630.65,3621.81,3643.91,82,8.84,2024-12-27T10:50:00,3627.15,REVERSE,-287.00,-733.35
fast_pair,LT,2024-12-30,LONG,2024-12-30T11:40:00,3618.25,3608.11,3633.46,82,10.14,2024-12-30T12:10:00,3608.11,STOP,-831.53,-1275.95
fast_pair,LT,2024-12-31,LONG,2024-12-31T11:10:00,3581.90,3568.38,3602.18,83,13.52,2024-12-31T13:00:00,3587.15,TIME_STOP,435.75,-10.52
fast_pair,LT,2025-01-02,LONG,2025-01-02T10:20:00,3678.40,3667.28,3695.09,81,11.12,2025-01-02T10:50:00,3695.09,TARGET,1351.49,903.55
fast_pair,LT,2025-01-03,LONG,2025-01-03T11:30:00,3711.70,3700.77,3728.10,80,10.93,2025-01-03T11:30:00,3700.77,STOP,-874.61,-1319.36
fast_pair,LT,2025-01-06,LONG,2025-01-06T10:10:00,3677.95,3665.09,3697.24,81,12.86,2025-01-06T10:50:00,3665.09,STOP,-1041.72,-1487.81
fast_pair,LT,2025-01-07,SHORT,2025-01-07T10:30:00,3602.90,3617.56,3580.91,83,14.66,2025-01-07T10:30:00,3617.56,STOP,-1216.59,-1666.06
fast_pair,LT,2025-01-08,LONG,2025-01-08T13:50:00,3617.00,3607.20,3631.70,82,9.80,2025-01-08T14:30:00,3607.20,STOP,-803.39,-1247.68
fast_pair,LT,2025-01-09,LONG,2025-01-09T12:40:00,3534.35,3521.73,3553.28,84,12.62,2025-01-09T12:50:00,3521.73,STOP,-1059.86,-1504.39
fast_pair,LT,2025-01-10,LONG,2025-01-10T11:20:00,3538.65,3525.03,3559.08,84,13.62,2025-01-10T11:40:00,3525.03,STOP,-1144.22,-1589.23
fast_pair,LT,2025-01-15,SHORT,2025-01-15T12:30:00,3496.10,3505.59,3481.86,85,9.49,2025-01-15T12:50:00,3505.59,STOP,-806.93,-1253.29
fast_pair,LT,2025-01-16,SHORT,2025-01-16T10:20:00,3489.00,3499.89,3472.66,85,10.89,2025-01-16T10:40:00,3499.89,STOP,-925.68,-1371.23
fast_pair,LT,2025-01-17,SHORT,2025-01-17T11:30:00,3536.40,3548.18,3518.73,84,11.78,2025-01-17T12:00:00,3548.18,STOP,-989.58,-1435.91
fast_pair,LT,2025-01-20,SHORT,2025-01-20T10:40:00,3564.90,3574.88,3549.93,84,9.98,2025-01-20T10:50:00,3570.00,REVERSE,-428.40,-877.90
fast_pair,LT,2025-01-23,LONG,2025-01-23T11:20:00,3505.35,3491.30,3526.42,85,14.05,2025-01-23T12:20:00,3526.42,TARGET,1790.77,1342.49
fast_pair,LT,2025-01-24,LONG,2025-01-24T11:30:00,3495.20,3485.01,3510.48,85,10.19,2025-01-24T11:50:00,3510.48,TARGET,1299.04,852.43
fast_pair,LT,2025-01-27,LONG,2025-01-27T10:00:00,3484.15,3470.33,3504.88,86,13.82,2025-01-27T10:20:00,3470.33,STOP,-1188.28,-1636.84
fast_pair,LT,2025-01-28,SHORT,2025-01-28T10:00:00,3429.25,3443.55,3407.79,87,14.30,2025-01-28T10:00:00,3443.55,STOP,-1244.53,-1692.98
fast_pair,LT,2025-01-30,SHORT,2025-01-30T12:10:00,3444.85,3461.26,3420.24,87,16.41,2025-01-30T12:10:00,3420.24,TARGET,2141.29,1693.34
fast_pair,LT,2025-02-01,SHORT,2025-02-01T12:00:00,3500.00,3523.17,3465.24,85,23.17,2025-02-01T12:00:00,3523.17,STOP,-1969.50,-2417.23
fast_pair,LT,2025-02-05,SHORT,2025-02-05T11:40:00,3426.60,3438.35,3408.97,87,11.75,2025-02-05T12:50:00,3408.97,TARGET,1533.88,1087.86
fast_pair,LT,2025-02-10,LONG,2025-02-10T11:50:00,3317.15,3307.33,3331.87,90,9.82,2025-02-10T13:10:00,3312.45,REVERSE,-423.00,-870.50
fast_pair,LT,2025-02-12,LONG,2025-02-12T10:40:00,3261.30,3248.49,3280.51,91,12.81,2025-02-12T11:50:00,3280.51,TARGET,1748.55,1302.07
fast_pair,LT,2025-02-13,LONG,2025-02-13T10:00:00,3287.95,3274.16,3308.63,91,13.79,2025-02-13T11:50:00,3291.00,TIME_STOP,277.55,-171.46
fast_pair,LT,2025-02-17,LONG,2025-02-17T13:40:00,3226.60,3216.21,3242.18,92,10.39,2025-02-17T14:10:00,3216.21,STOP,-955.77,-1400.33
fast_pair,LT,2025-02-18,LONG,2025-02-18T12:00:00,3205.05,3196.38,3218.05,93,8.67,2025-02-18T12:30:00,3218.05,TARGET,1209.44,761.43
fast_pair,LT,2025-02-20,LONG,2025-02-20T11:10:00,3280.00,3270.52,3294.22,91,9.48,2025-02-20T11:20:00,3275.00,REVERSE,-455.00,-902.38
fast_pair,LT,2025-02-21,SHORT,2025-02-21T11:20:00,3283.55,3292.76,3269.74,91,9.21,2025-02-21T11:50:00,3292.76,STOP,-837.90,-1286.74
fast_pair,LT,2025-02-24,LONG,2025-02-24T10:20:00,3321.65,3311.77,3336.47,90,9.88,2025-02-24T10:50:00,3311.77,STOP,-889.09,-1336.85
fast_pair,LT,2025-02-25,LONG,2025-02-25T13:10:00,3232.00,3225.96,3241.05,92,6.04,2025-02-25T13:20:00,3241.05,TARGET,832.86,386.22
fast_pair,LT,2025-02-27,SHORT,2025-02-27T10:00:00,3227.40,3236.28,3214.07,92,8.88,2025-02-27T10:40:00,3232.00,REVERSE,-423.20,-868.90
fast_pair,LT,2025-02-28,LONG,2025-02-28T11:10:00,3191.00,3181.47,3205.29,94,9.53,2025-02-28T11:10:00,3185.05,REVERSE,-559.30,-1008.81
fast_pair,LT,2025-03-03,SHORT,2025-03-03T11:00:00,3171.95,3184.71,3152.81,94,12.76,2025-03-03T12:20:00,3184.71,STOP,-1199.63,-1647.77
fast_pair,LT,2025-03-04,LONG,2025-03-04T10:10:00,3202.60,3192.46,3217.82,93,10.14,2025-03-04T10:10:00,3192.46,STOP,-943.40,-1389.46
fast_pair,LT,2025-03-05,SHORT,2025-03-05T14:10:00,3226.35,3233.78,3215.20,92,7.43,2025-03-05T14:40:00,3233.25,REVERSE,-634.80,-1080.51
fast_pair,LT,2025-03-06,LONG,2025-03-06T10:50:00,3232.60,3224.40,3244.90,92,8.20,2025-03-06T11:10:00,3244.90,TARGET,1132.04,685.09
fast_pair,LT,2025-03-07,SHORT,2025-03-07T11:00:00,3261.15,3270.43,3247.23,91,9.28,2025-03-07T11:10:00,3270.43,STOP,-844.22,-1290.00
fast_pair,LT,2025-03-11,LONG,2025-03-11T14:10:00,3186.85,3179.89,3197.29,94,6.96,2025-03-11T14:50:00,3197.29,TARGET,981.65,531.56
fast_pair,LT,2025-03-12,SHORT,2025-03-12T10:10:00,3181.85,3191.23,3167.79,94,9.38,2025-03-12T10:20:00,3167.79,TARGET,1322.10,874.45
fast_pair,LT,2025-03-13,SHORT,2025-03-13T13:20:00,3203.20,3210.32,3192.52,93,7.12,2025-03-13T14:20:00,3192.52,TARGET,993.27,547.17
fast_pair,LT,2025-03-17,SHORT,2025-03-17T10:50:00,3202.90,3212.87,3187.94,93,9.97,2025-03-17T11:10:00,3187.94,TARGET,1391.32,945.56
fast_pair,LT,2025-03-20,LONG,2025-03-20T11:40:00,3308.00,3299.45,3320.82,90,8.55,2025-03-20T12:20:00,3302.00,REVERSE,-540.00,-986.18
fast_pair,LT,2025-03-24,SHORT,2025-03-24T13:20:00,3475.05,3484.76,3460.49,86,9.71,2025-03-24T13:20:00,3480.00,REVERSE,-425.70,-874.30
fast_pair,LT,2025-03-25,SHORT,2025-03-25T10:50:00,3485.55,3496.58,3469.00,86,11.03,2025-03-25T11:20:00,3469.00,TARGET,1423.11,974.54
fast_pair,LT,2025-03-27,SHORT,2025-03-27T12:30:00,3498.75,3510.13,3481.69,85,11.38,2025-03-27T13:00:00,3510.13,STOP,-966.88,-1413.69
fast_pair,LT,2025-03-28,LONG,2025-03-28T10:50:00,3504.65,3493.03,3522.08,85,11.62,2025-03-28T11:10:00,3493.03,STOP,-987.61,-1433.71
fast_pair,LT,2025-04-01,SHORT,2025-04-01T10:00:00,3482.70,3496.09,3462.62,86,13.39,2025-04-01T10:20:00,3462.62,TARGET,1726.92,1278.95
fast_pair,LT,2025-04-02,SHORT,2025-04-02T10:00:00,3433.05,3445.12,3414.95,87,12.07,2025-04-02T10:00:00,3440.65,REVERSE,-661.20,-1109.71
fast_pair,LT,2025-04-16,SHORT,2025-04-16T10:30:00,3251.10,3260.59,3236.87,92,9.49,2025-04-16T10:50:00,3260.59,STOP,-872.79,-1322.10
fast_pair,LT,2025-04-17,LONG,2025-04-17T12:20:00,3193.70,3183.51,3208.98,93,10.19,2025-04-17T12:50:00,3208.98,TARGET,1420.95,974.36
fast_pair,LT,2025-04-21,SHORT,2025-04-21T13:10:00,3270.50,3279.20,3257.45,91,8.70,2025-04-21T13:20:00,3279.20,STOP,-791.45,-1238.47
fast_pair,LT,2025-04-22,LONG,2025-04-22T13:00:00,3269.20,3261.14,3281.29,91,8.06,2025-04-22T14:40:00,3264.80,REVERSE,-400.40,-846.35
fast_pair,LT,2025-04-23,SHORT,2025-04-23T11:00:00,3269.40,3281.24,3251.64,91,11.84,2025-04-23T11:00:00,3281.24,STOP,-1077.50,-1524.58
fast_pair,LT,2025-04-24,LONG,2025-04-24T12:40:00,3293.60,3287.07,3303.40,91,6.53,2025-04-24T13:00:00,3303.40,TARGET,891.84,441.60
fast_pair,LT,2025-04-25,SHORT,2025-04-25T10:00:00,3284.80,3295.72,3268.42,91,10.92,2025-04-25T10:00:00,3268.42,TARGET,1490.51,1043.26
fast_pair,LT,2025-04-29,SHORT,2025-04-29T12:20:00,3351.70,3361.29,3337.32,89,9.59,2025-04-29T12:50:00,3337.32,TARGET,1280.20,833.71
fast_pair,LT,2025-04-30,SHORT,2025-04-30T12:40:00,3340.40,3348.05,3328.93,89,7.65,2025-04-30T14:30:00,3342.00,REVERSE,-142.40,-588.45
fast_pair,LT,2025-05-02,SHORT,2025-05-02T11:00:00,3342.50,3354.30,3324.80,89,11.80,2025-05-02T12:50:00,3337.00,TIME_STOP,489.50,43.64
fast_pair,LT,2025-05-06,LONG,2025-05-06T11:30:00,3328.00,3318.50,3342.24,90,9.50,2025-05-06T12:00:00,3342.24,TARGET,1281.83,831.59
fast_pair,LT,2025-05-07,LONG,2025-05-07T11:30:00,3321.90,3309.60,3340.34,90,12.30,2025-05-07T12:00:00,3315.00,REVERSE,-621.00,-1068.99
fast_pair,LT,2025-05-08,SHORT,2025-05-08T13:30:00,3342.30,3351.94,3327.83,89,9.64,2025-05-08T13:30:00,3351.94,STOP,-858.34,-1305.18
fast_pair,LT,2025-05-09,SHORT,2025-05-09T13:40:00,3436.80,3451.38,3414.93,87,14.58,2025-05-09T15:00:00,3442.20,REVERSE,-469.80,-918.65
fast_pair,LT,2025-05-14,SHORT,2025-05-14T11:20:00,3593.00,3604.15,3576.28,83,11.15,2025-05-14T11:30:00,3596.80,REVERSE,-315.40,-762.97
fast_pair,LT,2025-05-15,LONG,2025-05-15T10:50:00,3585.00,3572.75,3603.37,83,12.25,2025-05-15T11:10:00,3572.75,STOP,-1016.61,-1462.18
fast_pair,LT,2025-05-16,SHORT,2025-05-16T10:00:00,3610.70,3625.30,3588.79,83,14.60,2025-05-16T10:00:00,3621.10,REVERSE,-863.20,-1313.38
fast_pair,LT,2025-05-19,SHORT,2025-05-19T11:20:00,3604.30,3612.64,3591.79,83,8.34,2025-05-19T13:00:00,3591.79,TARGET,1038.68,590.72
fast_pair,LT,2025-05-20,SHORT,2025-05-20T11:30:00,3601.20,3610.66,3587.00,83,9.46,2025-05-20T12:40:00,3610.66,STOP,-785.50,-1234.44
fast_pair,LT,2025-05-22,LONG,2025-05-22T12:10:00,3567.50,3559.09,3580.11,84,8.41,2025-05-22T12:10:00,3562.20,REVERSE,-445.20,-894.37
fast_pair,LT,2025-05-26,SHORT,2025-05-26T11:50:00,3633.00,3644.62,3615.57,82,11.62,2025-05-26T12:00:00,3641.90,REVERSE,-729.80,-1177.21
fast_pair,LT,2025-05-27,LONG,2025-05-27T11:30:00,3637.10,3625.59,3654.36,82,11.51,2025-05-27T11:30:00,3654.36,TARGET,1415.58,967.16
fast_pair,LT,2025-06-02,LONG,2025-06-02T12:20:00,3662.00,3652.60,3676.10,81,9.40,2025-06-02T12:30:00,3676.10,TARGET,1142.14,696.35
fast_pair,LT,2025-06-03,LONG,2025-06-03T12:50:00,3652.30,3642.00,3667.75,82,10.30,2025-06-03T12:50:00,3642.00,STOP,-844.74,-1293.34
fast_pair,LT,2025-06-04,SHORT,2025-06-04T11:00:00,3633.20,3643.05,3618.43,82,9.85,2025-06-04T12:50:00,3622.00,TIME_STOP,918.40,472.21
fast_pair,LT,2025-06-05,SHORT,2025-06-05T10:50:00,3627.70,3635.48,3616.03,82,7.78,2025-06-05T11:20:00,3635.48,STOP,-638.13,-1084.82
fast_pair,LT,2025-06-09,SHORT,2025-06-09T13:20:00,3678.30,3685.05,3668.17,81,6.75,2025-06-09T15:10:00,3677.80,REVERSE,40.50,-406.38
fast_pair,LT,2025-06-10,LONG,2025-06-10T10:00:00,3680.50,3672.76,3692.12,81,7.74,2025-06-10T10:20:00,3672.76,STOP,-627.27,-1073.98
fast_pair,LT,2025-06-11,LONG,2025-06-11T10:40:00,3680.00,3672.42,3691.37,81,7.58,2025-06-11T12:30:00,3682.40,TIME_STOP,194.40,-252.87
fast_pair,LT,2025-06-12,SHORT,2025-06-12T10:10:00,3668.00,3676.19,3655.71,81,8.19,2025-06-12T10:30:00,3676.19,STOP,-663.50,-1109.66
fast_pair,LT,2025-06-13,LONG,2025-06-13T13:20:00,3567.40,3555.67,3585.00,84,11.73,2025-06-13T13:30:00,3585.00,TARGET,1478.41,1027.81
fast_pair,LT,2025-06-16,SHORT,2025-06-16T13:40:00,3634.30,3643.46,3620.56,82,9.16,2025-06-16T14:10:00,3642.00,REVERSE,-631.40,-1078.89
fast_pair,LT,2025-06-17,LONG,2025-06-17T12:00:00,3620.70,3613.99,3630.76,82,6.71,2025-06-17T12:40:00,3613.99,STOP,-550.06,-994.99
fast_pair,LT,2025-06-18,SHORT,2025-06-18T10:40:00,3614.50,3622.02,3603.23,82,7.52,2025-06-18T11:30:00,3603.23,TARGET,924.43,480.54
fast_pair,LT,2025-06-19,SHORT,2025-06-19T13:10:00,3610.80,3618.18,3599.74,83,7.38,2025-06-19T13:10:00,3618.18,STOP,-612.13,-1062.14
fast_pair,LT,2025-06-20,LONG,2025-06-20T10:00:00,3633.80,3622.83,3650.25,82,10.97,2025-06-20T10:20:00,3650.25,TARGET,1349.10,901.13
fast_pair,LT,2025-06-24,SHORT,2025-06-24T13:10:00,3650.10,3662.97,3630.79,82,12.87,2025-06-24T13:30:00,3630.79,TARGET,1583.03,1135.26
fast_pair,LT,2025-06-25,SHORT,2025-06-25T11:30:00,3614.50,3625.52,3597.97,82,11.02,2025-06-25T13:10:00,3622.40,REVERSE,-647.80,-1092.87
fast_pair,LT,2025-06-26,SHORT,2025-06-26T12:00:00,3628.00,3640.01,3609.98,82,12.01,2025-06-26T12:20:00,3640.01,STOP,-984.99,-1431.98
fast_pair,LT,2025-06-27,SHORT,2025-06-27T13:30:00,3690.60,3698.58,3678.62,81,7.98,2025-06-27T13:50:00,3698.58,STOP,-646.70,-1095.59
fast_pair,LT,2025-07-01,LONG,2025-07-01T13:20:00,3661.40,3655.26,3670.61,81,6.14,2025-07-01T14:10:00,3670.61,TARGET,746.27,300.85
fast_pair,LT,2025-07-03,SHORT,2025-07-03T11:50:00,3603.10,3610.73,3591.65,83,7.63,2025-07-03T13:00:00,3591.65,TARGET,950.11,502.23
fast_pair,LT,2025-07-04,LONG,2025-07-04T10:30:00,3593.00,3584.60,3605.60,83,8.40,2025-07-04T11:10:00,3586.60,REVERSE,-531.20,-978.13
fast_pair,LT,2025-07-07,SHORT,2025-07-07T10:40:00,3591.00,3598.81,3579.29,83,7.81,2025-07-07T12:30:00,3591.20,TIME_STOP,-16.60,-463.69
fast_pair,LT,2025-07-09,LONG,2025-07-09T10:20:00,3590.00,3583.10,3600.36,83,6.90,2025-07-09T10:30:00,3583.10,STOP,-572.99,-1019.51
fast_pair,LT,2025-07-10,SHORT,2025-07-10T10:00:00,3578.20,3583.72,3569.92,83,5.52,2025-07-10T10:00:00,3583.72,STOP,-458.11,-903.94
fast_pair,LT,2025-07-11,SHORT,2025-07-11T10:30:00,3574.30,3580.69,3564.71,83,6.39,2025-07-11T10:30:00,3564.71,TARGET,795.90,351.50
fast_pair,LT,2025-07-15,SHORT,2025-07-15T10:00:00,3486.20,3493.74,3474.89,86,7.54,2025-07-15T10:10:00,3493.74,STOP,-648.48,-1098.69
fast_pair,LT,2025-07-17,SHORT,2025-07-17T10:50:00,3488.80,3495.93,3478.10,85,7.13,2025-07-17T11:30:00,3478.10,TARGET,909.28,465.14
fast_pair,LT,2025-07-18,SHORT,2025-07-18T10:30:00,3471.80,3479.06,3460.91,86,7.26,2025-07-18T10:50:00,3460.91,TARGET,936.70,489.54
fast_pair,LT,2025-07-21,LONG,2025-07-21T10:10:00,3470.00,3462.30,3481.55,86,7.70,2025-07-21T10:20:00,3481.55,TARGET,993.59,545.22
fast_pair,LT,2025-07-23,SHORT,2025-07-23T10:40:00,3463.20,3469.66,3453.51,86,6.46,2025-07-23T12:30:00,3463.00,TIME_STOP,17.20,-429.54
fast_pair,LT,2025-07-25,LONG,2025-07-25T12:40:00,3463.40,3455.96,3474.56,86,7.44,2025-07-25T13:30:00,3455.96,STOP,-639.78,-1086.08
fast_pair,LT,2025-07-29,SHORT,2025-07-29T10:20:00,3419.50,3428.59,3405.87,87,9.09,2025-07-29T11:00:00,3428.59,STOP,-790.74,-1237.58
fast_pair,LT,2025-07-31,LONG,2025-07-31T11:50:00,3653.60,3644.40,3667.40,82,9.20,2025-07-31T12:00:00,3647.60,REVERSE,-492.00,-941.02
fast_pair,LT,2025-08-04,LONG,2025-08-04T11:30:00,3632.80,3622.47,3648.29,82,10.33,2025-08-04T12:20:00,3622.47,STOP,-846.88,-1293.08
fast_pair,LT,2025-08-05,LONG,2025-08-05T11:50:00,3625.00,3618.29,3635.07,82,6.71,2025-08-05T12:20:00,3635.07,TARGET,825.69,379.19
fast_pair,LT,2025-08-06,SHORT,2025-08-06T10:20:00,3644.40,3652.81,3631.79,82,8.41,2025-08-06T11:30:00,3631.79,TARGET,1034.32,586.84
fast_pair,LT,2025-08-07,LONG,2025-08-07T13:20:00,3612.30,3605.83,3622.01,83,6.47,2025-08-07T13:20:00,3605.83,STOP,-537.12,-986.45
fast_pair,LT,2025-08-08,SHORT,2025-08-08T12:00:00,3636.50,3643.70,3625.71,82,7.20,2025-08-08T12:00:00,3625.71,TARGET,885.02,438.39
fast_pair,LT,2025-08-11,SHORT,2025-08-11T12:00:00,3625.20,3633.92,3612.12,82,8.72,2025-08-11T12:50:00,3633.92,STOP,-715.03,-1161.46
fast_pair,LT,2025-08-12,SHORT,2025-08-12T11:40:00,3693.70,3703.52,3678.96,81,9.82,2025-08-12T12:20:00,3702.10,REVERSE,-680.40,-1129.69
fast_pair,LT,2025-08-13,LONG,2025-08-13T10:00:00,3698.30,3688.79,3712.56,81,9.51,2025-08-13T11:00:00,3712.56,TARGET,1155.02,704.81
fast_pair,LT,2025-08-14,LONG,2025-08-14T13:10:00,3664.40,3657.26,3675.12,81,7.14,2025-08-14T13:10:00,3657.26,STOP,-578.74,-1023.53
fast_pair,LT,2025-08-18,LONG,2025-08-18T13:50:00,3642.10,3634.13,3654.05,82,7.97,2025-08-18T15:00:00,3634.13,STOP,-653.53,-1101.02
fast_pair,LT,2025-08-19,LONG,2025-08-19T10:00:00,3641.00,3633.11,3652.84,82,7.89,2025-08-19T10:00:00,3638.50,REVERSE,-205.00,-652.69
fast_pair,LT,2025-08-20,LONG,2025-08-20T12:10:00,3598.50,3590.71,3610.19,83,7.79,2025-08-20T13:40:00,3595.90,REVERSE,-215.80,-663.65
fast_pair,LT,2025-08-21,SHORT,2025-08-21T12:30:00,3625.00,3631.97,3614.55,82,6.97,2025-08-21T13:30:00,3614.55,TARGET,857.06,411.83
fast_pair,LT,2025-08-22,SHORT,2025-08-22T10:40:00,3616.90,3624.97,3604.79,82,8.07,2025-08-22T12:00:00,3604.79,TARGET,992.89,548.76
fast_pair,LT,2025-08-28,LONG,2025-08-28T10:10:00,3566.00,3556.19,3580.71,84,9.81,2025-08-28T12:00:00,3571.30,TIME_STOP,445.20,-4.45
fast_pair,LT,2025-09-01,SHORT,2025-09-01T10:00:00,3603.00,3612.14,3589.29,83,9.14,2025-09-01T10:10:00,3589.29,TARGET,1138.27,690.55
fast_pair,LT,2025-09-03,LONG,2025-09-03T14:10:00,3584.50,3578.09,3594.11,83,6.41,2025-09-03T15:00:00,3594.11,TARGET,797.62,350.75
fast_pair,LT,2025-09-04,SHORT,2025-09-04T12:00:00,3598.70,3607.16,3586.01,83,8.46,2025-09-04T12:20:00,3586.01,TARGET,1052.87,605.62
fast_pair,LT,2025-09-05,SHORT,2025-09-05T10:20:00,3577.00,3586.97,3562.04,83,9.97,2025-09-05T12:10:00,3565.00,TIME_STOP,996.00,551.41
fast_pair,LT,2025-09-08,LONG,2025-09-08T10:10:00,3561.50,3552.95,3574.33,84,8.55,2025-09-08T10:20:00,3552.95,STOP,-718.55,-1166.76
fast_pair,LT,2025-09-09,LONG,2025-09-09T10:00:00,3547.80,3540.75,3558.37,84,7.05,2025-09-09T10:10:00,3540.75,STOP,-591.79,-1038.36
fast_pair,LT,2025-09-11,SHORT,2025-09-11T11:40:00,3540.60,3547.06,3530.91,84,6.46,2025-09-11T13:30:00,3540.00,TIME_STOP,50.40,-395.68
fast_pair,LT,2025-09-12,SHORT,2025-09-12T13:50:00,3579.80,3585.71,3570.94,83,5.91,2025-09-12T15:20:00,3580.50,EOD,-58.10,-503.83
fast_pair,LT,2025-09-15,SHORT,2025-09-15T13:40:00,3595.80,3600.38,3588.93,83,4.58,2025-09-15T13:40:00,3588.93,TARGET,570.59,123.34
fast_pair,LT,2025-09-17,SHORT,2025-09-17T13:20:00,3690.00,3696.18,3680.73,81,6.18,2025-09-17T14:00:00,3680.73,TARGET,750.61,302.83
fast_pair,LT,2025-09-19,SHORT,2025-09-19T10:20:00,3686.20,3693.47,3675.29,81,7.27,2025-09-19T10:20:00,3690.80,REVERSE,-372.60,-820.75
fast_pair,LT,2025-09-23,LONG,2025-09-23T12:20:00,3633.90,3627.86,3642.96,82,6.04,2025-09-23T12:30:00,3642.96,TARGET,742.85,295.32
fast_pair,LT,2025-09-24,LONG,2025-09-24T10:10:00,3675.40,3665.23,3690.65,81,10.17,2025-09-24T11:10:00,3665.23,STOP,-823.61,-1269.56
fast_pair,LT,2025-09-25,SHORT,2025-09-25T10:20:00,3679.20,3688.96,3664.55,81,9.76,2025-09-25T10:30:00,3688.96,STOP,-790.86,-1238.47
fast_pair,LT,2025-09-29,SHORT,2025-09-29T12:20:00,3695.30,3707.21,3677.43,81,11.91,2025-09-29T13:00:00,3707.21,STOP,-965.10,-1414.80
fast_pair,LT,2025-09-30,LONG,2025-09-30T12:30:00,3670.30,3662.14,3682.53,81,8.16,2025-09-30T13:00:00,3662.14,STOP,-660.59,-1106.03
fast_pair,LT,2025-10-01,LONG,2025-10-01T12:10:00,3653.00,3642.90,3668.14,82,10.10,2025-10-01T13:40:00,3668.14,TARGET,1241.85,791.60
fast_pair,LT,2025-10-03,SHORT,2025-10-03T13:40:00,3681.30,3689.08,3669.63,81,7.78,2025-10-03T13:50:00,3689.08,STOP,-629.94,-1077.69
fast_pair,LT,2025-10-06,SHORT,2025-10-06T12:00:00,3728.00,3738.35,3712.48,80,10.35,2025-10-06T12:50:00,3738.35,STOP,-827.62,-1275.60
fast_pair,LT,2025-10-07,SHORT,2025-10-07T10:50:00,3738.80,3747.80,3725.31,80,9.00,2025-10-07T11:40:00,3747.80,STOP,-719.69,-1168.89
fast_pair,LT,2025-10-08,SHORT,2025-10-08T11:20:00,3729.50,3738.82,3715.52,80,9.32,2025-10-08T13:00:00,3738.82,STOP,-745.58,-1193.68
fast_pair,LT,2025-10-09,SHORT,2025-10-09T12:50:00,3755.70,3765.32,3741.27,79,9.62,2025-10-09T13:30:00,3765.32,STOP,-760.05,-1205.67
fast_pair,LT,2025-10-10,SHORT,2025-10-10T12:20:00,3783.30,3791.31,3771.29,79,8.01,2025-10-10T12:30:00,3789.00,REVERSE,-450.30,-898.96
fast_pair,LT,2025-10-13,LONG,2025-10-13T13:00:00,3764.60,3757.90,3774.65,79,6.70,2025-10-13T13:00:00,3757.90,STOP,-529.11,-974.82
fast_pair,LT,2025-10-14,SHORT,2025-10-14T10:00:00,3761.30,3770.71,3747.18,79,9.41,2025-10-14T10:30:00,3770.71,STOP,-743.43,-1189.70
fast_pair,LT,2025-10-16,SHORT,2025-10-16T14:00:00,3858.10,3865.96,3846.31,77,7.86,2025-10-16T14:00:00,3865.96,STOP,-605.45,-1051.51
fast_pair,LT,2025-10-17,LONG,2025-10-17T11:00:00,3863.60,3855.73,3875.40,77,7.87,2025-10-17T12:10:00,3855.73,STOP,-605.75,-1051.54
fast_pair,LT,2025-10-21,LONG,2025-10-21T14:00:00,3888.00,3877.18,3904.23,77,10.82,2025-10-21T14:40:00,3885.00,EOD_FORCED,-231.00,-679.89
fast_pair,LT,2025-10-24,LONG,2025-10-24T11:50:00,3925.00,3914.09,3941.37,76,10.91,2025-10-24T12:00:00,3917.00,REVERSE,-608.00,-1054.99
fast_pair,LT,2025-10-27,SHORT,2025-10-27T12:50:00,3927.60,3935.93,3915.10,76,8.33,2025-10-27T14:30:00,3934.90,REVERSE,-554.80,-1002.96
fast_pair,LT,2025-10-29,SHORT,2025-10-29T11:30:00,3952.80,3969.15,3928.28,75,16.35,2025-10-29T13:00:00,3928.28,TARGET,1839.19,1395.88
fast_pair,LT,2025-10-30,SHORT,2025-10-30T11:50:00,4002.40,4020.27,3975.60,74,17.87,2025-10-30T13:40:00,3998.00,TIME_STOP,325.60,-118.42
fast_pair,LT,2025-11-03,LONG,2025-11-03T10:50:00,4035.90,4027.44,4048.59,74,8.46,2025-11-03T11:00:00,4027.44,STOP,-626.10,-1073.61
fast_pair,LT,2025-11-04,LONG,2025-11-04T14:10:00,3943.90,3937.45,3953.58,76,6.45,2025-11-04T14:20:00,3937.45,STOP,-490.57,-939.81
fast_pair,LT,2025-11-06,SHORT,2025-11-06T10:20:00,3924.40,3935.62,3907.57,76,11.22,2025-11-06T10:30:00,3935.62,STOP,-852.81,-1300.83
fast_pair,LT,2025-11-07,LONG,2025-11-07T12:10:00,3870.30,3858.41,3888.14,77,11.89,2025-11-07T12:20:00,3858.41,STOP,-915.64,-1361.97
fast_pair,LT,2025-11-10,SHORT,2025-11-10T13:50:00,3925.10,3932.58,3913.87,76,7.48,2025-11-10T14:30:00,3932.58,STOP,-568.79,-1016.68
fast_pair,LT,2025-11-11,LONG,2025-11-11T12:20:00,3921.90,3913.78,3934.08,76,8.12,2025-11-11T13:10:00,3934.08,TARGET,925.75,477.96
fast_pair,LT,2025-11-12,SHORT,2025-11-12T10:10:00,3946.30,3955.81,3932.04,76,9.51,2025-11-12T10:40:00,3955.81,STOP,-722.63,-1173.05
fast_pair,LT,2025-11-14,SHORT,2025-11-14T13:00:00,3982.60,3991.91,3968.64,75,9.31,2025-11-14T13:20:00,3985.50,REVERSE,-217.50,-665.71
fast_pair,LT,2025-11-17,SHORT,2025-11-17T11:40:00,4004.00,4012.61,3991.08,74,8.61,2025-11-17T11:50:00,4009.90,REVERSE,-436.60,-881.37
fast_pair,LT,2025-11-18,LONG,2025-11-18T13:20:00,3999.30,3992.26,4009.86,75,7.04,2025-11-18T14:10:00,4009.86,TARGET,791.78,341.26
fast_pair,LT,2025-11-19,LONG,2025-11-19T10:40:00,4002.60,3992.75,4017.37,74,9.85,2025-11-19T11:10:00,3995.00,REVERSE,-562.40,-1006.27
fast_pair,LT,2025-11-20,SHORT,2025-11-20T10:00:00,4016.60,4024.48,4004.79,74,7.88,2025-11-20T10:40:00,4021.10,REVERSE,-333.00,-779.09
fast_pair,LT,2025-11-24,LONG,2025-11-24T11:50:00,4031.00,4024.19,4041.22,74,6.81,2025-11-24T11:50:00,4024.19,STOP,-504.29,-951.35
fast_pair,LT,2025-11-25,SHORT,2025-11-25T11:10:00,4010.10,4018.30,3997.80,74,8.20,2025-11-25T11:40:00,4018.30,STOP,-606.98,-1052.56
fast_pair,LT,2025-11-26,LONG,2025-11-26T10:00:00,4041.40,4028.19,4061.21,74,13.21,2025-11-26T10:50:00,4061.21,TARGET,1465.79,1016.10
fast_pair,LT,2025-11-27,SHORT,2025-11-27T12:30:00,4103.80,4114.19,4088.21,73,10.39,2025-11-27T13:10:00,4088.21,TARGET,1137.88,689.36
fast_pair,LT,2025-11-28,LONG,2025-11-28T10:00:00,4099.50,4088.96,4115.32,73,10.54,2025-11-28T11:00:00,4088.96,STOP,-769.73,-1218.04
fast_pair,LT,2025-12-01,SHORT,2025-12-01T11:00:00,4068.60,4078.13,4054.31,73,9.53,2025-12-01T12:20:00,4054.31,TARGET,1043.40,598.67
fast_pair,LT,2025-12-04,SHORT,2025-12-04T13:30:00,3999.90,4006.47,3990.04,75,6.57,2025-12-04T13:40:00,3990.04,TARGET,739.27,289.83
fast_pair,LT,2025-12-09,LONG,2025-12-09T11:10:00,3988.80,3977.88,4005.19,75,10.92,2025-12-09T11:30:00,4005.19,TARGET,1228.90,779.23
fast_pair,LT,2025-12-10,SHORT,2025-12-10T10:20:00,3998.80,4008.53,3984.21,75,9.73,2025-12-10T10:20:00,4001.80,REVERSE,-225.00,-675.03
fast_pair,LT,2025-12-11,LONG,2025-12-11T10:30:00,4000.40,3990.28,4015.58,74,10.12,2025-12-11T11:10:00,3995.30,REVERSE,-377.40,-821.16
fast_pair,LT,2025-12-16,LONG,2025-12-16T12:40:00,4067.30,4060.20,4077.94,73,7.10,2025-12-16T13:10:00,4060.20,STOP,-518.02,-963.00
fast_pair,LT,2025-12-17,SHORT,2025-12-17T10:20:00,4056.50,4064.26,4044.86,73,7.76,2025-12-17T10:40:00,4044.86,TARGET,849.72,406.17
fast_pair,LT,2025-12-18,LONG,2025-12-18T11:40:00,4045.30,4037.50,4057.00,74,7.80,2025-12-18T12:10:00,4057.00,TARGET,865.92,416.24
fast_pair,LT,2025-12-22,SHORT,2025-12-22T11:10:00,4073.00,4079.44,4063.34,73,6.44,2025-12-22T11:30:00,4079.44,STOP,-470.26,-916.61
fast_pair,LT,2025-12-24,LONG,2025-12-24T11:30:00,4070.00,4063.36,4079.97,73,6.64,2025-12-24T11:40:00,4063.36,STOP,-485.04,-930.34
fast_pair,LT,2025-12-26,LONG,2025-12-26T13:40:00,4040.50,4034.76,4049.11,74,5.74,2025-12-26T15:20:00,4049.11,TARGET,637.01,188.04
fast_pair,LT,2025-12-29,SHORT,2025-12-29T11:10:00,4045.00,4050.95,4036.07,74,5.95,2025-12-29T11:30:00,4050.95,STOP,-440.56,-889.89
fast_pair,LT,2025-12-30,LONG,2025-12-30T10:30:00,4045.00,4037.70,4055.95,74,7.30,2025-12-30T10:40:00,4037.70,STOP,-540.41,-989.00
fast_pair,LT,2026-01-02,SHORT,2026-01-02T10:50:00,4144.20,4153.10,4130.86,72,8.90,2026-01-02T10:50:00,4148.30,REVERSE,-295.20,-743.00
fast_pair,LT,2026-01-05,SHORT,2026-01-05T11:40:00,4172.00,4180.35,4159.48,71,8.35,2026-01-05T11:40:00,4179.90,REVERSE,-560.90,-1005.64
fast_pair,LT,2026-01-06,SHORT,2026-01-06T11:00:00,4149.20,4159.63,4133.56,72,10.43,2026-01-06T11:30:00,4159.63,STOP,-750.74,-1199.41
fast_pair,LT,2026-01-07,LONG,2026-01-07T11:00:00,4139.00,4127.13,4156.80,72,11.87,2026-01-07T12:50:00,4132.80,TIME_STOP,-446.40,-893.08
fast_pair,LT,2026-01-12,LONG,2026-01-12T12:40:00,3993.90,3980.83,4013.51,75,13.07,2026-01-12T14:30:00,4013.51,TARGET,1470.55,1020.13
fast_pair,LT,2026-01-14,SHORT,2026-01-14T10:20:00,3879.60,3896.65,3854.03,77,17.05,2026-01-14T10:30:00,3884.90,REVERSE,-408.10,-856.50
fast_pair,LT,2026-01-19,LONG,2026-01-19T12:40:00,3839.00,3829.03,3853.95,78,9.97,2026-01-19T13:10:00,3853.95,TARGET,1166.31,716.28
fast_pair,LT,2026-01-21,LONG,2026-01-21T12:50:00,3768.60,3754.75,3789.38,79,13.85,2026-01-21T13:00:00,3789.38,TARGET,1641.28,1193.47
fast_pair,LT,2026-01-22,SHORT,2026-01-22T11:00:00,3769.00,3780.63,3751.56,79,11.63,2026-01-22T11:30:00,3780.63,STOP,-918.60,-1365.91
fast_pair,LT,2026-01-27,SHORT,2026-01-27T11:10:00,3754.10,3765.84,3736.48,79,11.74,2026-01-27T11:10:00,3765.84,STOP,-927.78,-1373.34
fast_pair,LT,2026-01-28,SHORT,2026-01-28T12:00:00,3800.00,3809.95,3785.08,78,9.95,2026-01-28T13:50:00,3797.40,TIME_STOP,202.80,-241.65
fast_pair,LT,2026-01-30,LONG,2026-01-30T13:00:00,3920.60,3910.99,3935.01,76,9.61,2026-01-30T13:00:00,3916.50,REVERSE,-311.60,-758.31
fast_pair,LT,2026-02-02,LONG,2026-02-02T12:20:00,3908.00,3892.21,3931.68,76,15.79,2026-02-02T14:10:00,3910.00,TIME_STOP,152.00,-293.63
fast_pair,LT,2026-02-03,SHORT,2026-02-03T13:00:00,4050.00,4065.31,4027.03,74,15.31,2026-02-03T14:50:00,4039.40,TIME_STOP,784.40,335.44
fast_pair,LT,2026-02-04,SHORT,2026-02-04T11:30:00,4068.90,4082.40,4048.65,73,13.50,2026-02-04T13:00:00,4081.30,REVERSE,-905.20,-1351.42
fast_pair,LT,2026-02-05,LONG,2026-02-05T11:50:00,4061.60,4052.25,4075.63,73,9.35,2026-02-05T13:00:00,4075.63,TARGET,1024.12,578.60
fast_pair,LT,2026-02-06,SHORT,2026-02-06T11:00:00,4060.60,4070.14,4046.29,73,9.54,2026-02-06T12:50:00,4058.90,TIME_STOP,124.10,-320.44
fast_pair,LT,2026-02-11,LONG,2026-02-11T10:50:00,4162.40,4153.12,4176.32,72,9.28,2026-02-11T12:30:00,4155.60,REVERSE,-489.60,-938.77
fast_pair,LT,2026-02-12,SHORT,2026-02-12T14:10:00,4186.00,4192.95,4175.57,71,6.95,2026-02-12T14:10:00,4192.95,STOP,-493.51,-939.69
fast_pair,LT,2026-02-13,LONG,2026-02-13T11:00:00,4181.50,4169.83,4199.01,71,11.67,2026-02-13T12:50:00,4187.60,TIME_STOP,433.10,-12.55
fast_pair,LT,2026-02-16,LONG,2026-02-16T12:20:00,4174.60,4167.13,4185.81,71,7.47,2026-02-16T14:10:00,4172.80,TIME_STOP,-127.80,-572.30
fast_pair,LT,2026-02-19,LONG,2026-02-19T10:50:00,4313.60,4301.44,4331.84,69,12.16,2026-02-19T11:00:00,4308.60,REVERSE,-345.00,-791.20
fast_pair,LT,2026-02-23,SHORT,2026-02-23T13:00:00,4393.80,4401.98,4381.53,68,8.18,2026-02-23T13:10:00,4401.98,STOP,-556.15,-1004.74
fast_pair,LT,2026-02-26,SHORT,2026-02-26T12:00:00,4293.00,4306.33,4273.00,69,13.33,2026-02-26T13:50:00,4300.90,TIME_STOP,-545.10,-989.83
fast_pair,LT,2026-02-27,LONG,2026-02-27T10:50:00,4290.80,4279.67,4307.49,69,11.13,2026-02-27T11:40:00,4279.67,STOP,-767.86,-1211.38
fast_pair,LT,2026-03-04,LONG,2026-03-04T13:00:00,3834.50,3815.79,3862.57,78,18.71,2026-03-04T13:30:00,3862.57,TARGET,2189.18,1738.91
fast_pair,LT,2026-03-09,LONG,2026-03-09T13:10:00,3810.70,3795.39,3833.67,78,15.31,2026-03-09T13:30:00,3795.39,STOP,-1194.34,-1639.29
fast_pair,LT,2026-03-10,SHORT,2026-03-10T12:40:00,3860.00,3874.11,3838.83,77,14.11,2026-03-10T12:40:00,3866.20,REVERSE,-477.40,-923.59
fast_pair,LT,2026-03-11,SHORT,2026-03-11T11:00:00,3876.80,3888.37,3859.44,77,11.57,2026-03-11T12:00:00,3859.44,TARGET,1336.80,890.04
fast_pair,LT,2026-03-12,LONG,2026-03-12T12:00:00,3797.10,3783.02,3818.21,79,14.08,2026-03-12T13:50:00,3793.20,TIME_STOP,-308.10,-757.83
fast_pair,ADANIPORTS,2024-03-18,LONG,2024-03-18T10:20:00,1246.35,1227.26,1274.99,130,19.09,2024-03-18T11:50:00,1245.00,REVERSE,-175.50,-418.41
fast_pair,ADANIPORTS,2024-03-19,SHORT,2024-03-19T10:10:00,1252.45,1259.48,1241.90,239,7.03,2024-03-19T11:40:00,1241.90,TARGET,2520.98,2073.86
fast_pair,ADANIPORTS,2024-03-20,LONG,2024-03-20T11:50:00,1242.70,1236.56,1251.91,241,6.14,2024-03-20T12:00:00,1240.25,REVERSE,-590.45,-1039.24
fast_pair,ADANIPORTS,2024-03-21,SHORT,2024-03-21T12:20:00,1255.00,1260.15,1247.28,239,5.15,2024-03-21T12:30:00,1260.15,STOP,-1229.73,-1680.57
fast_pair,ADANIPORTS,2024-03-22,LONG,2024-03-22T10:00:00,1262.35,1257.24,1270.02,237,5.11,2024-03-22T11:00:00,1261.50,REVERSE,-201.45,-650.06
fast_pair,ADANIPORTS,2024-03-27,SHORT,2024-03-27T13:30:00,1334.55,1338.37,1328.81,224,3.82,2024-03-27T13:40:00,1338.37,STOP,-856.50,-1305.55
fast_pair,ADANIPORTS,2024-03-28,LONG,2024-03-28T11:00:00,1327.75,1322.46,1335.69,225,5.29,2024-03-28T12:50:00,1335.69,TARGET,1785.59,1336.14
fast_pair,ADANIPORTS,2024-04-02,SHORT,2024-04-02T13:10:00,1401.10,1405.27,1394.85,214,4.17,2024-04-02T13:20:00,1394.85,TARGET,1337.18,888.43
fast_pair,ADANIPORTS,2024-04-03,LONG,2024-04-03T12:20:00,1399.50,1395.04,1406.20,214,4.46,2024-04-03T14:10:00,1399.05,TIME_STOP,-96.30,-545.47
fast_pair,ADANIPORTS,2024-04-04,SHORT,2024-04-04T10:00:00,1393.50,1398.35,1386.23,215,4.85,2024-04-04T10:50:00,1386.23,TARGET,1562.57,1114.34
fast_pair,ADANIPORTS,2024-04-05,LONG,2024-04-05T10:40:00,1372.05,1366.81,1379.92,218,5.24,2024-04-05T12:30:00,1374.15,TIME_STOP,457.80,8.80
fast_pair,ADANIPORTS,2024-04-10,LONG,2024-04-10T11:10:00,1352.25,1348.51,1357.85,221,3.74,2024-04-10T11:50:00,1351.45,REVERSE,-176.80,-624.94
fast_pair,ADANIPORTS,2024-04-12,LONG,2024-04-12T10:10:00,1355.20,1351.53,1360.71,221,3.67,2024-04-12T10:20:00,1351.53,STOP,-811.96,-1260.60
fast_pair,ADANIPORTS,2024-04-15,LONG,2024-04-15T14:10:00,1324.00,1320.09,1329.86,226,3.91,2024-04-15T14:20:00,1320.09,STOP,-883.27,-1331.45
fast_pair,ADANIPORTS,2024-04-18,SHORT,2024-04-18T13:20:00,1326.10,1329.87,1320.44,226,3.77,2024-04-18T13:30:00,1320.44,TARGET,1279.46,830.88
fast_pair,ADANIPORTS,2024-04-19,LONG,2024-04-19T12:00:00,1299.65,1292.79,1309.93,230,6.86,2024-04-19T12:50:00,1309.93,TARGET,2365.36,1915.20
fast_pair,ADANIPORTS,2024-04-22,SHORT,2024-04-22T13:30:00,1320.15,1323.77,1314.72,227,3.62,2024-04-22T15:10:00,1321.45,REVERSE,-295.10,-744.83
fast_pair,ADANIPORTS,2024-04-23,SHORT,2024-04-23T13:20:00,1326.90,1330.55,1321.43,226,3.65,2024-04-23T13:30:00,1330.55,STOP,-824.70,-1275.14
fast_pair,ADANIPORTS,2024-04-25,LONG,2024-04-25T11:40:00,1325.45,1321.72,1331.04,226,3.73,2024-04-25T12:20:00,1322.15,REVERSE,-745.80,-1194.57
fast_pair,ADANIPORTS,2024-04-26,SHORT,2024-04-26T10:10:00,1327.30,1332.07,1320.14,226,4.77,2024-04-26T10:30:00,1332.07,STOP,-1078.16,-1528.92
fast_pair,ADANIPORTS,2024-04-29,LONG,2024-04-29T13:20:00,1316.10,1313.16,1320.52,227,2.94,2024-04-29T15:10:00,1317.10,TIME_STOP,227.00,-221.30
fast_pair,ADANIPORTS,2024-05-03,SHORT,2024-05-03T10:50:00,1328.30,1334.46,1319.06,225,6.16,2024-05-03T11:30:00,1319.06,TARGET,2078.96,1632.22
fast_pair,ADANIPORTS,2024-05-06,LONG,2024-05-06T12:20:00,1292.00,1284.41,1303.38,232,7.59,2024-05-06T13:10:00,1284.41,STOP,-1760.65,-2208.95
fast_pair,ADANIPORTS,2024-05-07,SHORT,2024-05-07T10:20:00,1290.10,1296.07,1281.14,232,5.97,2024-05-07T10:30:00,1281.14,TARGET,2078.79,1631.40
fast_pair,ADANIPORTS,2024-05-08,LONG,2024-05-08T10:10:00,1286.40,1280.19,1295.72,233,6.21,2024-05-08T10:40:00,1282.00,REVERSE,-1025.20,-1474.03
fast_pair,ADANIPORTS,2024-05-09,SHORT,2024-05-09T10:10:00,1278.50,1283.66,1270.77,234,5.16,2024-05-09T10:40:00,1270.77,TARGET,1809.70,1362.30
fast_pair,ADANIPORTS,2024-05-14,SHORT,2024-05-14T10:00:00,1286.80,1293.50,1276.75,233,6.70,2024-05-14T10:10:00,1293.50,STOP,-1561.11,-2012.02
fast_pair,ADANIPORTS,2024-05-15,SHORT,2024-05-15T12:20:00,1340.45,1345.89,1332.29,223,5.44,2024-05-15T13:20:00,1342.05,REVERSE,-356.80,-805.45
fast_pair,ADANIPORTS,2024-05-16,SHORT,2024-05-16T10:30:00,1332.65,1339.19,1322.84,225,6.54,2024-05-16T10:30:00,1339.19,STOP,-1471.08,-1921.96
fast_pair,ADANIPORTS,2024-05-17,SHORT,2024-05-17T10:00:00,1328.85,1336.75,1317.00,225,7.90,2024-05-17T10:20:00,1336.75,STOP,-1777.13,-2226.95
fast_pair,ADANIPORTS,2024-05-22,LONG,2024-05-22T12:00:00,1378.75,1372.81,1387.66,217,5.94,2024-05-22T13:10:00,1372.81,STOP,-1289.27,-1737.09
fast_pair,ADANIPORTS,2024-05-23,SHORT,2024-05-23T10:40:00,1375.65,1381.30,1367.17,218,5.65,2024-05-23T11:10:00,1381.30,STOP,-1232.54,-1683.30
fast_pair,ADANIPORTS,2024-05-24,LONG,2024-05-24T11:10:00,1428.00,1417.47,1443.79,210,10.53,2024-05-24T11:50:00,1443.79,TARGET,3316.04,2863.73
fast_pair,ADANIPORTS,2024-05-29,LONG,2024-05-29T11:30:00,1402.60,1396.82,1411.28,213,5.78,2024-05-29T11:40:00,1411.28,TARGET,1847.83,1398.31
fast_pair,ADANIPORTS,2024-05-30,LONG,2024-05-30T12:40:00,1405.70,1400.60,1413.35,213,5.10,2024-05-30T14:00:00,1401.50,REVERSE,-894.60,-1343.05
fast_pair,ADANIPORTS,2024-05-31,SHORT,2024-05-31T10:40:00,1393.95,1401.47,1382.66,215,7.52,2024-05-31T10:50:00,1401.47,STOP,-1617.58,-2068.35
fast_pair,ADANIPORTS,2024-06-04,SHORT,2024-06-04T10:50:00,1425.55,1447.71,1392.31,112,22.16,2024-06-04T11:00:00,1392.31,TARGET,3722.82,3486.12
fast_pair,ADANIPORTS,2024-06-05,LONG,2024-06-05T11:10:00,1282.95,1248.69,1334.34,72,34.26,2024-06-05T13:00:00,1308.40,TIME_STOP,1832.40,1692.47
fast_pair,ADANIPORTS,2024-06-06,SHORT,2024-06-06T12:10:00,1370.60,1384.16,1350.26,184,13.56,2024-06-06T13:00:00,1350.26,TARGET,3741.74,3366.26
fast_pair,ADANIPORTS,2024-06-07,SHORT,2024-06-07T13:20:00,1369.50,1376.30,1359.30,219,6.80,2024-06-07T14:10:00,1374.55,REVERSE,-1105.95,-1556.66
fast_pair,ADANIPORTS,2024-06-10,SHORT,2024-06-10T12:50:00,1394.10,1399.97,1385.30,215,5.87,2024-06-10T13:00:00,1395.25,REVERSE,-247.25,-697.03
fast_pair,ADANIPORTS,2024-06-12,SHORT,2024-06-12T12:50:00,1403.50,1407.76,1397.11,213,4.26,2024-06-12T13:00:00,1397.11,TARGET,1361.35,913.96
fast_pair,ADANIPORTS,2024-06-13,SHORT,2024-06-13T11:00:00,1398.00,1402.71,1390.94,214,4.71,2024-06-13T11:20:00,1390.94,TARGET,1511.38,1063.75
fast_pair,ADANIPORTS,2024-06-14,SHORT,2024-06-14T13:10:00,1426.00,1431.43,1417.86,210,5.43,2024-06-14T13:20:00,1431.43,STOP,-1140.15,-1590.19
fast_pair,ADANIPORTS,2024-06-20,SHORT,2024-06-20T13:10:00,1460.00,1464.39,1453.42,205,4.39,2024-06-20T13:50:00,1464.39,STOP,-899.55,-1349.18
fast_pair,ADANIPORTS,2024-06-21,SHORT,2024-06-21T12:00:00,1475.25,1480.02,1468.10,203,4.77,2024-06-21T12:10:00,1480.02,STOP,-967.51,-1417.45
fast_pair,ADANIPORTS,2024-06-26,SHORT,2024-06-26T12:40:00,1459.95,1464.00,1453.87,205,4.05,2024-06-26T14:00:00,1461.55,REVERSE,-328.00,-777.18
fast_pair,ADANIPORTS,2024-06-28,SHORT,2024-06-28T12:40:00,1476.30,1482.35,1467.23,203,6.05,2024-06-28T13:10:00,1482.35,STOP,-1228.02,-1678.47
fast_pair,ADANIPORTS,2024-07-01,LONG,2024-07-01T10:10:00,1488.60,1482.64,1497.54,201,5.96,2024-07-01T10:10:00,1482.64,STOP,-1197.44,-1645.36
fast_pair,ADANIPORTS,2024-07-02,LONG,2024-07-02T10:50:00,1488.00,1482.94,1495.60,201,5.06,2024-07-02T11:00:00,1482.94,STOP,-1017.96,-1465.83
fast_pair,ADANIPORTS,2024-07-04,SHORT,2024-07-04T10:50:00,1498.30,1503.36,1490.71,200,5.06,2024-07-04T11:10:00,1503.36,STOP,-1012.43,-1462.68
fast_pair,ADANIPORTS,2024-07-09,SHORT,2024-07-09T11:30:00,1483.90,1488.99,1476.26,202,5.09,2024-07-09T13:20:00,1480.00,TIME_STOP,787.80,338.77
fast_pair,ADANIPORTS,2024-07-10,SHORT,2024-07-10T10:20:00,1477.05,1481.65,1470.14,203,4.60,2024-07-10T10:20:00,1470.14,TARGET,1401.92,953.21
fast_pair,ADANIPORTS,2024-07-11,SHORT,2024-07-11T10:30:00,1482.15,1487.20,1474.58,202,5.05,2024-07-11T11:00:00,1487.20,STOP,-1020.02,-1469.88
fast_pair,ADANIPORTS,2024-07-12,SHORT,2024-07-12T10:50:00,1485.40,1489.51,1479.24,201,4.11,2024-07-12T10:50:00,1489.51,STOP,-825.97,-1274.44
fast_pair,ADANIPORTS,2024-07-16,SHORT,2024-07-16T12:00:00,1500.35,1503.86,1495.08,199,3.51,2024-07-16T13:20:00,1495.08,TARGET,1048.05,600.98
fast_pair,ADANIPORTS,2024-07-18,LONG,2024-07-18T12:50:00,1486.50,1481.90,1493.40,201,4.60,2024-07-18T13:00:00,1481.90,STOP,-924.55,-1372.04
fast_pair,ADANIPORTS,2024-07-19,SHORT,2024-07-19T10:10:00,1486.15,1491.99,1477.38,201,5.84,2024-07-19T10:20:00,1491.99,STOP,-1174.54,-1623.50
fast_pair,ADANIPORTS,2024-07-22,LONG,2024-07-22T10:50:00,1473.60,1467.34,1482.98,203,6.26,2024-07-22T11:10:00,1467.34,STOP,-1269.86,-1717.62
fast_pair,ADANIPORTS,2024-07-23,SHORT,2024-07-23T12:30:00,1452.95,1461.92,1439.49,206,8.97,2024-07-23T12:30:00,1461.92,STOP,-1848.42,-2298.77
fast_pair,ADANIPORTS,2024-07-25,LONG,2024-07-25T10:30:00,1490.00,1483.55,1499.67,201,6.45,2024-07-25T12:20:00,1492.95,TIME_STOP,592.95,143.27
fast_pair,ADANIPORTS,2024-07-30,SHORT,2024-07-30T12:00:00,1540.95,1545.36,1534.34,194,4.41,2024-07-30T12:00:00,1545.36,STOP,-854.89,-1303.95
fast_pair,ADANIPORTS,2024-08-01,SHORT,2024-08-01T11:40:00,1583.00,1589.05,1573.93,189,6.05,2024-08-01T12:10:00,1573.93,TARGET,1714.27,1266.78
fast_pair,ADANIPORTS,2024-08-02,LONG,2024-08-02T11:00:00,1588.00,1577.58,1603.64,188,10.42,2024-08-02T12:50:00,1589.20,TIME_STOP,225.60,-222.39
fast_pair,ADANIPORTS,2024-08-07,SHORT,2024-08-07T13:30:00,1530.40,1535.80,1522.29,196,5.40,2024-08-07T14:20:00,1535.80,STOP,-1059.11,-1509.84
fast_pair,ADANIPORTS,2024-08-08,SHORT,2024-08-08T12:10:00,1541.85,1547.82,1532.89,194,5.97,2024-08-08T12:10:00,1546.45,REVERSE,-892.40,-1341.75
fast_pair,ADANIPORTS,2024-08-09,SHORT,2024-08-09T10:10:00,1527.00,1533.92,1516.62,196,6.92,2024-08-09T12:00:00,1525.35,REVERSE,323.40,-125.30
fast_pair,ADANIPORTS,2024-08-12,LONG,2024-08-12T11:10:00,1516.05,1505.34,1532.11,197,10.71,2024-08-12T11:40:00,1505.34,STOP,-2109.66,-2556.07
fast_pair,ADANIPORTS,2024-08-13,LONG,2024-08-13T10:00:00,1505.25,1497.75,1516.50,199,7.50,2024-08-13T10:10:00,1501.80,REVERSE,-686.55,-1135.35
fast_pair,ADANIPORTS,2024-08-16,LONG,2024-08-16T12:20:00,1470.65,1465.77,1477.97,203,4.88,2024-08-16T13:10:00,1477.97,TARGET,1486.15,1037.22
fast_pair,ADANIPORTS,2024-08-19,SHORT,2024-08-19T12:30:00,1493.90,1497.41,1488.64,200,3.51,2024-08-19T12:50:00,1494.85,REVERSE,-190.00,-638.31
fast_pair,ADANIPORTS,2024-08-20,SHORT,2024-08-20T10:00:00,1493.30,1497.17,1487.49,200,3.87,2024-08-20T10:30:00,1497.00,REVERSE,-740.00,-1188.55
fast_pair,ADANIPORTS,2024-08-21,SHORT,2024-08-21T12:00:00,1503.45,1507.92,1496.74,199,4.47,2024-08-21T12:20:00,1505.80,REVERSE,-467.65,-916.78
fast_pair,ADANIPORTS,2024-08-27,SHORT,2024-08-27T11:00:00,1485.00,1488.32,1480.02,202,3.32,2024-08-27T12:50:00,1482.75,TIME_STOP,454.50,4.89
fast_pair,ADANIPORTS,2024-08-28,LONG,2024-08-28T10:20:00,1485.65,1482.29,1490.70,201,3.36,2024-08-28T10:40:00,1482.29,STOP,-676.32,-1123.74
fast_pair,ADANIPORTS,2024-08-29,LONG,2024-08-29T12:40:00,1472.90,1468.54,1479.44,203,4.36,2024-08-29T12:40:00,1479.44,TARGET,1327.56,878.07
fast_pair,ADANIPORTS,2024-09-02,SHORT,2024-09-02T12:00:00,1480.40,1485.12,1473.33,202,4.72,2024-09-02T12:20:00,1485.12,STOP,-952.67,-1401.94
fast_pair,ADANIPORTS,2024-09-03,LONG,2024-09-03T13:10:00,1488.20,1485.70,1491.95,201,2.50,2024-09-03T14:00:00,1485.70,STOP,-501.87,-950.19
fast_pair,ADANIPORTS,2024-09-05,SHORT,2024-09-05T10:20:00,1469.50,1472.50,1465.00,204,3.00,2024-09-05T10:30:00,1465.00,TARGET,917.04,468.06
fast_pair,ADANIPORTS,2024-09-06,LONG,2024-09-06T13:40:00,1445.20,1440.14,1452.78,207,5.06,2024-09-06T14:10:00,1440.14,STOP,-1046.47,-1494.42
fast_pair,ADANIPORTS,2024-09-09,LONG,2024-09-09T11:00:00,1433.85,1427.60,1443.22,209,6.25,2024-09-09T12:10:00,1428.80,REVERSE,-1055.45,-1504.17
fast_pair,ADANIPORTS,2024-09-11,LONG,2024-09-11T10:50:00,1456.85,1452.39,1463.54,205,4.46,2024-09-11T10:50:00,1452.39,STOP,-913.75,-1361.05
fast_pair,ADANIPORTS,2024-09-12,SHORT,2024-09-12T11:40:00,1446.75,1453.28,1436.95,207,6.53,2024-09-12T13:30:00,1445.50,TIME_STOP,258.75,-190.27
fast_pair,ADANIPORTS,2024-09-13,SHORT,2024-09-13T10:30:00,1459.20,1464.56,1451.16,205,5.36,2024-09-13T11:50:00,1451.16,TARGET,1648.97,1201.50
fast_pair,ADANIPORTS,2024-09-16,SHORT,2024-09-16T10:30:00,1452.70,1456.38,1447.18,206,3.68,2024-09-16T10:30:00,1456.38,STOP,-757.81,-1207.26
fast_pair,ADANIPORTS,2024-09-17,LONG,2024-09-17T13:00:00,1429.05,1425.95,1433.70,209,3.10,2024-09-17T14:40:00,1427.50,REVERSE,-323.95,-771.71
fast_pair,ADANIPORTS,2024-09-18,SHORT,2024-09-18T11:30:00,1426.10,1430.00,1420.25,210,3.90,2024-09-18T11:30:00,1430.00,STOP,-819.47,-1269.30
fast_pair,ADANIPORTS,2024-09-19,SHORT,2024-09-19T10:20:00,1420.95,1425.90,1413.53,211,4.95,2024-09-19T11:10:00,1413.53,TARGET,1566.67,1118.11
fast_pair,ADANIPORTS,2024-09-24,SHORT,2024-09-24T11:30:00,1449.85,1455.46,1441.43,206,5.61,2024-09-24T12:50:00,1453.10,REVERSE,-669.50,-1118.01
fast_pair,ADANIPORTS,2024-09-25,LONG,2024-09-25T11:40:00,1450.00,1446.24,1455.64,206,3.76,2024-09-25T11:40:00,1447.50,REVERSE,-515.00,-962.66
fast_pair,ADANIPORTS,2024-09-26,SHORT,2024-09-26T12:30:00,1453.65,1456.84,1448.86,206,3.19,2024-09-26T12:40:00,1455.45,REVERSE,-370.80,-820.26
fast_pair,ADANIPORTS,2024-09-27,SHORT,2024-09-27T11:20:00,1468.50,1472.82,1462.02,204,4.32,2024-09-27T12:50:00,1472.82,STOP,-881.33,-1331.35
fast_pair,ADANIPORTS,2024-09-30,LONG,2024-09-30T11:00:00,1462.45,1456.12,1471.94,205,6.33,2024-09-30T12:20:00,1456.12,STOP,-1297.46,-1746.19
fast_pair,ADANIPORTS,2024-10-03,SHORT,2024-10-03T11:30:00,1445.30,1450.29,1437.81,207,4.99,2024-10-03T11:40:00,1437.81,TARGET,1550.14,1102.54
fast_pair,ADANIPORTS,2024-10-04,LONG,2024-10-04T10:00:00,1430.55,1422.88,1442.06,209,7.67,2024-10-04T10:20:00,1422.88,STOP,-1603.05,-2050.33
fast_pair,ADANIPORTS,2024-10-10,SHORT,2024-10-10T10:00:00,1413.00,1420.06,1402.41,212,7.06,2024-10-10T10:00:00,1418.00,REVERSE,-1060.00,-1510.13
fast_pair,ADANIPORTS,2024-10-11,SHORT,2024-10-11T10:50:00,1413.80,1419.12,1405.82,212,5.32,2024-10-11T12:40:00,1410.00,TIME_STOP,805.60,356.62
fast_pair,ADANIPORTS,2024-10-14,SHORT,2024-10-14T11:00:00,1412.90,1416.96,1406.81,212,4.06,2024-10-14T12:50:00,1408.60,TIME_STOP,911.60,462.98
fast_pair,ADANIPORTS,2024-10-15,SHORT,2024-10-15T10:40:00,1408.80,1412.89,1402.66,212,4.09,2024-10-15T10:40:00,1412.89,STOP,-868.04,-1316.69
fast_pair,ADANIPORTS,2024-10-18,LONG,2024-10-18T10:50:00,1397.95,1391.98,1406.90,214,5.97,2024-10-18T12:20:00,1406.90,TARGET,1915.55,1465.37
fast_pair,ADANIPORTS,2024-10-22,LONG,2024-10-22T10:00:00,1380.00,1374.70,1387.95,217,5.30,2024-10-22T10:10:00,1374.70,STOP,-1149.92,-1598.25
fast_pair,ADANIPORTS,2024-10-24,LONG,2024-10-24T10:30:00,1351.65,1345.30,1361.18,221,6.35,2024-10-24T12:20:00,1351.70,TIME_STOP,11.05,-437.03
fast_pair,ADANIPORTS,2024-10-28,LONG,2024-10-28T10:50:00,1346.55,1338.34,1358.86,222,8.21,2024-10-28T12:40:00,1349.90,TIME_STOP,743.70,294.74
fast_pair,ADANIPORTS,2024-10-29,LONG,2024-10-29T12:30:00,1338.00,1331.87,1347.19,224,6.13,2024-10-29T12:40:00,1331.87,STOP,-1372.57,-1821.10
fast_pair,ADANIPORTS,2024-10-30,SHORT,2024-10-30T14:10:00,1403.35,1408.47,1395.67,213,5.12,2024-10-30T15:00:00,1408.47,STOP,-1090.54,-1539.73
fast_pair,ADANIPORTS,2024-11-05,LONG,2024-11-05T13:40:00,1313.10,1307.70,1321.20,228,5.40,2024-11-05T14:30:00,1321.20,TARGET,1847.09,1396.63
fast_pair,ADANIPORTS,2024-11-08,SHORT,2024-11-08T10:10:00,1352.25,1357.83,1343.88,221,5.58,2024-11-08T10:10:00,1355.95,REVERSE,-817.70,-1266.58
fast_pair,ADANIPORTS,2024-11-11,LONG,2024-11-11T11:00:00,1352.75,1347.22,1361.04,221,5.53,2024-11-11T12:20:00,1349.05,REVERSE,-817.70,-1265.52
fast_pair,ADANIPORTS,2024-11-12,LONG,2024-11-12T11:30:00,1347.25,1342.85,1353.84,222,4.40,2024-11-12T12:20:00,1345.25,REVERSE,-444.00,-892.30
fast_pair,ADANIPORTS,2024-11-14,LONG,2024-11-14T10:30:00,1296.05,1289.00,1306.63,231,7.05,2024-11-14T10:30:00,1289.00,STOP,-1629.57,-2077.43
fast_pair,ADANIPORTS,2024-11-19,SHORT,2024-11-19T13:20:00,1310.00,1314.41,1303.38,229,4.41,2024-11-19T14:30:00,1303.38,TARGET,1516.32,1067.47
fast_pair,ADANIPORTS,2024-11-21,LONG,2024-11-21T13:00:00,1133.90,1114.11,1163.59,126,19.79,2024-11-21T14:50:00,1129.45,TIME_STOP,-560.70,-774.59
fast_pair,ADANIPORTS,2024-11-22,LONG,2024-11-22T11:00:00,1114.90,1097.38,1141.18,142,17.52,2024-11-22T11:30:00,1141.18,TARGET,3732.13,3491.86
fast_pair,ADANIPORTS,2024-11-27,LONG,2024-11-27T11:40:00,1166.90,1155.35,1184.23,216,11.55,2024-11-27T12:50:00,1184.23,TARGET,3742.53,3361.65
fast_pair,ADANIPORTS,2024-11-28,SHORT,2024-11-28T11:00:00,1201.40,1214.22,1182.17,195,12.82,2024-11-28T12:40:00,1182.17,TARGET,3749.57,3400.97
fast_pair,ADANIPORTS,2024-11-29,SHORT,2024-11-29T11:20:00,1174.00,1181.54,1162.69,255,7.54,2024-11-29T12:10:00,1181.54,STOP,-1923.03,-2373.53
fast_pair,ADANIPORTS,2024-12-02,SHORT,2024-12-02T11:20:00,1198.95,1205.90,1188.52,250,6.95,2024-12-02T12:40:00,1203.10,REVERSE,-1037.50,-1487.88
fast_pair,ADANIPORTS,2024-12-05,LONG,2024-12-05T12:30:00,1275.25,1268.35,1285.61,235,6.90,2024-12-05T14:20:00,1277.70,TIME_STOP,575.75,125.79
fast_pair,ADANIPORTS,2024-12-06,SHORT,2024-12-06T10:20:00,1273.80,1280.39,1263.91,235,6.59,2024-12-06T10:20:00,1278.75,REVERSE,-1163.25,-1613.14
fast_pair,ADANIPORTS,2024-12-09,LONG,2024-12-09T11:20:00,1260.00,1255.90,1266.15,238,4.10,2024-12-09T11:30:00,1266.15,TARGET,1464.08,1013.17
fast_pair,ADANIPORTS,2024-12-11,SHORT,2024-12-11T10:00:00,1247.60,1251.52,1241.72,240,3.92,2024-12-11T10:10:00,1241.72,TARGET,1411.80,963.72
fast_pair,ADANIPORTS,2024-12-13,SHORT,2024-12-13T10:40:00,1233.05,1238.27,1225.22,243,5.22,2024-12-13T10:50:00,1238.27,STOP,-1268.50,-1718.90
fast_pair,ADANIPORTS,2024-12-16,LONG,2024-12-16T13:00:00,1247.25,1243.90,1252.27,240,3.35,2024-12-16T13:30:00,1243.90,STOP,-803.42,-1251.83
fast_pair,ADANIPORTS,2024-12-17,SHORT,2024-12-17T12:30:00,1249.30,1253.15,1243.52,240,3.85,2024-12-17T12:30:00,1252.95,REVERSE,-876.00,-1326.41
fast_pair,ADANIPORTS,2024-12-19,LONG,2024-12-19T11:40:00,1206.30,1202.15,1212.52,248,4.15,2024-12-19T11:50:00,1202.95,REVERSE,-830.80,-1278.92
fast_pair,ADANIPORTS,2024-12-23,LONG,2024-12-23T11:20:00,1192.50,1187.70,1199.71,251,4.80,2024-12-23T12:50:00,1188.40,REVERSE,-1029.10,-1477.30
fast_pair,ADANIPORTS,2024-12-24,SHORT,2024-12-24T11:40:00,1192.10,1196.46,1185.57,251,4.36,2024-12-24T11:40:00,1194.80,REVERSE,-677.70,-1127.03
fast_pair,ADANIPORTS,2024-12-27,SHORT,2024-12-27T12:30:00,1241.55,1246.47,1234.16,241,4.92,2024-12-27T14:20:00,1236.95,TIME_STOP,1108.60,660.61
fast_pair,ADANIPORTS,2024-12-30,SHORT,2024-12-30T11:20:00,1240.10,1246.23,1230.91,241,6.13,2024-12-30T13:10:00,1235.00,TIME_STOP,1229.10,781.73
fast_pair,ADANIPORTS,2024-12-31,LONG,2024-12-31T12:20:00,1219.20,1213.94,1227.09,246,5.26,2024-12-31T12:40:00,1227.09,TARGET,1942.00,1490.66
fast_pair,ADANIPORTS,2025-01-01,LONG,2025-01-01T11:20:00,1223.75,1218.16,1232.13,245,5.59,2025-01-01T11:30:00,1218.16,STOP,-1368.57,-1817.27
fast_pair,ADANIPORTS,2025-01-02,LONG,2025-01-02T11:10:00,1221.15,1217.02,1227.35,245,4.13,2025-01-02T11:20:00,1217.02,STOP,-1012.90,-1460.92
fast_pair,ADANIPORTS,2025-01-03,SHORT,2025-01-03T10:30:00,1220.10,1224.92,1212.88,245,4.82,2025-01-03T12:20:00,1212.88,TARGET,1769.80,1322.74
fast_pair,ADANIPORTS,2025-01-08,LONG,2025-01-08T13:50:00,1149.10,1144.55,1155.92,261,4.55,2025-01-08T13:50:00,1155.92,TARGET,1780.81,1329.60
fast_pair,ADANIPORTS,2025-01-10,LONG,2025-01-10T11:20:00,1131.75,1126.54,1139.57,265,5.21,2025-01-10T12:10:00,1126.54,STOP,-1381.46,-1830.29
fast_pair,ADANIPORTS,2025-01-14,LONG,2025-01-14T11:00:00,1114.55,1106.74,1126.27,269,7.81,2025-01-14T11:10:00,1126.27,TARGET,3152.15,2700.07
fast_pair,ADANIPORTS,2025-01-15,SHORT,2025-01-15T11:40:00,1124.35,1129.56,1116.53,266,5.21,2025-01-15T13:00:00,1126.50,REVERSE,-571.90,-1020.94
fast_pair,ADANIPORTS,2025-01-16,SHORT,2025-01-16T11:40:00,1151.70,1158.79,1141.07,260,7.09,2025-01-16T13:00:00,1156.90,REVERSE,-1352.00,-1802.18
fast_pair,ADANIPORTS,2025-01-17,SHORT,2025-01-17T11:40:00,1157.15,1162.51,1149.11,259,5.36,2025-01-17T13:10:00,1162.51,STOP,-1389.10,-1839.69
fast_pair,ADANIPORTS,2025-01-20,LONG,2025-01-20T11:20:00,1158.80,1154.43,1165.36,258,4.37,2025-01-20T11:20:00,1157.40,REVERSE,-361.20,-809.38
fast_pair,ADANIPORTS,2025-01-23,SHORT,2025-01-23T13:20:00,1104.15,1108.10,1098.22,271,3.95,2025-01-23T13:40:00,1105.65,REVERSE,-406.50,-855.64
fast_pair,ADANIPORTS,2025-01-24,LONG,2025-01-24T11:00:00,1105.90,1101.22,1112.91,271,4.68,2025-01-24T11:40:00,1112.91,TARGET,1901.04,1450.07
fast_pair,ADANIPORTS,2025-01-27,LONG,2025-01-27T11:30:00,1088.05,1082.54,1096.31,275,5.51,2025-01-27T13:00:00,1085.05,REVERSE,-825.00,-1273.20
fast_pair,ADANIPORTS,2025-01-28,LONG,2025-01-28T11:20:00,1078.50,1072.32,1087.78,278,6.18,2025-01-28T13:00:00,1087.78,TARGET,2579.01,2127.34
fast_pair,ADANIPORTS,2025-01-30,SHORT,2025-01-30T13:30:00,1081.05,1087.94,1070.72,277,6.89,2025-01-30T13:30:00,1087.94,STOP,-1908.34,-2358.94
fast_pair,ADANIPORTS,2025-01-31,SHORT,2025-01-31T14:00:00,1097.85,1103.64,1089.17,273,5.79,2025-01-31T15:00:00,1101.30,REVERSE,-941.85,-1392.13
fast_pair,ADANIPORTS,2025-02-01,SHORT,2025-02-01T11:10:00,1097.60,1103.10,1089.35,273,5.50,2025-02-01T11:20:00,1103.10,STOP,-1500.77,-1951.37
fast_pair,ADANIPORTS,2025-02-03,LONG,2025-02-03T11:30:00,1080.75,1072.41,1093.27,277,8.34,2025-02-03T13:20:00,1086.35,TIME_STOP,1551.20,1100.98
fast_pair,ADANIPORTS,2025-02-07,SHORT,2025-02-07T12:30:00,1155.00,1160.44,1146.84,259,5.44,2025-02-07T12:30:00,1160.44,STOP,-1408.90,-1858.67
fast_pair,ADANIPORTS,2025-02-11,SHORT,2025-02-11T11:10:00,1142.20,1149.28,1131.59,262,7.08,2025-02-11T11:30:00,1131.59,TARGET,2780.89,2334.09
fast_pair,ADANIPORTS,2025-02-12,LONG,2025-02-12T11:30:00,1124.30,1115.58,1137.37,266,8.72,2025-02-12T12:00:00,1137.37,TARGET,3477.58,3026.37
fast_pair,ADANIPORTS,2025-02-13,SHORT,2025-02-13T13:20:00,1136.15,1141.52,1128.10,264,5.37,2025-02-13T13:50:00,1128.10,TARGET,2125.28,1676.96
fast_pair,ADANIPORTS,2025-02-17,LONG,2025-02-17T13:10:00,1069.95,1063.15,1080.15,280,6.80,2025-02-17T15:00:00,1075.10,TIME_STOP,1442.00,991.54
fast_pair,ADANIPORTS,2025-02-18,LONG,2025-02-18T12:40:00,1073.85,1068.74,1081.51,279,5.11,2025-02-18T13:00:00,1068.74,STOP,-1424.52,-1872.86
fast_pair,ADANIPORTS,2025-02-19,LONG,2025-02-19T10:00:00,1082.80,1076.66,1092.01,277,6.14,2025-02-19T11:50:00,1090.00,TIME_STOP,1994.40,1543.00
fast_pair,ADANIPORTS,2025-02-24,LONG,2025-02-24T11:50:00,1082.20,1077.66,1089.01,277,4.54,2025-02-24T12:00:00,1077.66,STOP,-1256.81,-1705.53
fast_pair,ADANIPORTS,2025-02-27,LONG,2025-02-27T12:00:00,1076.80,1073.26,1082.10,278,3.54,2025-02-27T13:50:00,1078.70,TIME_STOP,528.20,78.78
fast_pair,ADANIPORTS,2025-02-28,LONG,2025-02-28T10:50:00,1080.50,1075.66,1087.76,277,4.84,2025-02-28T11:20:00,1075.66,STOP,-1341.54,-1789.48
fast_pair,ADANIPORTS,2025-03-03,LONG,2025-03-03T12:50:00,1053.50,1047.65,1062.28,284,5.85,2025-03-03T14:40:00,1055.80,TIME_STOP,653.20,203.92
fast_pair,ADANIPORTS,2025-03-04,LONG,2025-03-04T10:10:00,1056.20,1050.83,1064.25,284,5.37,2025-03-04T10:40:00,1051.25,REVERSE,-1405.80,-1854.69
fast_pair,ADANIPORTS,2025-03-06,LONG,2025-03-06T10:20:00,1115.35,1109.42,1124.24,268,5.93,2025-03-06T12:10:00,1120.60,TIME_STOP,1407.00,957.57
fast_pair,ADANIPORTS,2025-03-07,SHORT,2025-03-07T12:30:00,1146.90,1152.00,1139.24,261,5.10,2025-03-07T12:30:00,1152.00,STOP,-1332.20,-1782.21
fast_pair,ADANIPORTS,2025-03-11,LONG,2025-03-11T11:10:00,1145.00,1139.93,1152.60,262,5.07,2025-03-11T12:00:00,1139.93,STOP,-1327.26,-1776.25
fast_pair,ADANIPORTS,2025-03-12,SHORT,2025-03-12T10:40:00,1138.15,1143.25,1130.51,263,5.10,2025-03-12T10:50:00,1130.51,TARGET,2010.38,1562.88
fast_pair,ADANIPORTS,2025-03-13,LONG,2025-03-13T10:10:00,1130.00,1123.96,1139.06,265,6.04,2025-03-13T10:30:00,1139.06,TARGET,2401.52,1950.54
fast_pair,ADANIPORTS,2025-03-17,SHORT,2025-03-17T11:20:00,1129.75,1134.71,1122.31,265,4.96,2025-03-17T11:40:00,1134.71,STOP,-1314.19,-1764.25
fast_pair,ADANIPORTS,2025-03-19,SHORT,2025-03-19T13:10:00,1175.25,1179.01,1169.61,255,3.76,2025-03-19T14:30:00,1176.00,REVERSE,-191.25,-640.93
fast_pair,ADANIPORTS,2025-03-20,LONG,2025-03-20T10:50:00,1173.45,1168.44,1180.97,255,5.01,2025-03-20T11:30:00,1169.95,REVERSE,-892.50,-1340.68
fast_pair,ADANIPORTS,2025-03-21,SHORT,2025-03-21T13:20:00,1191.00,1195.15,1184.78,251,4.15,2025-03-21T13:40:00,1184.78,TARGET,1561.28,1114.04
fast_pair,ADANIPORTS,2025-03-25,LONG,2025-03-25T14:00:00,1187.05,1182.51,1193.87,252,4.54,2025-03-25T14:50:00,1182.51,STOP,-1145.24,-1593.08
fast_pair,ADANIPORTS,2025-03-27,LONG,2025-03-27T10:20:00,1185.00,1180.27,1192.10,253,4.73,2025-03-27T10:40:00,1180.27,STOP,-1197.02,-1645.83
fast_pair,ADANIPORTS,2025-03-28,SHORT,2025-03-28T11:50:00,1192.50,1198.10,1184.10,251,5.60,2025-03-28T12:30:00,1184.10,TARGET,2107.48,1660.08
fast_pair,ADANIPORTS,2025-04-01,SHORT,2025-04-01T11:10:00,1184.00,1190.89,1173.67,253,6.89,2025-04-01T11:40:00,1173.67,TARGET,2613.45,2166.09
fast_pair,ADANIPORTS,2025-04-02,SHORT,2025-04-02T10:00:00,1173.40,1180.01,1163.48,255,6.61,2025-04-02T10:00:00,1177.00,REVERSE,-918.00,-1367.51
fast_pair,ADANIPORTS,2025-04-07,LONG,2025-04-07T14:00:00,1101.15,1093.12,1113.20,272,8.03,2025-04-07T15:20:00,1113.20,TARGET,3277.12,2825.40
fast_pair,ADANIPORTS,2025-04-08,SHORT,2025-04-08T11:00:00,1120.45,1128.70,1108.08,267,8.25,2025-04-08T12:20:00,1124.00,REVERSE,-947.85,-1397.30
fast_pair,ADANIPORTS,2025-04-09,LONG,2025-04-09T11:40:00,1129.50,1122.87,1139.44,265,6.63,2025-04-09T13:30:00,1127.80,TIME_STOP,-450.50,-899.14
fast_pair,ADANIPORTS,2025-04-15,SHORT,2025-04-15T13:50:00,1208.20,1212.71,1201.43,248,4.51,2025-04-15T14:10:00,1212.10,REVERSE,-967.20,-1417.38
fast_pair,ADANIPORTS,2025-04-16,LONG,2025-04-16T10:00:00,1212.70,1208.25,1219.38,247,4.45,2025-04-16T10:20:00,1208.25,STOP,-1100.38,-1548.86
fast_pair,ADANIPORTS,2025-04-17,SHORT,2025-04-17T10:20:00,1221.50,1226.83,1213.51,245,5.33,2025-04-17T10:30:00,1226.83,STOP,-1304.72,-1754.59
fast_pair,ADANIPORTS,2025-04-21,LONG,2025-04-21T12:50:00,1235.90,1230.10,1244.60,242,5.80,2025-04-21T13:50:00,1244.60,TARGET,2106.28,1656.07
fast_pair,ADANIPORTS,2025-04-22,SHORT,2025-04-22T10:10:00,1241.10,1245.97,1233.80,241,4.87,2025-04-22T10:40:00,1245.97,STOP,-1172.54,-1622.08
fast_pair,ADANIPORTS,2025-04-23,LONG,2025-04-23T12:00:00,1232.80,1228.07,1239.90,243,4.73,2025-04-23T13:00:00,1239.90,TARGET,1724.82,1274.18
fast_pair,ADANIPORTS,2025-04-24,SHORT,2025-04-24T11:50:00,1240.20,1244.09,1234.37,241,3.89,2025-04-24T13:40:00,1237.90,TIME_STOP,554.30,106.38
fast_pair,ADANIPORTS,2025-04-25,LONG,2025-04-25T13:10:00,1202.10,1195.71,1211.69,249,6.39,2025-04-25T14:30:00,1195.71,STOP,-1591.62,-2039.41
fast_pair,ADANIPORTS,2025-04-28,LONG,2025-04-28T10:10:00,1198.00,1191.95,1207.08,250,6.05,2025-04-28T10:40:00,1207.08,TARGET,2268.92,1817.97
fast_pair,ADANIPORTS,2025-04-29,SHORT,2025-04-29T12:40:00,1215.70,1220.42,1208.62,246,4.72,2025-04-29T13:00:00,1218.20,REVERSE,-615.00,-1064.05
fast_pair,ADANIPORTS,2025-04-30,LONG,2025-04-30T10:00:00,1220.10,1215.67,1226.75,245,4.43,2025-04-30T10:40:00,1215.67,STOP,-1086.34,-1533.91
fast_pair,ADANIPORTS,2025-05-02,SHORT,2025-05-02T12:40:00,1263.60,1272.06,1250.91,237,8.46,2025-05-02T13:20:00,1272.06,STOP,-2005.12,-2455.83
fast_pair,ADANIPORTS,2025-05-07,SHORT,2025-05-07T10:00:00,1313.50,1321.03,1302.20,228,7.53,2025-05-07T10:00:00,1321.03,STOP,-1717.21,-2167.71
fast_pair,ADANIPORTS,2025-05-08,SHORT,2025-05-08T12:50:00,1352.70,1357.73,1345.15,221,5.03,2025-05-08T13:40:00,1345.15,TARGET,1668.88,1221.71
fast_pair,ADANIPORTS,2025-05-14,SHORT,2025-05-14T12:00:00,1369.70,1374.33,1362.76,219,4.63,2025-05-14T12:00:00,1374.33,STOP,-1013.73,-1464.44
fast_pair,ADANIPORTS,2025-05-16,SHORT,2025-05-16T11:10:00,1406.30,1412.25,1397.38,213,5.95,2025-05-16T12:30:00,1410.00,REVERSE,-788.10,-1238.00
fast_pair,ADANIPORTS,2025-05-20,SHORT,2025-05-20T10:00:00,1394.30,1398.12,1388.57,215,3.82,2025-05-20T10:10:00,1398.12,STOP,-821.58,-1271.86
fast_pair,ADANIPORTS,2025-05-22,SHORT,2025-05-22T10:20:00,1383.30,1389.59,1373.86,216,6.29,2025-05-22T11:10:00,1373.86,TARGET,2039.27,1592.61
fast_pair,ADANIPORTS,2025-05-26,SHORT,2025-05-26T13:40:00,1403.70,1407.22,1398.42,213,3.52,2025-05-26T15:20:00,1398.42,TARGET,1124.27,676.63
fast_pair,ADANIPORTS,2025-05-27,LONG,2025-05-27T11:10:00,1400.80,1396.27,1407.59,214,4.53,2025-05-27T11:20:00,1407.59,TARGET,1452.66,1001.91
fast_pair,ADANIPORTS,2025-05-28,SHORT,2025-05-28T13:00:00,1412.90,1416.94,1406.84,212,4.04,2025-05-28T13:10:00,1415.70,REVERSE,-593.60,-1043.35
fast_pair,ADANIPORTS,2025-05-30,SHORT,2025-05-30T12:50:00,1431.00,1435.47,1424.30,209,4.47,2025-05-30T13:40:00,1435.47,STOP,-934.10,-1383.42
fast_pair,ADANIPORTS,2025-06-04,LONG,2025-06-04T11:00:00,1430.90,1426.10,1438.11,209,4.80,2025-06-04T11:00:00,1438.11,TARGET,1506.12,1056.41
fast_pair,ADANIPORTS,2025-06-05,SHORT,2025-06-05T12:00:00,1450.80,1455.09,1444.37,206,4.29,2025-06-05T12:00:00,1455.09,STOP,-883.51,-1332.47
fast_pair,ADANIPORTS,2025-06-09,SHORT,2025-06-09T13:40:00,1471.10,1474.97,1465.29,203,3.87,2025-06-09T15:20:00,1466.00,EOD,1035.30,588.13
fast_pair,ADANIPORTS,2025-06-10,SHORT,2025-06-10T11:10:00,1471.80,1475.71,1465.94,203,3.91,2025-06-10T11:40:00,1475.71,STOP,-793.45,-1242.21
fast_pair,ADANIPORTS,2025-06-12,SHORT,2025-06-12T10:00:00,1453.00,1457.56,1446.16,206,4.56,2025-06-12T10:20:00,1457.56,STOP,-939.13,-1388.81
fast_pair,ADANIPORTS,2025-06-16,LONG,2025-06-16T11:00:00,1407.50,1400.81,1417.53,213,6.69,2025-06-16T11:20:00,1400.81,STOP,-1424.16,-1872.79
fast_pair,ADANIPORTS,2025-06-17,SHORT,2025-06-17T11:10:00,1400.10,1404.11,1394.08,214,4.01,2025-06-17T11:50:00,1394.08,TARGET,1288.43,839.97
fast_pair,ADANIPORTS,2025-06-20,LONG,2025-06-20T10:30:00,1348.70,1344.21,1355.43,222,4.49,2025-06-20T11:00:00,1355.43,TARGET,1494.56,1044.32
fast_pair,ADANIPORTS,2025-06-23,LONG,2025-06-23T10:00:00,1345.50,1340.00,1353.76,222,5.50,2025-06-23T10:20:00,1353.76,TARGET,1832.76,1383.33
fast_pair,ADANIPORTS,2025-06-24,SHORT,2025-06-24T13:30:00,1399.10,1405.17,1389.99,214,6.07,2025-06-24T14:10:00,1389.99,TARGET,1949.63,1501.98
fast_pair,ADANIPORTS,2025-06-25,SHORT,2025-06-25T10:00:00,1392.70,1398.10,1384.60,215,5.40,2025-06-25T11:50:00,1390.20,TIME_STOP,537.50,88.76
fast_pair,ADANIPORTS,2025-06-27,SHORT,2025-06-27T12:40:00,1445.50,1450.06,1438.66,207,4.56,2025-06-27T14:00:00,1447.70,REVERSE,-455.40,-904.57
fast_pair,ADANIPORTS,2025-07-01,SHORT,2025-07-01T10:30:00,1443.10,1447.42,1436.62,207,4.32,2025-07-01T10:40:00,1447.42,STOP,-893.61,-1342.36
fast_pair,ADANIPORTS,2025-07-02,SHORT,2025-07-02T10:10:00,1445.50,1449.80,1439.05,207,4.30,2025-07-02T11:00:00,1449.80,STOP,-890.40,-1339.90
fast_pair,ADANIPORTS,2025-07-03,LONG,2025-07-03T10:00:00,1449.50,1445.69,1455.22,206,3.81,2025-07-03T10:20:00,1445.69,STOP,-785.82,-1233.12
fast_pair,ADANIPORTS,2025-07-04,SHORT,2025-07-04T11:30:00,1432.60,1435.74,1427.89,209,3.14,2025-07-04T11:40:00,1427.89,TARGET,983.85,535.47
fast_pair,ADANIPORTS,2025-07-07,LONG,2025-07-07T10:20:00,1423.50,1420.11,1428.59,210,3.39,2025-07-07T11:40:00,1422.40,REVERSE,-231.00,-679.23
fast_pair,ADANIPORTS,2025-07-09,SHORT,2025-07-09T12:10:00,1446.60,1450.09,1441.37,207,3.49,2025-07-09T13:00:00,1441.37,TARGET,1082.69,634.34
fast_pair,ADANIPORTS,2025-07-10,SHORT,2025-07-10T11:00:00,1441.40,1444.49,1436.77,208,3.09,2025-07-10T12:50:00,1440.10,TIME_STOP,270.40,-179.11
fast_pair,ADANIPORTS,2025-07-11,SHORT,2025-07-11T10:20:00,1440.70,1444.14,1435.54,208,3.44,2025-07-11T10:30:00,1435.54,TARGET,1073.47,624.78
fast_pair,ADANIPORTS,2025-07-14,LONG,2025-07-14T10:20:00,1436.70,1432.78,1442.58,208,3.92,2025-07-14T10:20:00,1442.58,TARGET,1223.73,774.56
fast_pair,ADANIPORTS,2025-07-15,SHORT,2025-07-15T10:00:00,1429.70,1433.33,1424.26,209,3.63,2025-07-15T10:10:00,1433.33,STOP,-757.98,-1206.76
fast_pair,ADANIPORTS,2025-07-17,SHORT,2025-07-17T13:30:00,1452.60,1456.52,1446.73,206,3.92,2025-07-17T13:40:00,1454.60,REVERSE,-412.00,-861.16
fast_pair,ADANIPORTS,2025-07-18,LONG,2025-07-18T13:10:00,1438.90,1435.50,1444.00,208,3.40,2025-07-18T14:40:00,1444.00,TARGET,1059.95,610.22
fast_pair,ADANIPORTS,2025-07-21,LONG,2025-07-21T10:40:00,1443.40,1439.20,1449.70,207,4.20,2025-07-21T10:50:00,1439.20,STOP,-869.63,-1317.16
fast_pair,ADANIPORTS,2025-07-23,SHORT,2025-07-23T10:20:00,1424.50,1428.93,1417.86,210,4.43,2025-07-23T12:10:00,1422.00,TIME_STOP,525.00,76.68
fast_pair,ADANIPORTS,2025-07-28,LONG,2025-07-28T10:00:00,1399.50,1395.31,1405.78,214,4.19,2025-07-28T10:10:00,1396.80,REVERSE,-577.80,-1026.61
fast_pair,ADANIPORTS,2025-07-29,LONG,2025-07-29T10:10:00,1383.70,1379.26,1390.36,216,4.44,2025-07-29T10:20:00,1379.26,STOP,-959.70,-1407.30
fast_pair,ADANIPORTS,2025-07-30,SHORT,2025-07-30T12:50:00,1397.20,1400.32,1392.52,214,3.12,2025-07-30T12:50:00,1398.50,REVERSE,-278.20,-726.91
fast_pair,ADANIPORTS,2025-07-31,LONG,2025-07-31T11:20:00,1389.60,1385.37,1395.94,215,4.23,2025-07-31T13:10:00,1393.60,TIME_STOP,860.00,411.21
fast_pair,ADANIPORTS,2025-08-04,LONG,2025-08-04T12:10:00,1368.50,1363.62,1375.82,219,4.88,2025-08-04T13:20:00,1375.82,TARGET,1603.85,1153.09
fast_pair,ADANIPORTS,2025-08-05,LONG,2025-08-05T11:30:00,1388.00,1382.03,1396.96,216,5.97,2025-08-05T11:30:00,1382.03,STOP,-1289.69,-1738.44
fast_pair,ADANIPORTS,2025-08-06,SHORT,2025-08-06T10:20:00,1361.40,1370.50,1347.75,220,9.10,2025-08-06T10:20:00,1370.50,STOP,-2002.15,-2452.91
fast_pair,ADANIPORTS,2025-08-08,SHORT,2025-08-08T10:20:00,1330.70,1337.47,1320.54,225,6.77,2025-08-08T12:10:00,1326.30,TIME_STOP,990.00,541.63
fast_pair,ADANIPORTS,2025-08-11,SHORT,2025-08-11T10:00:00,1322.90,1328.36,1314.71,226,5.46,2025-08-11T10:50:00,1328.36,STOP,-1233.62,-1683.01
fast_pair,ADANIPORTS,2025-08-12,SHORT,2025-08-12T10:50:00,1339.50,1344.28,1332.33,223,4.78,2025-08-12T12:20:00,1342.10,REVERSE,-579.80,-1028.30
fast_pair,ADANIPORTS,2025-08-13,LONG,2025-08-13T10:20:00,1335.90,1332.14,1341.53,224,3.76,2025-08-13T10:40:00,1332.14,STOP,-841.29,-1289.52
fast_pair,ADANIPORTS,2025-08-18,SHORT,2025-08-18T11:50:00,1310.00,1314.61,1303.09,229,4.61,2025-08-18T11:50:00,1312.10,REVERSE,-480.90,-931.25
fast_pair,ADANIPORTS,2025-08-20,SHORT,2025-08-20T10:10:00,1359.70,1363.67,1353.75,220,3.97,2025-08-20T10:10:00,1363.67,STOP,-872.71,-1322.06
fast_pair,ADANIPORTS,2025-08-21,SHORT,2025-08-21T10:20:00,1368.30,1372.08,1362.63,219,3.78,2025-08-21T10:30:00,1372.08,STOP,-828.20,-1278.31
fast_pair,ADANIPORTS,2025-08-28,LONG,2025-08-28T10:00:00,1323.70,1318.92,1330.86,226,4.78,2025-08-28T11:00:00,1330.86,TARGET,1618.83,1168.88
fast_pair,ADANIPORTS,2025-08-29,LONG,2025-08-29T11:10:00,1316.50,1311.91,1323.39,227,4.59,2025-08-29T13:00:00,1317.40,TIME_STOP,204.30,-244.12
fast_pair,ADANIPORTS,2025-09-01,SHORT,2025-09-01T13:40:00,1331.20,1334.10,1326.84,225,2.90,2025-09-01T14:00:00,1334.10,STOP,-653.39,-1103.16
fast_pair,ADANIPORTS,2025-09-03,SHORT,2025-09-03T11:00:00,1332.40,1335.47,1327.80,225,3.07,2025-09-03T11:10:00,1335.47,STOP,-690.02,-1140.22
fast_pair,ADANIPORTS,2025-09-04,SHORT,2025-09-04T11:20:00,1332.90,1337.32,1326.27,225,4.42,2025-09-04T11:40:00,1326.27,TARGET,1491.81,1043.08
fast_pair,ADANIPORTS,2025-09-05,LONG,2025-09-05T13:30:00,1323.00,1319.68,1327.98,226,3.32,2025-09-05T14:00:00,1327.98,TARGET,1124.98,675.64
fast_pair,ADANIPORTS,2025-09-09,SHORT,2025-09-09T13:50:00,1370.60,1374.16,1365.26,218,3.56,2025-09-09T14:10:00,1374.16,STOP,-775.75,-1224.51
fast_pair,ADANIPORTS,2025-09-11,SHORT,2025-09-11T12:00:00,1398.50,1404.08,1390.12,214,5.58,2025-09-11T12:50:00,1390.12,TARGET,1792.78,1345.20
fast_pair,ADANIPORTS,2025-09-12,SHORT,2025-09-12T12:50:00,1398.90,1402.39,1393.67,214,3.49,2025-09-12T13:50:00,1393.67,TARGET,1119.09,670.88
fast_pair,ADANIPORTS,2025-09-15,SHORT,2025-09-15T11:50:00,1400.80,1403.98,1396.03,214,3.18,2025-09-15T13:40:00,1396.03,TARGET,1021.81,572.92
fast_pair,ADANIPORTS,2025-09-16,SHORT,2025-09-16T11:00:00,1399.70,1403.07,1394.64,214,3.37,2025-09-16T11:20:00,1403.07,STOP,-721.54,-1171.39
fast_pair,ADANIPORTS,2025-09-17,LONG,2025-09-17T11:10:00,1405.60,1402.67,1410.00,213,2.93,2025-09-17T11:20:00,1403.00,REVERSE,-553.80,-1002.47
fast_pair,ADANIPORTS,2025-09-22,SHORT,2025-09-22T10:40:00,1435.70,1442.08,1426.13,208,6.38,2025-09-22T10:50:00,1442.08,STOP,-1327.32,-1776.25
fast_pair,ADANIPORTS,2025-09-23,LONG,2025-09-23T10:50:00,1446.60,1438.80,1458.30,207,7.80,2025-09-23T11:20:00,1438.80,STOP,-1614.23,-2062.19
fast_pair,ADANIPORTS,2025-09-24,LONG,2025-09-24T10:50:00,1445.40,1440.16,1453.25,207,5.24,2025-09-24T11:00:00,1440.16,STOP,-1083.86,-1531.85
fast_pair,ADANIPORTS,2025-09-25,LONG,2025-09-25T10:40:00,1438.20,1433.54,1445.19,208,4.66,2025-09-25T10:40:00,1433.54,STOP,-968.80,-1416.80
fast_pair,ADANIPORTS,2025-09-29,LONG,2025-09-29T13:30:00,1389.00,1384.91,1395.14,215,4.09,2025-09-29T15:00:00,1384.91,STOP,-880.34,-1327.63
fast_pair,ADANIPORTS,2025-10-01,SHORT,2025-10-01T10:40:00,1400.90,1404.68,1395.23,214,3.78,2025-10-01T10:50:00,1395.23,TARGET,1213.71,764.93
fast_pair,ADANIPORTS,2025-10-03,SHORT,2025-10-03T11:10:00,1417.60,1422.69,1409.96,211,5.09,2025-10-03T13:00:00,1416.50,TIME_STOP,232.10,-216.40
fast_pair,ADANIPORTS,2025-10-06,LONG,2025-10-06T14:10:00,1402.90,1399.87,1407.45,213,3.03,2025-10-06T14:40:00,1399.87,STOP,-646.29,-1094.03
fast_pair,ADANIPORTS,2025-10-07,SHORT,2025-10-07T11:20:00,1405.00,1408.58,1399.63,213,3.58,2025-10-07T11:50:00,1399.63,TARGET,1144.08,696.04
fast_pair,ADANIPORTS,2025-10-08,LONG,2025-10-08T10:20:00,1404.10,1400.03,1410.20,213,4.07,2025-10-08T10:20:00,1410.20,TARGET,1299.17,849.58
fast_pair,ADANIPORTS,2025-10-09,LONG,2025-10-09T11:20:00,1395.50,1391.42,1401.62,214,4.08,2025-10-09T12:00:00,1392.20,REVERSE,-706.20,-1153.63
fast_pair,ADANIPORTS,2025-10-10,SHORT,2025-10-10T12:50:00,1408.20,1411.17,1403.75,213,2.97,2025-10-10T12:50:00,1410.00,REVERSE,-383.40,-833.61
fast_pair,ADANIPORTS,2025-10-13,LONG,2025-10-13T10:20:00,1413.60,1409.17,1420.24,212,4.43,2025-10-13T11:00:00,1420.24,TARGET,1408.59,958.01
fast_pair,ADANIPORTS,2025-10-14,LONG,2025-10-14T13:40:00,1432.10,1428.39,1437.66,209,3.71,2025-10-14T14:00:00,1428.39,STOP,-775.33,-1223.71
fast_pair,ADANIPORTS,2025-10-16,SHORT,2025-10-16T13:00:00,1474.10,1478.36,1467.71,203,4.26,2025-10-16T13:10:00,1478.36,STOP,-864.98,-1314.49
fast_pair,ADANIPORTS,2025-10-17,LONG,2025-10-17T10:50:00,1481.40,1477.21,1487.68,202,4.19,2025-10-17T11:10:00,1487.68,TARGET,1268.83,819.01
fast_pair,ADANIPORTS,2025-10-23,LONG,2025-10-23T10:10:00,1476.00,1471.27,1483.09,203,4.73,2025-10-23T10:30:00,1471.27,STOP,-959.20,-1407.93
fast_pair,ADANIPORTS,2025-10-27,LONG,2025-10-27T12:00:00,1420.30,1416.25,1426.37,211,4.05,2025-10-27T12:10:00,1426.37,TARGET,1280.93,830.44
fast_pair,ADANIPORTS,2025-10-30,LONG,2025-10-30T10:50:00,1457.40,1452.84,1464.24,205,4.56,2025-10-30T10:50:00,1452.84,STOP,-935.32,-1382.77
fast_pair,ADANIPORTS,2025-10-31,LONG,2025-10-31T12:00:00,1453.90,1450.19,1459.47,206,3.71,2025-10-31T13:00:00,1459.47,TARGET,1146.78,696.67
fast_pair,ADANIPORTS,2025-11-03,LONG,2025-11-03T13:00:00,1443.60,1439.98,1449.03,207,3.62,2025-11-03T13:20:00,1449.03,TARGET,1124.61,675.53
fast_pair,ADANIPORTS,2025-11-04,LONG,2025-11-04T11:00:00,1447.00,1443.14,1452.79,207,3.86,2025-11-04T12:50:00,1450.00,TIME_STOP,621.00,171.24
fast_pair,ADANIPORTS,2025-11-06,SHORT,2025-11-06T10:40:00,1445.80,1453.37,1434.45,207,7.57,2025-11-06T11:00:00,1453.37,STOP,-1566.19,-2016.28
fast_pair,ADANIPORTS,2025-11-07,LONG,2025-11-07T10:50:00,1443.50,1437.50,1452.50,207,6.00,2025-11-07T11:20:00,1452.50,TARGET,1862.20,1412.60
fast_pair,ADANIPORTS,2025-11-10,LONG,2025-11-10T10:30:00,1453.50,1448.76,1460.62,206,4.74,2025-11-10T12:20:00,1451.00,TIME_STOP,-515.00,-963.75
fast_pair,ADANIPORTS,2025-11-11,SHORT,2025-11-11T10:20:00,1441.90,1445.79,1436.07,208,3.89,2025-11-11T12:10:00,1439.20,TIME_STOP,561.60,112.15
fast_pair,ADANIPORTS,2025-11-14,SHORT,2025-11-14T12:30:00,1510.50,1515.71,1502.69,198,5.21,2025-11-14T14:20:00,1502.69,TARGET,1546.33,1098.88
fast_pair,ADANIPORTS,2025-11-17,SHORT,2025-11-17T10:30:00,1509.10,1513.16,1503.01,198,4.06,2025-11-17T11:30:00,1503.01,TARGET,1205.83,758.54
fast_pair,ADANIPORTS,2025-11-18,SHORT,2025-11-18T10:10:00,1506.10,1509.70,1500.70,199,3.60,2025-11-18T10:30:00,1500.70,TARGET,1074.47,625.70
fast_pair,ADANIPORTS,2025-11-19,LONG,2025-11-19T12:50:00,1487.40,1483.98,1492.53,201,3.42,2025-11-19T13:00:00,1483.98,STOP,-688.02,-1135.95
fast_pair,ADANIPORTS,2025-11-20,SHORT,2025-11-20T13:00:00,1495.90,1498.33,1492.25,200,2.43,2025-11-20T13:20:00,1497.70,REVERSE,-360.00,-809.04
fast_pair,ADANIPORTS,2025-11-24,LONG,2025-11-24T13:30:00,1480.40,1477.54,1484.68,202,2.86,2025-11-24T14:00:00,1484.68,TARGET,865.46,416.25
fast_pair,ADANIPORTS,2025-11-25,SHORT,2025-11-25T10:00:00,1481.50,1485.52,1475.47,202,4.02,2025-11-25T10:20:00,1485.52,STOP,-811.60,-1261.10
fast_pair,ADANIPORTS,2025-11-26,SHORT,2025-11-26T13:00:00,1510.20,1514.46,1503.81,198,4.26,2025-11-26T14:10:00,1511.90,REVERSE,-336.60,-785.38
fast_pair,ADANIPORTS,2025-11-27,LONG,2025-11-27T10:50:00,1509.40,1506.01,1514.49,198,3.39,2025-11-27T12:20:00,1506.90,REVERSE,-495.00,-942.92
fast_pair,ADANIPORTS,2025-12-01,SHORT,2025-12-01T12:10:00,1534.70,1539.71,1527.19,195,5.01,2025-12-01T13:30:00,1527.19,TARGET,1464.26,1016.46
fast_pair,ADANIPORTS,2025-12-03,SHORT,2025-12-03T10:10:00,1511.30,1515.42,1505.12,198,4.12,2025-12-03T10:30:00,1505.12,TARGET,1223.96,776.02
fast_pair,ADANIPORTS,2025-12-04,SHORT,2025-12-04T11:20:00,1498.50,1502.93,1491.86,200,4.43,2025-12-04T13:00:00,1502.93,STOP,-885.45,-1335.66
fast_pair,ADANIPORTS,2025-12-05,LONG,2025-12-05T12:40:00,1504.00,1500.55,1509.18,199,3.45,2025-12-05T12:50:00,1509.18,TARGET,1031.03,581.31
fast_pair,ADANIPORTS,2025-12-09,LONG,2025-12-09T10:50:00,1479.00,1473.94,1486.60,202,5.06,2025-12-09T11:40:00,1486.60,TARGET,1534.36,1085.07
fast_pair,ADANIPORTS,2025-12-10,SHORT,2025-12-10T12:50:00,1505.80,1510.63,1498.55,199,4.83,2025-12-10T13:40:00,1510.63,STOP,-962.01,-1412.21
fast_pair,ADANIPORTS,2025-12-11,LONG,2025-12-11T10:20:00,1507.50,1502.49,1515.02,199,5.01,2025-12-11T11:00:00,1502.49,STOP,-997.06,-1446.30
fast_pair,ADANIPORTS,2025-12-12,SHORT,2025-12-12T13:30:00,1515.30,1517.99,1511.27,197,2.69,2025-12-12T14:00:00,1517.99,STOP,-529.32,-977.48
fast_pair,ADANIPORTS,2025-12-16,LONG,2025-12-16T14:00:00,1505.20,1502.57,1509.14,199,2.63,2025-12-16T14:00:00,1502.57,STOP,-523.20,-972.11
fast_pair,ADANIPORTS,2025-12-18,LONG,2025-12-18T10:40:00,1487.70,1484.26,1492.86,201,3.44,2025-12-18T10:50:00,1484.26,STOP,-691.65,-1139.68
fast_pair,ADANIPORTS,2025-12-19,SHORT,2025-12-19T11:20:00,1495.00,1498.14,1490.30,200,3.14,2025-12-19T13:10:00,1494.20,TIME_STOP,160.00,-288.38
fast_pair,ADANIPORTS,2025-12-22,SHORT,2025-12-22T12:50:00,1507.30,1509.70,1503.71,199,2.40,2025-12-22T13:50:00,1503.71,TARGET,714.93,265.54
fast_pair,ADANIPORTS,2025-12-24,LONG,2025-12-24T11:40:00,1506.60,1503.38,1511.43,199,3.22,2025-12-24T13:30:00,1504.00,REVERSE,-517.40,-966.73
fast_pair,ADANIPORTS,2025-12-26,LONG,2025-12-26T10:40:00,1500.00,1496.76,1504.86,200,3.24,2025-12-26T10:50:00,1496.76,STOP,-647.97,-1097.48
fast_pair,ADANIPORTS,2025-12-30,SHORT,2025-12-30T12:10:00,1461.80,1464.89,1457.16,205,3.09,2025-12-30T12:50:00,1464.00,REVERSE,-451.00,-900.84
fast_pair,ADANIPORTS,2026-01-01,SHORT,2026-01-01T13:00:00,1481.20,1484.94,1475.60,202,3.74,2026-01-01T14:50:00,1481.00,TIME_STOP,40.40,-408.37
fast_pair,ADANIPORTS,2026-01-02,SHORT,2026-01-02T12:20:00,1489.00,1491.51,1485.23,201,2.51,2026-01-02T14:10:00,1489.60,TIME_STOP,-120.60,-569.62
fast_pair,ADANIPORTS,2026-01-05,LONG,2026-01-05T11:10:00,1486.60,1483.70,1490.95,201,2.90,2026-01-05T11:10:00,1484.90,REVERSE,-341.70,-789.65
fast_pair,ADANIPORTS,2026-01-06,LONG,2026-01-06T13:40:00,1483.40,1480.53,1487.71,202,2.87,2026-01-06T14:10:00,1480.53,STOP,-580.05,-1029.08
fast_pair,ADANIPORTS,2026-01-07,SHORT,2026-01-07T10:30:00,1474.10,1477.80,1468.55,203,3.70,2026-01-07T11:10:00,1468.55,TARGET,1126.06,678.04
fast_pair,ADANIPORTS,2026-01-09,LONG,2026-01-09T13:50:00,1445.10,1440.70,1451.70,207,4.40,2026-01-09T14:10:00,1440.70,STOP,-910.13,-1358.15
fast_pair,ADANIPORTS,2026-01-12,LONG,2026-01-12T12:40:00,1426.60,1420.37,1435.95,210,6.23,2026-01-12T13:10:00,1435.95,TARGET,1963.97,1513.11
fast_pair,ADANIPORTS,2026-01-13,SHORT,2026-01-13T10:20:00,1436.50,1442.42,1427.63,208,5.92,2026-01-13T10:30:00,1442.42,STOP,-1230.32,-1679.43
fast_pair,ADANIPORTS,2026-01-14,LONG,2026-01-14T10:10:00,1428.70,1424.61,1434.83,209,4.09,2026-01-14T10:20:00,1424.61,STOP,-854.29,-1301.55
fast_pair,ADANIPORTS,2026-01-19,LONG,2026-01-19T14:10:00,1404.90,1401.30,1410.30,213,3.60,2026-01-19T14:30:00,1402.00,REVERSE,-617.70,-1066.10
fast_pair,ADANIPORTS,2026-01-20,LONG,2026-01-20T10:20:00,1404.60,1400.22,1411.17,213,4.38,2026-01-20T10:50:00,1400.60,REVERSE,-852.00,-1300.13
fast_pair,ADANIPORTS,2026-01-21,LONG,2026-01-21T12:20:00,1370.40,1364.32,1379.52,218,6.08,2026-01-21T12:40:00,1379.52,TARGET,1988.14,1538.53
fast_pair,ADANIPORTS,2026-01-22,SHORT,2026-01-22T12:50:00,1404.80,1409.63,1397.55,213,4.83,2026-01-22T14:00:00,1408.80,REVERSE,-852.00,-1301.47
fast_pair,ADANIPORTS,2026-01-27,SHORT,2026-01-27T12:20:00,1347.00,1356.52,1332.72,222,9.52,2026-01-27T13:10:00,1348.70,REVERSE,-377.40,-826.23
fast_pair,ADANIPORTS,2026-01-28,SHORT,2026-01-28T13:40:00,1375.30,1380.12,1368.07,218,4.82,2026-01-28T14:40:00,1380.12,STOP,-1050.37,-1500.88
fast_pair,ADANIPORTS,2026-01-30,SHORT,2026-01-30T12:20:00,1419.90,1424.68,1412.73,211,4.78,2026-01-30T12:20:00,1422.00,REVERSE,-443.10,-892.83
fast_pair,ADANIPORTS,2026-02-02,LONG,2026-02-02T13:00:00,1383.50,1377.15,1393.02,216,6.35,2026-02-02T13:40:00,1393.02,TARGET,2056.45,1606.65
fast_pair,ADANIPORTS,2026-02-04,SHORT,2026-02-04T11:00:00,1517.60,1526.03,1504.95,197,8.43,2026-02-04T11:20:00,1526.03,STOP,-1661.25,-2110.95
fast_pair,ADANIPORTS,2026-02-05,SHORT,2026-02-05T10:10:00,1551.00,1557.88,1540.68,193,6.88,2026-02-05T10:30:00,1557.88,STOP,-1327.37,-1777.38
fast_pair,ADANIPORTS,2026-02-10,SHORT,2026-02-10T10:50:00,1540.60,1548.03,1529.46,194,7.43,2026-02-10T10:50:00,1548.03,STOP,-1441.41,-1890.80
fast_pair,ADANIPORTS,2026-02-11,LONG,2026-02-11T13:10:00,1547.80,1544.19,1553.22,193,3.61,2026-02-11T13:40:00,1553.22,TARGET,1045.18,596.31
fast_pair,ADANIPORTS,2026-02-12,LONG,2026-02-12T14:10:00,1540.00,1536.86,1544.71,194,3.14,2026-02-12T15:00:00,1544.71,TARGET,914.32,465.49
fast_pair,ADANIPORTS,2026-02-13,LONG,2026-02-13T12:20:00,1525.00,1520.43,1531.86,196,4.57,2026-02-13T12:50:00,1520.43,STOP,-896.17,-1343.85
fast_pair,ADANIPORTS,2026-02-16,LONG,2026-02-16T11:10:00,1514.90,1509.58,1522.89,198,5.32,2026-02-16T12:00:00,1522.89,TARGET,1581.38,1130.27
fast_pair,ADANIPORTS,2026-02-18,SHORT,2026-02-18T14:00:00,1545.80,1549.37,1540.45,194,3.57,2026-02-18T14:00:00,1549.37,STOP,-692.41,-1142.76
fast_pair,ADANIPORTS,2026-02-20,LONG,2026-02-20T11:50:00,1515.40,1510.79,1522.32,197,4.61,2026-02-20T12:20:00,1522.32,TARGET,1363.24,914.41
fast_pair,ADANIPORTS,2026-02-23,SHORT,2026-02-23T13:20:00,1546.30,1551.65,1538.27,194,5.35,2026-02-23T13:20:00,1548.60,REVERSE,-446.20,-896.51
fast_pair,ADANIPORTS,2026-02-24,LONG,2026-02-24T14:00:00,1544.30,1540.56,1549.91,194,3.74,2026-02-24T14:00:00,1549.91,TARGET,1087.83,637.62
fast_pair,ADANIPORTS,2026-02-26,LONG,2026-02-26T11:00:00,1545.10,1539.44,1553.58,194,5.66,2026-02-26T12:30:00,1541.50,REVERSE,-698.40,-1147.50
fast_pair,ADANIPORTS,2026-02-27,LONG,2026-02-27T13:00:00,1538.20,1534.70,1543.46,195,3.50,2026-02-27T14:00:00,1543.46,TARGET,1025.03,574.33
fast_pair,ADANIPORTS,2026-03-04,LONG,2026-03-04T13:00:00,1433.30,1427.08,1442.64,209,6.22,2026-03-04T13:20:00,1442.64,TARGET,1951.31,1500.51
fast_pair,ADANIPORTS,2026-03-10,SHORT,2026-03-10T11:10:00,1425.20,1432.83,1413.75,210,7.63,2026-03-10T13:00:00,1427.10,REVERSE,-399.00,-848.24
fast_pair,ADANIPORTS,2026-03-11,SHORT,2026-03-11T11:40:00,1437.20,1443.71,1427.43,208,6.51,2026-03-11T12:20:00,1443.71,STOP,-1354.29,-1803.71
fast_pair,ADANIPORTS,2026-03-12,LONG,2026-03-12T11:10:00,1417.30,1409.35,1429.23,211,7.95,2026-03-12T11:20:00,1409.35,STOP,-1678.50,-2125.82
